68 0.534125 0.291869 0.5440780000000001 0.28927600000000003 0.564406 0.29315399999999997 0.576094 0.286028 0.5886250000000001 0.268575 0.593828 0.252407 0.592953 0.23236 0.585172 0.219416 0.572625 0.216192 0.566578 0.216192 0.5466719999999999 0.22911199999999998 0.536734 0.248528 0.532406 0.275701 0.522453 0.286028 0.506453 0.30479 0.5107809999999999 0.31191599999999997 0.534125 0.291869
50 0.614641 0.367453 0.614641 0.36514 0.610766 0.355911 0.603047 0.338575 0.598406 0.32472 0.590688 0.322407 0.586047 0.34088799999999997 0.580641 0.348972 0.5783280000000001 0.367453 0.614641 0.367453
50 0.31360899999999997 0.363762 0.319812 0.360678 0.327047 0.356028 0.334281 0.356028 0.338422 0.356028 0.339453 0.351402 0.338422 0.343668 0.338422 0.326682 0.332219 0.32511700000000004 0.328078 0.32511700000000004 0.331188 0.314299 0.331188 0.306589 0.324984 0.301939 0.31775000000000003 0.29885500000000004 0.31257799999999997 0.309673 0.314641 0.320491 0.314641 0.323575 0.308438 0.328224 0.30740599999999996 0.346752 0.30740599999999996 0.363762 0.31360899999999997 0.363762
50 0.243766 0.324533 0.243766 0.305771 0.259766 0.305771 0.261063 0.295421 0.25890599999999997 0.28700899999999996 0.253281 0.280537 0.253703 0.265023 0.24851600000000001 0.259206 0.24506299999999998 0.25855100000000003 0.241172 0.265654 0.24203100000000002 0.275374 0.243328 0.278598 0.24029699999999998 0.279883 0.233812 0.288294 0.23295300000000002 0.308995 0.238563 0.319346 0.237703 0.328411 0.243766 0.324533
50 0.235344 0.186939 0.237937 0.181121 0.24182800000000002 0.174673 0.24700000000000003 0.176612 0.247859 0.18240699999999999 0.248719 0.190818 0.250016 0.192103 0.253906 0.19789700000000002 0.2565 0.190818 0.25821900000000003 0.18371500000000002 0.25951599999999997 0.178551 0.257359 0.175958 0.258656 0.17016399999999998 0.253469 0.159836 0.245703 0.156612 0.238797 0.162407 0.23189099999999999 0.177243 0.234484 0.186285 0.235344 0.186939
50 0.42143800000000003 0.636332 0.455797 0.6401399999999999 0.479969 0.638248 0.46725000000000005 0.6039950000000001 0.45196899999999995 0.57736 0.450703 0.510748 0.45451600000000003 0.451776 0.45325 0.394673 0.45196899999999995 0.34331799999999996 0.465969 0.34140200000000004 0.507969 0.328084 0.529594 0.324276 0.5410470000000001 0.30715 0.523234 0.29002300000000003 0.481234 0.295748 0.465969 0.303341 0.46978099999999995 0.278621 0.48251600000000006 0.221519 0.500328 0.21771 0.502875 0.172056 0.486328 0.147313 0.46725000000000005 0.147313 0.448156 0.198692 0.448156 0.21581799999999998 0.430344 0.23105099999999998 0.413797 0.267196 0.399797 0.316659 0.380719 0.360421 0.37943699999999997 0.381355 0.40107799999999993 0.406098 0.418891 0.49743 0.417609 0.5354909999999999 0.402344 0.605888 0.42143800000000003 0.636332
50 0.238625 0.21993 0.241766 0.226425 0.247797 0.226425 0.254062 0.222453 0.256953 0.21920599999999998 0.256953 0.214159 0.25478100000000004 0.20768699999999998 0.252375 0.20191599999999998 0.250922 0.197944 0.24971899999999997 0.192897 0.24851600000000001 0.18892499999999998 0.245141 0.1875 0.245141 0.192897 0.243688 0.19614499999999999 0.238625 0.198668 0.23839100000000002 0.202991 0.23742200000000002 0.211636 0.23815599999999998 0.218855 0.238625 0.21993
50 0.849094 0.429206 0.8415779999999999 0.37528 0.8385619999999999 0.352804 0.826547 0.325841 0.8205310000000001 0.30560699999999996 0.8055 0.31460299999999997 0.8055 0.328084 0.796484 0.337079 0.794984 0.395514 0.8039999999999999 0.406752 0.822031 0.444953 0.8505940000000001 0.440444 0.849094 0.429206
50 0.640109 0.35172899999999996 0.643109 0.352009 0.6504220000000001 0.35229000000000005 0.651547 0.344439 0.650609 0.336051 0.650609 0.332407 0.651922 0.323995 0.652297 0.316986 0.652672 0.30521000000000004 0.6504220000000001 0.304089 0.647234 0.302407 0.644797 0.305771 0.643859 0.311098 0.641984 0.314743 0.642922 0.316986 0.642922 0.31978999999999996 0.643672 0.322593 0.641047 0.32848099999999997 0.638609 0.331565 0.635797 0.33128500000000005 0.634297 0.329883 0.631672 0.328201 0.6301720000000001 0.32736000000000004 0.626984 0.328762 0.630922 0.336051 0.633172 0.338294 0.630922 0.348925 0.629797 0.35453300000000004 0.625672 0.356495 0.624188 0.360981 0.630734 0.36294400000000004 0.6354219999999999 0.361822 0.6354219999999999 0.359299 0.637672 0.348925 0.640109 0.35172899999999996
50 0.572219 0.307944 0.571672 0.314556 0.576094 0.32366799999999996 0.566688 0.339416 0.565578 0.35016400000000003 0.567797 0.364252 0.578313 0.368388 0.578875 0.363435 0.581078 0.34520999999999996 0.584406 0.334439 0.584406 0.315397 0.580531 0.307103 0.572219 0.307944
50 0.526859 0.31978999999999996 0.525844 0.32343500000000003 0.524422 0.32892499999999997 0.524422 0.337173 0.5285 0.344206 0.530344 0.356402 0.532375 0.36282699999999996 0.534422 0.365257 0.5397339999999999 0.36556099999999997 0.5623910000000001 0.363738 0.5656559999999999 0.361916 0.566062 0.35885500000000004 0.5656559999999999 0.350607 0.566875 0.330467 0.566062 0.328621 0.5566720000000001 0.31521 0.551562 0.31215 0.547281 0.30574799999999996 0.545234 0.30147199999999996 0.540953 0.296589 0.5333910000000001 0.29626199999999997 0.53075 0.299322 0.530344 0.304206 0.5280940000000001 0.31764 0.530125 0.321005 0.530125 0.32467300000000004 0.526859 0.31978999999999996
50 0.730297 0.31467300000000004 0.722453 0.316238 0.720094 0.32247699999999996 0.719313 0.335374 0.722719 0.35063099999999997 0.727156 0.363131 0.7501559999999999 0.362757 0.750687 0.356495 0.750687 0.347103 0.756437 0.344369 0.755906 0.33810700000000005 0.755906 0.33186899999999997 0.753297 0.32210300000000003 0.747547 0.31310699999999997 0.747547 0.309977 0.748859 0.299019 0.747031 0.293551 0.739187 0.28455600000000003 0.730563 0.290047 0.7297659999999999 0.299416 0.732391 0.313481 0.730297 0.31467300000000004
50 0.719187 0.31415899999999997 0.732 0.313318 0.729437 0.28946299999999997 0.740531 0.286916 0.740812 0.280537 0.734844 0.274136 0.733422 0.261379 0.727437 0.255421 0.724594 0.25754699999999997 0.7208910000000001 0.26264 0.721453 0.273715 0.714906 0.286916 0.714906 0.31032699999999996 0.719187 0.31415899999999997
22 0.376625 0.36261699999999997 0.380547 0.375327 0.38578100000000004 0.358715 0.383828 0.337196 0.36026600000000003 0.337196 0.358312 0.36261699999999997 0.376625 0.36261699999999997
22 0.11923399999999999 0.341869 0.12446900000000001 0.32817799999999997 0.12446900000000001 0.31154200000000004 0.11923399999999999 0.305678 0.11268800000000001 0.305678 0.10157799999999999 0.30763999999999997 0.10287500000000001 0.32035 0.10157799999999999 0.331121 0.10221899999999999 0.338925 0.10942199999999999 0.348715 0.11923399999999999 0.341869
50 0.750375 0.305234 0.770984 0.30581800000000003 0.773078 0.303879 0.776984 0.29742999999999997 0.779594 0.290397 0.776859 0.286308 0.772672 0.277523 0.7738590000000001 0.26212599999999997 0.765641 0.257056 0.756625 0.264065 0.750625 0.28222 0.751016 0.29490700000000003 0.750375 0.305234
22 0.8227499999999999 0.426939 0.813063 0.393364 0.807328 0.393364 0.8038130000000001 0.401939 0.806016 0.40785 0.8187810000000001 0.44736 0.8227499999999999 0.426939