25 0.48090599999999994 0.326696 0.47865599999999997 0.363304 0.47865599999999997 0.38204299999999997 0.483516 0.387993 0.485391 0.39097699999999996 0.49139099999999997 0.399076 0.495875 0.401616 0.499625 0.4046 0.5015 0.4046 0.508984 0.402469 0.5157339999999999 0.40204300000000004 0.518734 0.402895 0.525469 0.405453 0.530719 0.4046 0.5363279999999999 0.401616 0.544578 0.387567 0.544953 0.376075 0.538953 0.371812 0.528844 0.371812 0.520969 0.37012399999999995 0.513859 0.362025 0.505625 0.356075 0.48090599999999994 0.32923600000000003 0.48090599999999994 0.326696
25 0.420531 0.36472499999999997 0.420531 0.371456 0.419688 0.387815 0.442125 0.403694 0.447203 0.403694 0.454828 0.404654 0.46032799999999996 0.408028 0.46287500000000004 0.41380100000000003 0.464984 0.41909399999999997 0.468797 0.419574 0.475141 0.417158 0.484031 0.41619900000000004 0.48953100000000005 0.419574 0.48953100000000005 0.426306 0.489953 0.441705 0.49123400000000006 0.448934 0.4925 0.46481300000000003 0.489109 0.491279 0.502656 0.5013679999999999 0.514938 0.502824 0.521703 0.49944900000000003 0.526359 0.49367700000000003 0.522547 0.477798 0.514938 0.450373 0.508578 0.429201 0.506469 0.41667899999999997 0.49884399999999995 0.409467 0.489109 0.408508 0.48360900000000007 0.406572 0.468797 0.40079899999999996 0.430703 0.36856099999999997 0.420531 0.36472499999999997
25 0.41682800000000003 0.47847199999999995 0.423531 0.48000000000000004 0.43292200000000003 0.490675 0.441625 0.50286 0.44967199999999996 0.521918 0.459734 0.5287740000000001 0.46845299999999995 0.5303019999999999 0.480516 0.531066 0.491906 0.5211549999999999 0.491906 0.51048 0.49124999999999996 0.49218499999999993 0.49257799999999996 0.47770900000000005 0.49325 0.454085 0.49325 0.435027 0.48721899999999996 0.425879 0.485203 0.420551 0.48185900000000004 0.416732 0.477156 0.415968 0.466437 0.415968 0.434922 0.40302 0.431578 0.400728 0.42084400000000005 0.389307 0.412797 0.385488 0.40073400000000003 0.374813 0.403609 0.38897 0.398516 0.47428099999999995 0.400063 0.47847199999999995 0.405422 0.47618099999999997 0.41682800000000003 0.47847199999999995
25 0.206281 0.603037 0.217047 0.619147 0.23629699999999998 0.627513 0.24479700000000001 0.6358790000000001 0.253297 0.6397510000000001 0.287281 0.6828949999999999 0.303703 0.704139 0.309375 0.705417 0.317859 0.705417 0.320125 0.702202 0.322391 0.694476 0.330328 0.6964119999999999 0.33825 0.697052 0.342781 0.697052 0.34675 0.6951149999999999 0.351281 0.691261 0.352422 0.6873889999999999 0.33825 0.643606 0.337688 0.607549 0.332031 0.590817 0.326359 0.582433 0.326359 0.57794 0.326359 0.565702 0.321266 0.56119 0.315031 0.558615 0.309375 0.557336 0.30426600000000004 0.558615 0.301437 0.559254 0.300312 0.559911 0.29578099999999996 0.564405 0.240266 0.504529 0.222703 0.485861 0.20060899999999998 0.512895 0.196656 0.597886 0.206281 0.603037
25 0.134641 0.8538370000000001 0.142094 0.852771 0.15046900000000002 0.852771 0.17281200000000002 0.8538370000000001 0.17375000000000002 0.8390230000000001 0.179328 0.831616 0.184906 0.823144 0.187703 0.797744 0.166297 0.7575310000000001 0.159781 0.718384 0.159781 0.689805 0.144891 0.66865 0.138375 0.648544 0.133719 0.617851 0.116031 0.617851 0.104859 0.622078 0.0908906 0.637957 0.0592344 0.609378 0.0024531296875 0.5469449999999999 0.0043124999999999995 0.631616 0.0331719 0.639023 0.0480625 0.661243 0.0592344 0.689805 0.0685469 0.713091 0.06575 0.7575310000000001 0.0713437 0.790337 0.10112499999999999 0.819982 0.11417200000000001 0.835844 0.12998400000000002 0.8549019999999999 0.134641 0.8538370000000001
25 0.0652344 0.770782 0.0691875 0.766288 0.0770938 0.737087 0.0434844 0.665169 0.017796899999999997 0.644938 0 0.647194 0.00790625 0.856181 0.017796899999999997 0.87865 0.05337499999999999 0.87865 0.0770938 0.869663 0.08698439999999999 0.8539249999999999 0.0691875 0.791012 0.0652344 0.770782
25 0.12729457882720313 0.3819820525717991 0.10525 0.373304 0.0688906 0.377726 0.0714844 0.516483 0.0727812 0.584369 0.0766875 0.596181 0.0935625 0.4618650000000001 0.110438 0.45596799999999993 0.103953 0.575506 0.10784400000000001 0.574032 0.11432800000000001 0.569609 0.124719 0.572558 0.132516 0.578472 0.132516 0.385115 0.13015346227384944 0.38310747851171445 0.127312 0.380693 0.12729457882720313 0.3819820525717991
25 0.25975 0.454476 0.316875 0.450053 0.345453 0.436767 0.367516 0.422007 0.345453 0.396927 0.325969 0.380693 0.258453 0.348224 0.202625 0.329023 0.196141 0.365933 0.139 0.38659 0.144203 0.619787 0.151984 0.574032 0.215609 0.501723 0.25975 0.454476
25 0.516969 0.403002 0.503859 0.404281 0.502375 0.410675 0.506109 0.417052 0.513234 0.439201 0.518844 0.46048000000000006 0.536828 0.452398 0.548438 0.431101 0.553672 0.416625 0.554797 0.409396 0.562297 0.39492 0.552562 0.40087 0.547312 0.395773 0.551438 0.389378 0.559297 0.378739 0.547687 0.38087 0.534203 0.403428 0.516969 0.403002
25 0.399125 0.365009 0.405234 0.368153 0.4106230803163268 0.29779464761918034 0.41079699999999997 0.295524 0.401906 0.293002 0.399125 0.365009
25 0.435797 0.366892 0.44023400000000007 0.375737 0.4440037491080108 0.31638500819690324 0.444125 0.314476 0.438016 0.311954 0.435797 0.366892
25 0.4224530000000001 0.361208 0.42968799999999996 0.361208 0.426344 0.300586 0.419125 0.302469 0.4224530000000001 0.361208
25 0.375234 0.365631 0.384672 0.375115 0.384672 0.294902 0.374672 0.291101 0.375234 0.365631
25 0.320781 0.376377 0.330781 0.376377 0.332453 0.307531 0.329125 0.302469 0.319109 0.297425 0.320781 0.376377
25 0.3480661228440184 0.383148414030534 0.348016 0.385844 0.363016 0.389005 0.359125 0.299947 0.349672 0.296785 0.3480661228440184 0.383148414030534
25 0.481609 0.385258 0.47014100000000003 0.364547 0.452609 0.322753 0.45293700000000003 0.386412 0.477234 0.405204 0.499484 0.409041 0.496125 0.401741 0.481609 0.385258