76 0.428062 0.5491779999999999 0.425969 0.476479 0.359344 0.47859199999999996 0.360047 0.551268 0.428062 0.5491779999999999
22 0.750078 0.595704 0.7472190000000001 0.6 0.758672 0.6344129999999999 0.768687 0.7161270000000001 0.7658280000000001 0.830117 0.761531 0.913967 0.764391 0.916127 0.777281 0.8042959999999999 0.8116410000000001 0.823662 0.813063 0.8472999999999999 0.8159219999999999 0.8559150000000001 0.818797 0.8537560000000001 0.8173590000000001 0.812911 0.831672 0.815047 0.8502810000000001 0.8215020000000001 0.845984 0.956995 0.8517189999999999 0.9591310000000001 0.8660310000000001 0.808592 0.8746090000000001 0.8021600000000001 0.8717499999999999 0.903216 0.8746090000000001 0.903216 0.880344 0.791408 0.8875 0.789249 0.8875 0.787089 0.888937 0.776338 0.888937 0.74838 0.878906 0.7354930000000001 0.8717499999999999 0.722582 0.880344 0.6709620000000001 0.880344 0.619366 0.861734 0.619366 0.813063 0.610751 0.757234 0.595704 0.750078 0.595704
22 0.828813 0.5291779999999999 0.831672 0.557136 0.883203 0.572183 0.901812 0.572183 0.901812 0.548521 0.901812 0.5356339999999999 0.8917970000000001 0.5291779999999999 0.884641 0.5291779999999999 0.867453 0.5291779999999999 0.8502810000000001 0.5162680000000001 0.828813 0.5291779999999999
22 0.9502029999999999 0.599155 0.967094 0.6864549999999999 0.991422 0.58392 0.9610160000000001 0.564648 0.952219 0.592042 0.9502029999999999 0.599155
24 0.00715625 0.988897 0.42084400000000005 0.988897 0.42084400000000005 0.975986 0.407969 0.967394 0.402234 0.95662 0.396516 0.930822 0.379328 0.911479 0.33925 0.900728 0.249078 0.823286 0.23762500000000003 0.799648 0.21471900000000002 0.754484 0.190391 0.739437 0.16748400000000002 0.739437 0.0844531 0.6620189999999999 0.073 0.655563 0.0458125 0.623286 0.0042968796875 0.640493 0.00715625 0.988897
24 0.052125 0.621315 0.07751559999999999 0.6495770000000001 0.140516 0.7131460000000001 0.212922 0.682066 0.21104699999999998 0.5973 0.191297 0.574695 0.17342200000000002 0.502653 0.155562 0.491362 0.0634062 0.505469 0.0605781 0.512535 0.043656299999999995 0.526667 0.048359400000000004 0.617089 0.052125 0.621315
27 0.759672 0.6841780000000001 0.750172 0.601526 0.8848750000000001 0.617207 0.8772970000000001 0.708404 0.896266 0.716948 0.892469 0.776808 0.930406 0.778239 0.9313589999999999 0.906502 0.9607659999999999 0.915047 0.9682660000000001 0.707488 0.9530939999999999 0.576948 0.947578 0.572817 0.88275 0.568662 0.88275 0.529296 0.8496409999999999 0.531362 0.84275 0.533451 0.8400000000000001 0.566596 0.791719 0.5562440000000001 0.700688 0.634977 0.702078 0.65777 0.711719 0.655704 0.697937 0.885704 0.710344 0.883685 0.725516 0.6713619999999999 0.759672 0.6841780000000001
3 0.851625 0.568592 0.8508749999999999 0.567746 0.848812 0.567183 0.8469530000000001 0.567746 0.846391 0.571972 0.846578 0.573099 0.8469530000000001 0.5764549999999999 0.846016 0.581808 0.843953 0.579836 0.840781 0.574789 0.838906 0.575329 0.835547 0.5773 0.833672 0.583192 0.834234 0.588545 0.838906 0.5902350000000001 0.845266 0.592746 0.8542339999999999 0.595282 0.8624689999999999 0.594155 0.8774219999999999 0.592746 0.8841559999999999 0.588826 0.874812 0.586291 0.8705 0.580962 0.856672 0.576737 0.851812 0.569437 0.851625 0.568592
42 0.24034399999999997 0.6419009999999999 0.241344 0.6459389999999999 0.267781 0.652465 0.310297 0.632347 0.311297 0.629343 0.287203 0.621784 0.241344 0.6399060000000001 0.24034399999999997 0.6419009999999999
54 0.362141 0.683333 0.361313 0.680516 0.36026600000000003 0.680188 0.359437 0.680188 0.357344 0.680188 0.355047 0.679577 0.352969 0.679577 0.350672 0.678005 0.34920300000000004 0.677066 0.34732799999999997 0.677066 0.344828 0.676127 0.341906 0.675822 0.339609 0.675188 0.337734 0.674859 0.335859 0.674859 0.334609 0.674859 0.333141 0.674249 0.33231299999999997 0.675493 0.330219 0.677066 0.330437 0.678005 0.331891 0.679577 0.333984 0.680516 0.33753099999999997 0.680822 0.341484 0.681761 0.34525 0.683638 0.349422 0.683638 0.353172 0.684272 0.358812 0.6849059999999999 0.362141 0.685516 0.362141 0.683333
14 0.837688 0.5685209999999999 0.8275309999999999 0.569437 0.815734 0.5679109999999999 0.811469 0.566385 0.811266 0.573404 0.831391 0.607887 0.8675470000000001 0.612465 0.883203 0.612465 0.8911250000000001 0.598122 0.901281 0.587746 0.902906 0.5831689999999999 0.887672 0.579507 0.876906 0.577676 0.863891 0.574014 0.8500780000000001 0.570962 0.837688 0.5685209999999999
22 0.725594 0.5509390000000001 0.722328 0.553685 0.719422 0.559131 0.721969 0.595211 0.721969 0.596854 0.724516 0.587559 0.731781 0.552042 0.725594 0.5509390000000001
22 0.953031 0.581315 0.952828 0.588357 0.9607659999999999 0.564789 0.9689059999999999 0.568169 0.974 0.570915 0.977266 0.570305 0.983578 0.5632630000000001 0.972984 0.555305 0.961984 0.550117 0.953031 0.581315
22 0.747016 0.544624 0.729812 0.549038 0.731922 0.555329 0.721859 0.59439 0.721438 0.6177 0.748688 0.591854 0.747016 0.544624
22 0.721859 0.805094 0.727297 0.80385 0.735266 0.718803 0.743234 0.719437 0.734438 0.78054 0.739047 0.784319 0.752469 0.721948 0.761266 0.722582 0.791875 0.7124879999999999 0.8325470000000001 0.720047 0.833391 0.703052 0.785594 0.687934 0.728984 0.669038 0.725203 0.7692020000000002 0.721859 0.805094
22 0.769031 0.576221 0.7647809999999999 0.544249 0.766094 0.5324409999999999 0.763141 0.5324409999999999 0.750687 0.53439 0.7395470000000001 0.539319 0.7395470000000001 0.543756 0.750031 0.5904929999999999 0.769031 0.576221
22 0.214391 0.699343 0.20401600000000003 0.572089 0.186719 0.569484 0.17807800000000001 0.509742 0.160781 0.501948 0.153875 0.488967 0.0743438 0.494155 0.0708906 0.520141 0.0432188 0.527911 0.048406199999999996 0.62662 0.134859 0.7045539999999999 0.214391 0.699343
23 0.951859 0.188474 0.9452339999999999 0.21159599999999998 0.946547 0.23392 0.959297 0.244695 0.9781409999999999 0.24669 0.993 0.234718 0.997766 0.21439 0.994594 0.189671 0.987156 0.179718 0.972828 0.177324 0.9577030000000001 0.18448399999999998 0.951859 0.188474