69 0.292578 0.587665 0.287922 0.565047 0.285594 0.511061 0.283922 0.473844 0.28225 0.46127399999999996 0.282594 0.45625 0.256937 0.342217 0.255281 0.32625 0.254609 0.31217 0.251609 0.305142 0.24895300000000004 0.298585 0.24095300000000003 0.29658 0.233281 0.299599 0.23162500000000003 0.304623 0.22829700000000003 0.32323099999999994 0.239953 0.335802 0.239281 0.392618 0.23962500000000003 0.415755 0.24228100000000002 0.43837300000000007 0.252281 0.535991 0.254937 0.554104 0.262609 0.615024 0.264937 0.63967 0.264937 0.649717 0.265594 0.668821 0.266594 0.677877 0.267266 0.680189 0.279266 0.677689 0.292578 0.6555660000000001 0.292578 0.587665
69 0.735922 0.792807 0.751312 0.777948 0.75175 0.774741 0.768844 0.745047 0.7667029999999999 0.708255 0.769266 0.697925 0.771406 0.6901889999999999 0.814156 0.560472 0.8363910000000001 0.508844 0.8624689999999999 0.450778 0.8620469999999999 0.44754700000000003 0.8620469999999999 0.435283 0.8522190000000001 0.43785399999999997 0.848359 0.446887 0.809891 0.535307 0.787234 0.586297 0.770563 0.620495 0.757734 0.655991 0.733359 0.6998580000000001 0.719672 0.7385849999999999 0.720531 0.746344 0.7282339999999999 0.777311 0.733359 0.792807 0.735922 0.792807
69 0.642547 0.505189 0.643188 0.507571 0.650234 0.491462 0.652281 0.48507100000000003 0.657766 0.48554200000000003 0.657141 0.475354 0.654 0.46327799999999997 0.6560469999999999 0.457594 0.651969 0.452382 0.649141 0.452618 0.650234 0.456887 0.650547 0.457358 0.652438 0.46233500000000005 0.642547 0.505189
69 0.49046899999999993 0.456061 0.492859 0.451863 0.49046899999999993 0.448821 0.48721899999999996 0.448255 0.484719 0.452288 0.487016 0.4575 0.485687 0.467453 0.490937 0.467453 0.49046899999999993 0.456061
69 0.48875 0.521887 0.488641 0.515401 0.484719 0.509198 0.48348399999999997 0.503986 0.481375 0.522476 0.48875 0.521887
21 0.197203 0.751085 0.204937 0.758231 0.207313 0.7613209999999999 0.211563 0.758939 0.227359 0.7563209999999999 0.234781 0.753703 0.23604699999999998 0.7525000000000001 0.235891 0.7377360000000001 0.182188 0.73533 0.181563 0.741297 0.18171900000000002 0.743208 0.18725 0.7474999999999999 0.197203 0.751085
22 0.0178594 0.884717 0.174187 0.9745990000000001 0.174187 0.929646 0.160781 0.904929 0.0714531 0.5408959999999999 0 0.459976 0.0178594 0.884717
22 0.9930160000000001 0.946533 0.995969 0.9398110000000001 1 0.555024 0.951516 0.610943 0.9485469999999999 0.7429479999999999 0.9826409999999999 0.9241510000000001 0.9930160000000001 0.946533
50 1 0.344599 0.9773440000000001 0.306297 0.975844 0.297288 0.9892810000000001 0.259009 0.9862970000000001 0.15316000000000002 0.965406 0.121627 0.9430160000000001 0.105849 0.920641 0.108113 0.865422 0.119363 0.840062 0.126132 0.8117190000000001 0.21396199999999999 0.80575 0.277028 0.807234 0.385142 0.765453 0.427925 0.758 0.5 0.735609 0.603608 0.690844 0.689198 0.6625 0.7094579999999999 0.643109 0.734245 0.605797 0.73875 0.5819219999999999 0.768019 0.565516 0.792783 0.571484 0.8017920000000001 0.541641 0.8288209999999999 0.534172 0.851344 0.5237339999999999 0.995495 0.619234 0.9932550000000001 0.8818440000000001 0.995495 0.9489839999999999 0.6756840000000001 0.959437 0.6216269999999999 0.9833130000000001 0.569811 1 0.540542 1 0.344599
50 0 0.47469300000000003 0.041499999999999995 0.514953 0.0800312 0.544033 0.10078100000000001 0.617877 0.128937 0.7118399999999999 0.136359 0.78566 0.154141 0.84158 0.16748400000000002 0.910943 0.176375 0.9579249999999999 0.182297 1 0.500953 0.9780420000000001 0.512813 0.942052 0.523187 0.90625 0.5291089999999999 0.865991 0.526141 0.827948 0.4965 0.7966270000000001 0.388313 0.702689 0.403125 0.631085 0.403125 0.5885849999999999 0.39720300000000003 0.546085 0.39275000000000004 0.521462 0.385344 0.47672200000000003 0.383859 0.429741 0.369047 0.362642 0.34829699999999997 0.33577799999999997 0.320141 0.297759 0.290484 0.264198 0.297906 0.235118 0.303828 0.201557 0.311234 0.170236 0.321609 0.11431599999999999 0.317172 0.036014200471698114 0.278641 0.009174530660377359 0.24900000000000003 0.0024528301886792454 0.183781 0 0.16599999999999998 0.01587259905660377 0.157109 0.06285379952830189 0.154141 0.11431599999999999 0.161547 0.16353800000000002 0.171922 0.21049500000000002 0.16006199999999998 0.22636799999999999 0.0563125 0.23754699999999998 0.0222344 0.244269 0.0088906296875 0.29125 0 0.33150900000000005 0 0.47469300000000003
50 0.426094 0.519434 0.426797 0.519434 0.429 0.520401 0.516062 0.520401 0.51725 0.497005 0.516062 0.47809 0.518437 0.474505 0.545875 0.47540099999999996 0.5417029999999999 0.467288 0.522016 0.433986 0.519031 0.434906 0.502344 0.423184 0.5047189999999999 0.413302 0.506516 0.392594 0.502344 0.377288 0.497578 0.370991 0.489219 0.361981 0.480281 0.37009400000000003 0.471938 0.397995 0.46835899999999997 0.404292 0.473719 0.418703 0.473125 0.43040100000000003 0.457016 0.43309 0.433766 0.453797 0.43198400000000003 0.474505 0.43137499999999995 0.5006130000000001 0.426016 0.519505 0.426094 0.519434
50 0.603266 0.494929 0.6098589999999999 0.467594 0.629063 0.47009399999999996 0.630703 0.484175 0.635641 0.5048579999999999 0.6444219999999999 0.506533 0.646625 0.485 0.661438 0.485825 0.663625 0.469245 0.694906 0.47339600000000004 0.698203 0.48084899999999997 0.69875 0.521439 0.711922 0.5280659999999999 0.707531 0.458491 0.685578 0.447712 0.677344 0.447712 0.666922 0.426179 0.672406 0.40879699999999997 0.674609 0.37566 0.662531 0.362406 0.649906 0.36323099999999997 0.642781 0.369858 0.6378440000000001 0.407146 0.640578 0.417075 0.646625 0.42950499999999997 0.636188 0.43860800000000005 0.6087659999999999 0.448561 0.595594 0.494929 0.603266 0.494929
79 0.666312 0.47672200000000003 0.665312 0.5275 0.6689689999999999 0.539057 0.6766409999999999 0.550118 0.6769689999999999 0.561179 0.6806409999999999 0.562689 0.6809689999999999 0.560684 0.681297 0.555165 0.6836249999999999 0.55566 0.685625 0.549623 0.685625 0.546108 0.6916249999999999 0.540071 0.694625 0.536038 0.6969529999999999 0.530024 0.697625 0.517948 0.6982809999999999 0.505377 0.698625 0.49330199999999996 0.6972970000000001 0.47872600000000004 0.666312 0.47672200000000003
26 0.53175 0.550071 0.527781 0.5680419999999999 0.537703 0.592005 0.569438 0.592005 0.571422 0.556061 0.567453 0.547075 0.549609 0.547075 0.53175 0.550071
50 0.5885779999999999 0.501462 0.5898749999999999 0.497524 0.595859 0.49714600000000003 0.608344 0.44922199999999995 0.637219 0.43745300000000004 0.641641 0.43509400000000004 0.6413909999999999 0.43313700000000005 0.643203 0.429599 0.642172 0.422925 0.639828 0.414292 0.638 0.405259 0.639563 0.397005 0.629672 0.39504700000000004 0.618234 0.39740600000000004 0.610172 0.40643900000000005 0.608859 0.41662699999999997 0.607313 0.418608 0.604969 0.42919799999999997 0.606 0.436274 0.6039220000000001 0.441769 0.603406 0.45120299999999997 0.5984689999999999 0.457877 0.596375 0.470047 0.590391 0.488113 0.588063 0.499481 0.5885779999999999 0.501462
50 0.396484 0.427146 0.399094 0.436179 0.40017199999999997 0.43830199999999997 0.402234 0.44240599999999997 0.40343799999999996 0.44518899999999995 0.405609 0.448962 0.407453 0.45469299999999996 0.40800000000000003 0.457311 0.41006200000000004 0.460283 0.41017200000000004 0.464858 0.410703 0.464858 0.417984 0.465024 0.423313 0.464198 0.424062 0.463066 0.425266 0.457972 0.42678099999999997 0.45684 0.42678099999999997 0.453868 0.425156 0.45042499999999996 0.421469 0.447972 0.41679700000000003 0.447146 0.414625 0.444528 0.41375 0.441415 0.413312 0.436014 0.413422 0.430425 0.412875 0.421415 0.41234400000000004 0.417476 0.410813 0.41370300000000004 0.407562 0.41009399999999996 0.402562 0.41009399999999996 0.39940600000000004 0.413042 0.397234 0.41801900000000003 0.397234 0.424316 0.396266 0.42747599999999997 0.396484 0.427146
50 0.44470299999999996 0.44436299999999995 0.457641 0.433373 0.472406 0.43094299999999996 0.47342199999999995 0.420566 0.47281300000000004 0.412925 0.46896899999999997 0.403467 0.472406 0.397972 0.461688 0.399481 0.452391 0.40834899999999996 0.44712500000000005 0.42879700000000004 0.445719 0.43094299999999996 0.44531200000000004 0.44252400000000003 0.44470299999999996 0.44436299999999995
69 0.376828 0.461179 0.377859 0.46559 0.383 0.466368 0.387625 0.462217 0.38607800000000003 0.458608 0.381969 0.448774 0.382141 0.444387 0.379922 0.439741 0.376156 0.44283 0.376656 0.442571 0.376828 0.451887 0.376828 0.461179
26 0.463734 0.521179 0.46637500000000004 0.516297 0.468141 0.503868 0.467547 0.5012030000000001 0.461969 0.498986 0.44520299999999996 0.502547 0.44579700000000005 0.519858 0.463734 0.521179
62 0.487906 0.598797 0.49298400000000003 0.601368 0.496094 0.5958249999999999 0.5051249999999999 0.591981 0.505687 0.591981 0.510203 0.5941270000000001 0.515844 0.589858 0.51725 0.580071 0.5144219999999999 0.576675 0.50625 0.581344 0.502016 0.58816 0.486219 0.597948 0.487906 0.598797
21 0.5908909999999999 0.8365090000000001 0.606766 0.8415570000000001 0.601187 0.837807 0.5956089999999999 0.828443 0.599953 0.817217 0.611734 0.8106599999999999 0.623516 0.808797 0.586922 0.7713439999999999 0.582578 0.7713439999999999 0.580719 0.776038 0.579719 0.774717 0.579109 0.823396 0.5908909999999999 0.8365090000000001
50 0.370422 0.391462 0.3695 0.394741 0.370125 0.40363200000000005 0.370422 0.42047199999999996 0.373531 0.42655699999999996 0.372281 0.43217 0.372281 0.43309 0.371672 0.448066 0.371984 0.448538 0.372594 0.458349 0.373844 0.463042 0.375391 0.463962 0.389031 0.466321 0.394609 0.465849 0.400188 0.46257099999999995 0.40700000000000003 0.461627 0.408859 0.461627 0.409781 0.461627 0.40700000000000003 0.45601400000000003 0.404203 0.448066 0.40204700000000004 0.441509 0.398625 0.436368 0.395844 0.43309 0.391813 0.431226 0.386859 0.43028299999999997 0.387469 0.419528 0.38717199999999996 0.41158 0.38717199999999996 0.411108 0.386234 0.40688699999999994 0.385313 0.401274 0.383141 0.398467 0.381891 0.393797 0.37910900000000003 0.39004700000000003 0.377859 0.388184 0.371672 0.39004700000000003 0.370422 0.391462
79 0.7341719999999999 0.531675 0.736266 0.537995 0.737094 0.560731 0.7412810000000001 0.558208 0.742109 0.536722 0.740437 0.49504699999999996 0.743375 0.477995 0.726641 0.477995 0.725797 0.512736 0.7341719999999999 0.531675
79 0.48379700000000003 0.503373 0.48685900000000004 0.514175 0.48890599999999995 0.519316 0.48925 0.523939 0.48925 0.528585 0.493 0.528585 0.493344 0.521368 0.5011720000000001 0.5049290000000001 0.5042340000000001 0.48023600000000005 0.503906 0.471486 0.48448399999999997 0.469434 0.482437 0.47457499999999997 0.482094 0.492571 0.48379700000000003 0.503373
79 0.752359 0.545943 0.7552030000000001 0.544033 0.755844 0.5359430000000001 0.7567809999999999 0.524505 0.757094 0.5111789999999999 0.760578 0.494505 0.762156 0.47877400000000003 0.746687 0.476392 0.7432190000000001 0.480684 0.741641 0.503538 0.742578 0.532594 0.751734 0.547382 0.752359 0.545943
79 0.408047 0.495755 0.410219 0.506274 0.414578 0.5134909999999999 0.41587500000000005 0.5207309999999999 0.41587500000000005 0.5266270000000001 0.41587500000000005 0.527948 0.418484 0.527948 0.42109399999999997 0.5266270000000001 0.421531 0.5200710000000001 0.419797 0.5167689999999999 0.42762500000000003 0.508255 0.42979700000000004 0.506934 0.43067200000000005 0.46620300000000003 0.410219 0.46490600000000004 0.408047 0.481321 0.408047 0.495755
79 0.520891 0.540967 0.522609 0.543042 0.526344 0.55691 0.5273749999999999 0.556415 0.528047 0.549198 0.540656 0.546108 0.54475 0.543042 0.549188 0.522972 0.549188 0.484906 0.549516 0.47309 0.538281 0.470519 0.520563 0.470519 0.515109 0.47410399999999997 0.515453 0.518868 0.520891 0.540967
79 0.629687 0.47865599999999997 0.628109 0.471061 0.607719 0.471462 0.607453 0.48344299999999996 0.609563 0.49584900000000004 0.61275 0.497429 0.6201559999999999 0.5014390000000001 0.624922 0.503443 0.624922 0.500637 0.627313 0.490236 0.629687 0.47865599999999997
32 0.474781 0.587453 0.48407799999999995 0.587901 0.488875 0.587901 0.49157799999999996 0.58158 0.492781 0.578396 0.48978099999999997 0.574316 0.486172 0.5734199999999999 0.48528099999999996 0.5797640000000001 0.47446900000000003 0.584292 0.467875 0.587901 0.457969 0.593349 0.45646899999999996 0.598325 0.45917199999999997 0.598774 0.46817200000000003 0.592429 0.474781 0.587453
50 0.5609689999999999 0.439269 0.550188 0.438915 0.547141 0.443868 0.548547 0.45589599999999997 0.542453 0.465094 0.542687 0.47393899999999994 0.54925 0.471816 0.5513589999999999 0.45908000000000004 0.552063 0.454127 0.553469 0.45342 0.564719 0.44846700000000006 0.563312 0.443868 0.5609689999999999 0.439269
50 0.15382800000000002 0.230165 0.152078 0.22575499999999998 0.139234 0.216061 0.13106199999999998 0.203726 0.101891 0.18875 0.0802969 0.19316 0.06278120000000001 0.20636800000000002 0.054609399999999995 0.20636800000000002 0.0528594 0.210778 0.053453099999999996 0.21959900000000002 0.052281299999999996 0.236321 0.15382800000000002 0.230165
50 0.5686880000000001 0.449387 0.568875 0.45983500000000005 0.573625 0.462241 0.576 0.467005 0.577391 0.471486 0.578188 0.46910399999999997 0.582344 0.461627 0.586109 0.46283 0.586703 0.466108 0.587891 0.47238199999999997 0.592828 0.475071 0.5946089999999999 0.46879699999999996 0.5946089999999999 0.462524 0.593422 0.458656 0.592641 0.456863 0.592047 0.453278 0.592047 0.44580200000000003 0.591641 0.44191 0.588484 0.440731 0.586109 0.441627 0.584516 0.444009 0.583125 0.449387 0.579969 0.449387 0.5686880000000001 0.449387
50 0.697766 0.451085 0.707672 0.45632100000000003 0.713125 0.522877 0.7096560000000001 0.5326179999999999 0.734922 0.537099 0.728484 0.528113 0.7264999999999999 0.51316 0.724031 0.476533 0.729969 0.475024 0.728984 0.46606099999999995 0.730969 0.44436299999999995 0.724031 0.426415 0.7136250000000001 0.419693 0.700734 0.42790100000000003 0.6952969999999999 0.45035400000000003 0.697766 0.451085
50 0.565828 0.449198 0.5520940000000001 0.45809000000000005 0.550469 0.472877 0.546219 0.47584899999999997 0.546875 0.476344 0.549156 0.485708 0.576609 0.48669799999999996 0.5779219999999999 0.472406 0.569422 0.464009 0.566812 0.450189 0.580859 0.44870299999999996 0.579234 0.443774 0.581187 0.437358 0.5815159999999999 0.420094 0.568766 0.417618 0.569422 0.441816 0.565828 0.448208 0.565828 0.449198
26 0.639344 0.5225 0.633437 0.524575 0.632531 0.5266270000000001 0.634344 0.532807 0.633891 0.543797 0.629797 0.553396 0.637078 0.564387 0.647078 0.565071 0.661172 0.558208 0.664813 0.5513440000000001 0.666172 0.543797 0.665719 0.534175 0.6620779999999999 0.5252589999999999 0.652984 0.5225 0.639344 0.5225
27 0.456391 0.779835 0.512 0.829222 0.533266 0.8316979999999999 0.5643589999999999 0.8193400000000001 0.5676249999999999 0.784764 0.629781 0.727972 0.6445000000000001 0.735401 0.750828 0.582311 0.759016 0.542807 0.726297 0.532925 0.6248750000000001 0.5057550000000001 0.588891 0.500825 0.541453 0.5057550000000001 0.485828 0.5057550000000001 0.440031 0.5107079999999999 0.381141 0.5107079999999999 0.39423400000000003 0.572429 0.40240600000000004 0.61441 0.389328 0.678608 0.3795 0.6983490000000001 0.377875 0.705755 0.425312 0.7526649999999999 0.456391 0.779835