52 0.40014 0.611213 0.42742 0.604497 0.4244 0.49461499999999997 0.42742 0.47443799999999997 0.45622 0.411657 0.49412 0.369053 0.49866000000000005 0.337663 0.4729 0.36233699999999996 0.435 0.411657 0.42742 0.41837300000000005 0.42592 0.386982 0.44864 0.324201 0.44258 0.234527 0.45774000000000004 0.20763299999999998 0.42742 0.205385 0.40924 0.169497 0.40166 0.23005899999999999 0.40014 0.27713 0.38044 0.263669 0.35618 0.24574 0.35316000000000003 0.281627 0.36074 0.313018 0.35468 0.34216 0.34254 0.344408 0.36376 0.37801799999999997 0.37739999999999996 0.42286999999999997 0.39104 0.456509 0.39862000000000003 0.476686 0.39862000000000003 0.5731069999999999 0.40014 0.611213
22 0.20454 0.58068 0.206 0.59784 0.20018 0.60858 0.2147 0.7115980000000001 0.22340000000000002 0.812456 0.22194 0.9476330000000001 0.22340000000000002 0.9583729999999999 0.23356 0.964793 0.23646 0.913314 0.25242 0.924024 0.25096 0.844645 0.25096 0.795266 0.28722000000000003 0.801716 0.29304 0.8703850000000001 0.30174 0.872544 0.30463999999999997 0.855355 0.31044 0.932604 0.3206 0.932604 0.31624 0.8467749999999999 0.3177 0.795266 0.33364 0.790976 0.33364 0.769527 0.31624 0.752367 0.31188 0.700858 0.32204 0.685828 0.3206 0.60216 0.31044 0.60216 0.2321 0.60216 0.20454 0.58068
22 0.35326 0.782781 0.35036 0.873107 0.34743999999999997 0.924734 0.34743999999999997 0.9698819999999999 0.35762 0.9677509999999999 0.3678 0.8408580000000001 0.41724 0.868817 0.44194 0.877426 0.44486000000000003 0.875266 0.45066 0.965592 0.45648 0.984941 0.46376 0.9871009999999999 0.46812 0.8795559999999999 0.47248 0.868817 0.47392 0.759142 0.48264 0.741923 0.49138 0.636568 0.40124 0.6451479999999999 0.37798000000000004 0.640858 0.35036 0.627959 0.346 0.619349 0.33436 0.61074 0.34018 0.668817 0.35326 0.782781
22 0.16276 0.56784 0.24198 0.534675 0.24348 0.513669 0.23152 0.492663 0.15828 0.519201 0.16874 0.536893 0.15828 0.549053 0.16576 0.564527 0.16276 0.56784
22 0.3474400000000001 0.527485 0.35762 0.536095 0.39978 0.548994 0.40706 0.516746 0.38524 0.516746 0.3474400000000001 0.527485
22 0.5599400000000001 0.9841120000000001 0.86894 0.981982 0.8515199999999999 0.966953 0.83558 0.874675 0.8036599999999999 0.8467749999999999 0.72968 0.8274560000000001 0.60346 0.833905 0.62522 0.893994 0.60056 0.977692 0.5672 0.9691120000000001 0.54834 0.878964 0.50628 0.8703850000000001 0.50482 0.883254 0.51062 0.986272 0.5599400000000001 0.9841120000000001
78 0.40106 0.6029289999999999 0.40106 0.604586 0.40832 0.606243 0.41616000000000003 0.606243 0.42344 0.6029289999999999 0.42288 0.481183 0.41784 0.481183 0.40776 0.48366899999999996 0.4005 0.48201199999999994 0.39938 0.600444 0.40106 0.6029289999999999
78 0.63744 0.530385 0.6366799999999999 0.5434910000000001 0.63128 0.542929 0.63166 0.596479 0.6309 0.650592 0.6451399999999999 0.653432 0.659 0.654586 0.6594 0.545769 0.6528400000000001 0.545207 0.654 0.531538 0.6363 0.5292600000000001 0.63744 0.530385
52 0.62486 0.258728 0.61402 0.245385 0.62124 0.19997 0.61312 0.190621 0.59688 0.186627 0.57972 0.226686 0.56168 0.241361 0.54994 0.226686 0.56438 0.285444 0.5734 0.31213 0.5725 0.321479 0.5698 0.360207 0.55354 0.318817 0.5716 0.308136 0.53188 0.289438 0.54092 0.31213 0.5725 0.380237 0.59236 0.268077 0.62486 0.258728
52 0.6242 0.543314 0.63486 0.65213 0.65298 0.656864 0.65724 0.625325 0.66152 0.503905 0.70414 0.47710100000000005 0.75106 0.46289900000000006 0.70948 0.448698 0.74466 0.418757 0.71694 0.40929000000000004 0.73612 0.374586 0.72334 0.365148 0.73612 0.332012 0.71694 0.322544 0.7244 0.278402 0.69562 0.300473 0.70096 0.264201 0.67536 0.28787 0.71694 0.376183 0.68602 0.4045560000000001 0.60182 0.428195 0.60076 0.4250590000000001 0.61888 0.533846 0.6242 0.543314
27 0.42492 0.644142 0.47934 0.638964 0.48812 0.646746 0.47934 0.740266 0.47056 0.748047 0.47056 0.846746 0.50568 0.888314 0.50744 0.568817 0.42316 0.553254 0.42668 0.594793 0.40384 0.6 0.40384 0.54287 0.2844400000000001 0.522071 0.12994 0.581805 0.08954 0.727278 0.11238 0.7610359999999999 0.11412 0.864941 0.13344 0.88571 0.14398 0.8909169999999998 0.1352 0.818195 0.15802 0.802604 0.223 0.805207 0.22474 0.768817 0.21422 0.698698 0.20016 0.610385 0.20544 0.597396 0.20016 0.576627 0.21772 0.592219 0.25986 0.605207 0.31606 0.6 0.32484 0.683107 0.30902 0.690917 0.3041448660523065 0.7298508857947974 0.31287954772401216 0.7285937466315583 0.3178 0.7766269999999998 0.35116 0.802604 0.34556141220451114 0.7238900088984253 0.33712 0.605207 0.37576 0.633757 0.42492 0.644142
12 0.5685 0.70787 0.6122799999999999 0.71284 0.6386000000000001 0.673905 0.5945199999999999 0.658521 0.56576 0.687485 0.5685 0.70787