53 0.525172 0.508042 0.530203 0.546083 0.553687 0.517 0.555375 0.499104 0.5872499999999999 0.492396 0.7047030000000001 0.43422900000000003 0.7047030000000001 0.4275 0.7047030000000001 0.38725 0.713094 0.382771 0.721469 0.416333 0.7265159999999999 0.423042 0.743281 0.396187 0.748328 0.405146 0.736578 0.438688 0.744969 0.438688 0.753359 0.40289600000000003 0.7718130000000001 0.393958 0.8020160000000001 0.163521 0.760062 0.100896 0.729859 0.100896 0.713094 0.0561458 0.7047030000000001 0.0069375 0.43792200000000003 0.00020833333333333335 0.43792200000000003 0.385 0.525172 0.508042
22 0.24173400000000003 0.319208 0.224875 0.330771 0.20607800000000004 0.346833 0.195969 0.365479 0.191141 0.398229 0.195969 0.479187 0.198375 0.48625 0.198375 0.466979 0.203672 0.424583 0.225359 0.382167 0.271125 0.343625 0.268234 0.332062 0.259563 0.308292 0.24173400000000003 0.319208
22 0.174281 0.552417 0.169453 0.569125 0.165125 0.593542 0.165609 0.635938 0.165609 0.675125 0.172344 0.680271 0.181031 0.664208 0.186328 0.659062 0.20175 0.659062 0.191141 0.626312 0.192109 0.547292 0.189219 0.545354 0.181984 0.546 0.174281 0.552417
27 0.614563 0.484771 0.577313 0.491542 0.560391 0.49831200000000003 0.550219 0.514104 0.533297 0.532167 0.49265600000000004 0.6043959999999999 0.458797 0.654062 0.438484 0.676646 0.40801600000000005 0.7037289999999999 0.396156 0.672125 0.396156 0.656312 0.331828 0.6495420000000001 0.29796900000000004 0.654062 0.284422 0.672125 0.304734 0.983625 0.9243750000000001 0.985896 0.919297 0.9249379999999999 0.7449220000000001 0.8617290000000001 0.6704220000000001 0.784979 0.643344 0.823354 0.602703 0.7962710000000001 0.5976250000000001 0.7466039999999999 0.5976250000000001 0.7059789999999999 0.606094 0.694688 0.634875 0.683417 0.770312 0.701458 0.829578 0.687917 0.8769690000000001 0.41929200000000005 0.8346560000000001 0.40802099999999997 0.804172 0.398979 0.8092499999999999 0.349312 0.78725 0.376417 0.7449220000000001 0.396729 0.726297 0.421563 0.700906 0.43058300000000005 0.667047 0.44187499999999996 0.614563 0.484771
50 0.322953 0.6784789999999999 0.383609 0.6567710000000001 0.38904700000000003 0.6567710000000001 0.383609 0.688146 0.411672 0.699 0.440641 0.6905629999999999 0.47231199999999995 0.644687 0.495859 0.626583 0.527531 0.5722710000000001 0.533875 0.5481459999999999 0.527531 0.501062 0.500375 0.458833 0.474125 0.403313 0.437016 0.353813 0.41529699999999997 0.34175 0.433391 0.225875 0.41890599999999995 0.18485400000000002 0.38723399999999997 0.169146 0.334734 0.147437 0.293094 0.165542 0.265937 0.19087500000000002 0.25054699999999996 0.250021 0.243297 0.312792 0.246922 0.355021 0.20618799999999998 0.41658300000000004 0.187172 0.422604 0.179031 0.5167499999999999 0.175672 0.656229 0.214328 0.657979 0.26684399999999997 0.670042 0.322953 0.6784789999999999
26 0.751563 0.483187 0.751031 0.484604 0.775234 0.4895 0.783641 0.45233300000000004 0.787859 0.40464599999999995 0.782062 0.398333 0.752078 0.399729 0.746828 0.401833 0.746828 0.420771 0.748406 0.41024999999999995 0.7489220000000001 0.467771 0.751563 0.483187
14 0.570469 0.6512290000000001 0.583891 0.678063 0.619125 0.6937289999999999 0.642625 0.687021 0.7030160000000001 0.695958 0.718125 0.678063 0.723156 0.624375 0.7315470000000001 0.586354 0.7315470000000001 0.555021 0.7047030000000001 0.523708 0.644297 0.505812 0.5872499999999999 0.521479 0.560406 0.543833 0.570469 0.6512290000000001
17 0.586516 0.813479 0.596625 0.80225 0.5932660000000001 0.761792 0.6 0.6876460000000001 0.581453 0.6539370000000001 0.519094 0.642687 0.460109 0.642687 0.438203 0.6808960000000001 0.42134400000000005 0.770792 0.451687 0.817979 0.5140469999999999 0.838208 0.576406 0.8247289999999999 0.586516 0.813479
26 0.106891 0.22472899999999998 0.105531 0.22472899999999998 0.0982344 0.225104 0.0903906 0.22472899999999998 0.0825469 0.22472899999999998 0.080125 0.22616699999999998 0.0803906 0.234479 0.08471870000000001 0.260792 0.08687500000000001 0.260792 0.10796900000000001 0.258625 0.107703 0.22762500000000002 0.106891 0.22472899999999998
26 0.0622969 0.260667 0.08017189999999999 0.258292 0.0795781 0.222521 0.0789844 0.21458300000000002 0.0712344 0.213792 0.0545625 0.213792 0.0539531 0.216167 0.0539531 0.219354 0.0611094 0.242396 0.0622969 0.260667
26 0.567359 0.664021 0.571453 0.66075 0.574719 0.607333 0.577984 0.610604 0.574719 0.665104 0.584531 0.666187 0.600063 0.697812 0.600891 0.7 0.612328 0.688 0.637672 0.688 0.672828 0.682542 0.705547 0.689083 0.715359 0.688 0.730078 0.589875 0.731703 0.572437 0.72925 0.557167 0.713719 0.533188 0.681016 0.511396 0.633594 0.505938 0.587797 0.511396 0.56 0.545188 0.56 0.561542 0.567359 0.664021
26 0.572453 0.48925 0.549547 0.499437 0.5520940000000001 0.5344789999999999 0.5469999999999999 0.551438 0.5580309999999999 0.581958 0.560578 0.542396 0.576688 0.517521 0.591094 0.508479 0.607219 0.513 0.601281 0.493792 0.572453 0.48925
50 0.623375 0.680083 0.601953 0.687875 0.594156 0.706063 0.592203 0.734625 0.6077969999999999 0.7398330000000001 0.619484 0.768396 0.652594 0.791771 0.6584380000000001 0.776188 0.666234 0.776188 0.689609 0.809958 0.759734 0.867104 0.903891 0.937229 0.995453 0.900875 0.987656 0.700875 1 0.009958329166666667 0.734422 0.004770829166666667 0.7168910000000001 0.007354170833333334 0.709094 0.0359375 0.724672 0.0748958 0.744156 0.10345800000000001 0.775328 0.142417 0.8551880000000001 0.183979 0.868828 0.181375 0.892203 0.13983299999999999 0.9136409999999999 0.132042 0.927266 0.12425 0.888312 0.358 0.8785780000000001 0.37100000000000005 0.8551880000000001 0.5917709999999999 0.822078 0.685292 0.734422 0.695667 0.644813 0.674896 0.623375 0.680083