20 0.424188 0.230646 0.4 0.241396 0.351609 0.219896 0.354844 0.280104 0.35 0.422042 0.361297 0.469354 0.369359 0.568271 0.417734 0.6715 0.429031 0.716667 0.45645299999999994 0.766125 0.46129699999999996 0.813437 0.448391 0.819896 0.448391 0.841396 0.45160900000000004 0.85 0.454844 0.873646 0.480641 0.888708 0.535484 0.944625 0.596781 0.948917 0.720969 0.9188120000000001 0.764516 0.852146 0.883875 0.800542 0.862906 0.733875 0.825812 0.731729 0.827422 0.761833 0.787094 0.783333 0.767734 0.787625 0.762906 0.6285 0.732266 0.499458 0.672578 0.434938 0.579031 0.381188 0.562906 0.379042 0.533875 0.284417 0.482266 0.23925 0.424188 0.230646
22 0.0011875 0.19075 0.00540625 0.680708 0.0376563 0.680708 0.0404687 0.6601250000000001 0.0657031 0.648896 0.0825313 0.648896 0.117594 0.633958 0.15687500000000001 0.6040209999999999 0.186328 0.600271 0.17510900000000001 0.572229 0.217172 0.555417 0.217172 0.52175 0.152656 0.5011880000000001 0.148453 0.43572900000000003 0.142859 0.37027099999999996 0.124609 0.29920800000000003 0.0825313 0.23002099999999998 0.058687500000000004 0.205729 0.00540625 0.188875 0.0011875 0.19075
54 0.23349999999999999 0.764646 0.176797 0.785396 0.180125 0.818021 0.20014099999999999 0.835812 0.27575 0.810604 0.41809399999999997 0.7542709999999999 0.40585899999999997 0.735 0.386953 0.717208 0.23349999999999999 0.764646
12 0.794422 0.464521 0.7927190000000001 0.485583 0.818344 0.490146 0.832016 0.35627099999999995 0.8328749999999999 0.340333 0.829875 0.344313 0.829453 0.346604 0.808516 0.34489600000000004 0.80425 0.340896 0.8016880000000001 0.357417 0.794422 0.464521
12 0.8660780000000001 0.30175 0.8736090000000001 0.191271 0.8632500000000001 0.183729 0.855719 0.30175 0.8660780000000001 0.30175
12 0.8692970000000001 0.108458 0.875578 0.0009375000000000001 0.8634999999999999 0 0.858187 0.106542 0.8688119999999999 0.107188 0.8692970000000001 0.108458
12 0.8523590000000001 0.6122920000000001 0.863484 0.522042 0.853688 0.518479 0.844781 0.609333 0.8523590000000001 0.6122920000000001
12 0.901844 0.501583 0.9130309999999999 0.35350000000000004 0.905828 0.360958 0.8986409999999999 0.359896 0.89225 0.35777099999999995 0.88825 0.352437 0.873875 0.49839599999999995 0.901844 0.501583
12 0.8588749999999999 0.107583 0.864266 0 0.847719 0.0006041666666666666 0.848437 0.0039791708333333335 0.8437659999999999 0.107583 0.8588749999999999 0.107583
12 0.872672 0.49412500000000004 0.882 0.39947900000000003 0.881391 0.38370800000000005 0.868938 0.38370800000000005 0.8652029999999999 0.3945 0.857719 0.485812 0.872672 0.49412500000000004
12 0.854766 0.490271 0.8637029999999999 0.391396 0.846875 0.387875 0.8405630000000001 0.483958 0.854766 0.490271
12 0.89925 0.164708 0.886109 0.315292 0.9018750000000001 0.315292 0.915 0.166458 0.903187 0.169958 0.89925 0.164708
12 0.234531 0.604646 0.16996899999999998 0.6067710000000001 0.168375 0.6067710000000001 0.160391 0.6067710000000001 0.15959399999999999 0.6067710000000001 0.158 0.6067710000000001 0.154016 0.6067710000000001 0.139672 0.657792 0.141266 0.659917 0.227359 0.656729 0.234531 0.604646
12 0.7653749999999999 0.476375 0.7717970000000001 0.367896 0.775234 0.354771 0.768375 0.353625 0.761094 0.36560400000000004 0.7542500000000001 0.479229 0.7653749999999999 0.476375
12 0.814078 0.284708 0.8215 0.280208 0.8275779999999999 0.194708 0.824203 0.180312 0.818125 0.182104 0.812047 0.277521 0.814078 0.284708
67 0.28096899999999997 0.0036458291666666667 0.2815 0.023 0.289563 0.0323125 0.294406 0.035895800000000005 0.29548399999999997 0.0387708 0.296016 0.043083300000000005 0.301406 0.043791699999999996 0.307312 0.0445208 0.311625 0.047374999999999994 0.315375 0.053104200000000004 0.317 0.055270799999999995 0.317531 0.058854199999999995 0.315375 0.063875 0.311625 0.0710417 0.309469 0.0738958 0.305703 0.0810833 0.306234 0.0861042 0.307312 0.0889583 0.31 0.0939792 0.310531 0.0997292 0.306234 0.101875 0.30839099999999997 0.103313 0.32451599999999997 0.103313 0.330984 0.103313 0.33635899999999996 0.10402099999999999 0.343344 0.10402099999999999 0.350875 0.10402099999999999 0.357328 0.101875 0.366469 0.0861042 0.35625 0.0488125 0.352484 0.043083300000000005 0.35625 0.043083300000000005 0.358938 0.0373333 0.358406 0.0294583 0.35356299999999996 0.020125 0.347641 0.014395799999999999 0.34065599999999996 0.007229170833333334 0.334203 0.0022083291666666668 0.28096899999999997 0.0036458291666666667
54 0.151625 0.719479 0.152984 0.714958 0.150594 0.6936669999999999 0.0673906 0.6492920000000001 0.0622969 0.647042 0.05720309999999999 0.6479370000000001 0.0334219 0.6560830000000001 0.0378437 0.690958 0.126141 0.729896 0.133625 0.729896 0.151625 0.719479
12 0.792047 0.484958 0.801281 0.35552100000000003 0.8023910000000001 0.343229 0.786141 0.352583 0.7795 0.364396 0.779141 0.360938 0.7724840000000001 0.480042 0.792047 0.484958