18 0.695344 0.778063 0.670859 0.843333 0.681219 0.896062 0.68875 0.904854 0.698156 0.883521 0.749953 0.8822500000000001 0.752766 0.899833 0.766891 0.899833 0.770656 0.838313 0.7565310000000001 0.788104 0.697219 0.7793119999999999 0.695344 0.778063
0 0.5415 0.405687 0.519719 0.406979 0.46406200000000003 0.424396 0.42921899999999996 0.434729 0.405016 0.443125 0.356625 0.43537499999999996 0.326125 0.380521 0.307734 0.385688 0.31789100000000003 0.426979 0.22143799999999997 0.40956200000000004 0.21853099999999998 0.410854 0.21901600000000002 0.41925 0.268391 0.4315 0.295016 0.43925000000000003 0.290172 0.454083 0.303234 0.448917 0.316797 0.454083 0.3105 0.464417 0.325016 0.45989599999999997 0.328891 0.476021 0.26984400000000003 0.46377100000000004 0.248547 0.467646 0.265969 0.472167 0.316797 0.488937 0.31728100000000004 0.49474999999999997 0.321141 0.496042 0.36228099999999996 0.504417 0.409234 0.504417 0.409234 0.512813 0.42665600000000004 0.516042 0.456672 0.518625 0.450375 0.510229 0.460062 0.501833 0.45957800000000004 0.516042 0.476031 0.523146 0.481828 0.512813 0.5007189999999999 0.512167 0.515234 0.499917 0.519109 0.5082920000000001 0.527328 0.508937 0.5341090000000001 0.519271 0.557344 0.51475 0.565562 0.502479 0.563141 0.489583 0.555406 0.485708 0.553953 0.483125 0.52975 0.47925 0.519109 0.476667 0.516203 0.472812 0.550563 0.461188 0.550563 0.471521 0.547172 0.474729 0.548141 0.479896 0.56025 0.482479 0.557344 0.47087500000000004 0.553953 0.468292 0.557344 0.45925 0.573313 0.445062 0.574281 0.43537499999999996 0.574906 0.434729 0.556516 0.410854 0.5415 0.405687
50 0.830313 0.8446250000000001 0.831438 0.837083 0.845016 0.833562 0.845391 0.827042 0.835219 0.8230000000000001 0.832953 0.8094370000000001 0.828422 0.805417 0.828797 0.8018959999999999 0.828422 0.791333 0.827672 0.783292 0.822391 0.782792 0.816734 0.791333 0.816359 0.800875 0.811078 0.804917 0.8039059999999999 0.827042 0.808812 0.834583 0.808812 0.870771 0.788828 0.904458 0.792594 0.9135209999999999 0.830313 0.8446250000000001
50 0.8702030000000001 0.79125 0.867938 0.804333 0.865672 0.816896 0.8596410000000001 0.829979 0.8705780000000001 0.8309789999999999 0.8751089999999999 0.8309789999999999 0.8826560000000001 0.826458 0.893578 0.809854 0.894344 0.78975 0.897359 0.7837080000000001 0.889813 0.768625 0.8837809999999999 0.7781870000000001 0.8796250000000001 0.781708 0.8702030000000001 0.79125
50 0.669672 0.864625 0.672094 0.863229 0.673828 0.83825 0.6793910000000001 0.818812 0.673484 0.812792 0.673484 0.796604 0.668625 0.796146 0.664469 0.798917 0.664813 0.809562 0.6537029999999999 0.821125 0.655094 0.842417 0.658563 0.857208 0.669672 0.864625
50 0.954906 0.787021 0.956719 0.7885000000000001 0.959922 0.785354 0.971734 0.7835 0.9739530000000001 0.781833 0.971453 0.778292 0.967703 0.773854 0.965062 0.765875 0.9621409999999999 0.764208 0.9586560000000001 0.765146 0.956719 0.7671880000000001 0.9545 0.772 0.956297 0.775708 0.9529690000000001 0.783667 0.954906 0.787021
50 0.792484 0.846125 0.793156 0.8527920000000001 0.794156 0.853229 0.799813 0.848354 0.806141 0.842125 0.804813 0.8372499999999999 0.807141 0.8332499999999999 0.8038130000000001 0.827479 0.8031409999999999 0.822167 0.800812 0.814604 0.794484 0.815937 0.794828 0.8230419999999999 0.789828 0.8261459999999999 0.789828 0.832812 0.794156 0.8376870000000001 0.7905 0.847896 0.792484 0.846125
50 0.908328 0.7631460000000001 0.9136089999999999 0.767667 0.911734 0.7721870000000001 0.9249219999999999 0.7716879999999999 0.937375 0.770687 0.9369999999999999 0.756104 0.941516 0.759625 0.9430310000000001 0.757604 0.940391 0.743021 0.933984 0.7385 0.9347340000000001 0.725417 0.926812 0.722917 0.9204060000000001 0.7375 0.917766 0.737 0.910969 0.7591249999999999 0.908328 0.7631460000000001
50 0.902734 0.776146 0.903937 0.784188 0.906344 0.788708 0.906344 0.792208 0.906344 0.7958540000000001 0.9180619999999999 0.7920630000000001 0.9177339999999999 0.7787710000000001 0.9177339999999999 0.771917 0.9117029999999999 0.771917 0.91325 0.7679790000000001 0.911484 0.765646 0.9117029999999999 0.767833 0.9117029999999999 0.7679790000000001 0.907328 0.770458 0.902734 0.776146
50 0.7125 0.814354 0.728078 0.8121670000000001 0.727266 0.8063330000000001 0.722344 0.796854 0.717969 0.799771 0.713594 0.800854 0.7125 0.8045000000000001 0.7152339999999999 0.8074169999999999 0.7152339999999999 0.808521 0.711125 0.813625 0.7125 0.814354
50 0.781219 0.895417 0.781797 0.8938539999999999 0.7827810000000001 0.887854 0.782188 0.8855000000000001 0.7810159999999999 0.879229 0.780828 0.873479 0.782984 0.866167 0.782984 0.863292 0.780625 0.863292 0.781609 0.8622289999999999 0.780234 0.8598750000000001 0.779453 0.853604 0.776516 0.8512500000000001 0.7747499999999999 0.851792 0.773562 0.8543959999999999 0.773562 0.856479 0.7733749999999999 0.859625 0.772 0.859625 0.771609 0.8619789999999999 0.772 0.864333 0.772203 0.867458 0.7727809999999999 0.869292 0.774156 0.872958 0.776312 0.876875 0.778281 0.879479 0.777688 0.881312 0.776312 0.882354 0.7733749999999999 0.882875 0.770625 0.883146 0.770437 0.8941250000000001 0.781219 0.895417
50 0.9525779999999999 0.792458 0.955969 0.793146 0.955656 0.788771 0.9528909999999999 0.7841039999999999 0.9503590000000001 0.7832709999999999 0.9494999999999999 0.778312 0.948016 0.777333 0.9468590000000001 0.77125 0.9446249999999999 0.769417 0.941344 0.771104 0.940078 0.775625 0.9382659999999999 0.775917 0.9525779999999999 0.792458