13 0.48262499999999997 0.605781 0.480792 0.609938 0.483854 0.613156 0.48756299999999997 0.615469 0.492479 0.6140939999999999 0.514021 0.608078 0.522021 0.609469 0.563271 0.596078 0.5651039999999999 0.592391 0.571875 0.586391 0.569417 0.577609 0.5645 0.573922 0.5589580000000001 0.572531 0.5177080000000001 0.585 0.507875 0.5896250000000001 0.506021 0.5942339999999999 0.48262499999999997 0.604859 0.48262499999999997 0.605781
13 0.679917 0.0205313 0.682542 0.0651875 0.692979 0.0647969 0.7128329999999999 0.063625 0.708646 0.022484399999999998 0.705 0.0158281 0.6992499999999999 0.0028906203125 0.6851459999999999 0.0005468749999999999 0.685667 0.0099531296875 0.6830630000000001 0.015046899999999998 0.679917 0.0205313
13 0.629938 0.0681094 0.669625 0.0691719 0.669625 0.0585469 0.6639579999999999 0.0287813 0.652625 0.0170937 0.646958 0.00540625 0.631354 0.0032656203124999997 0.634208 0.00859375 0.624271 0.0245312 0.631354 0.031968800000000006 0.629938 0.0659844 0.629938 0.0681094
13 0.6355000000000001 0.0647031 0.6217710000000001 0.0515938 0.620542 0.027250000000000003 0.620542 0.016015599999999998 0.6155419999999999 0.0010468796875 0.598062 0.00478125 0.601812 0.0122813 0.601812 0.0244375 0.601812 0.032875 0.5968129999999999 0.0515938 0.598062 0.0647031 0.599313 0.073125 0.606812 0.07873440000000001 0.611792 0.07873440000000001 0.6355000000000001 0.0647031
13 0.517979 0.08392190000000001 0.520042 0.0607969 0.5159170000000001 0.0284219 0.50975 0.023796900000000003 0.501542 0.0068281203125 0.499479 0.0068281203125 0.495375 0.008375 0.48508300000000004 0.023796900000000003 0.480979 0.023796900000000003 0.487146 0.08239060000000001 0.513875 0.08392190000000001 0.517979 0.08392190000000001
50 0.278646 0.832016 0.245688 0.8612339999999999 0.302625 0.885953 0.35954200000000003 0.903937 0.383521 0.899438 0.3955 0.8882030000000001 0.425458 0.883703 0.416479 0.872469 0.449437 0.8545 0.509354 0.8162969999999999 0.5932499999999999 0.8589840000000001 0.6471870000000001 0.800563 0.60825 0.764609 0.59625 0.748875 0.5932499999999999 0.726406 0.5543119999999999 0.703937 0.5752710000000001 0.6837030000000001 0.5543119999999999 0.663484 0.512354 0.658984 0.47639600000000004 0.64775 0.434458 0.618547 0.443437 0.582578 0.44643700000000003 0.557859 0.47341700000000003 0.5511250000000001 0.527333 0.510672 0.566292 0.49045300000000003 0.656188 0.389328 0.6921250000000001 0.366859 0.731083 0.371344 0.758062 0.371344 0.758062 0.353375 0.779021 0.346625 0.761042 0.328656 0.758062 0.32190599999999997 0.740083 0.32190599999999997 0.686146 0.324156 0.623229 0.364609 0.527333 0.429781 0.527333 0.409547 0.5363330000000001 0.400563 0.518354 0.380344 0.461417 0.371344 0.422479 0.37584399999999996 0.3985 0.40729699999999996 0.3955 0.44775 0.374542 0.45 0.350562 0.4545 0.218729 0.535391 0.152812 0.703937 0.176771 0.733141 0.209729 0.775844 0.29362499999999997 0.8162969999999999 0.260667 0.8432660000000001 0.278646 0.832016
53 0.788021 0.332578 0.788021 0.229219 0.8119789999999999 0.114609 0.761042 0.0606719 0.287646 0.103375 0.308604 0.339328 0.350562 0.343812 0.350562 0.451687 0.3925 0.447187 0.4015 0.3955 0.470417 0.366297 0.542312 0.384266 0.521354 0.417984 0.551312 0.40898400000000007 0.632208 0.352813 0.749063 0.316859 0.788021 0.332578
53 0.512354 0.528094 0.443437 0.552813 0.452437 0.620219 0.551312 0.667422 0.5722919999999999 0.683141 0.548312 0.703375 0.59325 0.721344 0.60825 0.761797 0.641208 0.791016 0.662167 0.791016 0.644187 0.8337030000000001 0.668167 0.8809059999999999 0.701125 0.910109 0.716104 0.916859 0.725083 0.955063 0.776021 0.968547 0.817979 0.764047 0.823979 0.591016 0.817979 0.456187 0.791021 0.379781 0.767042 0.366297 0.734083 0.375281 0.662167 0.377531 0.590271 0.467422 0.512354 0.528094
14 0.0381458 0.296078 0.198229 0.281078 0.201854 0.255156 0.0217708 0.264703 0.0363333 0.267422 0.012687499999999999 0.266062 0.0381458 0.296078
43 0.08104170000000001 0.292469 0.0323542 0.293406 0.031104200000000002 0.314 0.0361042 0.319609 0.0435833 0.383281 0.0760417 0.380469 0.1085 0.381406 0.11225 0.370172 0.143458 0.368297 0.138458 0.342078 0.144708 0.330844 0.172167 0.329906 0.180896 0.334594 0.192146 0.337406 0.203375 0.321484 0.195875 0.31493699999999997 0.204625 0.288719 0.21585400000000002 0.289656 0.228333 0.309312 0.235833 0.308375 0.27202099999999996 0.309312 0.29075 0.309312 0.28325 0.277484 0.23831300000000002 0.281234 0.194625 0.282172 0.127229 0.287781 0.08229170000000001 0.291531 0.08104170000000001 0.292469
13 0.639458 0.562188 0.639042 0.5520470000000001 0.635771 0.550203 0.616917 0.552656 0.616521 0.562797 0.619792 0.571406 0.619375 0.585547 0.6214379999999999 0.607969 0.656667 0.607969 0.651354 0.581859 0.639458 0.562188
13 0.659687 0.823563 0.6832290000000001 0.8218590000000001 0.676396 0.766625 0.681708 0.7296090000000001 0.6642499999999999 0.733016 0.6642499999999999 0.774031 0.6589379999999999 0.777438 0.654375 0.7894059999999999 0.659687 0.823563
78 0.354063 0 0.35467283958333334 0.0019099890625000001 0.43823543750000005 0.02363704375 0.45443722291666666 0.0834921015625 0.456062 0.0832969 0.448875 0.0509063 0.43927099999999997 0.0239063 0.438063 0.023 0.444063 0 0.354063 0
3 0.194187 0.377797 0.19358299999999998 0.38051599999999997 0.196 0.38773399999999997 0.210458 0.39 0.22549999999999998 0.38639100000000004 0.229729 0.376906 0.21887500000000001 0.374641 0.19779200000000002 0.374641 0.194187 0.377797