50 0.6071799999999999 0.320533 0.5770599999999999 0.42848 0.55822 0.51888 0.5723400000000001 0.557787 0.58836 0.549013 0.61472 0.5151199999999999 0.61472 0.48624 0.61754 0.467413 0.6429600000000001 0.372 0.6495599999999999 0.46112 0.65992 0.5038130000000001 0.6439 0.549013 0.6429600000000001 0.5866669999999999 0.66274 0.58792 0.70604 0.530187 0.70228 0.507573 0.6778 0.42221299999999995 0.68628 0.34813299999999997 0.69004 0.26152 0.73336 0.321787 0.72394 0.34688 0.73712 0.36573300000000003 0.74182 0.377013 0.7503 0.38205300000000003 0.7616 0.383307 0.76536 0.360693 0.7597200000000001 0.31551999999999997 0.73618 0.24144000000000002 0.69852 0.161093 0.70888 0.12218699999999999 0.70888 0.08954670133333334 0.6975800000000001 0.06944 0.6495599999999999 0.07573330133333334 0.6410800000000001 0.09831999999999999 0.6392 0.125947 0.6071799999999999 0.17992 0.5610599999999999 0.251493 0.54316 0.31677299999999997 0.55164 0.35568 0.562 0.35568 0.5667000000000001 0.34688 0.5667000000000001 0.336853 0.57612 0.33936 0.5751799999999999 0.312987 0.5751799999999999 0.296667 0.61566 0.269067 0.6071799999999999 0.320533
50 0.88928 0.27176 0.8947 0.2272 0.9010199999999999 0.2236 0.8956000000000001 0.265733 0.91818 0.262133 0.91638 0.213947 0.91998 0.18144000000000002 0.9019199999999999 0.12362699999999999 0.88566 0.12845299999999998 0.8829600000000001 0.15736 0.85856 0.17904 0.8667 0.21757300000000002 0.87122 0.198293 0.8820399999999999 0.19226700000000002 0.87664 0.25128 0.8820399999999999 0.27536 0.88928 0.27176
50 0.57112 0.245013 0.58138 0.21575999999999998 0.5821000000000001 0.19037300000000001 0.56674 0.16304 0.5674600000000001 0.144507 0.5535599999999999 0.12888 0.5447799999999999 0.135707 0.53672 0.14744 0.54404 0.160107 0.5447799999999999 0.18061300000000002 0.53306 0.208907 0.52208 0.21184 0.50598 0.23040000000000002 0.5140399999999999 0.246987 0.5250199999999999 0.256747 0.5535599999999999 0.25477299999999997 0.57112 0.245013
50 0.42575999999999997 0.08061330133333333 0.42668 0.08786669866666667 0.4285 0.09874670133333333 0.4285 0.120533 0.4285 0.13384 0.42575999999999997 0.151973 0.42396 0.161653 0.42396 0.181013 0.41487999999999997 0.20882699999999998 0.41034 0.23544 0.404 0.24512 0.40218 0.24512 0.40218 0.248747 0.41398 0.25965299999999997 0.42668 0.25965299999999997 0.43212 0.246347 0.44027999999999995 0.22455999999999998 0.443 0.20882699999999998 0.44572 0.22336 0.44572 0.240293 0.44664 0.270533 0.45208 0.270533 0.47022 0.270533 0.47386 0.266907 0.47476 0.240293 0.47748 0.21488 0.4793 0.196747 0.48474 0.17496 0.49382 0.151973 0.50198 0.112053 0.50198 0.08424 0.50108 0.06488 0.49018 0.044320000000000005 0.48563999999999996 0.02496 0.47476 0.018906698666666666 0.46568 0.02496 0.45480000000000004 0.03344 0.44664 0.03584 0.43848000000000004 0.03464 0.42668 0.0552 0.42575999999999997 0.08061330133333333
60 0.90946 0.269573 0.9156 0.269147 0.91744 0.266293 0.91744 0.26344 0.91192 0.256053 0.90978 0.258107 0.90332 0.258107 0.89934 0.2528 0.8959599999999999 0.245013 0.89504 0.24541300000000002 0.89504 0.24992 0.89658 0.250747 0.89534 0.251147 0.89994 0.260987 0.90608 0.26752 0.90946 0.269573
60 0.88582 0.265893 0.88368 0.265467 0.8803 0.26056 0.87662 0.25728 0.87324 0.255653 0.87264 0.258107 0.87878 0.262213 0.87878 0.261787 0.88644 0.271627 0.89074 0.27408 0.89104 0.2712 0.89012 0.26712 0.88798 0.26424 0.88582 0.265893
50 0.91062 0.10533300000000001 0.9036799999999999 0.13616 0.92102 0.17933300000000002 0.91872 0.20554699999999998 0.91986 0.23330700000000001 0.9245 0.21944000000000002 0.93374 0.18087999999999999 0.9256599999999999 0.24255999999999997 0.9511000000000001 0.2472 0.95456 0.21944000000000002 0.94878 0.150053 0.95688 0.13616 0.95572 0.10533300000000001 0.94878 0.08834669866666667 0.94184 0.06368 0.93028 0.06368 0.92218 0.07909330133333332 0.9268 0.09298670133333334 0.91062 0.10533300000000001
50 0.53376 0.13024000000000002 0.53196 0.14279999999999998 0.53512 0.15898700000000002 0.5373600000000001 0.15778699999999998 0.536 0.147013 0.5396 0.13981300000000002 0.54364 0.136213 0.5499400000000001 0.130827 0.55668 0.129627 0.56162 0.13741299999999998 0.56656 0.142213 0.57014 0.157173 0.5724 0.161973 0.5795800000000001 0.166773 0.5732999999999999 0.136213 0.57824 0.12904 0.5845199999999999 0.126027 0.59576 0.09909329866666666 0.59126 0.07392 0.57688 0.05717330133333333 0.57194 0.042800000000000005 0.56386 0.042800000000000005 0.56476 0.03261330133333334 0.56252 0.023013301333333337 0.55488 0.01882669866666667 0.54544 0.021226701333333334 0.5373600000000001 0.0332 0.52792 0.04218670133333333 0.5198400000000001 0.061360000000000005 0.5171399999999999 0.08949329866666667 0.52298 0.113467 0.53196 0.12424 0.53376 0.13024000000000002
60 0.91916 0.23645300000000002 0.91266 0.236133 0.912 0.243013 0.91984 0.243013 0.92164 0.23824 0.92096 0.232267 0.91916 0.23645300000000002
60 0.93732 0.24392 0.94696 0.23434700000000003 0.93844 0.23346700000000004 0.93462 0.23496 0.9279 0.23674699999999999 0.93038 0.24362700000000004 0.93732 0.24392
8 0.28582 0.19512000000000002 0.28526 0.21375999999999998 0.29142 0.21375999999999998 0.29142 0.21898700000000001 0.29534 0.21973299999999998 0.29534 0.216 0.35744 0.215253 0.35910000000000003 0.22272 0.36022000000000004 0.22346699999999997 0.36134 0.21824000000000002 0.37142000000000003 0.21749300000000002 0.37254000000000004 0.193627 0.28582 0.19288 0.28582 0.19512000000000002
8 0.18834 0.217547 0.25751999999999997 0.21848 0.25730000000000003 0.21570699999999998 0.26312 0.21384 0.2601 0.191467 0.18064 0.198293 0.186 0.21818700000000002 0.18834 0.217547
8 0.11181999999999999 0.199093 0.11181999999999999 0.20544 0.11456000000000001 0.20469299999999999 0.11402 0.212 0.1153 0.213227 0.11548 0.21541300000000002 0.11712 0.21541300000000002 0.1173 0.212987 0.12824000000000002 0.21224 0.1288 0.216133 0.13226 0.215893 0.13244 0.21370699999999998 0.14632 0.21442699999999998 0.14632 0.21688 0.14814 0.21712 0.14814 0.21418700000000002 0.15397999999999998 0.21418700000000002 0.15603999999999998 0.210373 0.15547999999999998 0.20887999999999998 0.151 0.20664 0.15156 0.199173 0.1123 0.19616 0.11181999999999999 0.199093
60 0.6438 0.50432 0.63184 0.499013 0.6179 0.509627 0.60594 0.525573 0.56808 0.558773 0.55912 0.550827 0.55214 0.552133 0.5133 0.586693 0.49436 0.589333 0.49138 0.59464 0.5093 0.60528 0.51926 0.609253 0.5702491904787245 0.5695556183650465 0.6438 0.512293 0.6438 0.50432
60 0.65376 0.590667 0.73944 0.516293 0.73046 0.51096 0.72648 0.51496 0.71852 0.520267 0.71054 0.529573 0.6687 0.57208 0.65774 0.577387 0.6448 0.57472 0.60694 0.603947 0.57904 0.613253 0.591 0.623867 0.60992 0.6252 0.65376 0.590667