13 0.890109 0.743333 0.899516 0.744417 0.909328 0.744417 0.910969 0.743333 0.912594 0.7406039999999999 0.912594 0.6716460000000001 0.9113749999999999 0.670542 0.909734 0.6661870000000001 0.9076869999999999 0.663458 0.9076869999999999 0.622563 0.9064690000000001 0.620938 0.895016 0.620938 0.8942030000000001 0.623125 0.893375 0.661833 0.8884690000000001 0.667271 0.8872500000000001 0.672187 0.888062 0.7376039999999999 0.890109 0.743333
13 0.9395 0.7325630000000001 0.9537190000000001 0.733271 0.9537190000000001 0.6798540000000001 0.9447660000000001 0.667917 0.9447660000000001 0.620125 0.931063 0.621542 0.9326409999999999 0.6608959999999999 0.9236869999999999 0.673542 0.926313 0.7402920000000001 0.9395 0.7325630000000001
13 0.884469 0.655167 0.881312 0.6625 0.881719 0.7196250000000001 0.8880000000000001 0.725917 0.8868280000000001 0.6687919999999999 0.8927189999999999 0.660937 0.895078 0.612729 0.8852499999999999 0.612729 0.884469 0.655167
13 0.9780469999999999 0.641833 0.9715 0.6538959999999999 0.9715 0.659271 0.97 0.721688 0.9679840000000001 0.810292 0.972516 0.813646 0.996672 0.8143119999999999 1 0.8143119999999999 0.997172 0.6538959999999999 0.991141 0.6425 0.9901249999999999 0.599542 0.9785470000000001 0.600208 0.9780469999999999 0.641833
13 0.771859 0.634375 0.771859 0.6437080000000001 0.772469 0.6757500000000001 0.774594 0.700104 0.777344 0.7159169999999999 0.7965 0.715104 0.797422 0.7070000000000001 0.7952969999999999 0.664792 0.793469 0.6347710000000001 0.786156 0.615708 0.785547 0.602729 0.7761250000000001 0.602729 0.7758130000000001 0.6132709999999999 0.7758130000000001 0.6189579999999999 0.774297 0.627875 0.771859 0.634375
13 0.757594 0.646042 0.7598130000000001 0.653312 0.761688 0.6921459999999999 0.7685 0.6921459999999999 0.766625 0.6448959999999999 0.7615160000000001 0.636271 0.759469 0.612646 0.7581089999999999 0.6128750000000001 0.7518119999999999 0.613333 0.752656 0.6396879999999999 0.757594 0.646042
77 0.812219 0.38027099999999997 0.8038130000000001 0.382521 0.8105309999999999 0.40045800000000004 0.808859 0.41166699999999995 0.778594 0.416146 0.7634529999999999 0.420625 0.770172 0.452021 0.783625 0.45425 0.820625 0.443042 0.8508910000000001 0.436312 0.871078 0.427354 0.89125 0.40941700000000003 0.857625 0.389229 0.820625 0.38699999999999996 0.812219 0.38027099999999997
77 0.637078 0.314604 0.648875 0.305625 0.6690940000000001 0.305625 0.680906 0.32135400000000003 0.996063 0.28764599999999996 0.9977499999999999 0.0022500000000000003 0.429781 0 0.384266 0.098875 0.456734 0.188771 0.47865599999999997 0.208979 0.561234 0.35954200000000003 0.561234 0.343813 0.564609 0.32583300000000004 0.5713440000000001 0.314604 0.5713440000000001 0.312354 0.583141 0.32135400000000003 0.5932660000000001 0.334833 0.6 0.348312 0.6320159999999999 0.33258299999999996 0.637078 0.314604
77 0.39775 0.0471875 0.303375 0.110104 0.136516 0.139333 0.0016875000000000002 0.150562 0.0033750000000000004 0.377521 0.0320156 0.341583 0.0572969 0.382021 0.1045 0.36629199999999995 0.10954699999999999 0.496625 0.123031 0.48089600000000005 0.11965600000000001 0.35954200000000003 0.244375 0.348312 0.40112500000000006 0.343813 0.54775 0.343813 0.5443749999999999 0.33708299999999997 0.396062 0.11235400000000001 0.39775 0.0471875
50 0.694375 0.8449380000000001 0.780344 0.840458 0.8072969999999999 0.833708 0.792141 0.784271 0.734828 0.649438 0.7179840000000001 0.622479 0.739891 0.5617920000000001 0.739891 0.492125 0.706187 0.467417 0.650563 0.48089600000000005 0.628656 0.5775210000000001 0.579781 0.6179790000000001 0.561234 0.714604 0.559547 0.739333 0.655625 0.822479 0.694375 0.8449380000000001
50 0.5001559999999999 0.771042 0.501266 0.75325 0.5135 0.738417 0.556859 0.744354 0.560203 0.735458 0.559094 0.707292 0.5390780000000001 0.607958 0.55575 0.5990629999999999 0.564656 0.5738540000000001 0.5713280000000001 0.563479 0.569094 0.513062 0.564656 0.492312 0.524625 0.484896 0.5001559999999999 0.49972900000000003 0.48348399999999997 0.5605209999999999 0.48235900000000004 0.5619999999999999 0.45790600000000004 0.590167 0.42120300000000005 0.6287079999999999 0.41453100000000004 0.674667 0.417875 0.7117290000000001 0.453453 0.760667 0.497938 0.7695620000000001 0.5001559999999999 0.771042
50 0.562922 0.523604 0.5730310000000001 0.539333 0.5915779999999999 0.552813 0.5898909999999999 0.60675 0.616859 0.5887709999999999 0.626969 0.557312 0.6657339999999999 0.462917 0.6707810000000001 0.469667 0.7045 0.469667 0.7365160000000001 0.48089600000000005 0.734828 0.456188 0.701125 0.429208 0.6657339999999999 0.40675 0.667422 0.35954200000000003 0.643813 0.339333 0.620219 0.343813 0.621906 0.377521 0.625281 0.40449999999999997 0.588203 0.431458 0.5511250000000001 0.478646 0.562922 0.523604
50 0.824906 0.6844169999999999 0.838109 0.685396 0.8535159999999999 0.655083 0.867453 0.611062 0.8645160000000001 0.655083 0.875516 0.666813 0.887266 0.674646 0.887266 0.653125 0.890188 0.6140000000000001 0.900469 0.6149789999999999 0.9099999999999999 0.626708 0.9099999999999999 0.6638750000000001 0.915875 0.683438 0.9254060000000001 0.6844169999999999 0.932016 0.6697500000000001 0.932016 0.645292 0.931281 0.62475 0.9386089999999999 0.62475 0.9415469999999999 0.628667 0.949609 0.668771 0.9760310000000001 0.656063 0.974562 0.539646 0.951812 0.524979 0.9591559999999999 0.49075 0.94375 0.46041699999999997 0.921734 0.461396 0.909266 0.469229 0.900469 0.485854 0.8975310000000001 0.499542 0.8997339999999999 0.527917 0.881391 0.538667 0.841047 0.589542 0.8241720000000001 0.662896 0.824906 0.6844169999999999
50 0.21426599999999998 0.507292 0.217375 0.5238539999999999 0.217375 0.547875 0.21365599999999998 0.569396 0.21985899999999997 0.584313 0.23973399999999997 0.596729 0.242844 0.618271 0.248438 0.6389790000000001 0.25775000000000003 0.640625 0.263969 0.649729 0.26707800000000004 0.6613330000000001 0.265828 0.6895 0.29129700000000003 0.664646 0.27764099999999997 0.605021 0.267687 0.589271 0.266453 0.584313 0.270797 0.5619379999999999 0.263969 0.549521 0.254656 0.549521 0.24906299999999998 0.550354 0.250297 0.560292 0.242844 0.571063 0.250922 0.572708 0.255891 0.590104 0.245953 0.589271 0.24409399999999998 0.574375 0.236016 0.576021 0.235391 0.56775 0.240984 0.550354 0.24409399999999998 0.528813 0.2385 0.5130830000000001 0.22979699999999997 0.504792 0.222344 0.500646 0.21675 0.49983299999999997 0.211172 0.503146 0.21426599999999998 0.507292
50 0.0815469 0.516313 0.0871094 0.516313 0.11178099999999999 0.5343330000000001 0.125297 0.5481250000000001 0.12450000000000001 0.543875 0.129281 0.5555420000000001 0.13564099999999998 0.562979 0.139609 0.577833 0.140406 0.605396 0.13325 0.6181249999999999 0.13484400000000002 0.635104 0.153938 0.639333 0.170641 0.660542 0.183359 0.677521 0.192109 0.730542 0.192906 0.734792 0.1945 0.732667 0.213594 0.736917 0.215984 0.763437 0.210406 0.7878120000000001 0.19928099999999999 0.814333 0.18575 0.845104 0.173031 0.893875 0.187344 0.890708 0.208812 0.885396 0.219953 0.8716039999999999 0.23029700000000003 0.824938 0.23506300000000002 0.765542 0.23665600000000003 0.7252500000000001 0.23665600000000003 0.701917 0.23585899999999999 0.675396 0.231094 0.635104 0.215188 0.6138750000000001 0.18575 0.5841879999999999 0.172234 0.583125 0.16348400000000002 0.571458 0.15631299999999998 0.552375 0.15631299999999998 0.5343330000000001 0.149953 0.514188 0.143594 0.500396 0.122906 0.485542 0.10700000000000001 0.4845 0.09825 0.49085399999999996 0.0926875 0.49404200000000004 0.0879062 0.502521 0.0815469 0.512062 0.0815469 0.516313
50 0.345766 0.648687 0.358391 0.626229 0.36259399999999997 0.6108119999999999 0.349453 0.590479 0.32789100000000004 0.567333 0.301578 0.565917 0.296859 0.558208 0.30106299999999997 0.542083 0.296859 0.525958 0.283703 0.516833 0.26581299999999997 0.52175 0.26687500000000003 0.5497920000000001 0.271609 0.565229 0.26581299999999997 0.580646 0.268969 0.5939789999999999 0.277391 0.608708 0.288969 0.657792 0.285281 0.676729 0.282656 0.7244170000000001 0.282125 0.767896 0.3 0.720917 0.297375 0.707583 0.31 0.708292 0.313156 0.779833 0.311578 0.8261040000000001 0.333672 0.830313 0.334719 0.812792 0.328937 0.788229 0.341031 0.6984790000000001 0.340516 0.663396 0.345766 0.648687
50 0.635313 0.335417 0.647203 0.333229 0.658672 0.33922900000000006 0.666047 0.353438 0.669328 0.363833 0.666469 0.373667 0.666875 0.39225 0.675078 0.39225 0.681219 0.397167 0.678344 0.41518700000000003 0.703344 0.433229 0.702531 0.431042 0.695156 0.410812 0.691047 0.399896 0.689 0.37966700000000003 0.676703 0.365458 0.668109 0.351813 0.673844 0.349625 0.671375 0.332687 0.66975 0.316833 0.6595 0.303167 0.639828 0.307 0.628344 0.319562 0.628766 0.341958 0.629578 0.340875 0.635313 0.335417
50 0.593922 0.39225 0.585734 0.403708 0.571797 0.449625 0.585313 0.432125 0.602125 0.418479 0.617687 0.406438 0.621391 0.396604 0.620563 0.376396 0.616875 0.378042 0.593922 0.39225
50 0.738047 0.482021 0.745062 0.497 0.73875 0.5859380000000001 0.751391 0.6065210000000001 0.766125 0.614958 0.769641 0.612146 0.77175 0.605583 0.776656 0.598104 0.786484 0.5990420000000001 0.792812 0.623375 0.7977190000000001 0.658021 0.804047 0.663625 0.806859 0.6542709999999999 0.789297 0.5924790000000001 0.769641 0.561583 0.7801720000000001 0.554104 0.782281 0.549417 0.782281 0.546604 0.781578 0.5381870000000001 0.785797 0.541917 0.782281 0.523208 0.778766 0.518521 0.776656 0.511979 0.779469 0.511979 0.799125 0.49606300000000003 0.794922 0.490437 0.787891 0.48762500000000003 0.771125 0.488667 0.768031 0.488667 0.766172 0.48618700000000004 0.762453 0.482062 0.751297 0.477938 0.746953 0.476271 0.7426090000000001 0.475458 0.739516 0.477938 0.737031 0.480417 0.736422 0.482896 0.738047 0.482021
50 0.05853119999999999 0.842354 0.0997656 0.805208 0.139891 0.766583 0.172203 0.74875 0.188922 0.732396 0.185578 0.698229 0.172203 0.67 0.148812 0.644729 0.12875 0.625417 0.137656 0.612042 0.142125 0.579354 0.125406 0.557063 0.088625 0.516937 0.05853119999999999 0.515458 0.0384688 0.528833 0.0239844 0.560042 0.0161875 0.588271 0.0139531 0.604604 0.026218799999999997 0.622437 0.0329062 0.635813 0.0395937 0.662562 0.0540781 0.667021 0.061875 0.661083 0.0774844 0.655146 0.0763594 0.665542 0.0674531 0.678917 0.0551875 0.69675 0.0473906 0.719021 0.035125 0.756188 0.022875 0.781437 0.0161875 0.782917 0.0273281 0.730917 0.035125 0.698229 0.035125 0.6685 0.025109399999999997 0.652167 0.00504688 0.661083 0.00170313 0.689312 0.00170313 0.711604 0.00170313 0.745771 0.0028125 0.790354 0.000578125 0.8230419999999999 0 0.873563 0.00839063 0.879521 0.0284531 0.878021 0.0429375 0.863167 0.05853119999999999 0.842354
50 0.23325 0.60075 0.214859 0.578 0.21354700000000001 0.521958 0.208297 0.495708 0.174156 0.490458 0.167578 0.492208 0.154453 0.534229 0.161016 0.5534789999999999 0.18071900000000002 0.57625 0.214859 0.6024999999999999 0.22931200000000002 0.625271 0.2385 0.655042 0.24243800000000001 0.698813 0.24375 0.711063 0.24375 0.637521 0.23325 0.60075
13 0.907531 0.609354 0.897172 0.612917 0.896828 0.618708 0.9055310000000001 0.621833 0.9088749999999999 0.621833 0.9108750000000001 0.618271 0.907531 0.609354
13 0.911219 0.670875 0.912547 0.683792 0.913219 0.7315 0.916563 0.732396 0.917906 0.707875 0.9138909999999999 0.661062 0.9088749999999999 0.622729 0.907531 0.663292 0.911219 0.670875
13 0.736891 0.603604 0.7318439999999999 0.6061669999999999 0.730156 0.613563 0.7265469999999999 0.619021 0.726063 0.6312080000000001 0.746531 0.64375 0.742922 0.607125 0.736891 0.603604
22 0.5632189999999999 0.924042 0.57875 0.9149379999999999 0.629078 0.911625 0.6694530000000001 0.9033329999999999 0.7179059999999999 0.9025 0.760766 0.901687 0.812312 0.9033329999999999 0.8048590000000001 0.859437 0.798656 0.844521 0.768219 0.8528129999999999 0.743984 0.864417 0.720391 0.864417 0.6942969999999999 0.8602709999999999 0.676281 0.844521 0.653922 0.825479 0.6216090000000001 0.795667 0.583719 0.7625419999999999 0.550797 0.737687 0.517266 0.735208 0.501734 0.747625 0.511672 0.797312 0.530922 0.8279580000000001 0.550188 0.880146 0.558875 0.933979 0.5632189999999999 0.924042
22 0.444281 1 0.45126600000000006 0.9861249999999999 0.470906 0.9648129999999999 0.494219 0.9475 0.5028590000000001 0.9408329999999999 0.520516 0.944396 0.542484 0.9461670000000001 0.560891 0.940604 0.557469 0.916687 0.540797 0.850604 0.5248440000000001 0.809021 0.5118590000000001 0.7912710000000001 0.5025310000000001 0.768625 0.494547 0.7695209999999999 0.46359399999999995 0.76375 0.43862500000000004 0.742896 0.42231199999999997 0.71625 0.417656 0.701604 0.415313 0.6887500000000001 0.41132799999999997 0.6780830000000001 0.40599999999999997 0.673646 0.39234399999999997 0.666104 0.387031 0.668771 0.393688 0.68475 0.40732799999999997 0.705167 0.417312 0.739792 0.41298399999999996 0.768188 0.41232800000000003 0.773958 0.40700000000000003 0.835208 0.40732799999999997 0.848083 0.40800000000000003 0.851625 0.410656 0.853396 0.43462500000000004 1 0.444281 1
22 0.24203100000000002 0.7265 0.251 0.7156669999999999 0.257828 0.706 0.26339100000000004 0.684354 0.26381299999999996 0.662708 0.25654699999999997 0.6456040000000001 0.245438 0.642771 0.24501599999999998 0.6558539999999999 0.251 0.6786460000000001 0.248859 0.708833 0.24075000000000002 0.7225210000000001 0.24203100000000002 0.7265
22 0.180344 1 0.175281 0.99775 0.176969 0.986521 0.173594 0.939333 0.185391 0.878646 0.215734 0.7573120000000001 0.205625 0.732583 0.134828 0.773042 0.06404689999999999 0.851688 0.0050625 0.8921250000000001 0.010109400000000001 0.905625 0.0606719 0.889896 0.102813 0.858417 0.1045 0.9213539999999999 0.094375 1 0.11629700000000001 0.99325 0.155062 0.975271 0.158422 1 0.180344 1
22 0.214766 0.760833 0.20637500000000003 0.807813 0.226516 0.7720210000000001 0.22482799999999997 0.807813 0.21309399999999998 0.877167 0.186234 0.8995420000000001 0.18792199999999998 0.910729 0.223156 0.9085 0.231547 0.888354 0.23993699999999998 0.9085 0.258391 0.90625 0.253359 0.861521 0.258391 0.803354 0.265094 0.7675630000000001 0.275172 0.722812 0.286906 0.680312 0.285234 0.675833 0.281875 0.680312 0.266781 0.682542 0.25 0.722812 0.216438 0.751896 0.214766 0.760833
22 1 0.812375 0.955016 0.814896 0.9013439999999999 0.824938 0.887234 0.832458 0.8768750000000001 0.83875 0.8505 0.852563 0.8439220000000001 0.8626039999999999 0.8363910000000001 0.891479 0.833562 0.905271 0.879687 0.9165829999999999 0.914531 0.9266249999999999 0.9352499999999999 0.932896 0.9531409999999999 0.9354169999999999 0.994563 0.9793540000000001 1 0.981854 1 0.8236880000000001 1 0.812375
22 0.341469 0.768896 0.34825 0.8108540000000001 0.356 0.8108540000000001 0.358422 0.8108540000000001 0.355516 0.724375 0.353094 0.632729 0.344375 0.650813 0.340516 0.6578959999999999 0.342922 0.690812 0.342922 0.7005 0.338578 0.739208 0.339062 0.750833 0.341469 0.768896
22 0.8059369999999999 0.590063 0.822781 0.590063 0.8234220000000001 0.6251669999999999 0.829734 0.6246039999999999 0.828266 0.5990420000000001 0.8230000000000001 0.5869789999999999 0.825531 0.5712499999999999 0.836266 0.5706880000000001 0.835844 0.5577500000000001 0.8261559999999999 0.5532710000000001 0.7960309999999999 0.5552290000000001 0.795609 0.5768540000000001 0.8004530000000001 0.583604 0.8008749999999999 0.621521 0.8012969999999999 0.620958 0.807203 0.6170209999999999 0.8059369999999999 0.590063
22 0.775156 0.555813 0.77425 0.5556249999999999 0.767328 0.557833 0.7644529999999999 0.559229 0.7667189999999999 0.562458 0.782391 0.581146 0.786609 0.5807289999999999 0.7870619999999999 0.587 0.7854059999999999 0.588812 0.789031 0.5968330000000001 0.791578 0.5972500000000001 0.794 0.611104 0.798672 0.6342289999999999 0.801234 0.6344169999999999 0.8010780000000001 0.628187 0.799719 0.612562 0.796859 0.591854 0.7956559999999999 0.586833 0.79325 0.567937 0.791578 0.566146 0.788422 0.5653330000000001 0.779531 0.5635209999999999 0.774406 0.5562919999999999 0.775156 0.555813
27 0.815734 0.9011250000000001 0.751687 0.887646 0.714609 0.896625 0.643813 0.896625 0.608422 0.9011250000000001 0.5898909999999999 0.903375 0.5662969999999999 0.912354 0.574719 0.9348329999999999 0.546063 0.943812 0.508984 0.943812 0.444937 0.9820209999999999 0.9977499999999999 0.9820209999999999 0.9910159999999999 0.977521 0.95225 0.9348329999999999 0.815734 0.9011250000000001
27 0.872094 0.703917 0.8672660000000001 0.7206670000000001 0.870156 0.730333 0.873547 0.739333 0.860984 0.740625 0.847469 0.7361249999999999 0.8498749999999999 0.72775 0.851328 0.713583 0.8353910000000001 0.7206670000000001 0.8324999999999999 0.730333 0.833937 0.76575 0.8551880000000001 0.781833 0.8576090000000001 0.835271 0.868234 0.835271 0.8783749999999999 0.826271 0.892375 0.8204790000000001 0.9001089999999999 0.811458 0.9102499999999999 0.8133959999999999 0.9160470000000001 0.805021 0.92425 0.806312 0.929078 0.799875 0.9710940000000001 0.800521 0.971578 0.7966460000000001 0.9662660000000001 0.790208 0.9590159999999999 0.776042 0.958531 0.7560830000000001 0.9691560000000001 0.7483540000000001 0.9691560000000001 0.728396 0.975922 0.7103750000000001 0.9706089999999999 0.703917 0.953219 0.7000620000000001 0.9517810000000001 0.735479 0.9276249999999999 0.738687 0.925703 0.729042 0.9281090000000001 0.709083 0.917969 0.7045619999999999 0.915078 0.734188 0.9087970000000001 0.746417 0.888031 0.740625 0.889484 0.728396 0.885141 0.724542 0.879828 0.7052080000000001 0.872094 0.703917
27 0.781906 0.705667 0.764922 0.712333 0.780234 0.7505000000000001 0.832156 0.739854 0.835828 0.719 0.849141 0.7136669999999999 0.849812 0.707458 0.841812 0.686583 0.829828 0.683917 0.8008749999999999 0.692354 0.786219 0.7016880000000001 0.781906 0.705667
79 0.847922 0.73625 0.852938 0.7421880000000001 0.864625 0.7421880000000001 0.8746409999999999 0.737729 0.865734 0.724375 0.8674060000000001 0.7221460000000001 0.871859 0.700625 0.8740780000000001 0.675396 0.8746409999999999 0.6649999999999999 0.870734 0.6635209999999999 0.850703 0.662042 0.8423590000000001 0.664271 0.8423590000000001 0.6724169999999999 0.8445779999999999 0.6969169999999999 0.8534840000000001 0.726604 0.847359 0.7355 0.847922 0.73625
22 0.43418799999999996 0.616417 0.407172 0.6129370000000001 0.39234399999999997 0.6210629999999999 0.386687 0.6425630000000001 0.391906 0.6635000000000001 0.40325 0.6722079999999999 0.41589099999999996 0.690229 0.435063 0.6193329999999999 0.43418799999999996 0.616417