64 0.41506299999999996 0.60224 0.47282799999999997 0.683141 0.5595 0.680901 0.618781 0.588753 0.620313 0.46291000000000004 0.5564530000000001 0.370785 0.460672 0.379769 0.405938 0.478661 0.407453 0.595497 0.41506299999999996 0.60224
18 0.548875 0.7412009999999999 0.572828 0.7454969999999999 0.582266 0.725104 0.696922 0.737968 0.699828 0.7497690000000001 0.715062 0.756212 0.737563 0.7497690000000001 0.747719 0.747621 0.754969 0.746559 0.758609 0.730462 0.767312 0.728314 0.786906 0.728314 0.794172 0.711155 0.795609 0.71545 0.795609 0.6993529999999999 0.782547 0.674688 0.709984 0.657529 0.669344 0.62321 0.60475 0.62321 0.588063 0.639307 0.556141 0.690785 0.524203 0.683279 0.523484 0.717598 0.532906 0.719746 0.548875 0.7412009999999999
18 0.211891 0.626028 0.215625 0.6442030000000001 0.21829700000000002 0.656836 0.234328 0.657621 0.242359 0.667898 0.25625 0.668684 0.26640600000000003 0.663949 0.273359 0.669492 0.282984 0.662379 0.290469 0.649723 0.30007799999999996 0.6370899999999999 0.301687 0.6007389999999999 0.28885900000000003 0.578614 0.20600000000000002 0.580993 0.18676600000000002 0.6007389999999999 0.177141 0.6070669999999999 0.174469 0.6102310000000001 0.19370300000000001 0.625242 0.211891 0.626028
18 0.000125 0.596582 0.000125 0.7180139999999999 0.0204219 0.713926 0.0241094 0.700277 0.046265600000000004 0.704365 0.0545781 0.71254 0.0656562 0.7030019999999999 0.0721094 0.7016399999999999 0.0887187 0.683903 0.0887187 0.6688909999999999 0.0850313 0.637506 0.0647344 0.600693 0.0010468796875 0.599307 0.000125 0.596582
18 0.148766 0.6502769999999999 0.145953 0.665127 0.14314100000000002 0.674042 0.144344 0.6817549999999999 0.150781 0.684734 0.157203 0.682356 0.164437 0.6775979999999999 0.164844 0.6710619999999999 0.176484 0.671663 0.17929699999999998 0.680577 0.183312 0.680577 0.18975 0.679977 0.19295299999999999 0.678199 0.19456199999999998 0.674042 0.20099999999999998 0.668106 0.21143800000000001 0.662171 0.218266 0.652656 0.215062 0.644342 0.21345299999999998 0.642564 0.213047 0.637229 0.21143800000000001 0.6265360000000001 0.192156 0.6229790000000001 0.173281 0.608129 0.161219 0.60455 0.13953100000000002 0.607529 0.148766 0.6502769999999999
18 0.373828 0.646259 0.380078 0.650878 0.391031 0.648568 0.403531 0.6381760000000001 0.40509399999999995 0.634711 0.40196899999999997 0.612748 0.389469 0.600046 0.375391 0.5931179999999999 0.372266 0.589654 0.360547 0.587344 0.351953 0.587344 0.348047 0.587344 0.333969 0.5861890000000001 0.32225000000000004 0.587344 0.316 0.5954269999999999 0.319125 0.604665 0.326156 0.612748 0.336313 0.6208309999999999 0.33787500000000004 0.646259 0.373828 0.646259
18 0.037921899999999995 0.6003 0.0642344 0.6003 0.0731094 0.615958 0.0864375 0.650808 0.0908906 0.686674 0.0970312 0.686674 0.113781 0.691709 0.121641 0.688176 0.130531 0.677067 0.146578 0.668476 0.14965599999999998 0.646259 0.14385900000000001 0.6189840000000001 0.135313 0.597252 0.0676406 0.590185 0.0351875 0.596259 0.037921899999999995 0.6003
18 1 0.599908 0.9803750000000001 0.599908 0.9630470000000001 0.6378060000000001 0.958891 0.6255200000000001 0.9505779999999999 0.6265360000000001 0.9484999999999999 0.6388219999999999 0.958891 0.6378060000000001 0.947109 0.6521480000000001 0.947109 0.6654500000000001 0.947109 0.692079 0.9512660000000001 0.723834 0.9574999999999999 0.733048 0.965812 0.726905 0.9685940000000001 0.710531 0.9775940000000001 0.710531 0.9796720000000001 0.732032 0.9852190000000001 0.750462 1 0.751478 1 0.599908
18 0.30007799999999996 0.634896 0.288562 0.646697 0.28573400000000004 0.652956 0.2935 0.6564199999999999 0.29748399999999997 0.6512239999999999 0.302656 0.65261 0.304531 0.657113 0.31159400000000004 0.6560739999999999 0.313469 0.650531 0.319812 0.6425400000000001 0.33296899999999996 0.642887 0.335562 0.632818 0.331797 0.625173 0.330625 0.611617 0.315812 0.611617 0.300781 0.601547 0.30007799999999996 0.634896
18 0.6700160000000001 0.623903 0.7125 0.6583829999999999 0.76725 0.6732560000000001 0.7716719999999999 0.671801 0.7731410000000001 0.66164 0.772906 0.6478520000000001 0.764797 0.643857 0.7657809999999999 0.6369750000000001 0.7628280000000001 0.623164 0.697359 0.6160279999999999 0.671469 0.575958 0.624547 0.574758 0.600688 0.626189 0.6700160000000001 0.623903
18 0.388297 0.6018709999999999 0.400188 0.612055 0.402531 0.6310159999999999 0.40378100000000006 0.63448 0.40596899999999997 0.6358659999999999 0.41176599999999997 0.6358659999999999 0.412547 0.634942 0.412547 0.630785 0.41395299999999996 0.631247 0.422234 0.630785 0.422875 0.632171 0.423344 0.634711 0.424906 0.637021 0.433969 0.635173 0.434453 0.6333260000000001 0.425531 0.617829 0.408938 0.595173 0.409406 0.588245 0.409406 0.583372 0.396422 0.58545 0.38578100000000004 0.599561 0.388297 0.6018709999999999
18 0.6766409999999999 0.584249 0.698016 0.6156349999999999 0.748437 0.620716 0.7498440000000001 0.6172519999999999 0.7359530000000001 0.614942 0.719094 0.6133259999999999 0.7083280000000001 0.6084759999999999 0.7030160000000001 0.605012 0.6970780000000001 0.598106 0.686 0.587483 0.677422 0.583788 0.6766409999999999 0.584249
18 0.6946559999999999 0.595173 0.701625 0.604065 0.719078 0.613926 0.747953 0.6181519999999999 0.739703 0.604065 0.728281 0.603603 0.712734 0.59 0.688625 0.588591 0.6946559999999999 0.595173