77 1 0.171771 1 0.0111042 0.695281 0.0011875 0.711641 0.0567292 0.726516 0.138063 0.739906 0.146 0.730984 0.138063 0.766687 0.147979 0.791984 0.106313 0.8053589999999999 0.100375 0.806859 0.161854 0.829172 0.157896 0.860406 0.124167 0.861906 0.177729 0.905047 0.161854 0.891656 0.330458 0.896109 0.3265 0.915453 0.197563 0.919922 0.142021 0.942234 0.112271 0.946703 0.112271 0.9511559999999999 0.171771 0.960094 0.173771 1 0.171771
66 0.15706199999999998 0.941167 0.21000000000000002 0.637646 0.206469 0.32 0.153531 0.0023541708333333334 0.127062 0 0.0635312 0.0070625 0.0352969 0.0752917 0.007062499999999999 0.20706300000000002 0.0052968796875000005 0.644708 0.040593699999999996 0.837646 0.0864688 0.950583 0.15 0.948229 0.15706199999999998 0.941167
66 0.372359 0.903521 0.381172 0.870583 0.388234 0.7576459999999999 0.402359 0.5976459999999999 0.375875 0.367063 0.347641 0.152938 0.314125 0.009416670833333333 0.273531 0.0023541708333333334 0.26646899999999996 0.0070625 0.23646899999999998 0.0729375 0.21176599999999998 0.242354 0.202937 0.376479 0.21000000000000002 0.5788329999999999 0.296469 0.905875 0.372359 0.903521
66 0.365297 0.004708329166666666 0.361766 0.110583 0.367062 0.336479 0.411172 0.543521 0.464125 0.7223539999999999 0.502938 0.823521 0.554125 0.875292 0.568234 0.856479 0.5805939999999999 0.811771 0.5823590000000001 0.712938 0.562937 0.567063 0.532937 0.369417 0.506469 0.2 0.446469 0.004708329166666666 0.365297 0.004708329166666666
66 0.5117659999999999 0.195292 0.534703 0.37412500000000004 0.592938 0.623521 0.642359 0.76 0.698828 0.837646 0.714703 0.844708 0.72 0.797646 0.709406 0.632938 0.691766 0.49412500000000004 0.665297 0.355292 0.6441250000000001 0.228229 0.614125 0.094125 0.596469 0 0.485297 0.0023541708333333334 0.488828 0.0070625 0.492359 0.061166700000000004 0.5117659999999999 0.195292
66 0.8099999999999999 0.795292 0.8064690000000001 0.651771 0.748234 0.228229 0.707641 0.0023541708333333334 0.652937 0 0.638828 0.110583 0.6723589999999999 0.34587500000000004 0.772938 0.788229 0.8099999999999999 0.795292
66 0.8241250000000001 0.555292 0.802937 0.45647899999999997 0.792359 0.301167 0.8099999999999999 0.18587499999999998 0.7976409999999999 0.0917708 0.7658750000000001 0.150583 0.748234 0.228229 0.808234 0.738833 0.8152969999999999 0.734125 0.8241250000000001 0.555292
66 0.869063 0.739583 0.899062 0.7609999999999999 0.906563 0.749583 0.904422 0.6724370000000001 0.895859 0.6138750000000001 0.883 0.508167 0.865859 0.36674999999999996 0.8272809999999999 0.155333 0.8144220000000001 0.169625 0.798359 0.243896 0.798359 0.301042 0.796219 0.405313 0.831578 0.5867290000000001 0.869063 0.739583
66 0.9741250000000001 0.696479 0.967062 0.637646 0.96 0.390583 0.9617660000000001 0.242354 0.945875 0.105875 0.937063 0.105875 0.931766 0.110583 0.915875 0.129417 0.907062 0.24000000000000002 0.917641 0.515292 0.9617660000000001 0.708229 0.9741250000000001 0.696479
66 0.967062 0.48941700000000005 0.979406 0.581167 0.9988279999999999 0.658833 0.995172 0.448938 0.996219 0.383563 0.999297 0.383563 0.9931559999999999 0.222771 0.980859 0.175667 0.9701090000000001 0.177708 0.956281 0.21458300000000002 0.967062 0.48941700000000005
66 0.855359 0.30237499999999995 0.8746090000000001 0.419708 0.8746090000000001 0.489375 0.8993589999999999 0.648875 0.911734 0.727708 0.924109 0.7423749999999999 0.926859 0.736875 0.935109 0.689208 0.925484 0.5902080000000001 0.9076090000000001 0.45087499999999997 0.886984 0.340875 0.8746090000000001 0.240042 0.8594839999999999 0.164875 0.851234 0.122729 0.831984 0.172208 0.855359 0.30237499999999995