24 0.482266 0.318271 0.514516 0.41720799999999997 0.533875 0.548396 0.5306409999999999 0.791396 0.640328 0.819354 0.645156 0.7785 0.643547 0.6408539999999999 0.606453 0.625812 0.585484 0.6 0.583875 0.541937 0.5709690000000001 0.458062 0.579031 0.434417 0.5919380000000001 0.43224999999999997 0.629031 0.462375 0.653219 0.483875 0.651609 0.430104 0.696781 0.361292 0.7 0.290312 0.6903279999999999 0.290312 0.482266 0.275271 0.482266 0.318271
27 0.111172 0.981167 0.114703 0.955292 0.12353100000000002 0.889417 0.130594 0.854125 0.165875 0.825875 0.18 0.748229 0.00176562 0.696479 0.0035312500000000005 0.964708 0.111172 0.981167
50 0.362906 0.07312500000000001 0.359672 0.0580625 0.356453 0.0408542 0.353219 0.0279583 0.348391 0.0128958 0.340328 0.0021458291666666667 0.322578 0.008604170833333334 0.296781 0 0.167734 0.004291670833333333 0.153219 0.008604170833333334 0.151609 0.0430208 0.153219 0.0580625 0.153219 0.0602083 0.153219 0.094625 0.15 0.111833 0.146781 0.113979 0.129031 0.118271 0.083875 0.126875 0.0532188 0.137625 0.0370937 0.150542 0.0290312 0.161292 0.0225781 0.180646 0.012906200000000001 0.212896 0.0064531203125 0.238708 0.0064531203125 0.26237499999999997 0.0096718703125 0.296771 0.0032187500000000003 0.384938 0.0145156 0.47095800000000004 0.0112969 0.541937 0.0193594 0.6408539999999999 0.0177344 0.686021 0.0274219 0.705375 0.0467813 0.718271 0.0854844 0.705375 0.117734 0.707521 0.15967199999999998 0.696771 0.217734 0.688167 0.256453 0.688167 0.316125 0.698917 0.35 0.724729 0.380641 0.7505419999999999 0.417734 0.7698959999999999 0.448391 0.795708 0.47742199999999996 0.823646 0.501609 0.864521 0.509672 0.875271 0.529031 0.840854 0.538703 0.791396 0.546781 0.748396 0.546781 0.6214999999999999 0.543547 0.569896 0.438703 0.13547900000000002 0.4 0.0989167 0.367734 0.08387499999999999 0.362906 0.0795625 0.354844 0.0430208 0.362906 0.07312500000000001
50 1 0.1955 0.9134840000000001 0.0292083 0.8393280000000001 0.0045000000000000005 0.755062 0.042687499999999996 0.739891 0.0584167 0.728094 0.116854 0.6927030000000001 0.188771 0.6910160000000001 0.22695800000000002 0.69775 0.25393699999999997 0.716297 0.303375 0.723031 0.346063 0.7112339999999999 0.377521 0.672469 0.429208 0.685953 0.514604 0.685953 0.516854 0.657297 0.485396 0.647188 0.519104 0.667422 0.559542 0.672469 0.5797709999999999 0.648875 0.5887709999999999 0.625281 0.5730419999999999 0.615172 0.5415829999999999 0.586516 0.512354 0.588203 0.5483119999999999 0.623594 0.7123539999999999 0.662359 0.737083 0.677531 0.755062 0.680906 0.782021 0.684266 0.8247289999999999 0.755062 0.817979 0.8393280000000001 0.835958 0.8730309999999999 0.7213539999999999 0.891578 0.701125 0.849437 0.853938 0.9067339999999999 0.865167 1 0.898875 1 0.1955
21 0.648062 0.589187 0.674312 0.573271 0.667141 0.5573750000000001 0.641687 0.529792 0.639313 0.505396 0.641687 0.496917 0.625781 0.457667 0.6194219999999999 0.45025 0.584422 0.435396 0.574078 0.441771 0.578062 0.45556199999999997 0.621812 0.576458 0.648062 0.589187
26 0.854438 0.998771 0.857547 0.9996039999999999 0.874312 0.891917 0.874312 0.884479 0.865 0.858792 0.8320779999999999 0.834771 0.783 0.817375 0.752563 0.814896 0.728344 0.8190419999999999 0.7109530000000001 0.828979 0.7028749999999999 0.8413959999999999 0.701625 0.843063 0.704734 0.998771 0.854438 0.998771
26 0.489344 0.8565 0.47253100000000003 0.872188 0.470859 0.901354 0.477578 0.926 0.477578 0.955167 0.485984 0.979812 0.5027969999999999 0.986542 0.544844 0.986542 0.578469 0.988792 0.6188279999999999 0.9820620000000001 0.625563 0.9641249999999999 0.625563 0.937229 0.632281 0.9035829999999999 0.625563 0.865479 0.595297 0.8363130000000001 0.558297 0.8363130000000001 0.517938 0.838562 0.49607799999999996 0.852021 0.489344 0.8565
26 0.21400000000000002 0.837938 0.22145299999999998 0.837104 0.271766 0.820542 0.296 0.828 0.311531 0.8122710000000001 0.321469 0.817229 0.326437 0.813083 0.36495299999999997 0.7832709999999999 0.377375 0.750979 0.374266 0.736062 0.369922 0.730271 0.35625 0.730271 0.345062 0.730271 0.342578 0.734417 0.33823400000000003 0.712875 0.3165 0.697958 0.282953 0.688854 0.23821900000000001 0.693812 0.205297 0.7087289999999999 0.191641 0.724458 0.187906 0.738542 0.186672 0.744354 0.1935 0.8015000000000001 0.21400000000000002 0.837938
26 0.32534399999999997 1 0.32534399999999997 0.9934580000000001 0.322422 0.983729 0.320234 0.969125 0.326797 0.951604 0.334828 0.9350419999999999 0.33703099999999997 0.917521 0.338484 0.904854 0.331188 0.894146 0.32168800000000003 0.8951250000000001 0.320953 0.8951250000000001 0.31657799999999997 0.8951250000000001 0.308547 0.901938 0.30196900000000004 0.905833 0.294672 0.903875 0.28809399999999996 0.903875 0.280062 0.905833 0.269828 0.905833 0.258875 0.910708 0.247187 0.914583 0.24428100000000003 0.9204380000000001 0.24500000000000002 0.933104 0.247187 0.9447709999999999 0.24792200000000003 0.960354 0.24792200000000003 0.9681460000000001 0.249391 0.9934580000000001 0.257422 1 0.264 1 0.281516 1 0.30196900000000004 1 0.3195 1 0.32534399999999997 1
62 0.232578 0.755062 0.171906 0.7213539999999999 0.171906 0.739333 0.227531 0.764042 0.232578 0.755062
14 0.227953 1 0.233234 0.9721460000000001 0.2355 0.9495210000000001 0.230219 0.9324169999999999 0.211359 0.916333 0.175156 0.906271 0.138953 0.910292 0.11217200000000001 0.922875 0.1035 0.947 0.107656 0.969125 0.11707799999999999 0.999792 0.227953 1