0 0.5481 0.262933 0.54886 0.2644 0.54972 0.260773 0.55352 0.259893 0.5563400000000001 0.264533 0.55874 0.259893 0.5632999999999999 0.258027 0.5663400000000001 0.26165299999999997 0.56786 0.257733 0.57892 0.256293 0.5909800000000001 0.249333 0.59358 0.23488 0.58456 0.23154699999999998 0.5745800000000001 0.242827 0.5639400000000001 0.243707 0.55884 0.239787 0.5427799999999999 0.245013 0.53974 0.250213 0.53908 0.255413 0.5431 0.25672 0.54864 0.260187 0.5475599999999999 0.263093 0.5481 0.262933
11 0.07828 0.985307 0.07902 0.9760270000000001 0.05232 0.9760270000000001 0.05122 0.950187 0.0483 0.950667 0.04756 0.96288 0.0439 0.97408 0.0344 0.979947 0.03696 0.987253 0.07828 0.985307
11 0.49574 0.976293 0.49856 0.9697330000000001 0.49574 0.966933 0.4803 0.966933 0.47925999999999996 0.9627199999999999 0.46416 0.9613070000000001 0.46592 0.9800270000000001 0.49574 0.976293
11 0.44032 0.9716 0.44732 0.980507 0.44908 0.963653 0.4382 0.966453 0.44032 0.9716
11 0.16958 0.9796269999999999 0.17178 0.979707 0.17418 0.98512 0.18825999999999998 0.985387 0.18766 0.974107 0.17032 0.97456 0.16958 0.9796269999999999
11 0.6037 0.9251729999999999 0.5944400000000001 0.9004800000000001 0.57962 0.878267 0.56852 0.9004800000000001 0.55186 0.9078930000000001 0.5426 0.9251729999999999 0.5426 0.939973 0.57778 0.939973 0.6037 0.9251729999999999
11 0.78286 0.93104 0.79216 0.93104 0.79706 0.93432 0.80684 0.9351999999999999 0.8044 0.90584 0.79216 0.904533 0.77846 0.85168 0.77406 0.9325869999999999 0.78286 0.93104
11 0.8267 0.935653 0.8354400000000001 0.938667 0.8677999999999999 0.935653 0.87428 0.9157869999999999 0.8749199999999999 0.90544 0.87266 0.9050130000000001 0.8684400000000001 0.89552 0.8636 0.88344 0.8513 0.8804 0.84126 0.88344 0.82702 0.8912 0.8267 0.8890399999999999 0.82378 0.92184 0.8267 0.935653
11 0.6153 0.941867 0.64538 0.941867 0.6569400000000001 0.9346930000000001 0.65618 0.9243999999999999 0.6330399999999999 0.92336 0.61684 0.9274929999999999 0.6153 0.941867
11 0.28796 0.9652 0.28538 0.962187 0.2802 0.960907 0.2689 0.960907 0.26504 0.9639200000000001 0.26212 0.96608 0.25954 0.96608 0.25276 0.968667 0.25276 0.985867 0.28796 0.986293 0.28796 0.9712270000000001 0.28796 0.9652
11 0.38378 0.983467 0.38126 0.9713329999999999 0.35918 0.970667 0.35868 0.97584 0.35816 0.984587 0.3703 0.9850399999999999 0.38378 0.983467
11 0.32834 0.9740270000000001 0.3103 0.97808 0.30946 0.977173 0.3071 0.98168 0.30608 0.985493 0.31114 0.985947 0.343 0.985493 0.343 0.9731200000000001 0.32834 0.9740270000000001