11 0.8483280000000001 0.482729 0.8665309999999999 0.47217400000000004 0.8886559999999999 0.45205300000000004 0.9019999999999999 0.43043499999999996 0.906547 0.40427500000000005 0.896781 0.380145 0.9078440000000001 0.34244 0.9162969999999999 0.34244 0.916625 0.33741499999999996 0.914672 0.336401 0.897437 0.332874 0.884422 0.38265699999999997 0.879875 0.383164 0.857437 0.372609 0.859062 0.352488 0.855813 0.348478 0.8027810000000001 0.331884 0.802141 0.320821 0.793672 0.32384100000000005 0.793672 0.33589399999999997 0.787172 0.376812 0.781313 0.40850200000000003 0.777422 0.424589 0.774484 0.43012100000000003 0.773844 0.46029 0.773844 0.474686 0.807984 0.489251 0.8483280000000001 0.482729
11 0.7721560000000001 0.440024 0.780875 0.388333 0.7866869999999999 0.370362 0.773609 0.36137699999999995 0.7547189999999999 0.354638 0.7329060000000001 0.35239099999999995 0.7329060000000001 0.320918 0.682031 0.325411 0.674766 0.34338199999999997 0.6675 0.388333 0.663125 0.406304 0.655859 0.435531 0.671859 0.45574899999999996 0.76925 0.440024 0.7721560000000001 0.440024
11 0.582516 0.451401 0.619219 0.46214999999999995 0.642 0.39074899999999996 0.643266 0.327174 0.636297 0.32913 0.605922 0.381957 0.591375 0.363357 0.545188 0.37412999999999996 0.464187 0.409324 0.46482799999999996 0.41714999999999997 0.479375 0.46214999999999995 0.582516 0.451401
11 0.212188 0.32016900000000004 0.265891 0.434324 0.397281 0.42246399999999995 0.40207800000000005 0.404662 0.48456299999999997 0.386884 0.467297 0.38391299999999995 0.383859 0.386884 0.317688 0.37799499999999997 0.248625 0.366135 0.22465600000000002 0.31128 0.212188 0.32016900000000004
11 0.225219 0.353744 0.22200000000000003 0.357053 0.221469 0.35872 0.219844 0.360386 0.199984 0.36785000000000007 0.184406 0.36785000000000007 0.164 0.370338 0.144672 0.372005 0.141984 0.372005 0.138234 0.366184 0.140922 0.361208 0.138766 0.357053 0.136625 0.352077 0.130719 0.352923 0.125344 0.355411 0.125344 0.3545650000000001 0.119438 0.3628739999999999 0.117281 0.374493 0.114062 0.383623 0.113531 0.396908 0.114062 0.401884 0.115672 0.404372 0.113531 0.40852700000000003 0.0990313 0.40770500000000004 0.0979531 0.409348 0.0990313 0.41350200000000004 0.110312 0.41434800000000005 0.12104699999999999 0.415169 0.124812 0.417657 0.128031 0.419324 0.150578 0.419324 0.180656 0.417657 0.244016 0.412681 0.253141 0.412681 0.252609 0.406039 0.235953 0.376981 0.22682799999999997 0.3545650000000001 0.225219 0.353744
11 0.876422 0.318502 0.871094 0.3192999999999999 0.871594 0.316159 0.865766 0.316159 0.8662810000000001 0.321256 0.872109 0.323986 0.873625 0.337705 0.8662810000000001 0.347101 0.8675469999999998 0.354155 0.875906 0.343961 0.8862970000000001 0.373357 0.893141 0.344372 0.8812339999999999 0.337705 0.876422 0.318502
11 0.911859 0.374589 0.949594 0.3740820000000001 0.951219 0.356981 0.9564220000000001 0.343406 0.9505779999999999 0.338889 0.9443909999999999 0.338889 0.943422 0.345411 0.943422 0.352947 0.9369060000000001 0.353961 0.935969 0.347899 0.936219 0.34318800000000005 0.939016 0.341232 0.933437 0.332222 0.915438 0.332222 0.915953 0.336522 0.9207660000000001 0.339662 0.917719 0.344372 0.9078440000000001 0.34318800000000005 0.9079689999999999 0.349444 0.9060159999999999 0.349928 0.899828 0.37256000000000006 0.911859 0.374589
11 0.31478100000000003 0.376329 0.358563 0.381932 0.387859 0.386135 0.47062499999999996 0.385217 0.46820300000000004 0.36185999999999996 0.45159399999999994 0.36 0.439813 0.365604 0.435578 0.335725 0.418969 0.348792 0.414438 0.365604 0.392391 0.365604 0.38393700000000003 0.354396 0.333203 0.354396 0.314172 0.35625599999999996 0.312969 0.38427500000000003 0.31478100000000003 0.376329
50 0.469234 0.394783 0.472187 0.392947 0.46825 0.390821 0.465688 0.390821 0.463516 0.390821 0.464703 0.387464 0.459172 0.385652 0.458594 0.390507 0.457016 0.389903 0.453859 0.392343 0.452672 0.396908 0.45839099999999994 0.398744 0.456813 0.397826 0.461156 0.396618 0.462719 0.394469 0.469234 0.394783
50 0.456813 0.402705 0.45779700000000006 0.407874 0.45898399999999995 0.411232 0.461734 0.4093959999999999 0.46193800000000007 0.407271 0.46193800000000007 0.406353 0.4645 0.403309 0.464109 0.400556 0.46312499999999995 0.399348 0.456813 0.402391 0.456813 0.402705
50 0.935375 0.355242 0.935375 0.353019 0.935266 0.352101 0.934906 0.350604 0.934422 0.349879 0.933938 0.34913 0.9338279999999999 0.346546 0.932391 0.345048 0.931188 0.345435 0.931063 0.348382 0.9295 0.35004799999999997 0.9273440000000001 0.354324 0.935375 0.355242