28 0.8465159999999999 0.712518 0.8357810000000001 0.615553 0.874687 0.6296940000000001 0.881391 0.7812 0.916266 0.817553 0.949812 0.799388 0.956516 0.635741 0.9618909999999999 0.47414100000000003 0.9632189999999999 0.373129 0.947125 0.32868200000000003 0.957859 0.251906 0.939078 0.183224 0.913594 0.227671 0.9149369999999999 0.268071 0.8545619999999999 0.292306 0.8465159999999999 0.296353 0.842484 0.251906 0.821016 0.23776499999999998 0.787484 0.229694 0.770047 0.211506 0.717719 0.229694 0.694922 0.284235 0.6975939999999999 0.310494 0.668094 0.3812 0.6975939999999999 0.453929 0.728453 0.457976 0.737844 0.498376 0.764672 0.488282 0.775406 0.455953 0.767359 0.589271 0.794187 0.744847 0.780781 0.8357410000000001 0.784797 0.8559530000000001 0.786141 0.8559530000000001 0.8465159999999999 0.8438350000000001 0.8465159999999999 0.712518
50 0.708828 0.7303289999999999 0.72375 0.45169400000000004 0.708828 0.467412 0.6849529999999999 0.413482 0.665562 0.366282 0.6939059999999999 0.312353 0.702859 0.262918 0.6939059999999999 0.105624 0.635703 0.0853882 0.631234 0.105624 0.632719 0.16628199999999999 0.631234 0.226965 0.631234 0.256188 0.637203 0.316847 0.6521250000000001 0.37527099999999997 0.6431720000000001 0.474165 0.632719 0.620235 0.6461560000000001 0.732588 0.708828 0.7303289999999999
50 0.558109 0.759553 0.590938 0.766282 0.6476409999999999 0.7528 0.6476409999999999 0.739318 0.640188 0.701129 0.6476409999999999 0.406753 0.6342190000000001 0.332588 0.62825 0.09663529882352942 0.441719 0.002258818823529412 0.452156 0.029223498823529412 0.474547 0.04044709882352941 0.474547 0.119106 0.480516 0.278659 0.486484 0.3236 0.505875 0.417976 0.504391 0.6157410000000001 0.49095300000000003 0.6898820000000001 0.41187500000000005 0.748306 0.40739099999999995 0.7707759999999999 0.555125 0.7910119999999999 0.558109 0.759553
50 0.3365 0.0641176 0.346922 0.313012 0.36924999999999997 0.324212 0.388609 0.317482 0.406484 0.5148 0.399031 0.559647 0.327562 0.6112 0.321609 0.6112 0.3365 0.6403530000000001 0.375203 0.6583060000000001 0.422859 0.6583060000000001 0.439234 0.656047 0.46007800000000004 0.6403530000000001 0.448172 0.570847 0.461562 0.360094 0.467531 0.252471 0.473484 0.0865412 0.473484 0.04842350117647059 0.44071899999999997 0.0035764705882352942 0.318625 0.0035764705882352942 0.317141 0.010305898823529412 0.318625 0.0641176 0.3365 0.0641176
50 0.258734 0.008282350588235295 0.258734 0.029035301176470588 0.251844 0.05275289882352941 0.250859 0.110565 0.242984 0.160988 0.250859 0.20397600000000002 0.24790600000000002 0.221765 0.269563 0.235106 0.28629699999999997 0.291459 0.28925 0.32110599999999995 0.297125 0.35223499999999996 0.29515600000000003 0.438235 0.306969 0.525694 0.310906 0.558306 0.293187 0.5909409999999999 0.28629699999999997 0.604282 0.260703 0.6161409999999999 0.258734 0.6279999999999999 0.298109 0.644306 0.33553099999999997 0.644306 0.319766 0.6161409999999999 0.378844 0.574635 0.372938 0.568682 0.374906 0.550894 0.372938 0.550894 0.377859 0.518282 0.390656 0.430824 0.393609 0.375953 0.383766 0.322588 0.369 0.328518 0.343406 0.310729 0.341438 0.18025899999999997 0.336516 0.0631294 0.316812 0.06609410117647059 0.315828 0.009764710588235293 0.258734 0.0068000000000000005 0.317797 0.003835289411764706 0.242984 0.003835289411764706 0.258734 0.008282350588235295
50 0.029906300000000004 0.5732 0.0538438 0.606988 0.0987187 0.595718 0.11965600000000001 0.604729 0.167516 0.5979760000000001 0.166016 0.559694 0.151063 0.501129 0.164516 0.38399999999999995 0.167516 0.293929 0.164516 0.15202400000000002 0.16899999999999998 0.07094120000000001 0.1705 0.012376501176470588 0.029906300000000004 0.005623529411764706 0.029906300000000004 0.04842350117647059 0.029906300000000004 0.127247 0.0538438 0.0957176 0.06281250000000001 0.1768 0.07628120000000001 0.318682 0.106187 0.311929 0.106187 0.460588 0.0987187 0.5304 0.043375000000000004 0.564188 0.029906300000000004 0.5732
50 0.056828100000000006 0.433553 0.052343799999999996 0.36600000000000005 0.044875 0.311929 0.059828099999999995 0.210588 0.0538438 0.106988 0.0358906 0.118235 0.0284219 0.005623529411764706 0 0.005623529411764706 0.0044843796875 0.5732 0.0044843796875 0.591224 0.0538438 0.555176 0.056828100000000006 0.433553
50 0.184094 0.25279999999999997 0.185188 0.261059 0.195625 0.263529 0.20110899999999998 0.261059 0.203844 0.256941 0.201656 0.247835 0.202203 0.239576 0.203297 0.231318 0.20550000000000002 0.217271 0.207687 0.20487100000000003 0.212078 0.17512899999999998 0.21318800000000002 0.153624 0.21318800000000002 0.109012 0.22415600000000002 0.0999059011764706 0.22525 0.09 0.22525 0.08009410117647059 0.223609 0.06602349882352941 0.217563 0.04950589882352941 0.206594 0.0313176 0.206594 0.013976498823529412 0.206047 0.0032235294117647063 0.203297 0.0007529411764705883 0.188484 0.0007529411764705883 0.186297 0.00489412 0.186844 0.0172706 0.182453 0.0354588 0.177516 0.040423498823529413 0.174766 0.04536470117647059 0.179703 0.0602588 0.184641 0.0751294 0.189031 0.08752940000000001 0.189031 0.09496469882352941 0.182453 0.108188 0.171469 0.115624 0.170922 0.130494 0.170375 0.141247 0.168734 0.16519999999999999 0.168187 0.171812 0.168187 0.185035 0.168734 0.19908199999999998 0.169281 0.21230600000000002 0.171469 0.230494 0.17585900000000002 0.239576 0.182453 0.2404 0.184094 0.25279999999999997
36 0.0466875 0.1588 0.08375 0.156988 0.132156 0.154306 0.132156 0.094 0.132156 0.07239999999999999 0.147109 0.00938824 0.14829699999999998 0.003082350588235294 0.142328 0.003082350588235294 0.124391 0.0768941011764706 0.0544531 0.0832 0.046093800000000004 0.003082350588235294 0.0419062 0.00129412 0.0448906 0.09040000000000001 0.0419062 0.139906 0.0466875 0.1588
36 0.687937 0.107859 0.699875 0.0898824 0.7133130000000001 0.07865879999999999 0.72375 0.05842350117647059 0.7282339999999999 0.0224706 0.726734 0.00449412 0.734203 0.00449412 0.671531 0.002258818823529412 0.649141 0.002258818823529412 0.632719 0.04943530117647059 0.659578 0.103365 0.687937 0.107859
50 0.9184060000000001 0.114776 0.921187 0.0994118 0.9058909999999999 0.0903294 0.899859 0.105694 0.895687 0.129435 0.891047 0.14061200000000001 0.892906 0.15595299999999998 0.9360310000000001 0.15456499999999998 0.935094 0.15176499999999998 0.924891 0.118259 0.9184060000000001 0.114776
22 0.8197660000000001 0.145459 0.8128590000000001 0.134024 0.7990470000000001 0.140259 0.805953 0.17875300000000002 0.805953 0.21517599999999998 0.805953 0.230776 0.8149369999999999 0.229741 0.817 0.180847 0.8183909999999999 0.233906 0.828063 0.23804699999999998 0.826672 0.23701199999999997 0.829438 0.186047 0.8197660000000001 0.145459
50 0.832719 0.11190599999999999 0.830125 0.131482 0.838781 0.17710599999999999 0.838781 0.20710599999999998 0.8509059999999999 0.233176 0.859563 0.22404700000000002 0.857844 0.194071 0.8621719999999999 0.171882 0.856969 0.134071 0.8509059999999999 0.102776 0.841391 0.09887059999999999 0.830125 0.110612 0.832719 0.11190599999999999
50 0.771109 0.162141 0.76725 0.155765 0.774578 0.149365 0.776891 0.140635 0.7765 0.133082 0.774578 0.12901200000000002 0.7684059999999999 0.126118 0.755672 0.126706 0.7521880000000001 0.141812 0.7521880000000001 0.14821199999999998 0.742156 0.148776 0.739844 0.15807100000000002 0.738687 0.174353 0.748719 0.1732 0.755672 0.17550600000000002 0.770328 0.182494 0.773031 0.17494099999999999 0.771109 0.162141