13 0.10460399999999999 0.46193799999999996 0.10460399999999999 0.463156 0.110583 0.466828 0.123083 0.46723400000000004 0.123083 0.449719 0.118187 0.439937 0.118187 0.43504699999999996 0.118729 0.424453 0.11547900000000001 0.419156 0.11547900000000001 0.41140600000000005 0.111125 0.412219 0.10895800000000001 0.422 0.107875 0.42607799999999996 0.108417 0.436266 0.105687 0.44034399999999996 0.104063 0.46234400000000003 0.10460399999999999 0.46193799999999996
13 0.123521 0.451469 0.122958 0.46757799999999994 0.145 0.46799999999999997 0.146125 0.44978100000000004 0.143875 0.44045300000000004 0.139917 0.43537499999999996 0.13539600000000002 0.43324999999999997 0.123521 0.435797 0.123521 0.436641 0.12183300000000001 0.445969 0.123521 0.451469
13 0.148271 0.464031 0.14935400000000001 0.468109 0.166187 0.468516 0.169458 0.466484 0.16999999999999998 0.435922 0.163479 0.43103100000000005 0.162937 0.42778099999999997 0.160208 0.425734 0.158583 0.419219 0.153688 0.419625 0.152062 0.422484 0.15477100000000002 0.425734 0.15477100000000002 0.43062500000000004 0.148271 0.43673400000000007 0.147167 0.44081200000000004 0.148271 0.46362500000000006 0.148271 0.464031
13 0.0853125 0.466344 0.103938 0.46689100000000006 0.105021 0.441609 0.107521 0.43757799999999997 0.103938 0.433547 0.103938 0.42387499999999995 0.10250000000000001 0.420922 0.10250000000000001 0.411234 0.0939167 0.41150000000000003 0.0935417 0.41795299999999996 0.0903125 0.42145299999999997 0.08995829999999999 0.43623399999999996 0.08493750000000001 0.439203 0.0845833 0.465266 0.0853125 0.466344
13 0.0774375 0.463469 0.0848542 0.460391 0.08650000000000001 0.45420299999999997 0.082375 0.44371900000000003 0.0807292 0.439391 0.0790833 0.43198400000000003 0.0774375 0.42209399999999997 0.07579169999999999 0.41529699999999997 0.0749583 0.411594 0.07331249999999999 0.405422 0.0650833 0.40728099999999995 0.0626042 0.42209399999999997 0.0626042 0.43259400000000003 0.0593125 0.43815600000000005 0.057666699999999994 0.448031 0.057666699999999994 0.455438 0.0634375 0.46593799999999996 0.07825 0.46532799999999996 0.0774375 0.463469
13 0.09864579999999999 0.545484 0.13306300000000001 0.551937 0.127333 0.523969 0.124458 0.49385899999999994 0.09291669999999999 0.49385899999999994 0.09864579999999999 0.508922 0.0957917 0.517516 0.09006249999999999 0.532578 0.0871875 0.545484 0.0957917 0.556234 0.09864579999999999 0.545484
13 0.142875 0.49753100000000006 0.138875 0.49753100000000006 0.133375 0.498281 0.12987500000000002 0.501656 0.128375 0.504656 0.129375 0.508781 0.133375 0.514031 0.12987500000000002 0.515156 0.128875 0.5233909999999999 0.128875 0.5293910000000001 0.131375 0.539891 0.135875 0.5503910000000001 0.14337499999999997 0.5500160000000001 0.14337499999999997 0.548516 0.138875 0.5462659999999999 0.138375 0.530891 0.138875 0.5233909999999999 0.142375 0.516656 0.145375 0.510281 0.14685399999999998 0.5001559999999999 0.142875 0.49753100000000006
13 0.166563 0.551687 0.170354 0.551281 0.17633300000000002 0.551281 0.182313 0.5520940000000001 0.182313 0.552516 0.18718700000000002 0.553328 0.188833 0.553328 0.190458 0.546797 0.190458 0.5463910000000001 0.18937500000000002 0.540281 0.188833 0.533766 0.189917 0.528875 0.18775 0.521141 0.18718700000000002 0.515844 0.185021 0.5150159999999999 0.183938 0.511359 0.183938 0.506875 0.182313 0.5027969999999999 0.181771 0.499953 0.18012499999999998 0.493828 0.173625 0.49139099999999997 0.173062 0.49139099999999997 0.168729 0.495062 0.168729 0.495875 0.168729 0.49790599999999996 0.168729 0.500359 0.168729 0.502391 0.168729 0.504016 0.168729 0.505656 0.16818799999999998 0.508906 0.167104 0.512578 0.166 0.515437 0.163833 0.5195000000000001 0.16329200000000002 0.520312 0.16112500000000002 0.5252030000000001 0.160042 0.527656 0.160042 0.528875 0.160042 0.530906 0.16112500000000002 0.532141 0.16220800000000002 0.534172 0.16220800000000002 0.53825 0.161667 0.545172 0.161667 0.548031 0.161667 0.54925 0.16329200000000002 0.551281 0.164917 0.551687 0.166563 0.551687
13 0.14381300000000002 0.5766720000000001 0.14381300000000002 0.5685469999999999 0.14164600000000002 0.566922 0.141104 0.562875 0.13949999999999999 0.558812 0.133 0.559625 0.133 0.566125 0.125958 0.5709839999999999 0.124875 0.599391 0.1265 0.608313 0.13462500000000002 0.606687 0.14164600000000002 0.6058749999999999 0.14381300000000002 0.5766720000000001
13 0.110833 0.580031 0.106937 0.602859 0.109292 0.609 0.126062 0.608125 0.1245 0.596719 0.12529200000000001 0.573578 0.1245 0.5706559999999999 0.12529200000000001 0.567141 0.12372899999999999 0.5633440000000001 0.115917 0.5627500000000001 0.111229 0.563625 0.110833 0.570953 0.110833 0.580031
13 0.21585400000000002 0.444156 0.209062 0.44075 0.209062 0.43114100000000005 0.19622900000000001 0.431703 0.196979 0.44132800000000005 0.189438 0.445844 0.195479 0.46735899999999997 0.213583 0.46735899999999997 0.21585400000000002 0.444156
50 0.3985 0.770781 0.461417 0.6966249999999999 0.506375 0.716859 0.521354 0.7797810000000001 0.518354 0.939328 0.611229 0.9483119999999999 0.686146 0.946063 0.707125 0.9146089999999999 0.713104 0.817984 0.740083 0.752812 0.707125 0.687641 0.641208 0.626969 0.6471870000000001 0.6112339999999999 0.683146 0.575281 0.683146 0.514609 0.680146 0.442703 0.623229 0.36179700000000004 0.5782710000000001 0.310109 0.566292 0.235953 0.512354 0.217984 0.44643700000000003 0.267422 0.416479 0.294375 0.416479 0.32584399999999997 0.383521 0.391016 0.305625 0.420219 0.308604 0.49887499999999996 0.29362499999999997 0.5842660000000001 0.32360399999999995 0.651687 0.29064599999999996 0.692141 0.25768800000000003 0.721344 0.263667 0.768547 0.28764599999999996 0.838203 0.28764599999999996 0.853938 0.272667 0.910109 0.272667 0.9146089999999999 0.305625 0.9348280000000001 0.32360399999999995 0.939328 0.386521 0.916859 0.374542 0.8022500000000001 0.3985 0.770781
50 0.99475 0.9842660000000001 0.982771 0.961797 0.988771 0.786516 0.988771 0.725844 0.985771 0.667422 1 0.449437 0.99775 0.411234 0.99475 0.350562 1 0.32584399999999997 0.985771 0.305625 0.979771 0.310109 0.9378329999999999 0.303375 0.9288329999999999 0.307859 0.913854 0.32584399999999997 0.883896 0.346062 0.874917 0.364047 0.8659169999999999 0.37978100000000004 0.832958 0.3955 0.794 0.384266 0.758062 0.37528100000000003 0.6681670000000001 0.289891 0.635208 0.220219 0.5752710000000001 0.208984 0.5782710000000001 0.24045299999999997 0.59925 0.274156 0.6681670000000001 0.393266 0.773042 0.48090599999999994 0.776021 0.512359 0.755062 0.6179840000000001 0.731083 0.701125 0.7490629999999999 0.737078 0.758062 0.773031 0.7850210000000001 0.961797 0.797 0.9842660000000001 0.99475 0.9842660000000001
37 0.341188 0.995547 0.429875 0.9974999999999999 0.501604 0.995547 0.555083 0.994563 0.566812 0.9711869999999999 0.578542 0.943797 0.6033329999999999 0.9066409999999999 0.6072500000000001 0.8772970000000001 0.621583 0.8118589999999999 0.6176670000000001 0.792297 0.608542 0.760984 0.560292 0.762953 0.530292 0.715125 0.479438 0.701422 0.423354 0.715219 0.398562 0.724031 0.385521 0.7474999999999999 0.376396 0.7807660000000001 0.375104 0.8052189999999999 0.369875 0.8296720000000001 0.35554199999999997 0.8590159999999999 0.343792 0.8971560000000001 0.351625 0.9529059999999999 0.347708 0.9842190000000001 0.341188 0.995547
53 0.238625 0.7362339999999999 0.241604 0.485672 0.298292 0.47225 0.28337500000000004 0.35592199999999996 0.223708 0.35815600000000003 0.0238542 0.364875 0.0477292 0.745188 0.238625 0.7362339999999999
13 0.0778333 0.609094 0.0796458 0.609094 0.08397919999999999 0.609094 0.0944375 0.609094 0.0980417 0.60775 0.09912499999999999 0.6045 0.0969583 0.586094 0.09625 0.5793280000000001 0.0948125 0.57175 0.0966042 0.568234 0.0948125 0.564719 0.0890208 0.564438 0.07856250000000001 0.565531 0.0782083 0.567141 0.07891669999999999 0.572016 0.0810833 0.574719 0.07929169999999999 0.576625 0.0760417 0.581766 0.0774792 0.6055780000000001 0.0778333 0.609094
23 0.585521 0.0222188 0.591354 0.0189375 0.5942710000000001 0.0151094 0.5942710000000001 0.008 0.5942710000000001 0.0025468703125 0.5942710000000001 0.0009062499999999999 0.5928129999999999 0.000359375 0.562937 0 0.5607500000000001 0.0265781 0.575313 0.026031199999999997 0.585521 0.0222188
17 0.524271 0.516156 0.529062 0.523344 0.534917 0.5360940000000001 0.606667 0.540875 0.618896 0.540484 0.617833 0.525734 0.623688 0.521344 0.623146 0.519359 0.6103959999999999 0.514969 0.604542 0.51775 0.5859380000000001 0.514969 0.575313 0.514969 0.5598960000000001 0.514969 0.54925 0.512969 0.537042 0.5101880000000001 0.525875 0.512578 0.524271 0.516156
13 0.18527100000000002 0.611891 0.209292 0.611313 0.20775 0.585156 0.203104 0.5595939999999999 0.19379200000000002 0.56075 0.191479 0.575859 0.18837500000000001 0.584 0.1845 0.608406 0.18527100000000002 0.611891