13 0.7139340000000001 0.509172 0.713489 0.511797 0.709555 0.513844 0.709555 0.529328 0.7235600000000001 0.530203 0.7235600000000001 0.515891 0.720492 0.512672 0.721803 0.508875 0.713044 0.508875 0.7139340000000001 0.509172
13 0.725152 0.506969 0.725152 0.508516 0.7243790000000001 0.512656 0.7240049999999999 0.519625 0.725152 0.528406 0.7294149999999999 0.5304840000000001 0.739485 0.5304840000000001 0.743372 0.522984 0.74452 0.506453 0.726323 0.505672 0.725152 0.506969
13 0.7474470000000001 0.5310159999999999 0.7581260000000001 0.531438 0.76534 0.529547 0.7662760000000001 0.509859 0.764707 0.506094 0.765644 0.501062 0.759368 0.49981200000000003 0.7505850000000001 0.499391 0.745246 0.502734 0.748384 0.505672 0.750281 0.506297 0.7474470000000001 0.508391 0.745246 0.512172 0.744614 0.516781 0.7461829999999999 0.529125 0.7474470000000001 0.5310159999999999
13 0.770539 0.49835900000000005 0.767026 0.503625 0.767026 0.5094839999999999 0.765714 0.530266 0.774496 0.5317339999999999 0.7872129999999999 0.530844 0.789415 0.529687 0.7907259999999999 0.527047 0.792037 0.513875 0.793349 0.506266 0.792482 0.503625 0.7915930000000001 0.5015780000000001 0.792482 0.49484399999999995 0.770094 0.49484399999999995 0.770539 0.49835900000000005
53 0.786698 0.758563 0.852506 0.814875 0.864918 0.762703 0.868642 0.762703 0.859953 0.749453 0.878571 0.743656 0.893466 0.5912499999999999 0.899672 0.423953 0.908361 0.350234 0.817728 0.355203 0.8115220000000001 0.37342200000000003 0.794145 0.45873400000000003 0.815246 0.47778099999999996 0.797869 0.492703 0.791663 0.5556409999999999 0.8040750000000001 0.559781 0.820211 0.568891 0.80904 0.6185940000000001 0.79911 0.625219 0.787939 0.753594 0.786698 0.758563
26 0.387986 0.521891 0.41402799999999995 0.5225310000000001 0.42 0.527547 0.42344299999999996 0.526719 0.424403 0.524625 0.44135800000000003 0.50975 0.43852500000000005 0.504516 0.43508199999999997 0.499906 0.425644 0.500531 0.41936799999999996 0.504516 0.420304 0.498219 0.398642 0.496125 0.384824 0.49801599999999996 0.387986 0.521687 0.387986 0.521891
14 0.436792 0.5018119999999999 0.454801 0.532969 0.48346599999999995 0.53625 0.504754 0.530234 0.518689 0.504547 0.512131 0.5018119999999999 0.491663 0.499078 0.460539 0.498531 0.438431 0.503453 0.436792 0.5018119999999999
43 0.22414499999999998 0.480625 0.0850584988290398 0.478812 0.08311480093676815 0.480625 0.08311480093676815 0.481391 0.08119440046838408 0.485016 0.08119440046838408 0.48553100000000005 0.07693210070257611 0.488375 0.07381729976580796 0.523266 0.07770489929742389 0.526109 0.08814989929742388 0.528687 0.219883 0.5271410000000001 0.226862 0.52275 0.225691 0.48190600000000006 0.22414499999999998 0.480625
26 0.7277520000000001 0.39306199999999997 0.723068 0.392672 0.715433 0.392672 0.703677 0.392672 0.697799 0.392672 0.697799 0.395422 0.691944 0.39425 0.687822 0.39620299999999997 0.68548 0.40012499999999995 0.689578 0.40678099999999995 0.6966279999999999 0.411094 0.6966279999999999 0.416188 0.697799 0.41540600000000005 0.702506 0.41540600000000005 0.709555 0.416188 0.7171900000000001 0.41696900000000003 0.727166 0.416188 0.725995 0.395422 0.7277520000000001 0.39306199999999997
62 0.538993 0.49303100000000005 0.538571 0.492234 0.536159 0.48953100000000005 0.536557 0.484141 0.542623 0.481453 0.543817 0.47525000000000006 0.539391 0.46825 0.528876 0.465016 0.51637 0.466094 0.506674 0.47148399999999996 0.5086890000000001 0.480109 0.514356 0.48332800000000004 0.524848 0.486297 0.528876 0.4925 0.538993 0.49303100000000005
62 0.556253 0.493063 0.557002 0.494156 0.560867 0.494344 0.562365 0.494047 0.563419 0.491656 0.568782 0.489578 0.5735600000000001 0.488875 0.577892 0.486094 0.581171 0.482313 0.582506 0.480109 0.577892 0.475734 0.572225 0.474547 0.568478 0.476234 0.565808 0.47912499999999997 0.5625060000000001 0.482313 0.558197 0.48509399999999997 0.5561119999999999 0.486984 0.555504 0.490766 0.555504 0.492563 0.556253 0.493063
3 0.514262 0.422734 0.509906 0.421031 0.498923 0.41745299999999996 0.49178 0.418141 0.48920399999999997 0.42120300000000005 0.47644 0.426828 0.46569099999999997 0.433484 0.45445 0.44167199999999995 0.45445 0.449172 0.473115 0.45173399999999997 0.493817 0.45223399999999997 0.5094150000000001 0.449172 0.518361 0.43825000000000003 0.521171 0.432625 0.520398 0.42699999999999994 0.514262 0.422734
1 0.482342 0.343109 0.479227 0.34700000000000003 0.48178 0.352359 0.488899 0.35259399999999996 0.498033 0.352844 0.502412 0.350281 0.502763 0.345531 0.49639300000000003 0.341406 0.492904 0.33920300000000003 0.489625 0.342375 0.482342 0.343109
58 0.176253 0.5405 0.174333 0.536672 0.0014051498829039811 0.534969 0.0014051498829039811 0.570312 0.13541 0.5690310000000001 0.144988 0.569453 0.15009399999999998 0.568187 0.17559699999999998 0.543906 0.176253 0.5405
26 0.44278700000000004 0.509188 0.439227 0.5094839999999999 0.435457 0.513188 0.431007 0.5172030000000001 0.423911 0.520609 0.41901600000000006 0.528312 0.417237 0.536031 0.417237 0.541219 0.42569100000000004 0.544031 0.447237 0.5421090000000001 0.447681 0.538094 0.445457 0.519266 0.44278700000000004 0.509188
41 0.037611199063231855 0.516375 0.044191999999999995 0.5174839999999999 0.07459019906323185 0.49279700000000004 0.07747070023419203 0.487047 0.08529270023419204 0.48512500000000003 0.08444959953161592 0.481828 0.07665110070257612 0.479359 0.06309129976580796 0.488969 0.04911010070257612 0.502953 0.037611199063231855 0.516375
41 0.05220140046838408 0.517141 0.054683800936768154 0.516641 0.059929700234192036 0.513141 0.06192040046838407 0.510313 0.06765810070257611 0.506984 0.075644 0.501484 0.07515219906323185 0.49882799999999994 0.071897 0.497828 0.05693210070257611 0.507484 0.05194380093676815 0.514813 0.05220140046838408 0.517141
41 0.03641689929742389 0.489656 0.04512880093676815 0.495625 0.04847780093676815 0.49279700000000004 0.06812650117096018 0.479078 0.07304450117096019 0.476391 0.07259949882903981 0.47221900000000006 0.07058549882903982 0.47028100000000006 0.06121780093676815 0.470437 0.03641689929742389 0.489359 0.03641689929742389 0.489656
48 0.007775180327868852 0.9506560000000001 0.132365 0.9506560000000001 0.20632299999999998 0.8129839999999999 0.1674 0.6 0.128478 0.623375 0.007775180327868852 0.612984 0.003887590163934426 0.945453 0.007775180327868852 0.9506560000000001
62 0.556674 0.486625 0.56445 0.482766 0.57089 0.472984 0.5700230000000001 0.469125 0.565574 0.466469 0.559789 0.466906 0.5582440000000001 0.468984 0.556674 0.4715 0.55623 0.47668699999999997 0.556674 0.486625