50 0.268094 0.47058300000000003 0.24940600000000002 0.4845 0.241172 0.501354 0.232375 0.540917 0.233469 0.542396 0.23512499999999997 0.5658329999999999 0.23676599999999998 0.5973539999999999 0.237875 0.628125 0.242813 0.638375 0.248312 0.6478959999999999 0.251609 0.646437 0.25381200000000004 0.641312 0.253266 0.635437 0.257109 0.642042 0.257109 0.6457080000000001 0.260953 0.663292 0.26975 0.6574380000000001 0.271391 0.658896 0.27579699999999996 0.664021 0.281281 0.674292 0.300516 0.726313 0.305469 0.738771 0.303266 0.7409579999999999 0.302719 0.748292 0.29942199999999997 0.7526879999999999 0.273047 0.768062 0.279641 0.779062 0.286234 0.786396 0.295031 0.786396 0.29942199999999997 0.784188 0.302172 0.776875 0.302719 0.758542 0.304359 0.748292 0.309312 0.754146 0.320297 0.757083 0.32964099999999996 0.7578119999999999 0.33020299999999997 0.749021 0.324156 0.743896 0.323047 0.735104 0.3225 0.7277710000000001 0.320297 0.720437 0.320859 0.692604 0.320297 0.6537710000000001 0.318656 0.598812 0.31975 0.598812 0.3225 0.6017499999999999 0.324703 0.604667 0.32525 0.607604 0.334047 0.6163959999999999 0.327453 0.552646 0.332391 0.556312 0.338438 0.573896 0.34393799999999997 0.5848960000000001 0.351078 0.588542 0.34998399999999996 0.5834170000000001 0.35162499999999997 0.5848960000000001 0.35162499999999997 0.586354 0.357672 0.591479 0.361516 0.5746249999999999 0.35053100000000004 0.5724370000000001 0.344484 0.5570419999999999 0.335688 0.529208 0.324156 0.48816699999999996 0.313156 0.469125 0.301625 0.466188 0.296672 0.461792 0.298875 0.444208 0.295031 0.43687499999999996 0.292281 0.42222899999999997 0.27579699999999996 0.42075 0.266453 0.428083 0.26204700000000003 0.45079199999999997 0.271391 0.46691699999999997 0.268094 0.47058300000000003
50 0.5324690000000001 0.42497900000000005 0.5254220000000001 0.440021 0.5261250000000001 0.45695800000000003 0.531062 0.4955 0.5134369999999999 0.5049170000000001 0.492266 0.510563 0.48732800000000004 0.516188 0.49085900000000005 0.526542 0.529656 0.519021 0.516953 0.55475 0.547281 0.5820209999999999 0.551516 0.572625 0.55575 0.5745 0.559984 0.584854 0.562797 0.571688 0.586078 0.585792 0.587484 0.535 0.6051249999999999 0.512437 0.618516 0.467292 0.619938 0.464479 0.598766 0.447542 0.579734 0.433438 0.574094 0.400521 0.557859 0.38829199999999997 0.5564530000000001 0.361021 0.547281 0.348813 0.535297 0.345979 0.528234 0.345979 0.5197809999999999 0.36291700000000005 0.517656 0.375125 0.517656 0.385479 0.5197809999999999 0.39299999999999996 0.528234 0.398646 0.5324690000000001 0.42497900000000005
50 0.952047 0.768583 0.9664999999999999 0.695042 0.9848750000000001 0.6635209999999999 0.9756880000000001 0.6285000000000001 0.9415469999999999 0.588229 0.9310470000000001 0.582979 0.9297340000000001 0.539208 0.913969 0.521687 0.8824529999999999 0.516437 0.8824529999999999 0.5497080000000001 0.8811410000000001 0.5917290000000001 0.8522500000000001 0.593479 0.865375 0.618 0.860125 0.656521 0.874578 0.686292 0.8627499999999999 0.744062 0.8627499999999999 0.770333 0.8627499999999999 0.777333 0.948109 0.815854 0.952047 0.768583
65 0.655125 0.9088539999999999 0.789813 0.868854 0.786875 0.854208 0.790547 0.8424999999999999 0.791266 0.837604 0.786875 0.807354 0.783953 0.763437 0.772969 0.744896 0.7085619999999999 0.670729 0.582656 0.709771 0.583391 0.7224579999999999 0.590719 0.781979 0.595109 0.7995629999999999 0.6075470000000001 0.829812 0.653656 0.9088539999999999 0.655125 0.9088539999999999
65 1 0.919375 0.9996409999999999 0.8847710000000001 0.973016 0.860375 0.946063 0.833313 0.9344060000000001 0.8257709999999999 0.870516 0.855938 0.815609 0.8719169999999999 0.791984 0.885667 0.786984 0.8998539999999999 0.786984 0.928708 0.786984 0.947333 0.785328 0.977958 0.799969 0.999688 0.810281 1 0.929078 1 1 1 1 0.919375
65 0.462828 0.49575 0.47729699999999997 0.524937 0.49254699999999996 0.519208 0.488641 0.508771 0.5015310000000001 0.506688 0.5261720000000001 0.497833 0.530469 0.48270799999999997 0.521875 0.44675 0.526563 0.429542 0.531641 0.417042 0.528125 0.39097899999999997 0.502328 0.381583 0.483172 0.381062 0.46360900000000005 0.481667 0.462828 0.49575
65 0.33587500000000003 0.410583 0.337797 0.41510400000000003 0.398781 0.409292 0.398781 0.363479 0.360063 0.313146 0.312641 0.331854 0.30924999999999997 0.340896 0.306344 0.370583 0.33587500000000003 0.410583
65 0.359531 0.474062 0.384156 0.478354 0.395453 0.483208 0.414016 0.46706200000000003 0.412812 0.446063 0.364375 0.458437 0.359531 0.474062
65 0.322578 0.487771 0.328156 0.506833 0.332687 0.513354 0.334781 0.522188 0.344547 0.554729 0.386031 0.545896 0.391609 0.538458 0.400687 0.5314789999999999 0.400687 0.522646 0.397547 0.516604 0.397547 0.504042 0.399984 0.499875 0.39684400000000003 0.49104200000000003 0.369297 0.468708 0.362672 0.468708 0.320484 0.48127099999999995 0.322578 0.487771
65 0.474422 0.36970800000000004 0.44401599999999997 0.363417 0.40120300000000003 0.382833 0.40376599999999996 0.409104 0.406766 0.42452100000000004 0.41662499999999997 0.418812 0.480422 0.39710399999999996 0.474422 0.36970800000000004
65 0.225516 0.43224999999999997 0.217953 0.40352099999999996 0.20207799999999998 0.407062 0.207375 0.445354 0.225516 0.43224999999999997
65 0.439203 0.488583 0.43504699999999996 0.48254199999999997 0.43768799999999997 0.479542 0.428641 0.476021 0.411672 0.492604 0.409781 0.510208 0.41732800000000003 0.521771 0.42789099999999997 0.523271 0.445234 0.5197499999999999 0.459562 0.515729 0.472016 0.511708 0.462578 0.49562500000000004 0.465984 0.477021 0.450141 0.483563 0.439203 0.488583
50 0.10037499999999999 0.9969169999999999 0.144844 0.999896 0.154859 0.970229 0.165969 0.9939579999999999 0.19489099999999998 0.998396 0.207125 0.9939579999999999 0.196 0.967271 0.189328 0.930208 0.169313 0.8886869999999999 0.168203 0.862 0.16264099999999998 0.8160419999999999 0.175984 0.805667 0.190437 0.792333 0.226016 0.75675 0.254937 0.7181879999999999 0.257156 0.693 0.247141 0.6974370000000001 0.229359 0.7092919999999999 0.21490599999999999 0.7315419999999999 0.181547 0.764146 0.142625 0.747854 0.1315 0.7315419999999999 0.10370299999999999 0.71375 0.118156 0.704854 0.120391 0.682604 0.11704699999999998 0.6618539999999999 0.10593699999999999 0.636646 0.0881406 0.623313 0.06478120000000001 0.6262709999999999 0.053671899999999995 0.673708 0.061453100000000004 0.7063330000000001 0.0503281 0.750812 0.053671899999999995 0.7938120000000001 0.0603437 0.824938 0.07590620000000001 0.8975829999999999 0.10148399999999999 0.942063 0.0948125 0.999896 0.10037499999999999 0.9969169999999999
75 0.999563 1 0.9978279999999999 0.8844580000000001 0.936562 0.825896 0.923281 0.8310420000000001 0.767062 0.7220829999999999 0.7115 0.6713749999999999 0.647922 0.629771 0.649656 0.61975 0.625969 0.5943120000000001 0.608047 0.598938 0.567016 0.570438 0.563547 0.598938 0.476859 0.527271 0.356656 0.569667 0.357812 0.578125 0.354922 0.586604 0.352609 0.592771 0.345672 0.5881460000000001 0.345094 0.6058749999999999 0.375141 0.649021 0.39075000000000004 0.675229 0.337578 0.6937289999999999 0.342781 0.808542 0.374563 0.864792 0.375141 0.828562 0.386125 0.820104 0.4 0.8416669999999999 0.390422 0.895687 0.402375 0.9665 0.424937 0.9983540000000001 0.670719 1 0.999563 1
65 0.225672 0.428667 0.228625 0.46902099999999997 0.234531 0.46460399999999996 0.262219 0.46460399999999996 0.262578 0.4395 0.264062 0.41539600000000004 0.246719 0.36814600000000003 0.212391 0.37256300000000003 0.21423399999999998 0.3775 0.225312 0.411458 0.225672 0.428667
65 0.415906 0.424729 0.416781 0.461354 0.411547 0.477042 0.413297 0.482854 0.422875 0.470646 0.44075 0.475875 0.43595300000000003 0.478792 0.43857799999999997 0.486917 0.46385899999999997 0.475875 0.48128099999999996 0.39799999999999996 0.413297 0.42416699999999996 0.415906 0.424729
65 0.406391 0.439646 0.403078 0.410604 0.337375 0.41702100000000003 0.333688 0.410604 0.334797 0.458354 0.339594 0.459833 0.406391 0.439646
65 0.3 0.368833 0.25325000000000003 0.379229 0.262984 0.420771 0.290266 0.420771 0.303891 0.45975 0.335062 0.438958 0.335062 0.405188 0.3 0.368833
75 0.25740599999999997 0.666667 0.23889100000000002 0.612354 0.23332799999999998 0.506167 0.25740599999999997 0.444438 0.264813 0.432104 0.331484 0.48889600000000005 0.353703 0.567896 0.383328 0.5605 0.47037500000000004 0.523458 0.494437 0.49877099999999996 0.535187 0.471604 0.533328 0.434563 0.527781 0.362958 0.564813 0.370375 0.575922 0.40987500000000004 0.581484 0.45679200000000003 0.6092660000000001 0.434563 0.6018589999999999 0.348146 0.616672 0.224687 0.5703750000000001 0.18270799999999998 0.494437 0.1605 0.11110899999999999 0.254312 0.133328 0.429625 0.135187 0.535813 0.140734 0.5555629999999999 0.170375 0.61975 0.183328 0.651854 0.205563 0.686417 0.21667200000000003 0.708646 0.23889100000000002 0.679021 0.25740599999999997 0.666667
75 0.603703 0.153083 0.620375 0.237042 0.618516 0.417292 0.6481410000000001 0.417292 0.670375 0.451854 0.616672 0.469146 0.6092660000000001 0.49877099999999996 0.674078 0.47902100000000003 0.705562 0.47902100000000003 0.733328 0.469146 0.744437 0.496292 0.762969 0.511104 0.801859 0.491354 0.801859 0.45925 0.792594 0.444438 0.8907339999999999 0.375312 0.9 0.395062 0.909266 0.412354 0.9222189999999999 0.395062 0.918516 0.372833 0.9203749999999999 0.348146 0.95 0.32345799999999997 0.953703 0.0913542 0.801859 0.0864167 0.603703 0.153083