24 0.362906 0.443021 0.382266 0.445167 0.390328 0.468813 0.391937 0.475271 0.40645300000000006 0.483875 0.43064099999999994 0.48172899999999996 0.43064099999999994 0.464521 0.43064099999999994 0.460208 0.43064099999999994 0.434417 0.43064099999999994 0.43224999999999997 0.448391 0.436563 0.469359 0.447313 0.47257800000000005 0.458062 0.47257800000000005 0.460208 0.475812 0.468813 0.545156 0.462375 0.6016090000000001 0.466667 0.606453 0.458062 0.603219 0.412896 0.608063 0.406458 0.614516 0.384938 0.606453 0.361292 0.588703 0.34193799999999996 0.574188 0.339792 0.35 0.346229 0.320969 0.346229 0.312906 0.365583 0.30806300000000003 0.393542 0.314516 0.427958 0.320969 0.44085399999999997 0.345156 0.436563 0.358063 0.447313 0.362906 0.443021
23 0.265937 0.462729 0.264016 0.467417 0.26273399999999997 0.471687 0.260484 0.47810400000000003 0.26017199999999996 0.483646 0.26273399999999997 0.491313 0.267531 0.499437 0.273938 0.502417 0.280328 0.502417 0.291531 0.497729 0.294734 0.48791700000000005 0.296969 0.48022899999999996 0.296016 0.472125 0.2925 0.465292 0.287047 0.46102099999999996 0.277125 0.45675000000000004 0.270734 0.458896 0.265937 0.462729
22 0.0943906 0.463896 0.097625 0.468604 0.09325 0.514792 0.10806200000000002 0.524292 0.10531300000000002 0.538187 0.0802812 0.626854 0.084375 0.630958 0.11917200000000001 0.527271 0.131453 0.525896 0.11814100000000001 0.580479 0.12326600000000001 0.584562 0.1335 0.524542 0.163172 0.532729 0.183625 0.633688 0.189766 0.629583 0.170328 0.527271 0.184656 0.514979 0.21125 0.591375 0.21637500000000004 0.580479 0.191812 0.51225 0.172375 0.499354 0.16408076431073032 0.4960309889065426 0.186688 0.480708 0.186359 0.480271 0.180359 0.427458 0.191016 0.427 0.193344 0.421687 0.192016 0.419896 0.13575 0.426563 0.129094 0.440312 0.129094 0.44187295959337636 0.114125 0.407479 0.114375 0.405917 0.0955625 0.40475 0.0829375 0.414542 0.0943906 0.463896
22 0.158094 0.37368799999999996 0.159812 0.39193700000000004 0.161516 0.400313 0.160375 0.420833 0.19517199999999998 0.42160400000000003 0.192328 0.429208 0.188906 0.43072900000000003 0.18262499999999998 0.43224999999999997 0.183188 0.45277100000000003 0.19004700000000002 0.460375 0.18775 0.47254199999999996 0.18604700000000002 0.477875 0.194609 0.480917 0.198031 0.458854 0.220266 0.458854 0.22882799999999998 0.49916699999999997 0.233391 0.524271 0.236234 0.534917 0.23737499999999997 0.541 0.243656 0.534917 0.233391 0.474062 0.23167200000000002 0.460375 0.233391 0.4505 0.240234 0.446688 0.242516 0.43529199999999996 0.245938 0.431479 0.251641 0.429958 0.24935900000000003 0.422354 0.23737499999999997 0.424646 0.232813 0.38585400000000003 0.24193699999999999 0.382062 0.243078 0.375208 0.19689099999999998 0.380542 0.198031 0.389667 0.209437 0.38662500000000005 0.208297 0.397271 0.188328 0.397271 0.19004700000000002 0.393458 0.186609 0.382062 0.180344 0.36000000000000004 0.17862499999999998 0.358479 0.16095299999999998 0.366854 0.158094 0.37368799999999996
22 1 0.808 1 0.703521 0.935922 0.715125 0.916563 0.7267500000000001 0.908828 0.742875 0.925766 0.9351870000000001 0.9305939999999999 0.956479 0.958734 0.958729 0.987937 0.875083 0.944453 0.824563 0.947563 0.807167 1 0.808
42 0.48768700000000004 0.41943800000000003 0.48992199999999997 0.424542 0.526 0.425396 0.529828 0.418146 0.540047 0.372167 0.534312 0.38025000000000003 0.529516 0.4075 0.495672 0.40793799999999997 0.48768700000000004 0.41943800000000003
12 0.0947812 0.303042 0.0915469 0.247396 0.0833281 0.250937 0.0883125 0.30460400000000004 0.0947812 0.303042
12 0.08782809999999999 0.302104 0.0814062 0.232437 0.0745469 0.233021 0.0796875 0.30610400000000004 0.08782809999999999 0.302104
12 0.0869687 0.399438 0.11174999999999999 0.39116700000000004 0.10370299999999999 0.342417 0.0795312 0.346542 0.0869687 0.399438
12 0.15140599999999999 0.31725 0.148875 0.31725 0.152453 0.36331199999999997 0.157297 0.36247900000000005 0.15140599999999999 0.31725
12 0.11571899999999999 0.381708 0.13159400000000002 0.371125 0.128203 0.32475 0.118 0.327271 0.11307799999999998 0.325771 0.11571899999999999 0.381708
12 0.1305 0.41093799999999997 0.12220299999999999 0.41008300000000003 0.120281 0.41093799999999997 0.129219 0.453937 0.134016 0.45181299999999996 0.1305 0.41093799999999997
12 0.126406 0.28791700000000003 0.12007799999999999 0.234979 0.11039099999999999 0.235875 0.117062 0.290146 0.126406 0.28791700000000003
12 0.15290600000000001 0.283958 0.148984 0.239958 0.144922 0.237146 0.145375 0.249812 0.147187 0.260458 0.148234 0.284979 0.152766 0.283958 0.15290600000000001 0.283958
12 0.284562 0.363104 0.27881300000000003 0.365229 0.2405 0.365229 0.240813 0.37204200000000004 0.279453 0.37204200000000004 0.285844 0.366937 0.284562 0.363104
12 0.159375 0.30558300000000005 0.163109 0.35775 0.176766 0.35112499999999996 0.176156 0.30558300000000005 0.16 0.30722900000000003 0.159375 0.30558300000000005
12 0.0798594 0.330937 0.08125 0.342813 0.0989375 0.33706200000000003 0.0996406 0.32777100000000003 0.0974062 0.323125 0.0792969 0.328708 0.0798594 0.330937
12 0.237906 0.387646 0.23737499999999997 0.388833 0.237547 0.39456199999999997 0.23968699999999998 0.39575 0.28725 0.394313 0.287781 0.392646 0.28796900000000003 0.385021 0.24004699999999998 0.388125 0.237906 0.387646
12 0.282328 0.376875 0.287703 0.3725 0.28650000000000003 0.368917 0.279031 0.372896 0.24289100000000002 0.3725 0.241391 0.37368799999999996 0.241391 0.377271 0.282328 0.376875