76 0 0.487641 0.006 0.669656 0.10487500000000001 0.667422 0.113854 0.505625 0.092875 0.496625 0.003 0.485391 0 0.487641
50 0.006 0.898875 0 0.9910159999999999 0.0239792 0.9910159999999999 0.428458 0.988766 0.443437 0.9775309999999999 0.590271 0.9235939999999999 0.629208 0.842703 0.731083 0.746063 0.755062 0.728094 0.761042 0.680906 0.910854 0.680906 0.901875 0.656187 0.910854 0.660672 0.913854 0.6179840000000001 0.943812 0.6 0.9318329999999999 0.586516 0.907875 0.532578 0.8659169999999999 0.492141 0.8119789999999999 0.49437499999999995 0.782021 0.487641 0.8119789999999999 0.456187 0.817979 0.453937 0.829958 0.444937 0.8449380000000001 0.42921899999999996 0.853938 0.4 0.856938 0.37078099999999997 0.850938 0.348312 0.823979 0.330344 0.770042 0.310109 0.734083 0.301125 0.698125 0.305625 0.6741670000000001 0.314609 0.641208 0.330344 0.623229 0.35729700000000003 0.629208 0.40449999999999997 0.635208 0.422469 0.656188 0.467422 0.626208 0.458422 0.581271 0.460672 0.47639600000000004 0.5280940000000001 0.386521 0.5662969999999999 0.35954200000000003 0.608984 0.350562 0.671906 0.386521 0.685391 0.3955 0.685391 0.452437 0.653937 0.518354 0.59775 0.509354 0.640453 0.413479 0.719094 0.29662499999999997 0.728094 0.003 0.898875 0.006 0.898875
7 0 0.908078 0.233708 0.78 0.209729 0.7485310000000001 0.19475 0.726063 0.245688 0.6743750000000001 0.33858299999999997 0.633922 0.16179200000000002 0.696844 0 0.699094 0 0.908078
7 0.988771 0.734828 1 0.591016 0.937833 0.559547 0.940833 0.573031 0.925833 0.617984 0.9288329999999999 0.653937 0.9288329999999999 0.678656 0.904875 0.680906 0.9288329999999999 0.707859 0.922854 0.759547 0.988771 0.734828
7 0.362542 0.678656 0.347563 0.642703 0.236708 0.667422 0.20675 0.746063 0.248688 0.761797 0.287646 0.746063 0.329583 0.741578 0.368542 0.725844 0.437458 0.696625 0.494375 0.658422 0.491396 0.647188 0.533333 0.611234 0.503375 0.611234 0.416479 0.667422 0.362542 0.678656
7 0.740083 0.741578 0.638208 0.8292189999999999 0.617229 0.849437 0.782021 0.820219 0.770042 0.725844 0.740083 0.741578
7 0.419479 1 0.584271 0.9955 0.59325 0.988766 0.59325 0.921344 0.551312 0.939328 0.452437 0.982016 0.419479 1
21 0.7412500000000001 0.6773279999999999 0.742625 0.675594 0.742625 0.673172 0.7477079999999999 0.667297 0.758771 0.664875 0.7684580000000001 0.666953 0.795188 0.667297 0.797958 0.6545 0.798875 0.650687 0.7878120000000001 0.645156 0.7278749999999999 0.644469 0.717271 0.668672 0.7412500000000001 0.6773279999999999
72 0.720458 0.48807799999999996 0.723708 0.487156 0.71475 0.4835 0.704167 0.485328 0.6858540000000001 0.48746900000000004 0.685458 0.489297 0.69075 0.496922 0.720458 0.48807799999999996
72 0.59175 0.508828 0.612417 0.508188 0.614979 0.506891 0.614979 0.501078 0.602083 0.501078 0.595208 0.504953 0.59175 0.508828
26 0.776479 0.691781 0.776479 0.716766 0.7845 0.838906 0.791917 0.8449220000000001 0.854833 0.850484 0.914667 0.845391 0.9152920000000001 0.824109 0.921458 0.688531 0.807333 0.684375 0.77525 0.688531 0.776479 0.691781
50 0.51225 0.429047 0.518021 0.458063 0.5550630000000001 0.453125 0.554646 0.444484 0.5459999999999999 0.435531 0.531604 0.438312 0.531604 0.430281 0.531604 0.423797 0.527896 0.417016 0.5221250000000001 0.41546900000000003 0.511833 0.417016 0.51225 0.429047
50 0.467542 0.452625 0.47254199999999996 0.449141 0.469333 0.44565599999999994 0.468792 0.441641 0.468958 0.43828100000000003 0.464313 0.438563 0.463958 0.43828100000000003 0.46325000000000005 0.434797 0.462542 0.432531 0.458062 0.43159400000000003 0.4545 0.43239099999999997 0.45145799999999997 0.43467200000000006 0.45325 0.438422 0.456271 0.441375 0.457708 0.442438 0.456104 0.44325000000000003 0.453604 0.445391 0.454125 0.44834399999999996 0.455208 0.449953 0.455208 0.45195299999999994 0.456646 0.454906 0.459854 0.455312 0.46110399999999996 0.455844 0.467542 0.452625
50 0.8701880000000001 0.418703 0.8989999999999999 0.40728099999999995 0.897354 0.402031 0.897771 0.394625 0.892 0.388453 0.8845829999999999 0.388156 0.8796459999999999 0.382906 0.876354 0.380125 0.8701880000000001 0.380437 0.866896 0.382594 0.8660829999999999 0.386609 0.866479 0.39 0.8701880000000001 0.391547 0.8681249999999999 0.393703 0.8648330000000001 0.39864099999999997 0.8640209999999999 0.404203 0.8648330000000001 0.42024999999999996 0.8701880000000001 0.418703
50 0.882354 0.385625 0.88525 0.388328 0.889938 0.388594 0.8986040000000001 0.394563 0.8986040000000001 0.407813 0.925667 0.397797 0.916646 0.381562 0.918458 0.37723399999999996 0.9188120000000001 0.371281 0.916646 0.370203 0.905813 0.373719 0.904021 0.371828 0.8967919999999999 0.369656 0.892104 0.372906 0.892104 0.376688 0.89175 0.38075000000000003 0.8809170000000001 0.383188 0.882354 0.385625
50 0.924396 0.397578 0.958313 0.38784399999999997 0.94425 0.36592199999999997 0.935229 0.368078 0.927646 0.368078 0.927646 0.363203 0.9233119999999999 0.361578 0.919354 0.35914100000000004 0.911771 0.36348400000000003 0.911042 0.371328 0.917188 0.371328 0.919708 0.372406 0.918625 0.37809400000000004 0.916813 0.382422 0.922229 0.389453 0.9236869999999999 0.398938 0.924396 0.397578
50 0.9296880000000001 0.334063 0.9472919999999999 0.330766 0.986875 0.323016 0.986875 0.320297 0.983521 0.311359 0.979104 0.30729700000000004 0.9749789999999999 0.309234 0.970062 0.308656 0.966958 0.306516 0.962292 0.306516 0.959958 0.303219 0.958937 0.295453 0.961521 0.291766 0.9591879999999999 0.290219 0.9573750000000001 0.285953 0.95375 0.282266 0.9478120000000001 0.28148399999999996 0.936417 0.283625 0.932792 0.28865599999999997 0.934604 0.29700000000000004 0.935125 0.300891 0.936417 0.302047 0.940812 0.301859 0.9444370000000001 0.31195300000000004 0.937458 0.31660900000000003 0.9291870000000001 0.326891 0.9296880000000001 0.334063