8 0.734719 0.882155 0.793453 0.8991330000000001 0.867047 0.9192739999999999 0.886141 0.890656 0.917984 0.7835359999999999 0.929312 0.699742 0.898172 0.598993 0.886859 0.596862 0.8698750000000001 0.654122 0.849344 0.744286 0.812547 0.741101 0.748156 0.7379159999999999 0.734719 0.882155
50 0.173828 0.45185000000000003 0.18801600000000002 0.447611 0.18801600000000002 0.408267 0.18801600000000002 0.391265 0.193687 0.38171 0.194406 0.395527 0.20078100000000002 0.400843 0.21851600000000002 0.418899 0.229156 0.436979 0.228437 0.452927 0.238375 0.436979 0.234125 0.42634700000000003 0.214594 0.40227199999999996 0.205234 0.391756 0.20242200000000002 0.37 0.21084399999999998 0.36159300000000005 0.20617200000000002 0.31880600000000003 0.20617200000000002 0.291452 0.20289100000000002 0.257799 0.189328 0.249391 0.186359 0.267869 0.183781 0.282061 0.190672 0.288525 0.18507800000000002 0.29496500000000003 0.183875 0.311686 0.176937 0.30014100000000005 0.176156 0.30014100000000005 0.166141 0.30014100000000005 0.170766 0.30475399999999997 0.18540600000000002 0.330164 0.18540600000000002 0.349813 0.17539100000000002 0.37637000000000004 0.17925 0.43761099999999997 0.173859 0.44915700000000003 0.173828 0.45185000000000003
18 0.6052660000000001 0.298478 0.6052660000000001 0.30042199999999997 0.609828 0.309227 0.621578 0.3063 0.6248440000000001 0.299461 0.630062 0.302389 0.630062 0.299461 0.630062 0.290656 0.630062 0.284778 0.631359 0.272061 0.6372340000000001 0.256417 0.639188 0.251522 0.637891 0.251522 0.634625 0.251522 0.6235310000000001 0.250539 0.601344 0.25348899999999996 0.603953 0.2574 0.603953 0.25934399999999996 0.6052660000000001 0.271077 0.602 0.298478 0.6052660000000001 0.298478
75 0.462078 0.258126 0.45675 0.267799 0.461703 0.288314 0.49970299999999995 0.286604 0.504641 0.248431 0.508063 0.246159 0.516813 0.267237 0.510344 0.276347 0.524031 0.276347 0.5422659999999999 0.287728 0.541516 0.239321 0.537328 0.239321 0.47462499999999996 0.246159 0.46853100000000003 0.252998 0.462078 0.261522 0.462078 0.258126
36 0.19004700000000002 0.364075 0.202297 0.37356 0.213484 0.363115 0.207359 0.34604199999999996 0.206516 0.31946100000000005 0.204203 0.301733 0.20504699999999998 0.294145 0.202719 0.294145 0.20335899999999998 0.305527 0.204203 0.312178 0.206094 0.343817 0.191109 0.33623000000000003 0.186891 0.354895 0.19004700000000002 0.364075
50 0.325141 0.364379 0.326828 0.36634700000000003 0.331859 0.36719 0.335406 0.36719 0.33634400000000003 0.375012 0.335781 0.379204 0.33484400000000003 0.38452000000000003 0.33503099999999997 0.390117 0.335219 0.395714 0.338766 0.397096 0.34603100000000003 0.39850100000000005 0.351453 0.39822 0.352016 0.395714 0.350141 0.39096 0.35275 0.391241 0.360031 0.39178 0.362453 0.390117 0.368047 0.385925 0.361344 0.38229500000000005 0.35779700000000003 0.379766 0.350516 0.376698 0.35275 0.373044 0.352375 0.369415 0.351078 0.363536 0.349031 0.3574 0.347531 0.350398 0.343609 0.341733 0.34156200000000003 0.33894599999999997 0.341188 0.33503499999999997 0.34435899999999997 0.329719 0.343797 0.32662800000000003 0.34249999999999997 0.32103000000000004 0.336891 0.32215499999999997 0.334656 0.32271700000000003 0.333719 0.319087 0.329625 0.314614 0.32925 0.307049 0.330187 0.297541 0.330187 0.287775 0.323469 0.285527 0.320484 0.287775 0.319172 0.290562 0.31954699999999997 0.296721 0.319922 0.303138 0.31860900000000003 0.305386 0.3145 0.312927 0.31189100000000003 0.323279 0.3145 0.325246 0.316562 0.331663 0.320484 0.335574 0.325141 0.343138 0.326453 0.356276 0.325141 0.364379
50 0.367109 0.287073 0.363297 0.297307 0.362656 0.30302100000000004 0.359641 0.307541 0.357422 0.321101 0.358687 0.32323199999999996 0.361391 0.320375 0.36075 0.33014099999999996 0.36075 0.330843 0.358687 0.337986 0.355672 0.3463 0.355672 0.346534 0.355359 0.369368 0.355516 0.37295100000000003 0.35425 0.384122 0.354563 0.388642 0.359641 0.38365299999999997 0.35979700000000003 0.383185 0.3625 0.356768 0.366625 0.35510500000000006 0.372188 0.358197 0.37360899999999997 0.31824399999999997 0.373141 0.286136 0.372969 0.283279 0.367734 0.287073 0.367578 0.287073 0.367109 0.287073
50 0.350969 0.285059 0.349688 0.29007 0.349422 0.29452 0.348906 0.29838400000000004 0.348141 0.30360699999999996 0.347891 0.308033 0.353547 0.31152199999999997 0.358328 0.308618 0.358969 0.30648699999999995 0.36076600000000003 0.302248 0.360375 0.292389 0.359734 0.287377 0.358328 0.28196699999999997 0.357422 0.279461 0.352266 0.281194 0.350969 0.285059
50 0.830984 0.5464169999999999 0.840969 0.558384 0.813016 0.6122719999999999 0.791031 0.630234 0.745094 0.615269 0.7390939999999999 0.648197 0.715125 0.648197 0.661188 0.764965 0.667188 0.80089 0.641219 0.809883 0.643219 0.8218500000000001 0.691156 0.809883 0.693156 0.833841 0.657203 0.86377 0.673187 0.884731 0.717125 0.851803 0.729109 0.70808 0.7590779999999999 0.65719 0.8150000000000001 0.672155 0.8569530000000001 0.6122719999999999 0.872937 0.558384 0.876938 0.501499 0.858953 0.462576 0.825 0.489532 0.830984 0.5464169999999999
50 0.7667029999999999 0.389859 0.770672 0.381944 0.781219 0.37007 0.797063 0.35822 0.800359 0.328548 0.797063 0.292927 0.788484 0.289977 0.783859 0.297892 0.783203 0.308759 0.77925 0.317658 0.778578 0.334473 0.781219 0.33843100000000004 0.7653909999999999 0.349297 0.762094 0.37700199999999995 0.756812 0.39875900000000003 0.7653909999999999 0.40173299999999995 0.7667029999999999 0.389859
50 0.42871899999999996 0.294379 0.430953 0.294707 0.425125 0.305433 0.428484 0.30578500000000003 0.432297 0.30074900000000004 0.43587499999999996 0.30679199999999995 0.438563 0.309813 0.439906 0.308454 0.439672 0.302084 0.439234 0.30006999999999995 0.439906 0.294707 0.440125 0.290351 0.44034399999999996 0.28096 0.44034399999999996 0.271241 0.44034399999999996 0.267869 0.438781 0.266206 0.43721899999999997 0.266534 0.435656 0.265855 0.433641 0.265199 0.432297 0.26484800000000003 0.430063 0.26988300000000004 0.430734 0.274918 0.429828 0.281288 0.428937 0.290023 0.42871899999999996 0.294379
50 0.721984 0.38459 0.7252500000000001 0.38751800000000003 0.7415160000000001 0.38751800000000003 0.742156 0.38363 0.7402029999999999 0.35971899999999996 0.7558279999999999 0.358267 0.763641 0.357283 0.766563 0.351429 0.780234 0.340211 0.7747029999999999 0.33435600000000004 0.773078 0.328993 0.779906 0.328501 0.779906 0.322178 0.782516 0.309485 0.775344 0.30655699999999997 0.775344 0.30217799999999995 0.775031 0.284122 0.768844 0.277307 0.760062 0.283653 0.761359 0.30217799999999995 0.766891 0.308033 0.763641 0.31096 0.756156 0.315831 0.745094 0.333396 0.729141 0.33435600000000004 0.7249220000000001 0.339719 0.7258910000000001 0.37484799999999996 0.716781 0.382646 0.721984 0.38459
50 0.674828 0.292459 0.675109 0.297307 0.675531 0.30089 0.677359 0.306159 0.683125 0.312482 0.680453 0.31901599999999997 0.677641 0.326206 0.679469 0.332951 0.6800309999999999 0.33821999999999997 0.682562 0.344731 0.679609 0.347892 0.677781 0.351897 0.678625 0.354215 0.679609 0.35548 0.685375 0.355691 0.687063 0.355691 0.687922 0.355269 0.690312 0.35084299999999996 0.689609 0.338595 0.690594 0.326581 0.694813 0.320468 0.698469 0.316253 0.700437 0.31224799999999997 0.701141 0.310141 0.699031 0.30445 0.694531 0.29918 0.6912969999999999 0.29601900000000003 0.677219 0.280445 0.674969 0.28571399999999997 0.674828 0.292459
50 0.504063 0.317658 0.502484 0.328384 0.506062 0.330187 0.511625 0.328993 0.518 0.330773 0.524359 0.330773 0.525563 0.333162 0.530328 0.343911 0.534719 0.345691 0.533922 0.343302 0.531922 0.33674499999999996 0.5283439999999999 0.32182700000000003 0.527547 0.314684 0.520781 0.311686 0.516406 0.308126 0.516406 0.30393400000000004 0.522375 0.29857100000000003 0.521984 0.292014 0.518797 0.29081999999999997 0.514016 0.292014 0.512422 0.294988 0.510828 0.299766 0.506062 0.30751799999999996 0.5044690000000001 0.324824 0.504063 0.317658
50 0.646047 0.29850099999999996 0.6466719999999999 0.28641700000000003 0.649781 0.285948 0.651328 0.275738 0.651328 0.269227 0.646984 0.26365299999999997 0.649156 0.258548 0.645437 0.250164 0.642953 0.246464 0.637687 0.259461 0.633969 0.264122 0.632406 0.274801 0.633031 0.280375 0.636437 0.278993 0.637063 0.285948 0.637063 0.290141 0.637063 0.303162 0.635828 0.309649 0.630859 0.33103 0.638297 0.33615900000000004 0.642031 0.33056199999999997 0.638609 0.326393 0.6417189999999999 0.32220099999999996 0.642953 0.32592499999999996 0.646047 0.321733 0.645125 0.31011700000000003 0.646047 0.29850099999999996
50 0.7199220000000001 0.30191999999999997 0.720594 0.30815 0.721422 0.306417 0.723578 0.304169 0.7312190000000001 0.30191999999999997 0.731062 0.298946 0.726406 0.284239 0.7222500000000001 0.279274 0.718438 0.280258 0.717594 0.281499 0.716766 0.286979 0.717266 0.289977 0.7185940000000001 0.294707 0.7199220000000001 0.300445 0.7199220000000001 0.30191999999999997
50 0.7112339999999999 0.297564 0.7125619999999999 0.299391 0.714 0.301546 0.715453 0.304075 0.717141 0.312037 0.719313 0.311874 0.720406 0.306628 0.718828 0.292319 0.716906 0.283653 0.714969 0.281101 0.712437 0.279672 0.710016 0.279836 0.7077340000000001 0.286183 0.7083280000000001 0.29051499999999997 0.7085779999999999 0.293044 0.7112339999999999 0.2974 0.7112339999999999 0.297564