13 0.26451600000000003 0.982792 0.25 0.946229 0.25 0.9204380000000001 0.256453 0.8881669999999999 0.243547 0.875271 0.222578 0.868812 0.188703 0.883875 0.193547 0.948396 0.172578 0.98925 0.26451600000000003 0.982792
21 0.44893700000000003 0.417458 0.44484399999999996 0.422937 0.45017199999999996 0.440417 0.453859 0.468833 0.458781 0.477563 0.46492199999999995 0.436583 0.457953 0.42347900000000005 0.450578 0.41856299999999996 0.44893700000000003 0.417458
50 0.874437 1 0.945063 0.995521 0.924891 0.9573959999999999 0.923203 0.92825 0.899656 0.865479 0.884531 0.8206249999999999 0.872766 0.7735420000000001 0.812219 0.6188330000000001 0.8038130000000001 0.6031460000000001 0.773547 0.578479 0.729828 0.565021 0.667594 0.533625 0.6474219999999999 0.517938 0.632281 0.508958 0.630609 0.493271 0.633969 0.461875 0.642375 0.434979 0.652469 0.399104 0.659188 0.381167 0.667594 0.36097900000000005 0.6776869999999999 0.33408299999999996 0.6776869999999999 0.282521 0.669281 0.23991700000000002 0.659188 0.19731200000000002 0.635656 0.163687 0.612109 0.127812 0.588562 0.103146 0.5381090000000001 0.09416669999999999 0.517938 0.0784792 0.491031 0.0784792 0.460766 0.09416669999999999 0.4305 0.127812 0.42545299999999997 0.134521 0.417047 0.15470799999999998 0.405266 0.177125 0.3935 0.195062 0.385094 0.219729 0.376688 0.242146 0.376688 0.293729 0.376688 0.318396 0.378359 0.3565 0.388453 0.426 0.383406 0.441708 0.376688 0.46637500000000004 0.38171900000000003 0.49774999999999997 0.39014099999999996 0.517938 0.38004699999999997 0.524667 0.3565 0.524667 0.327922 0.5358750000000001 0.285875 0.578479 0.262328 0.6031460000000001 0.24551599999999998 0.654708 0.22701600000000002 0.735417 0.216922 0.793729 0.211891 0.8206249999999999 0.20684399999999997 0.865479 0.210203 0.869958 0.238797 0.8901249999999999 0.253922 0.923771 0.26737500000000003 0.995521 0.292594 1 0.358187 1 0.423766 0.993271 0.558297 1 0.654141 1 0.7399060000000001 1 0.792047 1 0.874437 1
50 0.707859 0.208979 0.724719 0.0808958 0.701125 0.006750000000000001 0.5696559999999999 0.0045000000000000005 0.5511250000000001 0.0629167 0.562922 0.096625 0.616859 0.125833 0.6455 0.170792 0.650563 0.175271 0.662359 0.2 0.667422 0.208979 0.6707810000000001 0.22472899999999998 0.6707810000000001 0.24493700000000002 0.680906 0.32360399999999995 0.675844 0.36629199999999995 0.650563 0.429208 0.6387660000000001 0.492125 0.647188 0.519104 0.744938 0.5617920000000001 0.746625 0.5550630000000001 0.775281 0.348312 0.707859 0.208979
50 0.0016875000000000002 0.0063750000000000005 0.0033750000000000004 0.990646 0.11123400000000001 0.9883959999999999 0.112922 0.950187 0.114609 0.911979 0.11965600000000001 0.867042 0.124719 0.7906460000000001 0.126406 0.736708 0.143266 0.667042 0.148313 0.615354 0.158422 0.520979 0.158422 0.471542 0.16348400000000002 0.431083 0.166859 0.365917 0.165172 0.287271 0.175281 0.233333 0.166859 0.201875 0.143266 0.114229 0.12134400000000001 0.0805208 0.0876406 0.042312499999999996 0.0657344 0.010854200000000001 0.0016875000000000002 0.0063750000000000005
50 0.776219 0.336812 0.789891 0.282104 0.8172499999999999 0.26387499999999997 0.8277659999999999 0.25125 0.826703 0.228104 0.819875 0.215479 0.8193440000000001 0.203562 0.819875 0.19304200000000002 0.8225 0.172708 0.825141 0.153771 0.823563 0.134125 0.8193440000000001 0.128521 0.803047 0.126417 0.7877810000000001 0.132021 0.779375 0.15027100000000002 0.780422 0.159375 0.781469 0.17481200000000002 0.776219 0.188833 0.757812 0.233021 0.771484 0.265979 0.768328 0.29052100000000003 0.776219 0.336812
50 0.7118909999999999 0.011791699999999999 0.7015469999999999 0.009479170833333333 0.718797 0.0485833 0.725688 0.0727292 0.723109 0.11529199999999999 0.706719 0.180833 0.708437 0.211896 0.722234 0.2395 0.74725 0.297 0.771406 0.34758300000000003 0.771406 0.32343700000000003 0.770547 0.300438 0.7662340000000001 0.271687 0.750703 0.253292 0.734312 0.237187 0.746391 0.230292 0.762781 0.219937 0.767953 0.20729199999999998 0.776578 0.17968800000000001 0.780891 0.161292 0.780891 0.14175000000000001 0.780891 0.117583 0.780891 0.09458330000000001 0.771406 0.0704375 0.729141 0.0301875 0.7118909999999999 0.011791699999999999
50 0.8730309999999999 0.213479 0.9455 0.177521 0.9303440000000001 0.094375 0.8848280000000001 0.0629167 0.819094 0.125833 0.825844 0.24493700000000002 0.783703 0.283146 0.776969 0.343813 0.755062 0.478646 0.815734 0.32135400000000003 0.8730309999999999 0.213479
50 1 0.240813 0.982719 0.188854 0.958187 0.177313 0.910562 0.183083 0.8658440000000001 0.215792 0.845641 0.275438 0.803797 0.346625 0.769172 0.43127099999999996 0.747516 0.5486249999999999 0.740313 0.569792 0.757625 0.587104 0.8023440000000001 0.604417 0.858625 0.748708 0.966844 0.9988119999999999 1 0.717917 1 0.240813
50 0.221766 0.271437 0.221766 0.296312 0.22006199999999998 0.339271 0.22939099999999998 0.374312 0.211578 0.44779199999999997 0.221766 0.529208 0.22599999999999998 0.559729 0.25821900000000003 0.607208 0.28875 0.571042 0.361672 0.526938 0.37354699999999996 0.467021 0.372688 0.45797899999999997 0.382016 0.43875 0.384563 0.413875 0.382859 0.387875 0.376938 0.318917 0.376938 0.23525000000000001 0.385406 0.22168700000000002 0.39982799999999996 0.18550000000000003 0.406609 0.11654199999999999 0.404063 0.0995833 0.380328 0.0690625 0.370141 0.0532292 0.369297 0.0532292 0.36845300000000003 0.0532292 0.33623400000000003 0.032875 0.276875 0.03175 0.270094 0.0487083 0.251437 0.0803542 0.2455 0.124458 0.23701599999999998 0.17645799999999998 0.22599999999999998 0.251083 0.221766 0.271437
50 0.19675 0.753896 0.198703 0.717542 0.227922 0.566875 0.210391 0.488958 0.229875 0.377271 0.218187 0.346104 0.21623399999999998 0.291563 0.188969 0.221438 0.185062 0.218833 0.175328 0.218833 0.165578 0.29675 0.167531 0.392854 0.148047 0.582458 0.134422 0.704542 0.12363707545912206 0.7764225219234997 0.120781 0.795458 0.12273399999999998 0.821438 0.12273399999999998 0.831812 0.12290354945127166 0.8214128074195435 0.140266 0.818833 0.151953 0.808438 0.19675 0.753896