13 0.5962810000000001 0.51069 0.596984 0.5241 0.594562 0.525481 0.587641 0.532427 0.587984 0.556946 0.587984 0.581925 0.588344 0.6018410000000001 0.600781 0.606004 0.612187 0.605063 0.6125309999999999 0.5911919999999999 0.613563 0.573138 0.613219 0.551402 0.616672 0.548159 0.615297 0.528264 0.608375 0.525021 0.608375 0.510209 0.596984 0.511151 0.5962810000000001 0.51069
13 0.538188 0.419226 0.5394059999999999 0.467092 0.5394059999999999 0.481778 0.5524060000000001 0.481778 0.5515939999999999 0.440439 0.5515939999999999 0.415418 0.550781 0.400732 0.5483439999999999 0.398013 0.547531 0.389854 0.543063 0.39148499999999997 0.542656 0.402364 0.540219 0.40399599999999997 0.539813 0.414874 0.538188 0.419226
13 0.49482799999999993 0.445063 0.493234 0.458954 0.49482799999999993 0.482448 0.495625 0.48991599999999996 0.500406 0.490983 0.509188 0.49311699999999997 0.5107809999999999 0.490983 0.5107809999999999 0.474958 0.512375 0.45788700000000004 0.513172 0.445063 0.507594 0.439728 0.503609 0.43546 0.503609 0.425858 0.500406 0.423703 0.49642200000000003 0.425858 0.49881200000000003 0.431192 0.49881200000000003 0.436527 0.49482799999999993 0.445063
14 0.792531 0.577908 0.780141 0.579854 0.764844 0.590607 0.767031 0.615983 0.775766 0.646234 0.7976409999999999 0.658912 0.823156 0.6628240000000001 0.8647030000000001 0.6569670000000001 0.869078 0.652092 0.8734529999999999 0.624749 0.8770939999999999 0.607197 0.871266 0.591569 0.865422 0.586695 0.8311719999999999 0.574979 0.792531 0.578891 0.792531 0.577908
14 0.795484 0.49119199999999996 0.8052339999999999 0.492699 0.812375 0.49169500000000005 0.8150000000000001 0.48566899999999996 0.8187659999999999 0.47661099999999995 0.8161250000000001 0.4741 0.8063750000000001 0.47159 0.795859 0.47159 0.788344 0.475105 0.787969 0.475105 0.789844 0.484665 0.795484 0.49119199999999996
14 0.762656 0.472385 0.7704690000000001 0.475941 0.782375 0.47403799999999996 0.7837970000000001 0.46667400000000003 0.7887660000000001 0.45954 0.787344 0.45596200000000003 0.7708280000000001 0.453577 0.7624839999999999 0.45502099999999995 0.7578590000000001 0.459059 0.7578590000000001 0.45999999999999996 0.7617659999999999 0.464519 0.762656 0.472385
14 0.7837500000000001 0.439414 0.786625 0.43556500000000004 0.7904690000000001 0.42979100000000003 0.794781 0.42464399999999997 0.797672 0.418222 0.787109 0.41307499999999997 0.780875 0.411151 0.7751089999999999 0.412427 0.768875 0.420795 0.766 0.42272 0.7631249999999999 0.427218 0.771281 0.43299200000000004 0.7837500000000001 0.439414
58 0.666734 0.6200629999999999 0.659781 0.618745 0.6515 0.609414 0.639563 0.608975 0.612391 0.608975 0.5934999999999999 0.609854 0.564 0.617845 0.5520780000000001 0.631611 0.548766 0.64136 0.5606880000000001 0.660879 0.576937 0.668431 0.600453 0.677301 0.666406 0.689289 0.690937 0.693724 0.698547 0.691946 0.753562 0.689728 0.761188 0.6879500000000001 0.771125 0.6644349999999999 0.774781 0.652008 0.7737809999999999 0.6480130000000001 0.734672 0.624498 0.713469 0.618745 0.700547 0.6214019999999999 0.682984 0.620962 0.666734 0.6200629999999999
13 0.515484 0.431695 0.511188 0.433766 0.510875 0.44033500000000003 0.513031 0.446088 0.5121089999999999 0.481862 0.529312 0.48474900000000004 0.532078 0.432113 0.522859 0.431695 0.522547 0.41853599999999996 0.517641 0.41853599999999996 0.515484 0.431695
13 0.552359 0.395711 0.550453 0.398264 0.5509999999999999 0.40079499999999996 0.5520780000000001 0.478828 0.5612969999999999 0.47956099999999996 0.5577810000000001 0.443996 0.560484 0.440356 0.560484 0.43709200000000004 0.5623750000000001 0.43382800000000005 0.5612969999999999 0.41023000000000004 0.560484 0.40115100000000004 0.562109 0.396799 0.558594 0.395711 0.558047 0.385921 0.554516 0.385544 0.552625 0.388828 0.552359 0.395711
14 0.809109 0.51046 0.8136559999999999 0.507866 0.8198589999999999 0.494582 0.788844 0.49514600000000003 0.792438 0.509707 0.809109 0.51046
13 0.543672 0.56069 0.542516 0.551444 0.536766 0.550941 0.522969 0.551444 0.5214369999999999 0.556067 0.522969 0.5745399999999999 0.518 0.5822379999999999 0.518 0.5883889999999999 0.515688 0.594038 0.515688 0.605314 0.515313 0.643285 0.517234 0.650983 0.5260469999999999 0.654059 0.540984 0.65251 0.543281 0.64431 0.543672 0.6217360000000001 0.542141 0.61249 0.539062 0.5981380000000001 0.539453 0.5822379999999999 0.537922 0.578117 0.531781 0.57659 0.532172 0.5596650000000001 0.543672 0.56069
71 0.0039375 0.7734730000000001 0 0.846548 0.0162344 0.865649 0.039343699999999995 0.867615 0.0388594 0.9064639999999999 0.0344219 0.96046 0.0624531 0.9834940000000001 0.10425 0.9657319999999999 0.09196879999999999 0.849854 0.09 0.7919039999999999 0.0860625 0.7734730000000001 0.07967189999999999 0.7688699999999999 0.0732812 0.741213 0.0742656 0.735272 0.027546900000000003 0.755042 0.0039375 0.7734730000000001
13 0.583359 0.479749 0.584094 0.450711 0.583359 0.438891 0.578578 0.430544 0.576734 0.415774 0.573438 0.414289 0.566453 0.415272 0.566453 0.424142 0.565344 0.43495799999999996 0.556531 0.445293 0.562766 0.476799 0.559094 0.483682 0.562406 0.484665 0.564609 0.484665 0.585187 0.484665 0.583359 0.479749
13 0.877375 0.501611 0.863484 0.494916 0.852375 0.500879 0.849047 0.517238 0.8540469999999999 0.522448 0.849047 0.543285 0.855156 0.547008 0.8601559999999999 0.535837 0.871828 0.529895 0.8785000000000001 0.524686 0.8790469999999999 0.505335 0.877375 0.501611
13 0.657797 0.433724 0.652516 0.437071 0.653125 0.446653 0.653125 0.450397 0.648469 0.45788700000000004 0.6487809999999999 0.471653 0.651578 0.479142 0.656562 0.47956099999999996 0.670563 0.47956099999999996 0.674609 0.479142 0.676469 0.47039699999999995 0.676469 0.458724 0.676781 0.44956100000000004 0.675234 0.447071 0.675844 0.443305 0.678344 0.44039700000000004 0.676469 0.43414200000000003 0.675234 0.434561 0.6677660000000001 0.43288699999999997 0.657797 0.433724
13 0.621687 0.556946 0.6155630000000001 0.559519 0.6155630000000001 0.568243 0.611734 0.60569 0.631266 0.6082430000000001 0.633563 0.5656690000000001 0.625516 0.564644 0.625516 0.559519 0.621687 0.556946