52 0.111167 0.659375 0.14610399999999998 0.6523909999999999 0.101833 0.641906 0.129792 0.6191880000000001 0.143771 0.5912499999999999 0.120479 0.561547 0.0832083 0.551063 0.0319583 0.549312 0.0016875000000000002 0.570281 0.004 0.58775 0 0.6890780000000001 0.006333329166666667 0.785156 0.05525 0.772938 0.0412708 0.739734 0.0412708 0.7257659999999999 0.0832083 0.715281 0.11347900000000001 0.704797 0.122813 0.694312 0.104167 0.648891 0.111167 0.659375
27 0.0538958 0.9858119999999999 0.15943800000000002 0.981531 0.15943800000000002 0.9323589999999999 0.356229 0.846781 0.359063 0.9858119999999999 0.436083 0.983672 0.438937 0.774047 0.47887500000000005 0.7590779999999999 0.46460399999999996 0.7269840000000001 0.108083 0.6671090000000001 0.108083 0.703453 0.0909792 0.718453 0.0624583 0.722703 0.0367917 0.722703 0.039645799999999995 0.7590779999999999 0.0139583 0.761219 0.0054375 0.761219 0 0.9152189999999999 0.0225208 0.9323589999999999 0.0139583 0.917359 0.0481875 0.940891 0.0538958 0.9858119999999999
26 0.141792 0.47751599999999994 0.15125 0.47920299999999993 0.160958 0.47920299999999993 0.171646 0.47920299999999993 0.176625 0.478641 0.178125 0.474906 0.17960399999999999 0.469313 0.181104 0.46407800000000005 0.178375 0.45960900000000005 0.175375 0.455312 0.176625 0.449156 0.144292 0.449719 0.141792 0.47751599999999994
26 0.243438 0.47910899999999995 0.24437499999999998 0.454078 0.20845799999999998 0.45384399999999997 0.207833 0.47910899999999995 0.243438 0.47910899999999995
26 0.14239600000000002 0.390984 0.148062 0.39481299999999997 0.150333 0.396094 0.156583 0.396516 0.163958 0.396094 0.165104 0.39567199999999997 0.172479 0.347125 0.172479 0.345859 0.17077099999999998 0.34500000000000003 0.169083 0.34500000000000003 0.163958 0.34500000000000003 0.163396 0.34500000000000003 0.158854 0.34500000000000003 0.148062 0.344156 0.14125 0.345859 0.138979 0.388 0.14239600000000002 0.390984
14 0.15943800000000002 0.7551249999999999 0.15943800000000002 0.7613749999999999 0.172312 0.7630779999999999 0.18445799999999998 0.760813 0.187479 0.754547 0.197333 0.7471720000000001 0.199604 0.736938 0.17081200000000002 0.742625 0.142771 0.738641 0.142771 0.742047 0.142771 0.744328 0.145792 0.749437 0.15943800000000002 0.7551249999999999
14 0.145625 0.734516 0.146479 0.739672 0.172292 0.743547 0.20156300000000002 0.737734 0.202417 0.729984 0.168854 0.735797 0.145625 0.733219 0.145625 0.734516
14 0.192542 0.730953 0.198813 0.7282029999999999 0.199333 0.720766 0.196188 0.718813 0.181563 0.718016 0.16849999999999998 0.718813 0.153875 0.721938 0.143958 0.725859 0.146042 0.733688 0.145521 0.733688 0.170083 0.736047 0.192542 0.730953
48 0.272667 0.620219 0.275646 0.703375 0.284646 0.696625 0.470417 0.725844 0.47341700000000003 0.638203 0.272667 0.620219
58 0.901875 0.746063 0.898875 0.642703 0.943812 0.624719 0.707125 0.60225 0.60825 0.624719 0.611229 0.624719 0.60525 0.7056250000000001 0.901875 0.746063
12 0.8211879999999999 0.387469 0.803917 0.387469 0.803917 0.45548400000000006 0.821813 0.45593700000000004 0.8211879999999999 0.389313 0.8211879999999999 0.387469
78 0 0.784203 0.0281458 0.7823279999999999 0.0494167 0.7598130000000001 0.034416699999999995 0.727906 0.0281458 0.686625 0.043708300000000005 0.664641 0.037666700000000004 0.6581089999999999 0.034312499999999996 0.667656 0.0282917 0.664141 0.0209167 0.664641 0.014875 0.669172 0.010854200000000001 0.668156 0.0007916666666666666 0.668156 0 0.668156 0 0.784203
78 0.0884583 0.649953 0.0805 0.654266 0.0685625 0.655922 0.0499792 0.658578 0.043791699999999996 0.660234 0.0420208 0.670188 0.0353958 0.677156 0.02875 0.685453 0.034499999999999996 0.721938 0.0694375 0.7226090000000001 0.08537499999999999 0.715313 0.0880208 0.666547 0.09333330000000001 0.655922 0.09775 0.651281 0.0884583 0.649953
79 0.0519167 0.386641 0.060875 0.386937 0.0651875 0.384594 0.0659583 0.375516 0.0651875 0.367031 0.06283330000000001 0.36409400000000003 0.0565833 0.360297 0.0534792 0.35853100000000004 0.0526875 0.354141 0.0562083 0.347125 0.057374999999999995 0.345656 0.0655625 0.345359 0.0710417 0.342438 0.0663542 0.33951600000000004 0.0601042 0.338922 0.0507292 0.33717199999999997 0.0355208 0.339219 0.0456667 0.345359 0.0445 0.360875 0.0405833 0.36175 0.035124999999999997 0.367906 0.0347292 0.388984 0.0519167 0.386641
79 0.07110419999999999 0.342828 0.0705208 0.343047 0.069625 0.34393799999999997 0.069625 0.344156 0.0702292 0.346359 0.0772708 0.346359 0.07756249999999999 0.36289099999999996 0.0658125 0.363984 0.06404170000000001 0.366625 0.06316669999999999 0.38557800000000003 0.06316669999999999 0.385797 0.0643542 0.386469 0.08931249999999999 0.387344 0.0916667 0.367078 0.091375 0.367078 0.0890208 0.365969 0.0872708 0.363984 0.08637500000000001 0.359359 0.0860833 0.352312 0.0860833 0.349672 0.08637500000000001 0.347906 0.0902083 0.345922 0.0940208 0.344813 0.0931458 0.342828 0.0872708 0.340187 0.0831458 0.340187 0.0766875 0.340406 0.0725625 0.34084400000000004 0.0749167 0.341953 0.0725625 0.342609 0.07110419999999999 0.342828
79 0.12372899999999999 0.35718700000000003 0.125438 0.363906 0.123292 0.368703 0.12031299999999999 0.370938 0.116917 0.37860900000000003 0.11775000000000001 0.390109 0.13949999999999999 0.392031 0.138208 0.3735 0.133521 0.369984 0.13181199999999998 0.36678099999999997 0.134375 0.35495299999999996 0.13906300000000002 0.354312 0.14035399999999998 0.350156 0.137354 0.34825 0.125854 0.34696899999999997 0.116917 0.34825 0.115625 0.35176599999999997 0.11733299999999999 0.354312 0.11606200000000001 0.355281 0.121604 0.356234 0.12372899999999999 0.35718700000000003
79 0.114812 0.348969 0.116792 0.34846900000000003 0.115146 0.346719 0.107479 0.345484 0.10016699999999999 0.344734 0.08883329999999999 0.346469 0.0961667 0.350969 0.0978333 0.351469 0.0988333 0.357203 0.0988333 0.364203 0.0988333 0.364703 0.0981667 0.368188 0.0925 0.37118799999999996 0.0901667 0.380422 0.0901667 0.389156 0.114812 0.390656 0.116125 0.384922 0.11712499999999999 0.374938 0.11547900000000001 0.369688 0.109813 0.367437 0.10781299999999999 0.36595300000000003 0.108146 0.35446900000000003 0.10914599999999999 0.351469 0.114812 0.348969
26 0.17927099999999999 0.45487500000000003 0.183479 0.457391 0.18375 0.464344 0.178979 0.472125 0.17870799999999998 0.478219 0.197771 0.478219 0.200875 0.47801600000000005 0.201146 0.46517200000000003 0.205917 0.46349999999999997 0.207875 0.460344 0.207042 0.454453 0.207042 0.454234 0.20339600000000002 0.452125 0.19806200000000002 0.45149999999999996 0.187396 0.45171900000000004 0.176167 0.452125 0.176167 0.453391 0.17645799999999998 0.455078 0.17927099999999999 0.45487500000000003
26 0.24225 0.40462499999999996 0.244417 0.380594 0.241521 0.360922 0.218917 0.360375 0.218188 0.394797 0.24225 0.40462499999999996
14 0.0839375 0.47162499999999996 0.0910625 0.46179699999999996 0.031125 0.46179699999999996 0.033375 0.465719 0.04425 0.474437 0.0509792 0.47753100000000004 0.0742083 0.476406 0.0839375 0.47162499999999996
14 0.0322708 0.46189099999999994 0.054187500000000006 0.46189099999999994 0.090125 0.461359 0.0919167 0.45920300000000003 0.0789792 0.459734 0.05025 0.459469 0.0319167 0.459469 0.0308333 0.46054700000000004 0.0322708 0.46189099999999994
14 0.128417 0.461016 0.130188 0.452109 0.0946042 0.450781 0.0969792 0.459672 0.128417 0.461016
12 0.778125 0.393641 0.785042 0.457266 0.8034789999999999 0.454844 0.801187 0.389141 0.782729 0.391219 0.778125 0.393641
79 0.2165 0.396547 0.208958 0.37507799999999997 0.210479 0.362641 0.219521 0.36150000000000004 0.19539600000000001 0.358109 0.193896 0.362641 0.202937 0.363766 0.202937 0.37281200000000003 0.199917 0.395422 0.2165 0.396547
79 0.022854199999999998 0.342734 0.0336875 0.347594 0.035416699999999995 0.354734 0.0336875 0.36318700000000004 0.02675 0.36512500000000003 0.0241667 0.390781 0.0349792 0.389156 0.035416699999999995 0.367406 0.0419167 0.360906 0.0445 0.345969 0.047104200000000006 0.345969 0.0345417 0.340125 0.0263333 0.341109 0.022854199999999998 0.342734
79 0.220354 0.363391 0.22733299999999998 0.387266 0.224333 0.39770300000000003 0.23727099999999998 0.399187 0.228313 0.384281 0.228313 0.368609 0.23727099999999998 0.361906 0.21837499999999999 0.362641 0.220354 0.363391
79 0.236979 0.364359 0.24485400000000002 0.368797 0.2455 0.381094 0.238292 0.385516 0.23960399999999998 0.397328 0.257979 0.404219 0.257979 0.386016 0.249438 0.383062 0.250104 0.369781 0.256667 0.36682800000000004 0.25075 0.36289099999999996 0.238937 0.363875 0.236979 0.364359
79 0.22025 0.360125 0.216354 0.360344 0.21185400000000001 0.36259399999999997 0.21245799999999998 0.370016 0.210958 0.371359 0.208563 0.374047 0.20706300000000002 0.38057799999999997 0.20556300000000002 0.39382799999999996 0.20556300000000002 0.398328 0.208875 0.40146899999999996 0.225354 0.40146899999999996 0.22504200000000002 0.372938 0.22145800000000002 0.366859 0.22025 0.360125
79 0.0879792 0.352375 0.0917708 0.355406 0.09454169999999999 0.361078 0.0942917 0.365047 0.0917708 0.366938 0.0917708 0.36939099999999997 0.0917708 0.37809400000000004 0.0942917 0.371469 0.0988125 0.367688 0.0988125 0.359375 0.0988125 0.35293800000000003 0.0988125 0.352 0.0917708 0.348781 0.0862083 0.348969 0.0879792 0.352375
26 0.121396 0.47340600000000005 0.124542 0.46890599999999993 0.127104 0.463328 0.11654199999999999 0.46118800000000004 0.102542 0.459687 0.0979792 0.461625 0.0919792 0.462047 0.087125 0.464406 0.0865625 0.46868699999999996 0.0905625 0.47126599999999996 0.0942708 0.47318699999999997 0.09712499999999999 0.47426599999999997 0.0982708 0.476406 0.0982708 0.47725 0.10141700000000001 0.477688 0.11512499999999999 0.47832800000000003 0.121396 0.47340600000000005
26 0.180563 0.461766 0.180563 0.47026599999999996 0.1835 0.458469 0.18239599999999997 0.456281 0.176917 0.45462499999999995 0.180563 0.461766
26 0.6341249999999999 0.41803100000000004 0.6380210000000001 0.442375 0.6542290000000001 0.442375 0.653271 0.41901599999999994 0.6341249999999999 0.41803100000000004
14 0.092625 0.459516 0.0937292 0.430375 0.0643958 0.42735900000000004 0.0317708 0.429 0.0314167 0.458703 0.092625 0.459516
12 0.751896 0.37971900000000003 0.758021 0.45562500000000006 0.758542 0.45831299999999997 0.782042 0.45831299999999997 0.7841039999999999 0.454094 0.7795000000000001 0.39275000000000004 0.800958 0.390062 0.799438 0.38125 0.767229 0.377031 0.751896 0.37971900000000003
12 0.821667 0.45815599999999995 0.8380829999999999 0.459187 0.8401460000000001 0.456109 0.8387709999999999 0.391984 0.8360420000000001 0.391984 0.820979 0.39146899999999996 0.821667 0.45815599999999995