10 0.249203 0.608642 0.238906 0.614801 0.209078 0.641007 0.162781 0.701148 0.164844 0.702693 0.181297 0.701148 0.193641 0.691897 0.20290599999999998 0.696511 0.218344 0.696511 0.239937 0.6641450000000001 0.239937 0.631756 0.252281 0.624052 0.263609 0.633302 0.254344 0.622506 0.249203 0.608642
10 0.760484 0.615831 0.763563 0.617377 0.763563 0.626628 0.763563 0.642037 0.763563 0.672881 0.768703 0.686745 0.781047 0.699087 0.784141 0.706792 0.768703 0.714496 0.784141 0.714496 0.789281 0.700632 0.802656 0.700632 0.828375 0.728384 0.8191089999999999 0.697541 0.833516 0.709883 0.818094 0.682131 0.816031 0.671335 0.787219 0.642037 0.773844 0.605035 0.760484 0.598852 0.757391 0.6096490000000001 0.750188 0.615831 0.75225 0.6188990000000001 0.760484 0.615831
10 0.9616720000000001 0.852342 0.972813 0.857354 0.9828279999999999 0.854028 0.9761409999999999 0.8423419999999999 0.965016 0.830656 0.9616720000000001 0.8022950000000001 0.9516560000000001 0.7939579999999999 0.940531 0.790609 0.936078 0.778946 0.9305160000000001 0.792295 0.9282809999999999 0.813981 0.931625 0.834005 0.936078 0.8473539999999999 0.933844 0.857354 0.933844 0.865691 0.94275 0.854028 0.9516560000000001 0.845667 0.9616720000000001 0.852342
10 0.7547189999999999 0.9182899999999999 0.750406 0.9311940000000001 0.761891 0.933326 0.7604529999999999 0.9182899999999999 0.773359 0.916136 0.7705 0.9290400000000001 0.7819689999999999 0.9311940000000001 0.7791089999999999 0.9096719999999999 0.774797 0.868806 0.763312 0.851616 0.750406 0.827963 0.741797 0.8301170000000001 0.746109 0.840867 0.751844 0.851616 0.750406 0.8666739999999999 0.753281 0.860211 0.750406 0.886019 0.7547189999999999 0.9182899999999999
10 0.308734 0.91555 0.310125 0.91555 0.311172 0.9139809999999999 0.31360899999999997 0.9098130000000001 0.315016 0.9040520000000001 0.320234 0.896206 0.325469 0.891499 0.333156 0.891499 0.340484 0.891499 0.345719 0.88993 0.345016 0.887307 0.340484 0.8826 0.333156 0.8737240000000001 0.321641 0.863794 0.317797 0.862225 0.316406 0.853841 0.314656 0.84548 0.310828 0.8423419999999999 0.302094 0.8423419999999999 0.298609 0.84548 0.298609 0.851241 0.29895299999999997 0.85541 0.296859 0.857518 0.288141 0.860656 0.291984 0.860656 0.296859 0.86274 0.29931199999999997 0.863794 0.300359 0.863794 0.3 0.8674470000000001 0.29965600000000003 0.872155 0.29965600000000003 0.877377 0.29965600000000003 0.8820840000000001 0.29965600000000003 0.886792 0.3 0.894637 0.301047 0.900398 0.302094 0.905621 0.308734 0.9171189999999999 0.308734 0.91555
10 0.221219 0.906019 0.21785899999999997 0.877471 0.206656 0.877471 0.204406 0.858993 0.194328 0.855644 0.192078 0.860679 0.19320299999999999 0.870749 0.186484 0.877471 0.179766 0.8858779999999999 0.180875 0.9093680000000001 0.180875 0.934567 0.18984399999999998 0.9429510000000001 0.192078 0.9429510000000001 0.192078 0.953044 0.194328 0.9429510000000001 0.20776599999999998 0.946323 0.208891 0.936253 0.221219 0.906019
10 0.8824059999999999 0.9380090000000001 0.883297 0.949274 0.883078 0.955902 0.8855000000000001 0.964496 0.88925 0.970117 0.891906 0.976089 0.89875 0.979063 0.905813 0.981382 0.9117810000000001 0.9833489999999999 0.919734 0.982693 0.919734 0.951593 0.922156 0.9463 0.9190630000000001 0.9410069999999999 0.9146559999999999 0.92808 0.9131090000000001 0.922459 0.908906 0.916511 0.9027189999999999 0.9105390000000001 0.901844 0.907892 0.9002969999999999 0.903607 0.8954380000000001 0.900281 0.8901410000000001 0.900281 0.885281 0.9022720000000001 0.880641 0.905925 0.8815310000000001 0.9065810000000001 0.882625 0.907892 0.883297 0.912857 0.8824059999999999 0.915176 0.88175 0.918501 0.8808590000000001 0.929087 0.881969 0.9380090000000001 0.8824059999999999 0.9380090000000001
10 0.289141 0.841077 0.28446899999999997 0.836932 0.283406 0.8363 0.278938 0.83534 0.27725 0.827073 0.27575 0.8235600000000001 0.271937 0.819742 0.26810900000000004 0.8178219999999999 0.2645 0.818782 0.261094 0.820703 0.259828 0.821967 0.257906 0.8264170000000001 0.257703 0.8299300000000001 0.257281 0.832787 0.255359 0.834707 0.26025 0.8363 0.262156 0.8363 0.26343700000000003 0.836604 0.263219 0.8385250000000001 0.25918800000000003 0.842037 0.257703 0.846487 0.257063 0.852529 0.257703 0.858267 0.261094 0.864005 0.262578 0.871639 0.26534399999999997 0.876089 0.272562 0.883747 0.27681300000000003 0.889485 0.280219 0.890749 0.28276599999999996 0.893607 0.28276599999999996 0.896159 0.28276599999999996 0.899977 0.28276599999999996 0.902529 0.283188 0.903489 0.283625 0.902201 0.283625 0.899977 0.283625 0.899016 0.283625 0.896159 0.283828 0.8945670000000001 0.283828 0.893607 0.286594 0.894262 0.289781 0.8951990000000001 0.290625 0.894262 0.293172 0.894262 0.296156 0.891382 0.298063 0.888525 0.299547 0.8863000000000001 0.299547 0.879274 0.299344 0.873864 0.29976600000000003 0.870375 0.29996900000000004 0.8659020000000001 0.298281 0.8534889999999999 0.298484 0.8531850000000001 0.293812 0.845527 0.289141 0.841077
10 0.329469 0.950328 0.332578 0.950328 0.34382799999999997 0.9353629999999999 0.353812 0.9259949999999999 0.360063 0.90726 0.365062 0.894169 0.36381199999999997 0.8801169999999999 0.360687 0.882927 0.340078 0.883864 0.324469 0.8979159999999999 0.305734 0.91007 0.300109 0.920375 0.2895 0.920375 0.270125 0.9306789999999999 0.27137500000000003 0.94096 0.28575 0.950328 0.277 0.9634429999999999 0.28575 0.969977 0.297609 0.9671900000000001 0.303234 0.959696 0.319469 0.954075 0.329469 0.950328
10 0.382859 0.896862 0.394062 0.9069320000000001 0.404359 0.916979 0.41151600000000005 0.927049 0.410625 0.918993 0.416453 0.9116160000000001 0.424062 0.89082 0.424953 0.873372 0.43078099999999997 0.8666510000000001 0.427187 0.856581 0.418687 0.854567 0.409734 0.86733 0.392719 0.8740279999999999 0.38643700000000003 0.892834 0.382859 0.896862
10 0.49762500000000004 0.9332320000000001 0.504594 0.9203279999999999 0.51075 0.906183 0.513625 0.900656 0.517312 0.903115 0.5164839999999999 0.893888 0.514844 0.8834190000000001 0.507047 0.875433 0.497203 0.877892 0.48490599999999995 0.877283 0.47915599999999997 0.880351 0.47259399999999996 0.894496 0.471766 0.9067919999999999 0.47300000000000003 0.920937 0.474641 0.932014 0.47792199999999996 0.9375410000000001 0.479969 0.938782 0.479969 0.946159 0.47832800000000003 0.951077 0.479563 0.951077 0.48490599999999995 0.947377 0.48448399999999997 0.9356909999999999 0.488594 0.9369320000000001 0.490641 0.950445 0.493109 0.950445 0.493109 0.938782 0.49762500000000004 0.9332320000000001
50 0.622094 0.395808 0.613141 0.359953 0.595203 0.347424 0.573672 0.358173 0.568297 0.377892 0.567703 0.387752 0.540203 0.429859 0.504328 0.459415 0.504328 0.482717 0.660359 0.481827 0.640031 0.44508200000000003 0.618516 0.411944 0.622094 0.395808
50 0.490578 0.565925 0.506125 0.626862 0.509703 0.636721 0.485203 0.707518 0.5417098327215057 0.7085697609435904 0.677703 0.711101 0.684875 0.701241 0.658563 0.652857 0.6519843659711995 0.6455999649971789 0.674109 0.593724 0.663344 0.572201 0.66275 0.541733 0.5552784057067703 0.5389215062855377 0.491766 0.53726 0.490578 0.565925
50 0.546172 0.906206 0.550953 0.867658 0.55275 0.752974 0.512094 0.749391 0.520469 0.904403 0.542594 0.907986 0.546172 0.906206
50 0.675906 0.866768 0.6795 0.821077 0.669922 0.821077 0.634656 0.752084 0.649 0.9321780000000001 0.668734 0.936651 0.666937 0.902623 0.675906 0.866768
50 0.70125 0.195691 0.700453 0.20044499999999998 0.7016560000000001 0.206956 0.700859 0.21171 0.6933279999999999 0.225972 0.690156 0.23904 0.687781 0.25922700000000004 0.684219 0.274075 0.683828 0.282974 0.685797 0.28536300000000003 0.686984 0.28356 0.691344 0.273466 0.694125 0.274075 0.692531 0.282389 0.690562 0.302576 0.6929369999999999 0.33463699999999996 0.6929369999999999 0.34651099999999996 0.692531 0.355433 0.693719 0.363747 0.702438 0.365527 0.704812 0.355433 0.700859 0.334052 0.702438 0.31147499999999995 0.704812 0.284169 0.706 0.31623 0.707203 0.326909 0.713938 0.341756 0.714328 0.359578 0.721453 0.362553 0.725812 0.358384 0.720672 0.322763 0.719484 0.28 0.730172 0.280609 0.728594 0.236651 0.725812 0.219438 0.719484 0.207564 0.7123440000000001 0.205176 0.7123440000000001 0.189742 0.707203 0.186183 0.708781 0.187963 0.702438 0.18676800000000002 0.70125 0.195691
8 0.225406 0.435808 0.217891 0.420047 0.196844 0.41103000000000006 0.186328 0.447073 0.186328 0.465082 0.154781 0.458337 0.13825 0.456089 0.13825 0.478595 0.10067200000000001 0.480867 0.0631094 0.478595 0.0646094 0.489859 0.066125 0.537166 0.6875815842132695 0.537166 0.770875 0.537166 0.769375 0.492108 0.692734 0.485363 0.692734 0.451569 0.682219 0.456089 0.673203 0.492108 0.220891 0.480867 0.225406 0.435808
8 0.165297 0.688056 0.159281 0.541663 0.13675 0.539415 0.129234 0.56644 0.13675 0.561944 0.135234 0.7015689999999999 0.0195312 0.706089 0.0225469 0.735363 0.0826406 0.739859 0.13675 0.825457 0.126219 0.863747 0.11720299999999999 0.929063 0.175812 0.929063 0.171313 0.856979 0.160781 0.7466280000000001 0.640141 0.757892 0.682219 0.83445 0.670188 0.926792 0.722781 0.9493210000000001 0.727297 0.87274 0.715266 0.8299530000000002 0.755844 0.7511239999999999 0.823469 0.730867 0.70625 0.710585 0.689734 0.543911 0.671703 0.555176 0.674703 0.708337 0.165297 0.688056
26 0.650328 0.949578 0.645969 0.949578 0.619125 0.958618 0.5892660000000001 0.9696959999999999 0.5872499999999999 0.974707 0.589938 1 0.6533439999999999 0.999859 0.653687 0.9847779999999999 0.6519999999999999 0.9646600000000001 0.650328 0.949578
10 0.379328 0.8840520000000001 0.378797 0.8780330000000001 0.381797 0.880023 0.388172 0.882037 0.390844 0.882037 0.39117199999999996 0.8775179999999999 0.3895 0.876019 0.386828 0.86548 0.381469 0.861967 0.380469 0.855457 0.379125 0.843911 0.373766 0.833864 0.366406 0.836393 0.365734 0.8459249999999999 0.365406 0.854941 0.362391 0.861967 0.360047 0.8780330000000001 0.360047 0.8840520000000001 0.367203 0.896581 0.372891 0.9046139999999999 0.379328 0.8840520000000001
50 0.5845 0.25119400000000003 0.5845 0.253724 0.5972500000000001 0.253349 0.60975 0.253349 0.619375 0.253349 0.622984 0.250468 0.622984 0.247588 0.617219 0.245059 0.609516 0.242904 0.607594 0.22882899999999998 0.6015780000000001 0.221265 0.592922 0.223068 0.5945940000000001 0.24110099999999998 0.588594 0.249742 0.5845 0.25119400000000003
50 0.0789219 0.218806 0.0754531 0.22079600000000002 0.07357810000000001 0.22519899999999998 0.0743906 0.23639300000000002 0.078125 0.242787 0.07225000000000001 0.261569 0.0757188 0.274356 0.0778594 0.289953 0.0778594 0.290351 0.0887813 0.289555 0.090125 0.255972 0.0909219 0.245176 0.0845156 0.23039800000000002 0.0834531 0.22159299999999998 0.0789219 0.218806
50 0.7529060000000001 0.28161600000000003 0.754078 0.274028 0.756281 0.264426 0.756281 0.261382 0.757969 0.25178 0.755938 0.241148 0.752062 0.233302 0.7474999999999999 0.226487 0.742781 0.22217800000000001 0.742438 0.21634699999999998 0.7439530000000001 0.20623 0.744969 0.19990600000000003 0.7292810000000001 0.19864199999999999 0.734844 0.209532 0.734844 0.223958 0.7301249999999999 0.229508 0.726406 0.23281 0.730453 0.268735 0.729781 0.280351 0.732141 0.282646 0.735687 0.290468 0.752062 0.290234 0.7529060000000001 0.28161600000000003
10 0.225781 0.44800900000000005 0.225781 0.432506 0.221719 0.418103 0.213953 0.40922699999999995 0.208047 0.395386 0.199547 0.398712 0.19473400000000002 0.413115 0.184766 0.43028099999999997 0.190672 0.47236500000000003 0.193625 0.497307 0.191047 0.5222249999999999 0.20951599999999998 0.529415 0.23168700000000003 0.529415 0.21985899999999997 0.52 0.21985899999999997 0.479016 0.225781 0.44800900000000005