50 0.21067200000000003 0.991021 0.249437 0.99325 0.3 0.99325 0.338766 1 0.360672 0.977521 0.358984 0.912354 0.364047 0.858417 0.387641 0.817979 0.40112500000000006 0.748313 0.389328 0.703375 0.387641 0.651687 0.39270299999999997 0.539333 0.46179699999999996 0.48764599999999997 0.48876600000000003 0.429208 0.46179699999999996 0.355063 0.436516 0.33033300000000004 0.411234 0.32360399999999995 0.389328 0.328083 0.382578 0.352812 0.42303100000000005 0.373042 0.417984 0.40897900000000004 0.412922 0.40675 0.372469 0.413479 0.337078 0.386521 0.342141 0.373042 0.343812 0.312354 0.32528100000000004 0.28539600000000004 0.288203 0.269667 0.259547 0.303375 0.259547 0.346063 0.27303099999999997 0.39775 0.25618799999999997 0.41572899999999996 0.21235900000000002 0.41572899999999996 0.165172 0.40675 0.158422 0.35954200000000003 0.165172 0.316854 0.141578 0.301125 0.112922 0.319104 0.10954699999999999 0.334833 0.0859531 0.41122899999999996 0.126406 0.5011249999999999 0.173594 0.532583 0.20224999999999999 0.564042 0.1955 0.642687 0.188766 0.685396 0.1955 0.6966249999999999 0.182016 0.752812 0.182016 0.817979 0.21067200000000003 0.912354 0.208984 0.99325 0.21067200000000003 0.991021
50 0.787141 0.442604 0.783141 0.408313 0.776844 0.375521 0.767703 0.354187 0.760266 0.346562 0.741406 0.336667 0.718547 0.331333 0.694531 0.342 0.684812 0.358771 0.684812 0.410583 0.689969 0.426604 0.692828 0.453271 0.700828 0.46775 0.710547 0.473083 0.714547 0.485271 0.699688 0.494417 0.682531 0.520333 0.668813 0.542438 0.671109 0.558438 0.680813 0.573688 0.689969 0.575208 0.693391 0.5775 0.71225 0.585875 0.728828 0.5935 0.744844 0.599604 0.757406 0.596542 0.764844 0.584354 0.786 0.510437 0.787703 0.478417 0.787141 0.442604
50 0.771906 0.647187 0.733141 0.665167 0.664047 0.620229 0.665734 0.640458 0.665734 0.692125 0.648875 0.8 0.687641 0.988771 0.689406 0.999438 0.837203 1 0.8342659999999998 0.979771 0.832578 0.943812 0.819094 0.874167 0.808984 0.8112289999999999 0.8022500000000001 0.739333 0.808984 0.662917 0.8140470000000001 0.6045 0.810672 0.559542 0.8022500000000001 0.555063 0.7955 0.613479 0.771906 0.647187
50 0.793422 1 0.838969 0.994604 0.8229839999999999 0.883813 0.818984 0.824146 0.816594 0.749563 0.826187 0.726125 0.828578 0.6995 0.8349690000000001 0.687771 0.8349690000000001 0.665417 0.834172 0.6377079999999999 0.841359 0.622792 0.837359 0.594021 0.837359 0.555667 0.832578 0.527979 0.8301719999999999 0.47043799999999997 0.826984 0.45979200000000003 0.826187 0.448062 0.8014060000000001 0.391604 0.794219 0.383083 0.7926249999999999 0.36816699999999997 0.791828 0.35537500000000005 0.791016 0.33727100000000004 0.788625 0.324479 0.785422 0.31277099999999997 0.7726409999999999 0.296792 0.765453 0.293583 0.746281 0.297854 0.732688 0.306375 0.7255 0.31702100000000005 0.723109 0.326625 0.723906 0.32981299999999997 0.737484 0.33408299999999996 0.748672 0.34154199999999996 0.758266 0.35006200000000004 0.778234 0.374562 0.786234 0.399063 0.787031 0.437417 0.786234 0.48110400000000003 0.778234 0.538625 0.76625 0.579104 0.758266 0.597229 0.747078 0.602542 0.709516 0.586562 0.691141 0.578042 0.677562 0.572729 0.669562 0.559937 0.663969 0.550354 0.660781 0.5439579999999999 0.657578 0.533292 0.651984 0.530104 0.650391 0.530104 0.641609 0.532229 0.630422 0.580167 0.634406 0.602542 0.648 0.627062 0.647203 0.643042 0.649594 0.648354 0.660781 0.645167 0.663969 0.631312 0.669562 0.620667 0.691937 0.635583 0.709516 0.644104 0.723109 0.660083 0.736688 0.661146 0.760656 0.660083 0.788625 0.625979 0.7950160000000001 0.611062 0.798219 0.595083 0.8038130000000001 0.565271 0.805406 0.563125 0.8094060000000001 0.563125 0.8109999999999999 0.564187 0.8157970000000001 0.634521 0.8094060000000001 0.682458 0.8022030000000001 0.724 0.8030160000000001 0.764479 0.8022030000000001 0.787917 0.791828 0.803917 0.790219 0.818812 0.786234 0.873146 0.783031 0.889146 0.783031 0.961583 0.785422 1 0.793422 1
54 0.385562 0.335875 0.380453 0.360208 0.389937 0.353396 0.399438 0.345604 0.385562 0.335875
54 0.420547 0.370875 0.42023399999999994 0.36322899999999997 0.398297 0.364083 0.394797 0.367063 0.417047 0.378083 0.420547 0.370875
24 0.8129839999999999 0.7972710000000001 0.8129839999999999 0.8218960000000001 0.826172 0.895771 0.8472810000000001 0.985458 0.9211560000000001 0.999542 0.992375 0.997771 0.9791869999999999 0.719875 0.9607189999999999 0.7427499999999999 0.898719 0.746271 0.823531 0.765604 0.8129839999999999 0.7972710000000001
22 0.0698438 0.798979 0.062875 0.779875 0.048156199999999996 0.738062 0.0055781203125 0.745292 0.0144844 0.802063 0.0264844 0.906875 0.029187499999999998 0.923917 0.0493281 0.920292 0.0818438 0.906875 0.114375 0.924417 0.155031 0.917188 0.199547 0.888292 0.194906 0.874354 0.17321899999999998 0.8598960000000001 0.139547 0.8536870000000001 0.103922 0.854208 0.09075 0.828917 0.0930781 0.828396 0.11320300000000001 0.828396 0.179422 0.8222079999999999 0.190641 0.8185830000000001 0.192969 0.804646 0.183297 0.795875 0.14882800000000002 0.798458 0.0865 0.8 0.0698438 0.798979
22 0.0640938 0.6575209999999999 0.0603906 0.73775 0.117609 0.734792 0.11501600000000001 0.658521 0.06225000000000001 0.656542 0.0640938 0.6575209999999999
22 0.49225 0.866938 0.53925 0.8718330000000001 0.547547 0.933271 0.560438 0.9258959999999999 0.540172 0.726854 0.558594 0.707208 0.568734 0.692458 0.563203 0.669125 0.520813 0.644542 0.486719 0.655604 0.454469 0.678937 0.439719 0.702292 0.451703 0.7526670000000001 0.469219 0.7735420000000001 0.47750000000000004 0.7809170000000001 0.480266 0.796896 0.47290599999999994 0.905021 0.483031 0.9185420000000001 0.486719 0.9258959999999999 0.485797 0.930813 0.490406 0.9295829999999999 0.49225 0.866938
7 1 0.7246670000000001 0.9426410000000001 0.7383120000000001 0.894547 0.7469169999999999 0.860797 0.7526670000000001 0.827047 0.7679790000000001 0.8148440000000001 0.779479 0.8148440000000001 0.821604 0.823469 0.8551040000000001 0.832797 0.918292 0.83925 1 1 1 1 0.893396 1 0.7246670000000001