26 0.797422 0.467658 0.811312 0.465808 0.8190310000000001 0.45423899999999995 0.830453 0.404286 0.839094 0.36632299999999995 0.845891 0.347822 0.842797 0.340422 0.80575 0.328852 0.779828 0.325621 0.7634529999999999 0.33302099999999996 0.750188 0.347822 0.740609 0.381148 0.7470939999999999 0.396862 0.748641 0.39826700000000004 0.751422 0.402436 0.747719 0.429719 0.757906 0.43852500000000005 0.768703 0.44962500000000005 0.7684059999999999 0.454707 0.781984 0.46348900000000004 0.797422 0.467658
42 0.214406 0.925831 0.854594 0.714614 0.8530939999999999 0.6966279999999999 0.6417029999999999 0.460679 0.6252030000000001 0.44719 0.613219 0.137073 0.259375 0.08088989929742389 0.278875 0.501124 0.208406 0.8966280000000001 0.214406 0.925831
45 0.876516 0.5892740000000001 0.879516 0.59918 0.8849220000000001 0.602787 0.901734 0.614496 0.9371560000000001 0.638782 0.9990159999999999 0.6837939999999999 0.998422 0.561382 0.987609 0.558689 0.975 0.555082 0.963578 0.551475 0.9515779999999999 0.547892 0.939563 0.546089 0.931156 0.546089 0.921547 0.546089 0.913734 0.547892 0.9041410000000001 0.554192 0.8963279999999999 0.559578 0.8831089999999999 0.573981 0.876516 0.5892740000000001
12 0.590719 0.123607 0.647703 0.0022482388758782203 0.620703 0.02023419906323185 0.5667340000000001 0.12808 0.590719 0.123607
12 0.46767200000000003 0.10897 0.496031 0 0.48056299999999996 0.0014285690866510537 0.451781 0.105738 0.46767200000000003 0.10897
12 0.6261720000000001 0.214145 0.6261720000000001 0.224614 0.631984 0.233326 0.640125 0.23854799999999998 0.70875 0.01370019906323185 0.6889689999999999 0.0014988290398126464 0.648266 0.116534 0.620359 0.205433 0.6261720000000001 0.214145
12 0.48426600000000003 0.11461400000000001 0.5037659999999999 0.08313819906323185 0.5337500000000001 0.008992969555035129 0.499266 0.004496489461358314 0.467781 0.101124 0.48426600000000003 0.11461400000000001
12 0.613063 0.0019672107728337237 0.5569219999999999 0.0019672107728337237 0.516937 0.117237 0.563844 0.124145 0.597672 0.03309129976580796 0.613063 0.0019672107728337237
12 0.656875 0 0.654125 0.012786899297423887 0.6596409999999999 0.029344299765807963 0.633422 0.118244 0.615484 0.190632 0.6168750000000001 0.21337199999999998 0.630672 0.18648699999999999 0.689984 0 0.656875 0
12 0.478953 0.011311501170960187 0.482297 0.0012880608899297425 0.45351600000000003 0.0002810304449648712 0.42606299999999997 0.103115 0.4525 0.10613600000000001 0.478953 0.011311501170960187
12 0.416188 0.100726 0.439156 0.0007259953161592506 0.42676600000000003 0.001803281030444965 0.40342200000000006 0.09962529976580796 0.416188 0.100726
12 0.403688 0.100515 0.427688 0 0.41282800000000003 0.00117096018735363 0.392266 0.09822010070257611 0.403688 0.100515
26 0.73125 0.300047 0.7352339999999999 0.305152 0.743188 0.31028100000000003 0.738078 0.31707300000000005 0.739781 0.32133500000000004 0.742047 0.328571 0.750578 0.340492 0.7434689999999999 0.348595 0.740062 0.36562100000000003 0.740062 0.376698 0.736656 0.383513 0.734094 0.39543300000000003 0.731531 0.402248 0.750578 0.404801 0.748859 0.40096000000000004 0.744328 0.392881 0.746312 0.394988 0.7417659999999999 0.38732999999999995 0.7409060000000001 0.377963 0.74375 0.369883 0.744891 0.357963 0.751141 0.344754 0.757672 0.33709599999999995 0.7664839999999999 0.329859 0.776703 0.326885 0.779547 0.32133500000000004 0.7821089999999999 0.31496500000000005 0.784656 0.309415 0.770172 0.300913 0.756828 0.29452 0.741484 0.292389 0.728703 0.29623 0.73125 0.300047
39 0.281875 0.5236069999999999 0.256375 0.656183 0.268625 0.666721 0.728703 0.572272 0.7305780000000001 0.568782 0.650563 0.47409799999999996 0.302859 0.514614 0.293859 0.514614 0.281875 0.5236069999999999
12 0.612719 0.130492 0.612719 0.146698 0.660156 0.03238880093676815 0.650547 0.023372400468384076 0.6049059999999999 0.128689 0.612719 0.130492
12 0.398703 0 0.378484 0.09569089929742389 0.391969 0.09569089929742389 0.412188 0.0022482388758782203 0.398703 0
39 0.661422 0.383044 0.657438 0.383044 0.646 0.387518 0.641516 0.396464 0.663406 0.419602 0.666891 0.419602 0.664906 0.388267 0.661422 0.383044
39 0.754984 0.465105 0.756969 0.456885 0.766922 0.455386 0.768922 0.450187 0.723625 0.412131 0.708703 0.435269 0.691281 0.441967 0.706703 0.461358 0.754984 0.465105
12 0.42606299999999997 0.102365 0.454359 0 0.439844 0.0012412201405152226 0.41807800000000006 0.09908670023419204 0.42606299999999997 0.102365
12 0.508938 0.11088999999999999 0.516906 0.113864 0.5557190000000001 0.006463700234192037 0.5417970000000001 0.00346603981264637 0.526359 0.054192 0.508938 0.107892 0.508938 0.11088999999999999