13 0.0228437 0.277229 0.0228437 0.270208 0.0222344 0.2665 0.0198594 0.261813 0.018 0.259625 0.018718699999999998 0.250125 0.0171719 0.23925000000000002 0.015625 0.237063 0.012531200000000001 0.237187 0.0118125 0.241187 0.0115937 0.247917 0.0119063 0.255625 0.0122188 0.258521 0.0102656 0.262917 0.0085 0.263604 0.0075781203125000005 0.265667 0.0074687500000000006 0.26925000000000004 0.0079843796875 0.27158299999999996 0.0082968703125 0.275167 0.0081875 0.28329200000000004 0.0092343703125 0.287542 0.0092343703125 0.291396 0.0094375 0.293062 0.015421899999999999 0.29414599999999996 0.0205781 0.293458 0.0210938 0.29250000000000004 0.0214062 0.291958 0.0228437 0.285208 0.0228437 0.277229
13 0.0823125 0.301437 0.0823125 0.307312 0.0887813 0.306958 0.0890469 0.275563 0.08515629999999999 0.273854 0.0859375 0.260396 0.0830937 0.259708 0.0830937 0.270042 0.0812812 0.273854 0.08179689999999999 0.301104 0.0823125 0.301437
13 0.04475 0.299437 0.050390599999999994 0.299437 0.0512344 0.298771 0.050390599999999994 0.275771 0.0473125 0.267354 0.0469687 0.261208 0.0435625 0.259604 0.0433906 0.26006199999999996 0.0430469 0.276688 0.04475 0.299437
13 0.0726406 0.258646 0.0726406 0.259354 0.0726406 0.26006199999999996 0.0725 0.261313 0.0725 0.261854 0.0719687 0.263625 0.07170309999999999 0.2645 0.07170309999999999 0.265396 0.07170309999999999 0.266625 0.07170309999999999 0.266813 0.0718437 0.26929200000000003 0.0718437 0.270187 0.0718437 0.27125 0.0718437 0.273187 0.0718437 0.273729 0.07170309999999999 0.273896 0.0705156 0.274792 0.0698438 0.275146 0.0693125 0.2755 0.06892190000000001 0.276042 0.0686563 0.27639600000000003 0.0686563 0.27710399999999996 0.0687813 0.277812 0.0687813 0.27852099999999996 0.0693125 0.280646 0.0693125 0.281708 0.0698438 0.28383299999999995 0.0699844 0.285604 0.0699844 0.288271 0.0699844 0.28862499999999996 0.0701094 0.29075 0.07025 0.292 0.0705156 0.294479 0.0707812 0.29660400000000003 0.0710469 0.29750000000000004 0.0711719 0.299271 0.0710469 0.299792 0.0721094 0.29997900000000005 0.0737031 0.30014599999999997 0.0739687 0.300688 0.074375 0.301042 0.07623440000000001 0.301208 0.0780937 0.301042 0.0796875 0.30050000000000004 0.0802188 0.300333 0.0803594 0.29856299999999997 0.08075 0.27675 0.0760938 0.273729 0.0763594 0.27231299999999997 0.07623440000000001 0.258292 0.0725 0.258292 0.0726406 0.258646
13 0.0940781 0.257042 0.0921719 0.260875 0.09153120000000001 0.26766700000000004 0.0892969 0.27404199999999995 0.08898439999999999 0.302083 0.0918438 0.302917 0.10364100000000001 0.302917 0.10331300000000002 0.284667 0.101406 0.271063 0.0998125 0.265542 0.10045299999999999 0.25833300000000003 0.096625 0.25833300000000003 0.0940781 0.257042
13 0.114016 0.258021 0.112797 0.260167 0.112406 0.276021 0.114422 0.280062 0.114609 0.305875 0.11904699999999999 0.306396 0.12026600000000001 0.277917 0.11784399999999999 0.276292 0.11723399999999999 0.25693699999999997 0.114609 0.256667 0.114016 0.258021
13 0.0565469 0.30062500000000003 0.0603906 0.30062500000000003 0.060593799999999996 0.29872899999999997 0.060593799999999996 0.27793799999999996 0.0597812 0.274708 0.0595781 0.272812 0.058562499999999997 0.255521 0.0575469 0.255521 0.055125 0.255521 0.055125 0.256875 0.055937499999999994 0.271187 0.055734399999999996 0.272812 0.0547188 0.27739600000000003 0.0547188 0.299271 0.0565469 0.30062500000000003
13 0.0272812 0.255646 0.0272812 0.27079200000000003 0.0249688 0.27275 0.0239063 0.294042 0.0344219 0.294604 0.0348437 0.27808299999999997 0.0323281 0.273021 0.030015599999999996 0.25425000000000003 0.0268594 0.255375 0.0272812 0.255646
13 0.0705156 0.30022899999999997 0.06887499999999999 0.276604 0.0701875 0.27441699999999997 0.0665625 0.26872900000000005 0.0659062 0.25668799999999997 0.061640600000000004 0.25625 0.0611563 0.27025 0.0595156 0.272437 0.060828099999999996 0.275938 0.0611563 0.300021 0.0705156 0.30022899999999997
13 0.104922 0.265396 0.103922 0.277833 0.105922 0.303125 0.10925 0.30356299999999997 0.11423399999999999 0.300896 0.11323399999999999 0.280938 0.10990599999999999 0.272937 0.109578 0.261854 0.10925 0.25695799999999996 0.103922 0.25475 0.104922 0.265396
22 0.198813 0.893812 0.23015599999999997 0.876125 0.224125 0.807 0.265125 0.840771 0.267531 0.850417 0.289234 0.832729 0.43995300000000004 0.7491249999999999 0.46043700000000004 0.733063 0.466469 0.5931879999999999 0.48456299999999997 0.489208 0.49059400000000003 0.449021 0.493 0.445813 0.441156 0.449021 0.390516 0.445813 0.35675 0.450625 0.303703 0.460271 0.267531 0.461875 0.239812 0.465104 0.24101599999999998 0.471521 0.250656 0.6017499999999999 0.254281 0.698187 0.250656 0.698187 0.225344 0.707833 0.19760899999999998 0.714271 0.183141 0.719104 0.184344 0.7303540000000001 0.184344 0.728229 0.195188 0.7523540000000001 0.198813 0.893812
22 0.491953 0.444438 0.488422 0.458563 0.5294220000000001 0.45575 0.532953 0.42368700000000004 0.527297 0.414271 0.5167029999999999 0.40862499999999996 0.505391 0.40956200000000004 0.49478099999999997 0.411438 0.485594 0.40956200000000004 0.47498399999999996 0.414271 0.47498399999999996 0.445375 0.491953 0.444438
22 0.024375 0.647042 0.0387656 0.852708 0.0387656 0.8562080000000001 0.0596719 0.863167 0.0544531 0.786479 0.13810899999999998 0.7795000000000001 0.139422 0.767312 0.0570625 0.770792 0.05575 0.725479 0.0792812 0.702813 0.0792812 0.687125 0.0570625 0.7062919999999999 0.05575 0.680146 0.08582809999999999 0.680146 0.0845156 0.767312 0.0936719 0.769042 0.0936719 0.737667 0.13810899999999998 0.741167 0.139422 0.730708 0.0988906 0.728958 0.0962812 0.6853750000000001 0.132891 0.683646 0.122422 0.613917 0.0714375 0.613917 0.024375 0.647042
22 0.332375 0.445729 0.33625 0.454792 0.388641 0.447021 0.440062 0.449604 0.439578 0.436667 0.435203 0.430854 0.377484 0.429563 0.340125 0.433438 0.332375 0.434729 0.332375 0.445729
27 0.367422 0.5887709999999999 0.43145300000000003 0.5483119999999999 0.448313 0.534833 0.46179699999999996 0.516854 0.365734 0.516854 0.190453 0.507875 0.183703 0.516854 0.22415600000000002 0.6 0.367422 0.5887709999999999
50 0.36428099999999997 0.427083 0.37142200000000003 0.42602100000000004 0.387297 0.42814599999999997 0.4 0.43025 0.41348399999999996 0.43025 0.424594 0.43025 0.42778099999999997 0.429208 0.435703 0.42497900000000005 0.438094 0.41862499999999997 0.42698400000000003 0.410146 0.422219 0.39745800000000003 0.42062499999999997 0.38264600000000004 0.41825 0.373125 0.41587500000000005 0.359354 0.411906 0.348771 0.40157800000000005 0.338188 0.4 0.336083 0.395234 0.330792 0.387297 0.327604 0.384922 0.32866700000000004 0.366656 0.331854 0.361906 0.34137500000000004 0.361906 0.346667 0.361906 0.35724999999999996 0.361906 0.365708 0.361906 0.372063 0.361906 0.380521 0.361906 0.387937 0.360312 0.395333 0.358719 0.39956200000000003 0.358719 0.42602100000000004 0.36428099999999997 0.427083
50 0.8122809999999999 0.10802099999999999 0.808406 0.13 0.79725 0.145521 0.776875 0.169458 0.7618280000000001 0.199854 0.757953 0.234146 0.74825 0.307875 0.84575 0.300104 0.849156 0.293646 0.838969 0.259375 0.84575 0.231563 0.858375 0.21085399999999999 0.853031 0.196625 0.8477029999999999 0.188875 0.8442970000000001 0.18756199999999998 0.837031 0.179167 0.828781 0.17010399999999998 0.82975 0.16041699999999998 0.836547 0.15975 0.842844 0.15975 0.84575 0.152 0.8462339999999999 0.14618699999999998 0.855453 0.14100000000000001 0.8578910000000001 0.131292 0.8578910000000001 0.12289599999999999 0.8622500000000001 0.114479 0.864672 0.103479 0.866125 0.0950833 0.872437 0.096375 0.876797 0.0899167 0.874859 0.08214579999999999 0.8656409999999999 0.06920829999999999 0.8506090000000001 0.057562499999999996 0.82975 0.0601458 0.8156869999999999 0.08149999999999999 0.8122809999999999 0.10802099999999999
42 0.9983280000000001 0.986792 0.9983280000000001 0.291042 0.612422 0.317896 0.5872499999999999 0.338021 0.496641 0.9890209999999999 0.9983280000000001 0.986792
13 0.154062 0.269792 0.153188 0.268021 0.151641 0.26537499999999997 0.15185900000000002 0.25685399999999997 0.14965599999999998 0.256563 0.148547 0.262729 0.146562 0.268021 0.148547 0.274208 0.14943800000000002 0.288917 0.150313 0.305375 0.155609 0.305979 0.155172 0.274208 0.154062 0.269792
13 0.156234 0.306688 0.164109 0.30922900000000003 0.163828 0.297271 0.165187 0.283146 0.163562 0.269042 0.158406 0.262875 0.154875 0.26143700000000003 0.152703 0.264688 0.154062 0.270167 0.15537499999999999 0.276187 0.157562 0.300646 0.156234 0.306688
22 0.529391 0.421104 0.540094 0.45575 0.540859 0.453708 0.568375 0.45575 0.577547 0.417021 0.529391 0.421104
22 0.545438 0.48837500000000006 0.553859 0.564833 0.564562 0.486333 0.545438 0.487354 0.545438 0.48837500000000006
27 0.500563 0.987083 0.532578 0.7061879999999999 0.535953 0.697187 0.026968799999999998 0.987083 0.500563 0.987083
76 0.598656 0.34864599999999996 0.5300469999999999 0.9674790000000001 0.995516 0.981833 0.998203 0.29483299999999996 0.595969 0.34864599999999996 0.598656 0.34864599999999996
23 0.11407799999999998 0.0936667 0.11981299999999999 0.105604 0.127766 0.113229 0.135734 0.111583 0.143687 0.10229200000000001 0.145937 0.0886875 0.142203 0.0724375 0.136734 0.0634792 0.132 0.0575 0.12056199999999999 0.055833299999999995 0.111594 0.067125 0.11084400000000001 0.0827083 0.11407799999999998 0.0936667
22 0.446016 0.415833 0.436984 0.409813 0.431344 0.407312 0.42607799999999996 0.426354 0.42607799999999996 0.430875 0.438484 0.43387499999999996 0.4415 0.440396 0.44075 0.451917 0.474203 0.437396 0.456531 0.422354 0.446016 0.415833
13 0.142609 0.307563 0.142266 0.29575 0.141578 0.28622899999999996 0.13953100000000002 0.277146 0.135453 0.267604 0.135797 0.26035400000000003 0.133406 0.257625 0.131359 0.261708 0.131031 0.267167 0.128641 0.273062 0.128641 0.28441700000000003 0.129328 0.308479 0.142609 0.307563
27 0.571234 0.455 0.491125 0.455 0.487984 0.484312 0.487984 0.503167 0.5806560000000001 0.484312 0.571234 0.455
22 0.136156 0.683292 0.137656 0.731063 0.13914100000000001 0.786792 0.134672 0.8922709999999999 0.15706199999999998 0.8982500000000001 0.15912500000000002 0.8302499999999999 0.195563 0.854542 0.194047 0.757396 0.184938 0.7270420000000001 0.187969 0.712875 0.20770300000000003 0.706812 0.253234 0.694667 0.24868800000000002 0.567167 0.183422 0.553 0.180375 0.524667 0.22895300000000002 0.5105 0.242609 0.506458 0.238063 0.465979 0.260828 0.45989599999999997 0.259313 0.435625 0.191 0.439667 0.091375 0.450417 0.11973400000000001 0.6056670000000001 0.136156 0.683292
50 0.20370300000000002 0.43383299999999997 0.331484 0.443708 0.324078 0.39185400000000004 0.28148399999999996 0.352354 0.29443800000000003 0.32270800000000005 0.29443800000000003 0.29556299999999996 0.262969 0.268396 0.24259400000000003 0.29802100000000004 0.251859 0.330125 0.246297 0.354813 0.201859 0.39925 0.201859 0.43383299999999997 0.20370300000000002 0.43383299999999997