23 0.9873540000000001 0.7091719999999999 0.973255 0.714656 0.959157 0.724062 0.954473 0.7342500000000001 0.952717 0.740125 0.942131 0.749922 0.9339109999999999 0.756969 0.9292269999999999 0.765984 0.9268620000000001 0.7761720000000001 0.9321550000000001 0.789875 0.941546 0.795359 0.96445 0.8090780000000001 0.973255 0.816516 0.985597 0.8212189999999999 0.9779629999999999 0.832188 0.9814750000000001 0.832969 0.989696 0.823969 0.999672 0.826703 0.999672 0.742469 0.999672 0.708391 0.997916 0.705641 0.994988 0.7025159999999999 0.9920370000000001 0.701344 0.994988 0.703297 0.990281 0.70525 0.9873540000000001 0.7091719999999999
12 0.588009 0.638109 0.6451760000000001 0.638109 0.612927 0.44932800000000006 0.586534 0.424875 0.524965 0.425859 0.5308200000000001 0.425859 0.557213 0.462047 0.588009 0.638109
12 0.43533999999999995 0.48479700000000003 0.44957800000000003 0.533687 0.476042 0.6355470000000001 0.5004919999999999 0.6355470000000001 0.46384099999999995 0.460344 0.44348899999999997 0.433188 0.410913 0.43454699999999996 0.43533999999999995 0.48479700000000003
12 0.539133 0.35562499999999997 0.563724 0.153656 0.555948 0.150203 0.478337 0.14501599999999998 0.45892299999999997 0.14846900000000002 0.457635 0.165734 0.47445 0.170906 0.475738 0.183859 0.452459 0.353031 0.522319 0.35562499999999997 0.539133 0.35562499999999997
12 0.210141 0.343187 0.25592499999999996 0.341578 0.245105 0.134047 0.198993 0.137234 0.210141 0.343187
12 0.053770498829039816 0.6347970000000001 0.443607 0.639281 0.433513 0.518203 0.453677 0.513719 0.443607 0.491297 0.04367680093676815 0.44868800000000003 0.013442599531615924 0.49353100000000005 0.0033489508196721312 0.491297 0.006721309133489462 0.632547 0.053770498829039816 0.6347970000000001
12 0.668407 0.362609 0.7224119999999999 0.157656 0.638009 0.166672 0.597518 0.35585900000000004 0.668407 0.362609
12 0.754473 0.710109 0.744356 0.671906 0.010093700234192038 0.656187 0.0033723700234192036 0.770781 0.02021080093676815 0.768547 0.04379389929742389 0.8606719999999999 0.107775 0.869656 0.138103 0.876406 0.168407 0.8719060000000001 0.78815 0.8651719999999999 0.754473 0.710109
12 0.7312179999999999 0.64525 0.7157610000000001 0.467922 0.669344 0.43695300000000004 0.645433 0.43789100000000003 0.639813 0.45571900000000004 0.68904 0.48481199999999997 0.710117 0.64525 0.7312179999999999 0.64525
12 0.567845 0.153234 0.5443790000000001 0.35765600000000003 0.594239 0.35765600000000003 0.639696 0.159094 0.572248 0.153234 0.567845 0.153234
12 0.46555 0.471297 0.47728299999999996 0.499656 0.502201 0.637578 0.559391 0.634641 0.524192 0.497703 0.513934 0.46542199999999995 0.472881 0.467375 0.46555 0.471297
12 0.816604 0.492266 0.809133 0.48904699999999995 0.804754 0.48904699999999995 0.800351 0.490219 0.7990400000000001 0.495484 0.798595 0.5054369999999999 0.805176 0.559891 0.8104450000000001 0.625469 0.811335 0.6319060000000001 0.8209839999999999 0.6445000000000001 0.835902 0.645375 0.840281 0.643625 0.840281 0.629563 0.8337 0.5795 0.825363 0.535297 0.820094 0.499297 0.816604 0.492266
12 0.805082 0.641531 0.787752 0.472875 0.727166 0.432437 0.7306320000000001 0.43937499999999996 0.7219669999999999 0.43937499999999996 0.708103 0.43821899999999997 0.7548710000000001 0.472875 0.775644 0.644984 0.7825529999999999 0.647297 0.8033490000000001 0.644984 0.805082 0.641531
12 0.690304 0.644984 0.6726 0.483078 0.662295 0.476125 0.643349 0.46265599999999996 0.636347 0.454688 0.614496 0.456062 0.610796 0.456875 0.6305620000000001 0.483547 0.642108 0.49096900000000004 0.642927 0.493719 0.642365 0.49489099999999997 0.661522 0.648922 0.690304 0.644984