50 0.106688 0.39439 0.111672 0.39439 0.11775 0.392723 0.122188 0.36777 0.122188 0.34530500000000003 0.12162500000000001 0.33032900000000004 0.11332800000000001 0.30786399999999997 0.103359 0.32535200000000003 0.101141 0.33781700000000003 0.10003100000000001 0.37608 0.106688 0.39439
50 0.531609 0.371643 0.5386409999999999 0.403286 0.5421560000000001 0.399789 0.548 0.396268 0.553859 0.396268 0.5597190000000001 0.396268 0.565562 0.371643 0.567906 0.364601 0.573766 0.35054 0.5725939999999999 0.334695 0.560891 0.329437 0.553859 0.343498 0.549172 0.341737 0.5421560000000001 0.324155 0.5281089999999999 0.324155 0.515219 0.325915 0.531609 0.371643
50 0.337375 0.226174 0.342891 0.232089 0.357844 0.199577 0.36924999999999997 0.22734700000000002 0.359812 0.229718 0.354297 0.23976499999999998 0.380656 0.248052 0.409391 0.22558699999999998 0.41804699999999995 0.19662 0.42473400000000006 0.18596200000000002 0.42473400000000006 0.168826 0.417656 0.16054 0.402703 0.158192 0.394828 0.17119700000000002 0.378688 0.159953 0.375937 0.17119700000000002 0.359406 0.14931899999999998 0.354297 0.159366 0.357844 0.165282 0.359016 0.18065699999999998 0.340125 0.216127 0.337375 0.226174
50 0.329188 0.533404 0.3265 0.523451 0.327125 0.515986 0.319672 0.515376 0.316359 0.525329 0.313875 0.5383800000000001 0.316766 0.556737 0.316359 0.566995 0.327328 0.575399 0.328156 0.5729110000000001 0.330844 0.552066 0.329188 0.533404
50 0.0939844 0.38152600000000003 0.0939844 0.378122 0.0934062 0.36920200000000003 0.0934062 0.36708900000000005 0.0911563 0.357746 0.0905781 0.34840400000000005 0.0880313 0.338192 0.0860625 0.33140800000000004 0.0815312 0.33140800000000004 0.0784219 0.333521 0.07701559999999999 0.335235 0.0761563 0.336925 0.07135939999999999 0.34331 0.06825 0.34840400000000005 0.0679687 0.34924900000000003 0.0648594 0.354765 0.0625938 0.35985900000000004 0.0620313 0.363685 0.0620313 0.36708900000000005 0.0631562 0.372183 0.093125 0.389178 0.0939844 0.38152600000000003
50 0.439922 0.666643 0.445078 0.6234040000000001 0.439922 0.615023 0.432625 0.655023 0.439922 0.666643
61 0.320047 0.216174 0.314891 0.22220700000000002 0.32060900000000003 0.232535 0.326344 0.24716 0.328641 0.24631499999999998 0.333797 0.235117 0.34065599999999996 0.22049300000000002 0.34525 0.21016400000000002 0.350406 0.201549 0.35612499999999997 0.190352 0.359 0.179178 0.357844 0.164554 0.351547 0.15335700000000002 0.344094 0.151643 0.336078 0.161972 0.330922 0.186056 0.31431200000000004 0.22049300000000002 0.320047 0.216174
61 0.497797 0.308826 0.5002030000000001 0.32331000000000004 0.518313 0.38438999999999995 0.530797 0.43549299999999996 0.534672 0.43161999999999995 0.542422 0.43939 0.5454220000000001 0.43420200000000003 0.544141 0.426432 0.5381090000000001 0.41091500000000003 0.523906 0.363709 0.517016 0.329413 0.509703 0.29838000000000003 0.505391 0.29190099999999997 0.500219 0.294507 0.497797 0.308826
50 0.497953 0.6648360000000001 0.497953 0.667066 0.498703 0.6698360000000001 0.498328 0.6715019999999999 0.49487500000000006 0.672817 0.49437499999999995 0.678005 0.495359 0.681878 0.49523400000000006 0.695047 0.49450000000000005 0.7020890000000001 0.495484 0.706526 0.498203 0.706526 0.499688 0.708568 0.501406 0.7091310000000001 0.501156 0.701714 0.500172 0.699319 0.500547 0.663169 0.500297 0.662981 0.499062 0.6618780000000001 0.497953 0.6648360000000001
50 0.4845 0.6705869999999999 0.48589099999999996 0.6633100000000001 0.48542199999999996 0.660188 0.483812 0.654648 0.487969 0.649437 0.488891 0.644601 0.485656 0.641831 0.48104699999999995 0.647371 0.48012499999999997 0.658451 0.48081300000000005 0.665047 0.479422 0.674061 0.48012499999999997 0.677864 0.48012499999999997 0.6882630000000001 0.47850000000000004 0.698662 0.485203 0.702136 0.48612500000000003 0.683756 0.4845 0.6705869999999999
50 0.472391 0.644178 0.471766 0.6413150000000001 0.46942199999999995 0.6394129999999999 0.467516 0.638779 0.465828 0.643873 0.46518800000000005 0.6445069999999999 0.46518800000000005 0.64608 0.46032799999999996 0.645446 0.45862499999999995 0.650235 0.460851409375 0.6527834342723005 0.459469 0.651502 0.45862499999999995 0.660728 0.45778100000000005 0.6635920000000001 0.45693700000000004 0.674413 0.45778100000000005 0.676315 0.458 0.682676 0.45820299999999997 0.6865020000000001 0.46223400000000003 0.686174 0.463281 0.67885 0.46371900000000005 0.68777 0.46795299999999995 0.689038 0.467734 0.6702579999999999 0.469859 0.673451 0.47112499999999996 0.6721830000000001 0.469859 0.660728 0.46964100000000003 0.660399 0.47112499999999996 0.65277 0.47112499999999996 0.646408 0.471766 0.646408 0.472391 0.644178
50 0.462094 0.6383799999999998 0.45923400000000003 0.632981 0.45779700000000006 0.630822 0.45779700000000006 0.625704 0.457609 0.621667 0.456531 0.620329 0.45439100000000004 0.618709 0.450969 0.621127 0.4518750000000001 0.6284040000000001 0.44954700000000003 0.6321829999999999 0.44631300000000007 0.63784 0.44578100000000004 0.643756 0.458688 0.647793 0.46192200000000005 0.645915 0.462094 0.6383799999999998
50 0.447562 0.65993 0.44990600000000003 0.667207 0.44990600000000003 0.677441 0.45510900000000004 0.681479 0.45510900000000004 0.676901 0.45600000000000007 0.676103 0.45635900000000007 0.681761 0.45815599999999995 0.68284 0.458328 0.682019 0.457437 0.673662 0.457437 0.6658690000000002 0.45851600000000003 0.660728 0.45957799999999993 0.65561 0.457078 0.651854 0.44882799999999995 0.648333 0.447562 0.65993
50 0.297094 0.508146 0.298328 0.515188 0.298578 0.526667 0.295625 0.539272 0.297094 0.542418 0.297219 0.54723 0.300672 0.54946 0.301047 0.551127 0.302156 0.542606 0.304125 0.540563 0.304 0.528146 0.305984 0.527606 0.305609 0.518521 0.303766 0.510728 0.301781 0.505915 0.297219 0.503685 0.297094 0.508146
50 0.144906 0.396995 0.144906 0.413779 0.14404699999999998 0.419812 0.148344 0.42023499999999997 0.150344 0.418099 0.150641 0.42281700000000005 0.1535 0.425399 0.156938 0.425399 0.157219 0.41723 0.157219 0.410775 0.161812 0.407324 0.161812 0.403451 0.161812 0.4 0.16209400000000002 0.390117 0.163234 0.380211 0.16896899999999998 0.378052 0.169266 0.37331 0.16696899999999998 0.36814600000000003 0.16525 0.36385 0.163812 0.356103 0.162953 0.35007 0.160375 0.34448399999999996 0.157516 0.344906 0.1535 0.350939 0.152359 0.35568099999999997 0.150344 0.360399 0.14804699999999998 0.36385 0.145187 0.367723 0.14632799999999999 0.375469 0.14460900000000002 0.38795799999999997 0.144906 0.396995
50 0.267281 0.515915 0.276781 0.5227930000000001 0.277766 0.520822 0.277766 0.524765 0.279391 0.527723 0.280375 0.526244 0.279719 0.493263 0.278734 0.490329 0.278734 0.483427 0.276781 0.481948 0.273828 0.481948 0.273172 0.484413 0.272844 0.48687800000000003 0.27087500000000003 0.48835700000000004 0.268594 0.48983600000000005 0.266953 0.49178400000000005 0.267937 0.508028 0.267281 0.515915