50 0.32393700000000003 0.591593 0.324531 0.59377 0.324813 0.5966279999999999 0.329922 0.596393 0.327734 0.594426 0.32890600000000003 0.5896250000000001 0.32934399999999997 0.590492 0.329922 0.5920139999999999 0.33125 0.594005 0.332703 0.595316 0.333437 0.5931150000000001 0.333437 0.5909369999999999 0.333141 0.584801 0.333 0.580632 0.336063 0.571663 0.33751600000000004 0.566628 0.336938 0.557002 0.336063 0.555035 0.336063 0.553068 0.33431299999999997 0.550211 0.332406 0.551546 0.331391 0.556347 0.331391 0.557658 0.328469 0.562904 0.328328 0.567518 0.32789100000000004 0.571241 0.327734 0.575176 0.324531 0.588314 0.32393700000000003 0.591593
50 0.8111560000000001 0.808454 0.8092969999999999 0.84281 0.8027340000000001 0.849133 0.798531 0.879977 0.798063 0.900328 0.8008749999999999 0.929789 0.806953 0.966956 0.819125 0.976768 0.829875 0.976768 0.832687 0.995691 0.863094 0.997096 0.847656 0.9164640000000001 0.8602969999999999 0.877892 0.864031 0.8554329999999999 0.8612339999999999 0.836511 0.856547 0.817564 0.838766 0.771991 0.833625 0.75445 0.8280160000000001 0.7481500000000001 0.821922 0.746745 0.816781 0.74534 0.8041410000000001 0.750234 0.799469 0.760773 0.802266 0.7740980000000001 0.8088279999999999 0.7811009999999999 0.8172499999999999 0.790211 0.8111560000000001 0.808454
50 0.665922 0.7262529999999999 0.655594 0.707541 0.650859 0.698501 0.65 0.6823649999999999 0.642672 0.679789 0.635781 0.682998 0.633625 0.688806 0.634922 0.699133 0.635781 0.710117 0.62975 0.720445 0.62975 0.748197 0.629328 0.7598129999999998 0.636641 0.762389 0.658609 0.762389 0.661188 0.738501 0.665922 0.7262529999999999
50 0.631906 0.841124 0.634062 0.850796 0.629328 0.8604680000000001 0.628891 0.8669320000000001 0.640953 0.864988 0.645687 0.864988 0.656875 0.768829 0.632344 0.769485 0.631906 0.841124
50 0.599641 0.719789 0.599297 0.7308429999999999 0.598938 0.7350589999999999 0.598938 0.744005 0.599984 0.752951 0.602453 0.756628 0.6112339999999999 0.758735 0.612984 0.752951 0.612984 0.746112 0.615453 0.741358 0.617906 0.7313580000000001 0.619313 0.7150350000000001 0.619656 0.707143 0.617563 0.697681 0.612984 0.69082 0.608078 0.679766 0.603156 0.6839810000000001 0.603859 0.6997659999999999 0.599984 0.707143 0.599641 0.719789
50 0.524813 0.721827 0.525344 0.721054 0.5334380000000001 0.715176 0.537625 0.714778 0.544156 0.713607 0.5446869999999999 0.7128099999999999 0.545984 0.7088990000000001 0.5483439999999999 0.710867 0.550172 0.713208 0.556187 0.71829 0.556187 0.713607 0.555391 0.7073299999999999 0.553562 0.700281 0.551219 0.691265 0.548859 0.687354 0.548859 0.682646 0.548859 0.6803039999999999 0.5514840000000001 0.67637 0.548609 0.6685479999999999 0.542594 0.666979 0.5397190000000001 0.668946 0.537094 0.674028 0.535531 0.679906 0.534484 0.681077 0.531344 0.681874 0.529 0.685386 0.525344 0.695972 0.524297 0.705363 0.52325 0.71555 0.524813 0.721827
50 0.436562 0.68897 0.434953 0.702834 0.436562 0.715316 0.44142200000000004 0.7135830000000001 0.44165599999999994 0.7011010000000001 0.44257799999999997 0.686557 0.44326600000000005 0.671288 0.445578 0.660211 0.44326600000000005 0.657424 0.44373399999999996 0.6484310000000001 0.44165599999999994 0.644262 0.43771899999999997 0.6432319999999999 0.43564100000000006 0.646698 0.43540599999999996 0.6525759999999999 0.432172 0.6608900000000001 0.429625 0.671991 0.431703 0.6733720000000001 0.43125 0.681358 0.42615600000000003 0.696604 0.427313 0.708735 0.43101599999999995 0.712553 0.436562 0.68897
50 0.983719 0.829157 0.9845 0.75637 1 0.758689 0.999906 0.732108 0.9906560000000001 0.720562 0.980641 0.719415 0.9721719999999999 0.7251759999999999 0.9621409999999999 0.740211 0.965234 0.7494379999999999 0.9737030000000001 0.750609 0.977563 0.769087 0.9721719999999999 0.8072130000000001 0.960609 0.7968149999999999 0.9513590000000001 0.7968149999999999 0.949047 0.8106559999999999 0.955984 0.8199059999999999 0.981406 0.829157 0.983719 0.829157
50 0.597094 0.86829 0.597766 0.859274 0.599094 0.856276 0.601094 0.850773 0.602437 0.8412649999999999 0.605781 0.831241 0.606781 0.819742 0.608453 0.797213 0.606109 0.806721 0.599094 0.799227 0.601438 0.7896960000000001 0.604437 0.781194 0.607437 0.773677 0.608453 0.764169 0.604437 0.7566740000000001 0.597766 0.755667 0.594078 0.757166 0.59175 0.7671899999999999 0.591078 0.778689 0.588734 0.785199 0.588406 0.792201 0.585406 0.806721 0.586406 0.82274 0.586406 0.836768 0.589406 0.852787 0.591078 0.869297 0.595422 0.869297 0.597094 0.86829
50 0.5667500000000001 0.723841 0.561719 0.722857 0.558891 0.723255 0.555531 0.726347 0.555656 0.730398 0.561203 0.735621 0.569703 0.735995 0.575 0.7354099999999999 0.581172 0.738126 0.575891 0.757822 0.57525 0.7912410000000001 0.5746089999999999 0.81267 0.574484 0.8209839999999999 0.571766 0.826393 0.571766 0.8294849999999999 0.57925 0.8348949999999999 0.582859 0.8352689999999999 0.585438 0.8335359999999999 0.584016 0.822529 0.584016 0.811124 0.5849219999999999 0.787377 0.585562 0.7750119999999999 0.5890310000000001 0.7833260000000001 0.590453 0.780234 0.591484 0.774239 0.5948439999999999 0.758197 0.6005 0.755129 0.600375 0.729625 0.601797 0.705667 0.596641 0.697939 0.596391 0.69466 0.596391 0.6881029999999999 0.5935469999999999 0.6825060000000001 0.588516 0.680749 0.582344 0.683279 0.5787340000000001 0.6919669999999999 0.579625 0.697939 0.582984 0.707799 0.582859 0.7085710000000001 0.581047 0.714356 0.577562 0.722295 0.576406 0.7242149999999999 0.572156 0.724403 0.5667500000000001 0.723841
50 0.184125 0.50192 0.184703 0.492974 0.185828 0.492974 0.185828 0.48615899999999995 0.185266 0.48531599999999997 0.183563 0.48829 0.181859 0.49042199999999997 0.18298399999999998 0.492553 0.181 0.5006320000000001 0.184125 0.50192
60 0.325313 0.596932 0.325969 0.597588 0.326422 0.595761 0.325313 0.595105 0.325313 0.596932
60 0.334078 0.59726 0.333422 0.594941 0.33275 0.595597 0.333531 0.597939 0.334078 0.59726
60 0.673094 0.888571 0.666531 0.8954570000000001 0.684922 0.900867 0.691812 0.89644 0.673422 0.886604 0.673094 0.888571
60 0.716109 0.906792 0.713812 0.9117100000000001 0.723656 0.928923 0.725625 0.922529 0.716109 0.906792
60 0.726281 0.936792 0.711516 0.917611 0.706922 0.92548 0.724313 0.938759 0.726281 0.936792
50 0.516578 0.757213 0.5220309999999999 0.7661359999999999 0.528984 0.754965 0.524516 0.807799 0.521531 0.8115220000000001 0.525016 0.820445 0.533453 0.8256439999999999 0.548844 0.828618 0.551328 0.771335 0.552813 0.7601870000000001 0.5443749999999999 0.713302 0.528484 0.72 0.516578 0.757213
50 0.794141 0.795948 0.788672 0.775059 0.784687 0.7564169999999999 0.7787189999999999 0.7541690000000001 0.777234 0.7452219999999999 0.77275 0.7347779999999999 0.7627970000000001 0.736276 0.757328 0.7452219999999999 0.758813 0.7593909999999999 0.756828 0.7780330000000001 0.749859 0.8026460000000001 0.751344 0.8168380000000001 0.754828 0.827283 0.747375 0.859344 0.752344 0.897377 0.7598130000000001 0.914543 0.768266 0.9473539999999999 0.777719 0.950351 0.793656 0.906347 0.785187 0.8220609999999999 0.795141 0.8071429999999999 0.794141 0.795948
50 0.750672 0.72808 0.7412340000000001 0.72808 0.736109 0.745457 0.736641 0.7608429999999999 0.7358279999999999 0.7757850000000001 0.737187 0.801686 0.742578 0.819063 0.7417659999999999 0.8421310000000001 0.746172 0.844333 0.746172 0.827963 0.746422 0.8651760000000001 0.751141 0.8990400000000001 0.751141 0.8562529999999999 0.74825 0.861944 0.753812 0.8261590000000001 0.746656 0.805902 0.759062 0.777096 0.760297 0.767799 0.7547189999999999 0.746417 0.759672 0.740843 0.759406 0.738173 0.756891 0.734145 0.750672 0.72808