50 0.845293 0.493109 0.87548 0.4265 0.8824359999999999 0.41875 0.91726 0.43889100000000003 0.933513 0.441984 0.956745 0.43889100000000003 0.98459 0.43425 0.979953 0.397062 0.961382 0.397062 0.94281 0.384672 0.910304 0.358344 0.887073 0.332 0.854567 0.321156 0.873162 0.290187 0.854567 0.270047 0.8267210000000002 0.263844 0.7826 0.263844 0.754754 0.274688 0.750094 0.297922 0.74082 0.310312 0.7268849999999999 0.327359 0.671171 0.345953 0.654918 0.376922 0.634005 0.43889100000000003 0.7268849999999999 0.4543749999999999 0.845293 0.49775 0.845293 0.493109
50 0.11126499999999999 0.41748399999999997 0.09763470023419203 0.41500000000000004 0.07782199999999999 0.40921900000000005 0.06046840046838407 0.405906 0.03693210070257611 0.40012499999999995 0.012178 0.401781 0.0072131100702576105 0.405906 0.009695550351288055 0.428219 0.03569089929742389 0.441453 0.08524589929742389 0.45053099999999996 0.124871 0.443922 0.144707 0.447234 0.16452 0.45549999999999996 0.15089 0.46540600000000004 0.179368 0.5001249999999999 0.22274 0.524906 0.2574 0.519953 0.303232 0.515 0.316862 0.5050779999999999 0.306956 0.45549999999999996 0.292084 0.389391 0.274754 0.343109 0.246253 0.271219 0.20911 0.219969 0.144707 0.222453 0.09018740046838407 0.23567200000000002 0.07658080093676814 0.286906 0.12859500000000001 0.345594 0.116206 0.38607800000000003 0.11126499999999999 0.41748399999999997
51 0 0.775297 0.0049882903981264635 0.8202809999999999 0.02559719906323185 0.8615309999999999 0.164215 0.887766 0.285972 0.8977660000000001 0.40585499999999997 0.917766 0.559438 0.917766 0.641874 0.904016 0.7355269999999999 0.8815310000000001 0.8535360000000001 0.816531 0.8666510000000001 0.804047 0.862904 0.766547 0.86103 0.7365470000000001 0.8066979999999999 0.691563 0.673724 0.644062 0.5144960000000001 0.611578 0.34964900000000004 0.611578 0.306581 0.612828 0.22976600000000003 0.625328 0.169836 0.6378280000000001 0.0967681007025761 0.672813 0 0.734047 0 0.775297
22 1 0.519281 0.936885 0.513344 0.853232 0.523438 0.7811239999999999 0.5454060000000001 0.784684 0.547781 1 0.584609 1 0.519281
22 0.598899 0.438594 0.58829 0.443094 0.58733 0.45465600000000006 0.5931150000000001 0.466219 0.596956 0.470078 0.60466 0.474578 0.6133259999999999 0.480359 0.6191099999999999 0.529188 0.7365809999999999 0.5420309999999999 0.73178 0.465578 0.834801 0.5047659999999999 0.8319200000000001 0.525328 0.9205150000000001 0.5118280000000001 0.92918 0.5047659999999999 0.899321 0.493844 0.851171 0.502203 0.809766 0.482922 0.713489 0.44887499999999997 0.62103 0.43987499999999996 0.598899 0.438594
22 0.300211 0.436906 0.298431 0.44787499999999997 0.29904 0.46551600000000004 0.309602 0.480406 0.301382 0.502344 0.284356 0.512922 0.262623 0.521141 0.239719 0.523109 0.207424 0.529375 0.220351 0.5407339999999999 0.226792 0.542687 0.330749 0.521922 0.35541 0.507437 0.372436 0.492938 0.38007 0.473344 0.379485 0.451797 0.368899 0.44435900000000006 0.34131100000000003 0.436906 0.299625 0.434953 0.300211 0.436906
22 0.301241 0.41675000000000006 0.300047 0.418328 0.301827 0.42145299999999997 0.303583 0.42264099999999993 0.311218 0.425766 0.321194 0.42929700000000004 0.341171 0.43242200000000003 0.35466 0.434781 0.36171000000000003 0.441047 0.388735 0.44928100000000004 0.40517600000000004 0.453578 0.407518 0.452016 0.404005 0.44928100000000004 0.392248 0.44496900000000006 0.34585499999999997 0.424984 0.30475399999999997 0.41479699999999997 0.301241 0.41675000000000006
27 1 0.578828 0.830164 0.557531 0.818852 0.572172 0.859438 0.579281 0.882037 0.588156 0.886019 0.601453 0.9092969999999999 0.610328 0.930585 0.632969 0.925925 0.6405000000000001 0.9119670000000001 0.646281 0.852787 0.660922 0.6486179999999999 0.613 0.653255 0.600125 0.6971660000000001 0.5930310000000001 0.659906 0.5815 0.598056 0.585047 0.546862 0.572625 0.5182669999999999 0.561078 0.514941 0.561078 0.477026 0.568187 0.47236500000000003 0.574391 0.464379 0.583719 0.451077 0.588594 0.420492 0.598797 0.373934 0.605891 0.41384099999999996 0.5912499999999999 0.449087 0.586812 0.479696 0.546891 0.473044 0.539781 0.465714 0.539781 0.43911 0.541563 0.394567 0.545109 0.356651 0.545109 0.33004700000000003 0.542 0.284824 0.532234 0.154473 0.555766 0.137845 0.561969 0.135855 0.576172 0.13719 0.586375 0.10459 0.5912499999999999 0.006182669789227166 0.6032339999999999 0 0.609 0 0.665359 0 0.747891 0 0.839734 0 0.944 0 0.995031 0.05140519906323185 1 0.388571 1 0.71377 1 1 1 1 0.992812 1 0.886766 1 0.789594 1 0.715047 1 0.578828
27 0.49623 0.434344 0.6065109999999999 0.432406 0.604567 0.410469 0.427564 0.40401600000000004 0.30278700000000003 0.411109 0.400492 0.44660900000000003 0.451756 0.44660900000000003 0.49913300000000005 0.442094 0.49623 0.434344
27 0.135948 0.587297 0.135105 0.579891 0.13936800000000002 0.564516 0.147049 0.558828 0.190585 0.549141 0.21194400000000002 0.544578 0.221335 0.5440159999999999 0.174379 0.482484 0.171803 0.47850000000000004 0.142787 0.472234 0.14192 0.466547 0.13936800000000002 0.465969 0.13339600000000001 0.460266 0.125714 0.45742200000000005 0.15815 0.45514099999999996 0.152178 0.450594 0.03861829976580796 0.453437 0.029227199063231853 0.449453 0.01386419906323185 0.443187 0.011288100702576112 0.43862500000000004 0 0.43692200000000003 0.00189696018735363 0.607812 0.00531615925058548 0.603828 0.135948 0.587297
21 0.6777989999999999 0.581141 0.681967 0.5885469999999999 0.762412 0.594094 0.87267 0.601953 0.8803040000000001 0.592234 0.869204 0.5783590000000001 0.7242620000000001 0.5654060000000001 0.6812879999999999 0.566797 0.676417 0.581594 0.6777989999999999 0.581141
50 0.42505899999999996 0.306156 0.408244 0.307563 0.406136 0.32999999999999996 0.406136 0.34403100000000003 0.405082 0.344734 0.404028 0.345438 0.397728 0.345438 0.394567 0.349641 0.397728 0.359469 0.399836 0.363672 0.406136 0.369281 0.41035099999999997 0.384703 0.427166 0.396625 0.450281 0.39803099999999997 0.49758800000000003 0.40014099999999997 0.498642 0.40575 0.503888 0.379797 0.503888 0.374891 0.49758800000000003 0.366469 0.493396 0.357359 0.477611 0.349641 0.459742 0.34053100000000003 0.466066 0.331406 0.46079600000000004 0.312469 0.430304 0.306156 0.42505899999999996 0.306156
50 0.122155 0.324641 0.08964870023419204 0.289297 0.06679159953161593 0.274844 0.04510540046838408 0.278859 0.03306789929742389 0.310188 0.03306789929742389 0.328656 0.04871189929742389 0.34151600000000004 0.07400470023419205 0.364 0.09086650117096019 0.3865 0.0944731007025761 0.392125 0.09566740046838408 0.403359 0.08604219906323184 0.412203 0.104098 0.419438 0.136604 0.345531 0.122155 0.324641
22 0.583747 0.410969 0.603208 0.412594 0.613911 0.43109400000000003 0.6158549999999999 0.428172 0.6246369999999999 0.42168700000000003 0.623162 0.41485900000000003 0.61733 0.40934400000000004 0.605644 0.404797 0.588126 0.40415599999999996 0.574005 0.40642199999999995 0.577916 0.410969 0.583747 0.410969
27 0.85466 0.48359399999999997 0.907213 0.49254699999999996 0.919508 0.5044839999999999 0.915035 0.5134369999999999 0.958642 0.5134369999999999 0.997775 0.5171560000000001 0.997775 0.435109 0.9765339999999999 0.43660899999999997 0.970937 0.438844 0.958642 0.44107799999999997 0.9273300000000001 0.438844 0.903864 0.432875 0.871429 0.433625 0.85466 0.48359399999999997
50 0.935457 0.379641 0.9668150000000001 0.39243700000000004 0.97466 0.398828 0.9894609999999999 0.42846900000000004 0.99904 0.430203 0.999906 0.319203 0.987728 0.308156 0.9598359999999999 0.306422 0.9328339999999999 0.336063 0.931101 0.373828 0.935457 0.379641
50 0.604145 0.40545299999999995 0.616487 0.41040599999999994 0.623911 0.41370300000000004 0.634215 0.41453100000000004 0.634215 0.39473400000000003 0.643279 0.39720300000000003 0.654824 0.382906 0.6581260000000001 0.374656 0.639578 0.358172 0.625152 0.354875 0.635035 0.34525 0.633396 0.337 0.631335 0.330125 0.62103 0.32599999999999996 0.6094849999999999 0.322422 0.597119 0.32654700000000003 0.586838 0.338922 0.5835359999999999 0.349094 0.580656 0.356797 0.572412 0.358719 0.56829 0.36559400000000003 0.5703509999999999 0.376031 0.56541 0.398578 0.56623 0.400781 0.588899 0.400781 0.604145 0.40545299999999995