50 0.897213 0.30129700000000004 0.837377 0.289203 0.795667 0.290422 0.752155 0.25775000000000003 0.724965 0.258969 0.724965 0.271062 0.744895 0.286781 0.761218 0.306141 0.795667 0.329125 0.795667 0.363 0.750351 0.350906 0.6923189999999999 0.353313 0.634309 0.360578 0.614356 0.387188 0.605293 0.395656 0.578103 0.387188 0.57267 0.39685899999999996 0.579906 0.413797 0.601663 0.433156 0.632482 0.438 0.6560659999999999 0.427109 0.690515 0.425906 0.708642 0.434359 0.728595 0.462188 0.750351 0.48639099999999996 0.772108 0.49364100000000005 0.808361 0.48879700000000004 0.833747 0.480328 0.855504 0.456141 0.886323 0.425906 0.889953 0.379937 0.886323 0.34484400000000004 0.871827 0.326703 0.8826930000000001 0.317031 0.891756 0.30129700000000004 0.897213 0.30129700000000004
50 0.46608900000000003 0.781984 0.47236500000000003 0.769437 0.48988299999999996 0.752719 0.506183 0.730156 0.48363 0.694219 0.434778 0.700906 0.418501 0.7159530000000001 0.408478 0.730156 0.402201 0.7401869999999999 0.38466 0.763594 0.378407 0.777797 0.46608900000000003 0.781984
50 0.649063 0.787891 0.6296719999999999 0.800188 0.5967210000000001 0.806656 0.611265 0.818937 0.640328 0.826703 0.641311 0.842875 0.663607 0.8415779999999999 0.663607 0.826703 0.666511 0.8202339999999999 0.676206 0.813766 0.6839580000000001 0.8047190000000001 0.6771659999999999 0.799531 0.697541 0.792422 0.6878449999999999 0.782078 0.661663 0.777547 0.6442150000000001 0.789844 0.649063 0.787891
50 0.8577049999999999 1 0.8559019999999999 0.9816560000000001 0.873911 0.9816560000000001 0.863115 0.968437 0.8577049999999999 0.917969 0.872108 0.874719 0.8540979999999999 0.859094 0.8252929999999999 0.856687 0.8180799999999999 0.862703 0.809087 0.8735160000000001 0.81267 0.887937 0.783864 0.896344 0.773068 0.910766 0.765855 0.9299839999999999 0.780258 0.952812 0.773068 1 0.8559019999999999 1 0.8577049999999999 1
50 0.905527 0.884188 0.888407 0.8990309999999999 0.886698 0.9172969999999999 0.867026 0.9298590000000001 0.86103 0.9458439999999999 0.874707 0.978969 0.872155 0.9915160000000001 0.877283 0.996094 0.884988 0.998375 0.9602809999999999 1 0.961148 0.966969 0.957728 0.960125 0.954309 0.9458439999999999 0.954309 0.9367190000000001 0.948314 0.923578 0.938033 0.9167339999999999 0.9234890000000001 0.911594 0.9311940000000001 0.8978910000000001 0.93548 0.8967499999999999 0.920913 0.8819060000000001 0.905527 0.884188
59 0.542459 0.393094 0.532998 0.393094 0.527728 0.395187 0.52459 0.395891 0.509859 0.402203 0.508806 0.408516 0.5109130000000001 0.416937 0.515129 0.428156 0.517237 0.434469 0.52459 0.445688 0.526674 0.45340600000000003 0.5371900000000001 0.459016 0.545597 0.459016 0.557166 0.459016 0.566628 0.457609 0.577143 0.454797 0.5813349999999999 0.45270299999999997 0.588712 0.450594 0.597119 0.44639100000000004 0.599204 0.442875 0.599204 0.437969 0.599204 0.436562 0.598173 0.430953 0.596066 0.423953 0.584496 0.407813 0.5803039999999999 0.396594 0.569789 0.390281 0.545597 0.395187 0.542459 0.393094
50 0.7045429999999999 0.825141 0.673443 0.840016 0.728033 0.8502029999999999 0.7362529999999999 0.8415940000000001 0.7521080000000001 0.8302339999999999 0.760328 0.81925 0.745082 0.8059369999999999 0.743888 0.8047660000000001 0.7162999999999999 0.811812 0.7045429999999999 0.825141
50 0.213864 0.6325160000000001 0.211733 0.6382030000000001 0.213513 0.6441410000000001 0.204965 0.6730940000000001 0.19393400000000002 0.703469 0.195012 0.705359 0.240539 0.721734 0.245878 0.723156 0.246932 0.714859 0.249063 0.709875 0.249063 0.707031 0.248009 0.705359 0.23911 0.701094 0.24409799999999998 0.6963440000000001 0.248712 0.692078 0.261522 0.692312 0.266511 0.692547 0.266862 0.689703 0.26721300000000003 0.688516 0.261874 0.6849529999999999 0.263302 0.6856720000000001 0.26934400000000003 0.686609 0.268642 0.68425 0.26721300000000003 0.681875 0.262576 0.677828 0.271475 0.677125 0.267916 0.676406 0.261171 0.674516 0.25548 0.673562 0.246932 0.674281 0.23519900000000002 0.676656 0.231288 0.678547 0.228431 0.683531 0.222389 0.689234 0.217049 0.6930310000000001 0.214918 0.6908909999999999 0.214567 0.686141 0.21742399999999998 0.679969 0.21847799999999998 0.675219 0.2263 0.672859 0.233068 0.669297 0.236979 0.666203 0.239813 0.660031 0.240187 0.654813 0.245504 0.654344 0.26082 0.6550469999999999 0.264005 0.6533909999999999 0.25688500000000003 0.648406 0.249438 0.645328 0.248009 0.642953 0.248361 0.636313 0.24124099999999998 0.629656 0.219836 0.626109 0.213864 0.6325160000000001
50 0.509813 0.807391 0.520304 0.8097340000000001 0.527307 0.840094 0.537822 0.843609 0.549133 0.841531 0.560679 0.8361409999999999 0.560679 0.829969 0.560679 0.824578 0.560679 0.814563 0.572225 0.808391 0.572225 0.805312 0.587237 0.805312 0.582623 0.802234 0.582623 0.792219 0.579157 0.776797 0.579157 0.773719 0.5849409999999999 0.762156 0.5860890000000001 0.751375 0.5860890000000001 0.7421249999999999 0.579157 0.7375 0.5699299999999999 0.7375 0.564145 0.7375 0.559532 0.7375 0.557213 0.735187 0.5422009999999999 0.7398119999999999 0.534122 0.758312 0.531803 0.767563 0.515644 0.780656 0.514473 0.792219 0.5087119999999999 0.809937 0.509813 0.807391
50 0.09243559953161594 0.6225310000000001 0.121007 0.637063 0.108759 0.6434219999999999 0.106042 0.667016 0.146862 0.686078 0.195831 0.702422 0.224403 0.630703 0.235293 0.608922 0.246183 0.565344 0.224403 0.518141 0.21761100000000003 0.49362500000000004 0.19447299999999998 0.48637499999999995 0.202646 0.47365599999999997 0.190398 0.46457800000000005 0.16861800000000002 0.46639099999999994 0.160468 0.47275 0.153653 0.48818700000000004 0.13597199999999998 0.504531 0.127799 0.533578 0.110117 0.560813 0.08154570023419204 0.611641 0.09243559953161594 0.6225310000000001
53 0.7130679999999999 0.9187810000000001 0.729368 0.867672 0.7342390000000001 0.8459220000000001 0.7016629999999999 0.8426560000000001 0.644614 0.8426560000000001 0.636464 0.889422 0.7130679999999999 0.9187810000000001
50 0.49042199999999997 0.807578 0.512857 0.800094 0.518478 0.780844 0.5104679999999999 0.7685310000000001 0.492014 0.764797 0.47358300000000003 0.769609 0.467986 0.780297 0.462365 0.785656 0.459953 0.8107810000000001 0.5200699999999999 0.837531 0.5200699999999999 0.8140000000000001 0.49042199999999997 0.807578
50 0.08180329976580795 0.633922 0.09154570023419203 0.619812 0.10779899999999999 0.589453 0.10943800000000001 0.566672 0.114309 0.548234 0.09154570023419203 0.541734 0.04604219906323185 0.547156 0.039531599531615925 0.564516 0.04278689929742389 0.582937 0.03302110070257611 0.585109 0.018407501170960187 0.582937 0.005386419203747072 0.587281 0.002154569086651054 0.588375 0.002154569086651054 0.629578 0.08180329976580795 0.6577810000000001 0.08180329976580795 0.633922
50 0.541874 0.8452970000000001 0.536019 0.846281 0.607073 0.8751720000000001 0.6100000000000001 0.867703 0.605621 0.8618589999999999 0.588103 0.8485469999999999 0.593934 0.839781 0.600749 0.8375159999999999 0.6100000000000001 0.820625 0.606581 0.814781 0.593934 0.8066720000000001 0.576909 0.806016 0.560843 0.814453 0.562295 0.835562 0.539438 0.844656 0.541874 0.8452970000000001
50 0.274941 0.6770470000000001 0.274122 0.681719 0.26751800000000003 0.6885939999999999 0.265878 0.694094 0.249813 0.691344 0.24814999999999998 0.6935469999999999 0.24897000000000002 0.700422 0.246511 0.708391 0.242787 0.7235 0.257635 0.7344999999999999 0.279063 0.7386250000000001 0.287705 0.729828 0.28976599999999997 0.7262500000000001 0.302553 0.719656 0.30831400000000003 0.711406 0.311616 0.703437 0.317799 0.695469 0.316557 0.686937 0.30583099999999996 0.6803440000000001 0.28236500000000003 0.677875 0.274941 0.6770470000000001