13 0.932094 0.352388 0.912094 0.301684 0.914953 0.257484 0.915906 0.231493 0.908281 0.22629 0.89875 0.227591 0.8959059999999999 0.230192 0.890188 0.299083 0.8882809999999999 0.302985 0.864469 0.340682 0.8635160000000001 0.35368900000000003 0.856844 0.426482 0.865422 0.429083 0.867313 0.440789 0.8635160000000001 0.44729199999999997 0.861609 0.468081 0.8797029999999999 0.48108700000000004 0.899703 0.48368900000000004 0.915906 0.47848599999999997 0.924484 0.46678 0.932094 0.361493 0.932094 0.352388
13 0.6380779999999999 0.26823 0.636328 0.281663 0.6351720000000001 0.312516 0.626484 0.321215 0.6189530000000001 0.327548 0.607938 0.33624699999999996 0.606781 0.34336900000000004 0.606781 0.378166 0.598078 0.480192 0.5974999999999999 0.488891 0.598078 0.49995700000000004 0.603875 0.511023 0.616625 0.514989 0.641547 0.518934 0.660094 0.517356 0.6740160000000001 0.509446 0.679219 0.492836 0.681547 0.441023 0.683281 0.35718599999999995 0.682125 0.350064 0.679219 0.34373099999999995 0.663578 0.320789 0.664156 0.24565 0.659516 0.23854999999999998 0.65025 0.23854999999999998 0.6403909999999999 0.240917 0.6380779999999999 0.26823
13 0.683875 0.32622599999999996 0.688516 0.328593 0.716391 0.327015 0.7291719999999999 0.327804 0.732078 0.291343 0.7239530000000001 0.263603 0.7239530000000001 0.213667 0.707109 0.213667 0.707688 0.227932 0.7036089999999999 0.270746 0.690844 0.288188 0.688516 0.327015 0.683875 0.32622599999999996
13 0.7325630000000001 0.327548 0.751156 0.327548 0.768 0.322793 0.7813589999999999 0.28948799999999997 0.775547 0.259382 0.779031 0.21737700000000001 0.758703 0.21262299999999998 0.753469 0.22134299999999998 0.749984 0.271258 0.7325630000000001 0.291876 0.730234 0.32675899999999997 0.7325630000000001 0.327548
13 0.499531 0.317058 0.494625 0.368998 0.506906 0.370682 0.530234 0.37236699999999995 0.533922 0.32209 0.522859 0.315394 0.499531 0.317058
13 0.524094 0.663923 0.537594 0.529872 0.532687 0.521493 0.472516 0.608614 0.47620300000000004 0.62371 0.479891 0.653859 0.524094 0.663923
13 0.276313 0.454904 0.264469 0.431002 0.253656 0.419765 0.24954700000000002 0.370576 0.240781 0.368465 0.23615599999999998 0.370576 0.23306299999999996 0.374094 0.23306299999999996 0.426802 0.23306299999999996 0.509701 0.278891 0.481599 0.276313 0.454904
13 0.246969 0.608614 0.266016 0.5966739999999999 0.279922 0.588934 0.278891 0.563646 0.23409399999999997 0.553092 0.23512499999999997 0.605096 0.246969 0.608614
27 0.540141 0.986525 0.881016 0.5977610000000001 0.881016 0.5685290000000001 0.8793749999999999 0.537079 0.9485469999999999 0.444947 0.935359 0.429211 0.9172499999999999 0.23371 0.912312 0.231471 0.9090159999999999 0.231471 0.88925 0.242687 0.885969 0.276397 0.885969 0.31010699999999997 0.874437 0.339318 0.866203 0.346077 0.816797 0.36629 0.816797 0.32584199999999996 0.8200939999999999 0.29439200000000004 0.803625 0.26516 0.788797 0.256183 0.767391 0.238209 0.754219 0.229211 0.7245779999999999 0.229211 0.706469 0.22023500000000001 0.673531 0.217974 0.647188 0.22697199999999998 0.629063 0.240448 0.599422 0.262921 0.594484 0.262921 0.587891 0.258422 0.566484 0.285394 0.551672 0.314606 0.540141 0.314606 0.530266 0.29886999999999997 0.5170779999999999 0.278657 0.49896900000000005 0.258422 0.494031 0.256183 0.439687 0.287633 0.43475 0.312367 0.43145300000000003 0.242687 0.41334400000000004 0.175288 0.294766 0.159552 0.311234 0.276397 0.298063 0.402239 0.298063 0.440448 0.298063 0.458422 0.28325 0.47865699999999994 0.276656 0.462921 0.250312 0.36179100000000003 0.248656 0.36179100000000003 0.232187 0.211237 0.204203 0.150554 0.177844 0.14157799999999998 0.131734 0.14157799999999998 0.0049375 0.150554 0 0.824712 0.0543438 0.871919 0.19431199999999998 0.939318 0.286531 0.9820260000000001 0.428156 0.9820260000000001 0.475922 0.986525 0.540141 0.986525
50 0.292469 0 0.285891 0.030490400852878467 0.299047 0.04394459914712153 0.310547 0.09776120042643924 0.30724999999999997 0.162772 0.305609 0.182964 0.330266 0.16727099999999998 0.340109 0.171748 0.34996900000000003 0.156055 0.38118799999999997 0.156055 0.400906 0.16053299999999998 0.407484 0.180725 0.42884399999999995 0.18968 0.43706300000000003 0.18968 0.43706300000000003 0.16053299999999998 0.450203 0.142601 0.46334400000000003 0.14484 0.483063 0.14484 0.48142199999999996 0.11569299999999999 0.491281 0.104478 0.49620300000000006 0.08206820042643924 0.515922 0.07756930063965885 0.5027809999999999 0 0.299047 0 0.292469 0
50 0.309422 0.112026 0.310297 0.106077 0.308031 0.104883 0.305234 0.0998934 0.304187 0.0963113 0.301047 0.08895519999999998 0.296875 0.0794243 0.291469 0.0763326 0.284328 0.0732409 0.282922 0.0706397 0.28275 0.066823 0.283797 0.0661194 0.284328 0.0625373 0.284672 0.057548 0.286062 0.0549254 0.286766 0.0478038 0.2885 0.0437527 0.292172 0.0399574 0.296 0.033049 0.289203 0.0332836 0.285547 0.0323454 0.284328 0.0266311 0.28275 0.0194883 0.280484 0.013774 0.269859 0.0140299 0.266188 0.017825199999999996 0.2655 0.0218763 0.266188 0.0259062 0.267234 0.029253699999999997 0.277 0.0297228 0.278219 0.0373348 0.283625 0.049936 0.282234 0.0639659 0.281703 0.0703838 0.271953 0.0856077 0.270375 0.0958422 0.278922 0.111535 0.281359 0.111535 0.284844 0.113433 0.289375 0.11226 0.294609 0.110832 0.300531 0.114392 0.306984 0.113433 0.309422 0.112026
26 0.560734 0.541535 0.5610470000000001 0.546652 0.563547 0.553902 0.5669839999999999 0.606823 0.5707340000000001 0.669126 0.5845 0.678934 0.610766 0.678081 0.619516 0.6725369999999999 0.629531 0.606397 0.6342190000000001 0.566716 0.636094 0.5586139999999999 0.6404690000000001 0.5504899999999999 0.637656 0.541535 0.6260939999999999 0.5347120000000001 0.609203 0.528316 0.585125 0.527463 0.571672 0.531301 0.5622969999999999 0.537697 0.560734 0.541535
26 0.8053440000000001 0.43081 0.8077030000000001 0.43661 0.8053440000000001 0.45727100000000004 0.8053440000000001 0.47855000000000003 0.808641 0.508252 0.808641 0.529531 0.813375 0.533412 0.8285159999999999 0.540512 0.846484 0.537292 0.851688 0.5250319999999999 0.851688 0.5095310000000001 0.857359 0.486951 0.8611409999999999 0.459851 0.8644529999999999 0.44177 0.868703 0.43339 0.8625619999999999 0.42307 0.8483750000000001 0.42113 0.8346560000000001 0.420469 0.819047 0.41919 0.802031 0.424989 0.8053440000000001 0.43081
26 0.573813 0.384414 0.584719 0.387548 0.602797 0.38912599999999997 0.60625 0.387548 0.6068279999999999 0.374243 0.602797 0.369531 0.603094 0.368358 0.607969 0.36287800000000003 0.608266 0.34562899999999996 0.6099840000000001 0.33780400000000005 0.614 0.33191899999999996 0.611422 0.30215400000000003 0.603672 0.29978699999999997 0.594187 0.29861400000000005 0.583281 0.301748 0.571797 0.378934 0.573813 0.384414
26 0.856031 0.37697200000000003 0.8162969999999999 0.36315600000000003 0.805391 0.369531 0.798391 0.37484 0.799937 0.399296 0.804625 0.41842199999999996 0.817859 0.41524500000000003 0.8388909999999999 0.41735599999999995 0.8521409999999999 0.41842199999999996 0.8591409999999999 0.391855 0.856031 0.37697200000000003
26 0.497328 0.08597010021321962 0.493578 0.08980810021321961 0.495141 0.09447759914712155 0.492031 0.09788910021321962 0.48953100000000005 0.104691 0.49078099999999997 0.122154 0.49078099999999997 0.142601 0.49171899999999996 0.15665199999999999 0.493578 0.15665199999999999 0.507625 0.15791000000000002 0.510437 0.15452000000000002 0.512312 0.14727099999999999 0.516359 0.13791 0.516359 0.12300599999999999 0.5201089999999999 0.11577799999999999 0.5244690000000001 0.10724900000000001 0.525094 0.09916840085287847 0.525094 0.09319830063965885 0.527906 0.08895520042643923 0.521047 0.08469079957356077 0.510437 0.08255859914712153 0.498891 0.08213220042643923 0.497328 0.08597010021321962
26 0.930828 0.176631 0.941234 0.172537 0.9396089999999999 0.148273 0.92875 0.147015 0.9285310000000001 0.149851 0.924141 0.172217 0.930828 0.176631
26 1 0.140853 0.9632339999999999 0.15 0.961 0.15 0.959047 0.158017 0.9582029999999999 0.163731 0.9582029999999999 0.177846 0.961 0.190043 1 0.194627 1 0.140853
50 0.835437 0.12172699999999999 0.8365310000000001 0.125458 0.85075 0.126951 0.871516 0.126951 0.8824530000000002 0.136631 0.893375 0.140362 0.894469 0.168721 0.903219 0.170213 0.903219 0.159765 0.9048589999999999 0.147825 0.892828 0.0702559 0.893375 0.065032 0.8939220000000001 0.00236674 0.796078 0.000895522 0.796078 0.0299787 0.794438 0.0307249 0.794438 0.045628999999999996 0.780234 0.0515991 0.781328 0.0523454 0.780234 0.0881663 0.792797 0.0777186 0.8042809999999999 0.0665245 0.822328 0.076226 0.8332499999999999 0.102324 0.835437 0.12172699999999999
50 0.238687 0.16023500000000002 0.28117200000000003 0.185821 0.296156 0.187527 0.312391 0.182409 0.297406 0.14319800000000002 0.267422 0.09204689978678038 0.287406 0.059658799573560774 0.276172 0.03068230063965885 0.263672 0.02897649893390192 0.238687 0.039211100213219614 0.228688 0.04771859914712154 0.22743799999999997 0.151727 0.238687 0.16023500000000002