76 0.550969 0.574306 0.5557190000000001 0.662306 0.575719 0.654806 0.5783590000000001 0.667 0.5936250000000001 0.656694 0.593094 0.647333 0.592047 0.630472 0.599953 0.628611 0.594688 0.559333 0.550969 0.574306
2 0.8884690000000001 0.480667 0.8919840000000001 0.504917 0.8919840000000001 0.5229170000000001 0.892859 0.540917 0.8955 0.556556 0.8977029999999999 0.567528 0.9003439999999999 0.582389 0.908703 0.592556 0.9157500000000001 0.593333 0.925 0.584722 0.9373279999999999 0.577694 0.946125 0.573778 0.950531 0.570639 0.9514060000000001 0.554222 0.947891 0.540917 0.943484 0.523694 0.942156 0.508056 0.9364380000000001 0.49005600000000005 0.931156 0.469694 0.925 0.454833 0.9170780000000001 0.44699999999999995 0.902547 0.44699999999999995 0.8981410000000001 0.454056 0.898062 0.449278 0.8884690000000001 0.460333 0.8884690000000001 0.480667
36 0.169266 0.869333 0.173672 0.823361 0.166516 0.748056 0.161562 0.6932780000000001 0.166516 0.667833 0.157719 0.6717500000000001 0.152219 0.6854439999999999 0.15001599999999998 0.736306 0.137906 0.7891389999999999 0.13295300000000002 0.8331390000000001 0.132406 0.876167 0.142313 0.8918330000000001 0.152766 0.8918330000000001 0.165422 0.878139 0.169266 0.869333
36 0.335 0.758278 0.334797 0.753583 0.331953 0.742778 0.325875 0.735194 0.325469 0.726556 0.325062 0.706361 0.326078 0.678972 0.328516 0.631389 0.335609 0.614444 0.344125 0.607222 0.35325 0.614083 0.355891 0.614083 0.35709399999999997 0.6079439999999999 0.33925 0.602889 0.334391 0.606861 0.327297 0.61875 0.323844 0.644722 0.323844 0.6551669999999999 0.321609 0.713583 0.318984 0.722944 0.318781 0.7579170000000001 0.328516 0.7662220000000001 0.33134399999999997 0.7662220000000001 0.334187 0.7633329999999999 0.335 0.758278
65 0.417141 0.8764169999999999 0.420922 0.982028 0.503094 0.988778 0.506875 0.937083 0.504359 0.9101109999999999 0.503094 0.8876390000000001 0.499297 0.858417 0.481594 0.842694 0.452531 0.8606670000000001 0.442422 0.862917 0.43356300000000003 0.856167 0.42471899999999996 0.8494440000000001 0.41840599999999994 0.865167 0.417141 0.8764169999999999
50 0.393141 0.686444 0.394781 0.706028 0.400297 0.725583 0.39534400000000003 0.780361 0.40084400000000003 0.805778 0.40743799999999997 0.9906670000000001 0.423953 1 0.417891 0.8625280000000001 0.42175 0.846861 0.432203 0.835139 0.427797 0.798944 0.425594 0.7696109999999999 0.414594 0.7461110000000001 0.44925 0.7226389999999999 0.44925 0.7158059999999999 0.4465 0.704056 0.450906 0.681556 0.45476599999999995 0.662 0.453109 0.642444 0.450359 0.617972 0.44760900000000003 0.605278 0.44375 0.596472 0.444859 0.587667 0.445953 0.571028 0.445953 0.541694 0.4465 0.525056 0.43109400000000003 0.5123329999999999 0.42339099999999996 0.511361 0.412937 0.519194 0.404687 0.560278 0.404687 0.578861 0.394781 0.5945 0.393688 0.603306 0.392594 0.616028 0.391484 0.62875 0.39039100000000004 0.648306 0.393141 0.686444
50 0.331234 0.593139 0.323766 0.595806 0.319297 0.7390279999999999 0.334219 0.765556 0.349141 0.823917 0.352125 0.895528 0.352125 0.9804169999999999 0.376 0.983056 0.407328 0.9751110000000001 0.392406 0.85575 0.380469 0.7337220000000001 0.4013590000000001 0.725778 0.389422 0.688639 0.362563 0.617028 0.371516 0.563972 0.367047 0.545389 0.341672 0.5295 0.331234 0.593139
50 0.167109 0.617028 0.152188 0.672722 0.147719 0.76025 0.159656 0.879611 0.152188 0.983056 0.252156 0.983056 0.229781 0.7761669999999999 0.252156 0.76025 0.226797 0.659472 0.205906 0.648861 0.21187499999999998 0.627639 0.179047 0.577222 0.146219 0.609056 0.167109 0.617028
36 0.511203 0.8243610000000001 0.499391 0.764806 0.492484 0.705278 0.48067200000000004 0.712278 0.456047 0.719306 0.432406 0.726306 0.423547 0.747306 0.42748400000000003 0.7770830000000001 0.43634399999999995 0.8278610000000001 0.44325000000000003 0.861111 0.450141 0.8698610000000001 0.455063 0.871611 0.5151410000000001 0.826111 0.511203 0.8243610000000001
36 0.814766 0.5411389999999999 0.8130470000000001 0.5533330000000001 0.8130470000000001 0.576944 0.822906 0.612028 0.831484 0.614306 0.8289059999999999 0.583806 0.8289059999999999 0.5723889999999999 0.8310470000000001 0.5800000000000001 0.8353440000000001 0.599833 0.8357659999999999 0.6127779999999999 0.842625 0.615056 0.848625 0.609722 0.847344 0.5800000000000001 0.842625 0.560194 0.838344 0.546472 0.816484 0.5312220000000001 0.814766 0.5411389999999999
65 0.9960470000000001 0.748694 0.997859 0.592389 0.894531 0.589167 0.878219 0.595611 0.870969 0.7148610000000001 0.9960470000000001 0.748694
65 0.847531 0.766972 0.85175 0.8268890000000001 0.8559530000000001 0.850194 0.863922 0.8510000000000001 0.8695309999999999 0.8510000000000001 0.870937 0.833528 0.8653280000000001 0.771944 0.850344 0.7586390000000001 0.850344 0.746972 0.855484 0.712861 0.853156 0.708694 0.843313 0.721194 0.847531 0.766972
50 0.8748910000000001 0.5925 0.873047 0.564611 0.850922 0.579917 0.8506090000000001 0.58975 0.853375 0.600139 0.8567500000000001 0.608889 0.8696719999999999 0.601778 0.8748910000000001 0.5925
50 0.856969 0.550917 0.871922 0.553167 0.869375 0.514444 0.862063 0.531694 0.856969 0.550917
76 0.0335 0.43405600000000005 0.0644687 0.588389 0.134688 0.563806 0.11865600000000001 0.37013900000000005 0.030734400000000002 0.432083 0.0335 0.43405600000000005
76 0.7248910000000001 0.34441700000000003 0.751844 0.351778 0.768437 0.235056 0.739406 0.205583 0.7242029999999999 0.340722 0.7248910000000001 0.34441700000000003
76 0.412906 0.407333 0.375469 0.254167 0.27701600000000004 0.31525 0.27906200000000003 0.325278 0.310344 0.45472199999999996 0.412906 0.407333
76 0.554422 0.681389 0.550938 0.604528 0.492641 0.6113890000000001 0.49882799999999994 0.686194 0.554422 0.681389
65 0.8256560000000001 0.615444 0.823281 0.619333 0.8245469999999999 0.639472 0.8249219999999999 0.657 0.825281 0.666083 0.8256560000000001 0.674222 0.827844 0.681361 0.8314999999999999 0.695306 0.836422 0.710583 0.842094 0.7118610000000001 0.854141 0.709611 0.8567030000000001 0.7044170000000001 0.8545 0.696944 0.850297 0.682972 0.8437340000000001 0.6576390000000001 0.8455619999999999 0.640444 0.84975 0.631028 0.8475630000000001 0.6255000000000001 0.8424530000000001 0.624528 0.8373440000000001 0.6151110000000001 0.823828 0.6151110000000001 0.8256560000000001 0.615444