75 0.316812 0.834371 0.34120300000000003 0.826828 0.394062 0.8180080000000001 0.428625 0.820522 0.471312 0.824294 0.4835 0.819265 0.479437 0.809207 0.478422 0.709807 0.476391 0.702263 0.47029699999999997 0.695957 0.38593700000000003 0.6972149999999999 0.32292200000000004 0.698491 0.311734 0.753849 0.257859 0.771451 0.242625 0.792843 0.23957799999999999 0.828085 0.26701600000000003 0.829342 0.28125 0.850735 0.30868799999999996 0.850735 0.316812 0.834371
50 0.34382799999999997 0.765667 0.34382799999999997 0.767544 0.343688 0.770097 0.34382799999999997 0.772824 0.343688 0.7840809999999999 0.34425 0.78646 0.347406 0.786306 0.355531 0.788685 0.35775 0.781857 0.359266 0.7767499999999999 0.360781 0.7682209999999999 0.362703 0.760039 0.36298400000000003 0.7564599999999999 0.359125 0.749807 0.357875 0.7469049999999999 0.357609 0.74383 0.356094 0.7387229999999999 0.354984 0.738046 0.352922 0.738046 0.348922 0.737176 0.347406 0.738549 0.345344 0.741625 0.34700000000000003 0.744004 0.347547 0.746054 0.347547 0.748433 0.34920300000000004 0.7496320000000001 0.350578 0.7510060000000001 0.35043799999999997 0.752708 0.34920300000000004 0.753888 0.346719 0.757311 0.346859 0.761064 0.34425 0.764816 0.34382799999999997 0.765667
18 0.873047 0.7893619999999999 0.809156 0.806944 0.8050940000000001 0.811973 0.7807660000000001 0.8370789999999999 0.692531 0.8534039999999999 0.6793440000000001 0.875996 0.687453 0.896074 0.692531 0.922437 0.7178910000000001 0.9324760000000001 0.734109 0.9462860000000001 0.742219 0.951315 0.809156 0.95383 0.8335000000000001 0.950058 0.839578 0.965126 0.845656 0.97265 0.8578279999999999 0.975164 0.8699999999999999 0.975164 0.878109 0.97265 0.884203 0.963868 0.886219 0.958839 0.887234 0.955087 0.9775 0.942534 0.9866250000000001 0.951315 0.985609 0.79942 0.873047 0.7893619999999999
18 0.610047 0.783366 0.608484 0.7665959999999999 0.581375 0.769168 0.558437 0.748511 0.49326600000000004 0.749807 0.48650000000000004 0.7653 0.478672 0.769168 0.47815599999999997 0.823385 0.495875 0.812418 0.575109 0.810464 0.5845 0.818221 0.589719 0.822727 0.605344 0.806596 0.6194219999999999 0.805319 0.610047 0.783366
18 0.299203 0.8871950000000001 0.31165600000000004 0.912901 0.315812 0.9811989999999999 0.319969 0.9811989999999999 0.6415 0.987814 0.651 0.984874 0.651 0.9606380000000001 0.656937 0.9738490000000001 0.6747340000000001 0.9576979999999999 0.689562 0.953288 0.6777029999999999 0.937137 0.671172 0.945938 0.6747340000000001 0.9319919999999999 0.688375 0.8894 0.670578 0.8886649999999999 0.6551560000000001 0.879845 0.6148119999999999 0.871044 0.575063 0.862959 0.531156 0.866634 0.508031 0.829903 0.49675 0.8255129999999999 0.461156 0.819632 0.324125 0.836518 0.288531 0.869574 0.299203 0.8871950000000001
18 0.101109 0.78971 0.0986094 0.801663 0.0910938 0.8127270000000001 0.09503120000000001 0.819381 0.10790599999999999 0.818936 0.111125 0.82646 0.11684399999999999 0.834874 0.125797 0.8353189999999999 0.137234 0.83089 0.146547 0.820716 0.156203 0.8180459999999999 0.222031 0.816286 0.23096899999999998 0.824255 0.244203 0.827795 0.244203 0.826905 0.244203 0.822031 0.242422 0.802108 0.242422 0.785725 0.250641 0.782631 0.24778099999999997 0.776422 0.236687 0.778201 0.220594 0.7750870000000001 0.174453 0.775532 0.16835899999999998 0.7733270000000001 0.171578 0.765358 0.16799999999999998 0.759594 0.162281 0.7569440000000001 0.15082800000000002 0.776422 0.106125 0.778201 0.101109 0.78971
18 0.845281 0.7844099999999999 0.860953 0.7766540000000001 0.8677339999999999 0.789574 0.9246869999999999 0.7928240000000001 0.926266 0.7824760000000001 0.9461090000000001 0.779226 0.949766 0.7844099999999999 0.963359 0.7811800000000001 0.965969 0.761122 0.935141 0.759826 0.9246869999999999 0.745609 0.9116250000000001 0.737195 0.8630470000000001 0.737834 0.8546720000000001 0.738491 0.845281 0.754662 0.807141 0.763714 0.801391 0.7682399999999999 0.8003439999999999 0.78764 0.79825 0.7902319999999999 0.839531 0.79412 0.845281 0.7844099999999999
49 0.6876249999999999 0.900754 0.694609 0.902147 0.698797 0.896267 0.698797 0.887273 0.697109 0.881044 0.6996249999999999 0.8741199999999999 0.699078 0.860638 0.6985159999999999 0.857524 0.692641 0.856499 0.688453 0.86029 0.685391 0.870677 0.685937 0.8869250000000001 0.6873440000000001 0.900058 0.6876249999999999 0.900754
18 0.616734 0.8058799999999999 0.625172 0.8058799999999999 0.6336090000000001 0.814081 0.647453 0.808859 0.652281 0.802882 0.715547 0.8021469999999999 0.725187 0.811103 0.733625 0.810348 0.739047 0.8073689999999999 0.742063 0.79766 0.7541089999999999 0.794681 0.755312 0.7767890000000001 0.724594 0.76559 0.714344 0.746944 0.6607190000000001 0.743965 0.64325 0.746944 0.626375 0.7663439999999999 0.607094 0.768569 0.607094 0.787969 0.616734 0.8058799999999999
18 0.558906 0.748279 0.5637030000000001 0.751896 0.5717190000000001 0.749749 0.574391 0.752224 0.575313 0.750754 0.579187 0.7504259999999999 0.580531 0.748279 0.585734 0.749265 0.589203 0.746944 0.594531 0.745455 0.6005469999999999 0.744468 0.602938 0.742495 0.6032029999999999 0.739342 0.594531 0.73853 0.587594 0.738356 0.584391 0.7375240000000001 0.582531 0.736538 0.5795939999999999 0.731586 0.5759839999999999 0.72795 0.569719 0.727621 0.5622499999999999 0.727118 0.552906 0.728453 0.547703 0.729942 0.544891 0.733075 0.541031 0.73853 0.529016 0.741335 0.525406 0.743308 0.524875 0.746789 0.525281 0.7489359999999999 0.558906 0.748279
18 0.0398594 0.7922049999999999 0.010484400000000001 0.774023 0.010484400000000001 0.836364 0.056656200000000004 0.838956 0.0356719 0.818182 0.0671406 0.818182 0.0419687 0.8 0.0419687 0.779226 0.0188906 0.779226 0.0398594 0.7922049999999999
18 0.919922 0.741567 0.927266 0.742108 0.940188 0.741296 0.9513130000000001 0.740193 0.9550940000000001 0.7374269999999999 0.964891 0.728066 0.970688 0.721721 0.969125 0.716209 0.963109 0.712631 0.943172 0.714197 0.9299839999999999 0.7137720000000001 0.9230470000000001 0.7137720000000001 0.921312 0.71441 0.9204380000000001 0.716344 0.918703 0.720638 0.9138590000000001 0.721083 0.9044840000000001 0.7234430000000001 0.901016 0.72559 0.903094 0.733965 0.905344 0.7358990000000001 0.9067339999999999 0.737834 0.910031 0.738046 0.919922 0.741567
18 0.13070299999999999 0.744023 0.168859 0.745977 0.169266 0.737621 0.172844 0.734178 0.166875 0.732205 0.160906 0.7258030000000001 0.14143699999999998 0.726789 0.12990600000000002 0.74352 0.13070299999999999 0.744023
18 0.272406 0.723907 0.265609 0.728569 0.264094 0.731064 0.262594 0.735725 0.256547 0.738839 0.255297 0.746325 0.285734 0.746325 0.287 0.724836 0.285234 0.723907 0.272406 0.723907
18 0.291016 0.745068 0.305359 0.742592 0.303859 0.73325 0.297812 0.732302 0.293781 0.729188 0.28875 0.724526 0.289266 0.745706 0.291016 0.745068
18 0.663594 0.7369439999999999 0.675063 0.736054 0.6872499999999999 0.7334040000000001 0.689875 0.731025 0.683656 0.7239260000000001 0.675063 0.723056 0.665266 0.724816 0.656672 0.729845 0.656672 0.732805 0.663594 0.737234 0.663594 0.7369439999999999
49 0.313188 0.981818 0.313188 0.93942 0.301766 0.8915860000000001 0.292984 0.879632 0.288594 0.874197 0.27717200000000003 0.866576 0.255219 0.8687619999999999 0.24379699999999999 0.872012 0.23149999999999998 0.8915860000000001 0.228875 0.98617 0.313188 0.981818