18 0.107734 0.512471 0.10587500000000001 0.514706 0.10600000000000001 0.516918 0.10784400000000001 0.527129 0.10796900000000001 0.537694 0.10674999999999998 0.547694 0.10551600000000001 0.552682 0.11351599999999999 0.553059 0.135422 0.551953 0.135547 0.5397179999999999 0.13381300000000002 0.530259 0.13799999999999998 0.529529 0.13764099999999999 0.526753 0.132219 0.526188 0.127047 0.512282 0.10932800000000001 0.512282 0.107734 0.512471
18 0.20800000000000002 0.5084 0.20534400000000003 0.510706 0.200312 0.517435 0.1985 0.523953 0.197938 0.5300710000000001 0.198781 0.540588 0.20212500000000003 0.542471 0.205625 0.540588 0.207297 0.537435 0.210516 0.535741 0.210938 0.530282 0.22015600000000002 0.531129 0.22434400000000002 0.5233410000000001 0.231047 0.520165 0.231047 0.516588 0.229656 0.5115529999999999 0.22476600000000002 0.508612 0.20800000000000002 0.5084
50 0.292484 0.8472 0.292484 0.874165 0.304422 0.8898820000000001 0.323828 0.898871 0.326813 0.878659 0.326813 0.831459 0.329797 0.773035 0.346203 0.6898820000000001 0.358141 0.7707759999999999 0.356656 0.8472 0.35515599999999997 0.8898820000000001 0.36112500000000003 0.903365 0.392469 0.8808940000000001 0.374563 0.853929 0.379031 0.8044939999999999 0.373062 0.786518 0.385 0.775271 0.396937 0.7168469999999999 0.392469 0.626965 0.404406 0.606753 0.40292199999999995 0.582024 0.40739099999999995 0.496635 0.39843799999999996 0.456188 0.389484 0.40898799999999996 0.36262500000000003 0.38875299999999996 0.371578 0.366282 0.364109 0.35505899999999996 0.350687 0.330329 0.317859 0.33482399999999995 0.31189100000000003 0.37527099999999997 0.31934399999999996 0.397741 0.310391 0.402259 0.2895 0.41574099999999997 0.288016 0.449435 0.301437 0.512353 0.30592199999999997 0.579765 0.302937 0.6089880000000001 0.29398399999999997 0.761788 0.302937 0.779765 0.302937 0.853929 0.292484 0.8472
50 0.8601559999999999 0.392235 0.8847659999999999 0.39075299999999996 0.868031 0.34625900000000004 0.8650779999999999 0.324024 0.8650779999999999 0.30623500000000003 0.8315939999999999 0.29882400000000003 0.8168279999999999 0.32550599999999996 0.803047 0.31364699999999995 0.810922 0.349224 0.8079689999999999 0.38927100000000003 0.8168279999999999 0.411506 0.75875 0.488588 0.760719 0.518259 0.785328 0.518259 0.776469 0.571624 0.778438 0.6398119999999999 0.7745 0.762871 0.795172 0.7688 0.7961560000000001 0.805882 0.793203 0.851835 0.826672 0.8666590000000001 0.8315939999999999 0.832565 0.8365159999999999 0.7910349999999999 0.839469 0.690235 0.8503130000000001 0.638329 0.858187 0.583482 0.875906 0.461906 0.858187 0.399647 0.8601559999999999 0.392235
50 0.8378439999999999 0.8492240000000001 0.856406 0.850988 0.879609 0.833506 0.883094 0.802071 0.894703 0.740918 0.901656 0.698988 0.9097810000000001 0.681529 0.9132659999999999 0.7915760000000001 0.892375 0.866706 0.8993439999999999 0.894659 0.920219 0.880682 0.9283440000000001 0.8492240000000001 0.931813 0.826518 0.9352969999999999 0.751388 0.9457340000000001 0.714706 0.965469 0.7007289999999999 0.977063 0.601153 0.9759059999999999 0.533012 0.9840310000000001 0.450918 0.960828 0.42644699999999996 0.965469 0.40724699999999997 0.964297 0.381035 0.963141 0.363553 0.951547 0.34957599999999994 0.934141 0.34435299999999996 0.9213749999999999 0.353082 0.9167339999999999 0.393271 0.924859 0.421224 0.8993439999999999 0.421224 0.887734 0.433435 0.880781 0.482353 0.883094 0.526024 0.876141 0.6116469999999999 0.864531 0.714706 0.8633749999999999 0.7915760000000001 0.843656 0.837012 0.8378439999999999 0.8492240000000001
50 0.059265599999999995 0.332212 0.0661562 0.375224 0.060250000000000005 0.3856 0.042531200000000005 0.40783499999999995 0.036625000000000005 0.428588 0.0356406 0.5145649999999999 0.0405625 0.576847 0.0543438 0.631694 0.059265599999999995 0.676188 0.0533594 0.738447 0.055328100000000005 0.772541 0.0445 0.860024 0.060250000000000005 0.8570589999999999 0.0887969 0.855576 0.111453 0.854094 0.11440600000000001 0.840753 0.0986406 0.831859 0.10651600000000001 0.831859 0.132125 0.834824 0.131141 0.8229650000000001 0.11932799999999999 0.814071 0.09962499999999999 0.7844 0.101594 0.776988 0.10454699999999999 0.744376 0.109484 0.720659 0.1085 0.6954589999999999 0.11440600000000001 0.689529 0.125234 0.682118 0.12425 0.653929 0.113422 0.634659 0.10651600000000001 0.6139060000000001 0.10651600000000001 0.584259 0.10751599999999999 0.551647 0.10651600000000001 0.5071530000000001 0.10060899999999999 0.44044700000000003 0.0848594 0.40487100000000004 0.0947031 0.39597600000000005 0.10060899999999999 0.39597600000000005 0.1085 0.39152899999999996 0.113422 0.373741 0.11243700000000001 0.361859 0.11440600000000001 0.348518 0.120313 0.33962400000000004 0.11932799999999999 0.33814099999999997 0.1085 0.329247 0.105531 0.317388 0.0947031 0.31145900000000004 0.0691094 0.320353 0.059265599999999995 0.332212
8 0.834187 0.950188 0.877453 0.878282 0.447687 0.725459 0.376047 0.783906 0.834187 0.950188
33 0.104984 0.627388 0.0921719 0.632659 0.0828438 0.6519529999999999 0.0863437 0.673012 0.0945 0.701106 0.091 0.687059 0.12246899999999998 0.681788 0.129453 0.658988 0.12129700000000002 0.632659 0.104984 0.627388
33 0.521016 0.816918 0.512859 0.8186820000000001 0.543156 0.813412 0.552484 0.813412 0.555969 0.794118 0.548984 0.787082 0.524516 0.778306 0.503531 0.792353 0.501203 0.809906 0.521016 0.816918
33 0.799844 0.502565 0.8006249999999999 0.5108 0.7967190000000001 0.522941 0.792563 0.524118 0.785531 0.515506 0.781625 0.535859 0.779813 0.555459 0.7868280000000001 0.576235 0.7967190000000001 0.575835 0.8092029999999999 0.552706 0.8131090000000001 0.530376 0.8092029999999999 0.5096240000000001 0.799328 0.501012 0.799844 0.502565
33 0.953063 0.45447100000000007 0.9473749999999999 0.44875299999999996 0.935234 0.44418799999999997 0.9253750000000001 0.444753 0.926141 0.444753 0.932203 0.457882 0.934859 0.461318 0.9409220000000001 0.46018799999999993 0.9473749999999999 0.457318 0.953063 0.45447100000000007
33 0.9094529999999998 0.474447 0.907938 0.474447 0.907938 0.48016499999999995 0.908703 0.480729 0.913625 0.477294 0.912875 0.475012 0.911734 0.474447 0.9094529999999998 0.474447
33 0.956469 0.483576 0.951547 0.482447 0.949266 0.483576 0.948891 0.483576 0.9466090000000001 0.486447 0.955328 0.491576 0.957609 0.480729 0.956469 0.483576
33 0.923484 0.508141 0.936375 0.510424 0.9371410000000001 0.508141 0.9360000000000002 0.501859 0.9466090000000001 0.486447 0.9301292890382561 0.4818739101857615 0.928422 0.489294 0.918172 0.497294 0.917047 0.500141 0.923484 0.508141
2 0.572109 0.763106 0.5739690000000001 0.7875289999999999 0.567016 0.7952239999999999 0.569328 0.8098820000000001 0.577219 0.826635 0.578141 0.833624 0.616625 0.8489650000000001 0.620328 0.8357180000000001 0.633781 0.821741 0.624031 0.8008 0.6305310000000001 0.8015059999999999 0.633312 0.807082 0.637953 0.8021879999999999 0.658344 0.7987059999999999 0.660203 0.7749649999999999 0.648609 0.7428469999999999 0.641188 0.733765 0.624969 0.724706 0.610125 0.7253879999999999 0.588797 0.7323759999999999 0.577672 0.7421409999999999 0.578141 0.7568239999999999 0.572109 0.763106
18 0.0068281203125 0.5198119999999999 0.013250000000000001 0.5224 0.0188281 0.523035 0.02225 0.526918 0.028249999999999997 0.526918 0.031671899999999996 0.523035 0.0351094 0.523035 0.0359688 0.506259 0.0333906 0.5011059999999999 0.0128281 0.507553 0.0081093796875 0.509482 0.0068281203125 0.5198119999999999
33 0.8124840000000001 0.537412 0.806688 0.561882 0.800109 0.5729409999999999 0.805906 0.572376 0.8159689999999999 0.551388 0.816734 0.535647 0.816734 0.5193409999999999 0.816734 0.512941 0.8124840000000001 0.505365 0.807063 0.5036 0.80475 0.5036 0.806688 0.504776 0.8124840000000001 0.517012 0.8124840000000001 0.537412