50 0.0383594 0.803794 0.0383594 0.791452 0.0338125 0.7871899999999998 0.023875 0.80719 0.0196094 0.811452 0.017625 0.815293 0.0162031 0.82082 0.015062500000000001 0.831897 0.0142187 0.84637 0.0142187 0.864239 0.017625 0.870211 0.0198906 0.864239 0.0383594 0.812295 0.0383594 0.803794
50 0.00890625 0.9468150000000001 0.00520313 0.948946 0.00265625 0.948946 0.00832813 0.956183 0.0214062 0.951077 0.0236719 0.947681 0.025375 0.938314 0.028218699999999996 0.9285009999999999 0.028500000000000004 0.916581 0.0296406 0.913607 0.0296406 0.939157 0.0290625 0.9451049999999999 0.0338906 0.948103 0.0373125 0.946393 0.0392969 0.942131 0.0415625 0.870609 0.0432656 0.8574 0.0449688 0.853583 0.0424219 0.8144030000000001 0.0214062 0.87103 0.0140156 0.893185 0.012875000000000001 0.937869 0.00890625 0.9468150000000001
50 0.215594 0.8693439999999999 0.222266 0.832881 0.22512499999999996 0.819321 0.223219 0.812904 0.21909400000000004 0.811944 0.211953 0.808618 0.21053099999999997 0.801733 0.20290599999999998 0.797213 0.199422 0.7993440000000002 0.197516 0.808618 0.193234 0.80719 0.192125 0.810773 0.193406 0.849016 0.199437 0.855738 0.199984 0.889391 0.202203 0.889953 0.20339099999999996 0.9401639999999999 0.20484399999999997 0.938759 0.20740600000000003 0.919602 0.215594 0.8693439999999999
50 0.0479844 0.784145 0.0490938 0.7794850000000001 0.0484219 0.7765110000000001 0.0462031 0.773864 0.0437813 0.772529 0.042 0.771874 0.0393437 0.77452 0.0369063 0.7771660000000001 0.0340312 0.784145 0.03425 0.786464 0.0351406 0.788782 0.0382344 0.7970729999999999 0.0382344 0.799391 0.0382344 0.803044 0.0382344 0.807026 0.0406719 0.809672 0.0506406 0.787447 0.0479844 0.784145
50 0.0417812 0.820632 0.042 0.823607 0.0435469 0.835222 0.044 0.851803 0.0426719 0.856136 0.042 0.858454 0.0426719 0.859438 0.0397969 0.881335 0.0386875 0.892623 0.0382344 0.900913 0.0373594 0.939391 0.0384688 0.945035 0.0402344 0.942037 0.0451094 0.903888 0.052625 0.848829 0.060375 0.812998 0.060375 0.808361 0.0519687 0.7914290000000002 0.0508594 0.790445 0.0415625 0.811335 0.042 0.815644 0.0417812 0.820632
50 0.8481249999999999 0.844473 0.852078 0.8437 0.8517340000000001 0.833864 0.8500159999999999 0.8232790000000001 0.849156 0.817588 0.848641 0.8098360000000001 0.8460470000000001 0.810351 0.844328 0.814731 0.843125 0.822482 0.8446719999999999 0.8227629999999999 0.8462189999999999 0.843162 0.8481249999999999 0.844473
50 0.8862500000000001 0.8394609999999999 0.887672 0.839696 0.888625 0.8394609999999999 0.888625 0.838267 0.8880000000000001 0.835667 0.8881560000000001 0.833044 0.8889530000000001 0.8299529999999999 0.8902189999999999 0.833044 0.8911720000000001 0.8368380000000001 0.893859 0.836604 0.8945000000000001 0.836604 0.894656 0.835433 0.8933909999999999 0.8342390000000001 0.8917970000000001 0.830422 0.8910159999999999 0.826393 0.8914839999999999 0.826393 0.8921250000000001 0.826136 0.891328 0.823536 0.890375 0.820913 0.889578 0.81829 0.889578 0.814731 0.888781 0.8111710000000001 0.8884690000000001 0.808782 0.887516 0.808314 0.885141 0.808548 0.8852969999999999 0.8121079999999999 0.885453 0.8142619999999999 0.884656 0.816628 0.8835470000000001 0.819719 0.8835470000000001 0.824473 0.885609 0.825199 0.885938 0.826862 0.886562 0.8294849999999999 0.8852969999999999 0.835433 0.884984 0.8394609999999999 0.8862500000000001 0.8394609999999999
50 0.901266 0.835105 0.9001250000000001 0.833021 0.8992340000000001 0.8305849999999999 0.899484 0.829719 0.901594 0.826674 0.901031 0.823724 0.9028280000000001 0.818478 0.8996409999999999 0.818852 0.8961410000000001 0.8200700000000001 0.8940939999999999 0.822998 0.8931089999999999 0.8260660000000001 0.894016 0.830328 0.8958130000000001 0.832295 0.896625 0.8355969999999999 0.900375 0.836089 0.901266 0.835105
50 0.927797 0.8395779999999999 0.9296559999999999 0.8395779999999999 0.930531 0.838267 0.931516 0.837611 0.9340310000000001 0.84007 0.935109 0.838103 0.934891 0.831733 0.9345779999999999 0.827963 0.934891 0.8206089999999999 0.934141 0.818478 0.9342499999999999 0.8150350000000001 0.933812 0.811616 0.932938 0.8086650000000001 0.931734 0.806206 0.930312 0.805222 0.930203 0.802927 0.929125 0.799836 0.9268750000000001 0.801967 0.9268750000000001 0.806557 0.9254530000000001 0.8077749999999999 0.9254530000000001 0.811452 0.9270780000000001 0.812061 0.927281 0.816323 0.927484 0.8175410000000001 0.926469 0.821827 0.926266 0.8358549999999999 0.9268750000000001 0.838923 0.927797 0.8395779999999999
50 0.716187 0.8224360000000001 0.7159690000000001 0.820468 0.715859 0.816698 0.715641 0.81555 0.715203 0.809813 0.714219 0.805222 0.708969 0.808829 0.707766 0.81637 0.705797 0.818173 0.703391 0.8224360000000001 0.716187 0.8224360000000001
2 0.389156 0.938852 0.375812 0.966956 0.37921900000000003 0.9792970000000001 0.386313 0.979719 0.40279699999999996 0.986112 0.41273400000000005 0.981429 0.41017200000000004 0.9724820000000001 0.40704700000000005 0.958009 0.40534400000000004 0.949485 0.397969 0.9392739999999999 0.393422 0.9443790000000001 0.38971900000000004 0.9396960000000001 0.389156 0.938852
40 0.48426600000000003 0.403326 0.517594 0.42435599999999996 0.5500309999999999 0.44669800000000004 0.592141 0.474286 0.663172 0.5189929999999999 0.7175469999999999 0.5374 0.6666719999999999 0.501897 0.6465 0.491382 0.5860000000000001 0.451944 0.5570630000000001 0.429602 0.537766 0.40857099999999996 0.500922 0.390164 0.48251600000000006 0.384918 0.47023400000000004 0.374403 0.422 0.285012 0.379031 0.33234199999999997 0.47462499999999996 0.40594800000000003 0.48426600000000003 0.403326
40 0.9136559999999999 0.72 0.937203 0.656464 0.886969 0.609415 0.866563 0.557658 0.860281 0.557658 0.8351559999999999 0.536464 0.841437 0.515293 0.810047 0.472951 0.726844 0.501171 0.697016 0.557658 0.704859 0.578829 0.734687 0.604707 0.751953 0.635293 0.7755 0.656464 0.7943439999999999 0.654122 0.789641 0.628244 0.811609 0.625878 0.8351559999999999 0.68 0.857141 0.6941219999999999 0.857141 0.665878 0.88225 0.6941219999999999 0.8775470000000001 0.7058779999999999 0.904234 0.7270490000000001 0.9136559999999999 0.72
40 0.645203 0.6070490000000001 0.656203 0.524707 0.6514840000000001 0.52 0.599688 0.48941500000000004 0.552594 0.456464 0.540031 0.461171 0.536891 0.449415 0.527469 0.430585 0.474094 0.414122 0.434844 0.442342 0.42385900000000004 0.503536 0.45682799999999996 0.534122 0.475672 0.536464 0.502359 0.581171 0.519625 0.571756 0.524328 0.536464 0.555734 0.5552929999999999 0.598109 0.595293 0.615375 0.590585 0.635797 0.625878 0.645203 0.6070490000000001
40 0.298969 0.7110770000000001 0.311563 0.732319 0.339891 0.777119 0.34932799999999997 0.7889229999999999 0.35562499999999997 0.838454 0.369781 0.810141 0.387094 0.854941 0.366641 0.932787 0.426438 0.920984 0.426438 0.8808900000000001 0.44531200000000004 0.8974 0.45948399999999995 0.923349 0.495672 0.883255 0.506687 0.864379 0.501969 0.824286 0.46420300000000003 0.819578 0.45318800000000004 0.7629739999999999 0.431156 0.7252460000000001 0.413844 0.637963 0.376078 0.661546 0.35246900000000003 0.6592039999999999 0.300547 0.6851520000000001 0.298969 0.7110770000000001
40 0.312281 0.48262299999999997 0.32121900000000003 0.471452 0.328656 0.5015930000000001 0.368859 0.550679 0.407562 0.612037 0.451469 0.666698 0.49762500000000004 0.7224820000000001 0.506563 0.797213 0.516984 0.80726 0.517719 0.777143 0.5058119999999999 0.724707 0.49539099999999997 0.704637 0.44925 0.658876 0.398625 0.587494 0.369594 0.540632 0.33387500000000003 0.44915700000000003 0.336109 0.434637 0.301859 0.33089 0.256453 0.376628 0.312281 0.48262299999999997
40 0.03925 0.957658 0.06593750000000001 0.929415 0.0989063 0.8847069999999999 0.108312 0.8188289999999999 0.125594 0.764707 0.13187500000000002 0.6941219999999999 0.149141 0.623536 0.150703 0.522342 0.178969 0.590585 0.24960900000000003 0.7058779999999999 0.270016 0.623536 0.18525 0.581171 0.149141 0.477658 0.12401599999999999 0.524707 0.08006250000000001 0.708244 0.0361094 0.955293 0.03925 0.957658
40 0.9215 0.5835359999999999 0.88225 0.5458780000000001 0.8555619999999999 0.510585 0.810047 0.46587799999999996 0.777078 0.43295100000000003 0.700156 0.38824400000000003 0.66875 0.343536 0.653062 0.315293 0.604391 0.261171 0.5635779999999999 0.22353599999999998 0.546312 0.296464 0.6028279999999999 0.303536 0.648344 0.357658 0.740969 0.41882899999999995 0.869703 0.534122 0.896391 0.6 0.941906 0.630585 0.9544689999999999 0.649415 0.951328 0.642342 1 0.649415 0.948188 0.6399999999999999 0.9215 0.5835359999999999
40 0.508953 0.58082 0.5015 0.583208 0.486047 0.547307 0.44665600000000005 0.649461 0.487656 0.690141 0.508953 0.58082
40 0.425359 0.707705 0.438141 0.737237 0.446125 0.748407 0.456234 0.776323 0.46795299999999995 0.75719 0.48285900000000004 0.707705 0.44132800000000005 0.655035 0.438141 0.6662060000000001 0.425359 0.707705
40 0.552141 0.6118969999999999 0.543813 0.655948 0.532547 0.772693 0.5247189999999999 0.8608199999999999 0.517859 0.943068 0.519813 0.9415929999999999 0.52275 0.933513 0.534516 0.914426 0.548234 0.899742 0.560484 0.886534 0.57125 0.8762530000000001 0.572234 0.852014 0.57125 0.789602 0.5795779999999999 0.771967 0.582516 0.747728 0.5898749999999999 0.69192 0.593797 0.6251049999999999 0.594766 0.592787 0.561453 0.563419 0.552141 0.6118969999999999
40 0.31725 0.921756 0.340547 0.920609 0.361531 0.914333 0.3455 0.909742 0.347031 0.90459 0.336344 0.901171 0.330234 0.902319 0.305047 0.902319 0.303125 0.901171 0.300453 0.924052 0.31725 0.921756
40 0.285578 0.9080330000000001 0.285188 0.91719 0.273359 0.9154799999999998 0.272969 0.9200469999999998 0.275641 0.9200469999999998 0.290156 0.921756 0.291297 0.9234890000000001 0.296641 0.927494 0.300844 0.9005849999999999 0.291687 0.90459 0.285578 0.9080330000000001
50 0.682141 0.835925 0.679922 0.8236530000000001 0.679484 0.818337 0.676828 0.818665 0.675719 0.822646 0.6737339999999999 0.828618 0.675719 0.828618 0.676609 0.83459 0.677937 0.846534 0.681469 0.846206 0.682141 0.835925
50 0.883672 0.811616 0.8818440000000001 0.809649 0.880266 0.800632 0.878969 0.799087 0.877141 0.799461 0.8763439999999999 0.81082 0.875313 0.8131849999999999 0.875313 0.822974 0.875563 0.827283 0.881578 0.827283 0.882094 0.828852 0.883141 0.815925 0.883672 0.811616
50 0.729766 0.814778 0.728828 0.811686 0.728266 0.811686 0.725656 0.8122479999999999 0.725469 0.815059 0.725469 0.8187119999999999 0.724344 0.822365 0.731266 0.822084 0.730891 0.819836 0.729766 0.814778
50 0.724156 0.829391 0.724531 0.838665 0.724719 0.842037 0.726219 0.84541 0.728078 0.844848 0.730891 0.842881 0.731266 0.8406320000000002 0.730703 0.835293 0.730516 0.8271429999999999 0.724531 0.828548 0.724156 0.829391
50 0.637312 0.826183 0.6363749999999999 0.8311010000000001 0.6361410000000001 0.8370960000000001 0.6359060000000001 0.844473 0.639656 0.849766 0.645766 0.848009 0.645766 0.845176 0.6434219999999999 0.8395549999999999 0.643656 0.835691 0.6441250000000001 0.828642 0.645531 0.821265 0.6441250000000001 0.819836 0.645531 0.818431 0.643891 0.814215 0.6394219999999999 0.8135129999999999 0.63825 0.816323 0.638953 0.820913 0.637312 0.826183
50 0.9498279999999999 0.834075 0.9498279999999999 0.8289230000000001 0.9514060000000001 0.827635 0.9522660000000001 0.823981 0.948828 0.823326 0.94825 0.820749 0.946531 0.820117 0.9459690000000001 0.823981 0.944672 0.8246140000000001 0.944672 0.8267680000000001 0.946688 0.829344 0.946531 0.833208 0.9498279999999999 0.834075