18 0.259078 0.654604 0.259078 0.63217 0.250437 0.636653 0.252172 0.654604 0.259078 0.654604
18 0.21934400000000004 0.670284 0.236625 0.661318 0.236625 0.63217 0.22107799999999997 0.63217 0.21934400000000004 0.670284
18 0.127047 0.612596 0.127047 0.643245 0.130875 0.643245 0.148094 0.641582 0.148734 0.619229 0.14819979736391992 0.610933 0.158312 0.610933 0.157031 0.634949 0.164047 0.627505 0.168516 0.615091 0.158312 0.60929 0.148094 0.60929 0.127047 0.610122 0.127047 0.610933 0.127047 0.612596
18 0.104719 0.639919 0.11300000000000002 0.636613 0.11620300000000001 0.642414 0.11810899999999999 0.642414 0.120031 0.610933 0.114922 0.618398 0.105344 0.620872 0.104719 0.639919
18 0.983297 0.648296 0.982094 0.6514 0.982094 0.759838 0.998812 0.761379 1 0.646755 0.983297 0.648296
18 0.948687 0.67929 0.9475 0.66069 0.942719 0.66069 0.918859 0.683935 0.916469 0.745882 0.909313 0.745882 0.9117029999999999 0.699412 0.915281 0.693225 0.88425 0.700974 0.879484 0.7195539999999999 0.881875 0.736592 0.909313 0.747444 0.918472359098795 0.7490037628044471 0.9284060000000001 0.764483 0.9451090000000001 0.764483 0.9451090000000001 0.7535397615861283 0.9451090000000001 0.676187 0.948687 0.682373 0.948687 0.67929
18 0.880297 0.731602 0.880297 0.727606 0.880297 0.713915 0.8825 0.709919 0.884688 0.698499 0.874578 0.690507 0.8750160000000001 0.729899 0.880297 0.731602
18 0.862266 0.701359 0.849953 0.697931 0.848625 0.733895 0.8512660000000001 0.728763 0.863141 0.730467 0.8675469999999998 0.73503 0.8675469999999998 0.7310339999999999 0.8679840000000001 0.692211 0.867094 0.692779 0.862266 0.701359
74 0.34229699999999996 0.715598 0.370078 0.7839550000000001 0.5485 0.848499 0.808812 0.82572 0.81175 0.755477 0.8073589999999999 0.35488800000000004 0.7590939999999999 0.292231 0.699141 0.275132 0.684516 0.229574 0.459297 0.214381 0.346687 0.265639 0.34229699999999996 0.715598
64 0.8897809999999999 0.5272410000000001 0.903797 0.5511969999999999 0.930531 0.5520280000000001 0.945172 0.531379 0.943891 0.495842 0.9298909999999999 0.476004 0.904422 0.47847900000000004 0.890422 0.496653 0.890422 0.5272410000000001 0.8897809999999999 0.5272410000000001
64 0.161797 0.591866 0.159359 0.591866 0.157031 0.592819 0.156531 0.607606 0.158859 0.609675 0.162781 0.608073 0.166219 0.604422 0.168047 0.596633 0.165609 0.5947260000000001 0.162047 0.593124 0.161797 0.591866