13 0.259864 0.196672 0.275349 0.266625 0.290835 0.345859 0.292027 0.363344 0.28845000000000004 0.384109 0.29322 0.405406 0.30632000000000004 0.41743800000000003 0.333731 0.42617200000000005 0.369472 0.423453 0.402845 0.40650000000000003 0.40879 0.395578 0.411175 0.382469 0.406422 0.368797 0.401652 0.35514100000000004 0.397479 0.345313 0.39628599999999997 0.287922 0.393901 0.239844 0.38735899999999995 0.174812 0.371261 0.155688 0.35696799999999995 0.142031 0.350119 0.126531 0.341704 0.0669219 0.33482100000000004 0.0402656 0.327939 0.0213281 0.32029 0.0185312 0.31494 0.0178281 0.301175 0.0164219 0.29201000000000005 0.0192187 0.285128 0.020624999999999998 0.282061 0.0262344 0.284361 0.0774375 0.285128 0.119516 0.285128 0.13564099999999998 0.279523 0.150781 0.262232 0.177 0.259864 0.196672
13 0.540937 0.305078 0.5379729999999999 0.288172 0.542129 0.27999999999999997 0.551635 0.273453 0.561738 0.268547 0.5748209999999999 0.263641 0.573629 0.194953 0.569472 0.103375 0.558177 0.09575 0.5540200000000001 0.0881094 0.553424 0.060859399999999994 0.553424 0.00253125 0.5124019999999999 0.00253125 0.514787 0.0412344 0.515383 0.0810312 0.511823 0.0930156 0.5046849999999999 0.100109 0.498143 0.107187 0.499336 0.149172 0.507053 0.297453 0.508245 0.303984 0.522521 0.311078 0.5433220000000001 0.31325 0.540937 0.305078
22 0.357325 0.0830156 0.391363 0.0886875 0.437768 0.08017189999999999 0.46252099999999996 0.07165629999999999 0.46870500000000004 0.0688281 0.48264100000000004 0.0645625 0.49500900000000003 0.0631406 0.5847359999999999 0.0659844 0.6326919999999999 0.0631406 0.612572 0.0517969 0.603288 0.0489531 0.570801 0.0376094 0.556882 0.0333437 0.529046 0.0376094 0.502743 0.039031300000000005 0.44086899999999996 0.0432813 0.380528 0.0617344 0.36352599999999996 0.07875 0.357325 0.0830156
27 1 0.117641 0.6593019999999999 0.06587499999999999 0.433543 0.0611719 0.25654200000000005 0.0847031 0.0487394003407155 0.134125 0.0025724003407155025 0.164703 0.0025724003407155025 0.169406 0 0.988234 1 0.9858750000000001 1 0.117641
26 0.352743 0.117641 0.352743 0.131016 0.36730799999999997 0.14973399999999998 0.39063000000000003 0.173797 0.39647400000000005 0.216578 0.405213 0.211234 0.411039 0.117641 0.352743 0.117641
32 0.03127770017035775 0.7950470000000001 0.0036967597955706987 0.8548439999999999 0.021243599659284497 0.8675 0.04758089948892675 0.859453 0.150392 0.6673910000000001 0.181738 0.655891 0.198041 0.636344 0.216848 0.553547 0.19553700000000002 0.617938 0.203049 0.552391 0.184242 0.604141 0.19303199999999998 0.55125 0.167956 0.619094 0.182998 0.547797 0.13911400000000002 0.6420939999999999 0.135349 0.651297 0.04005110051107325 0.791594 0.03127770017035775 0.7950470000000001
41 0.866422 0.553453 0.859557 0.562453 0.848756 0.610156 0.855622 0.66325 0.859557 0.67225 0.870358 0.676766 0.877223 0.6893589999999999 0.879182 0.759563 0.8811410000000001 0.8189690000000001 0.884089 0.8342660000000001 0.888995 0.8495779999999999 0.902726 0.8558749999999999 0.9174620000000001 0.850469 0.928245 0.836078 0.907632 0.749672 0.8919420000000001 0.6740630000000001 0.894889 0.6740630000000001 0.8929130000000001 0.62725 0.888995 0.5507500000000001 0.879182 0.547141 0.866422 0.553453
41 0.411414 0.124922 0.42862 0.103156 0.426763 0.09675 0.417462 0.094625 0.40908 0.10273400000000002 0.405366 0.12065600000000001 0.406286 0.135578 0.406661 0.135844 0.411414 0.124922
13 0.699489 0.129438 0.6853319999999999 0.10606199999999999 0.68816 0.0073593703125 0.642845 0.0047656203125 0.637189 0.0930781 0.617359 0.10606199999999999 0.617359 0.256703 0.657002 0.259313 0.690988 0.277484 0.682487 0.32425000000000004 0.693816 0.313859 0.699489 0.129438
26 0.650239 0.429359 0.6671549999999999 0.41064100000000003 0.686388 0.289703 0.679387 0.277406 0.656065 0.267234 0.633322 0.26242200000000004 0.598348 0.261891 0.572692 0.266703 0.559779 0.270516 0.543458 0.28175 0.539949 0.29245299999999996 0.560034 0.391953 0.565486 0.411109 0.576184 0.42507799999999996 0.609421 0.435234 0.650239 0.429359
32 0.750034 0.104656 0.767104 0.138234 0.75816 0.15687500000000001 0.762232 0.16806300000000002 0.784991 0.16806300000000002 0.788245 0.159109 0.771993 0.143453 0.770358 0.103172 0.750034 0.104656