24 0.257578 0.519718 0.227109 0.528471 0.232906 0.625153 0.253953 0.6349879999999999 0.258672 0.636635 0.272813 0.689082 0.265922 0.6159760000000001 0.259188 0.576518 0.261937 0.569012 0.272406 0.558118 0.274156 0.548729 0.290625 0.554353 0.296609 0.5536 0.299859 0.548729 0.310844 0.546471 0.311844 0.541953 0.319828 0.536329 0.338281 0.536329 0.351016 0.538965 0.371719 0.538847 0.387688 0.556894 0.396672 0.577553 0.400906 0.594447 0.427109 0.626776 0.42362500000000003 0.591835 0.422375 0.567412 0.42810899999999996 0.563647 0.43235900000000005 0.559129 0.4902810000000001 0.536918 0.493 0.553882 0.503313 0.538376 0.501391 0.4976 0.501719 0.498259 0.502516 0.513153 0.503719 0.536988 0.503984 0.536706 0.504359 0.530753 0.504625 0.521459 0.504359 0.504847 0.503984 0.496824 0.500953 0.494329 0.48587499999999995 0.493906 0.458922 0.489765 0.459562 0.495718 0.461953 0.503459 0.46517200000000003 0.505412 0.466469 0.505671 0.456562 0.509318 0.4537030000000001 0.509976 0.43475 0.514635 0.41273400000000005 0.515953 0.404578 0.518612 0.399078 0.522259 0.387406 0.525576 0.376828 0.529553 0.360312 0.523247 0.359203 0.528894 0.355031 0.538518 0.32375 0.534188 0.308328 0.541835 0.297547 0.532212 0.299516 0.5216 0.297984 0.489106 0.298859 0.468871 0.307234 0.479153 0.32 0.460588 0.311641 0.464 0.275 0.46945900000000007 0.265922 0.47818800000000006 0.271375 0.495129 0.255766 0.502235 0.257578 0.519718
22 0.942547 0.649459 0.929688 0.649459 0.9254060000000001 0.662376 0.919687 0.6817179999999999 0.919687 0.6924710000000001 0.911125 0.7139759999999999 0.903984 0.7354820000000001 0.8897030000000001 0.7698820000000001 0.868281 0.8172 0.8597189999999999 0.903224 0.831156 0.886024 0.8168749999999999 0.9828 0.8839840000000001 0.9828 0.882563 0.969882 0.882563 0.950541 0.8839840000000001 0.933341 0.8897030000000001 0.920424 0.896844 0.9075289999999999 0.903984 0.886024 0.9139839999999999 0.8645179999999999 0.919687 0.843012 0.928266 0.823647 0.9354060000000001 0.802141 0.939688 0.7698820000000001 0.941109 0.7376240000000001 0.9525309999999999 0.7139759999999999 0.9525309999999999 0.686024 0.942547 0.645153 0.942547 0.649459
22 0.44128100000000003 0.724729 0.51125 0.662376 0.49268799999999996 0.5225879999999999 0.415578 0.561294 0.438422 0.7161179999999999 0.44128100000000003 0.724729
22 0.543453 0.531576 0.548906 0.550729 0.562719 0.5518120000000001 0.566719 0.503647 0.569984 0.479553 0.578344 0.484471 0.576531 0.509671 0.577625 0.5567529999999999 0.595437 0.560047 0.595797 0.49816499999999997 0.5976250000000001 0.481741 0.602703 0.480094 0.606344 0.485035 0.607437 0.567694 0.6088910000000001 0.567694 0.643062 0.575365 0.654703 0.570988 0.651062 0.564424 0.650344 0.5518120000000001 0.653969 0.550729 0.654344 0.561129 0.658328 0.562776 0.660156 0.5425180000000001 0.659062 0.518965 0.653969 0.500918 0.648156 0.49597600000000003 0.643062 0.492706 0.641969 0.488871 0.643062 0.48228200000000004 0.647062 0.479012 0.650703 0.479012 0.655422 0.47188199999999997 0.6052500000000001 0.461482 0.578344 0.462588 0.573984 0.46585899999999997 0.559438 0.495435 0.535453 0.512941 0.531813 0.531012 0.543453 0.531576
24 0.528484 0.5295529999999999 0.556187 0.552729 0.555156 0.537294 0.573625 0.511012 0.609547 0.5156470000000001 0.603391 0.558918 0.605438 0.566659 0.6239060000000001 0.571294 0.647516 0.565106 0.6711090000000001 0.562024 0.657766 0.500212 0.65675 0.473929 0.646484 0.464659 0.5992810000000001 0.45538799999999996 0.572609 0.47240000000000004 0.558234 0.49402399999999996 0.540797 0.506376 0.535656 0.531106 0.528484 0.5295529999999999
27 0.31570299999999996 0.815224 0.398125 0.887812 0.455672 0.922941 0.5038750000000001 0.944024 0.508547 0.988518 0.8149219999999999 0.986165 0.875563 0.6442589999999999 0.632953 0.576329 0.32503099999999996 0.808188 0.31570299999999996 0.815224
62 0.396344 0.879482 0.411266 0.8615059999999999 0.429172 0.8345410000000001 0.450063 0.832282 0.457531 0.816565 0.456047 0.800824 0.43962500000000004 0.805318 0.432156 0.8188 0.427688 0.825553 0.403813 0.845765 0.38590599999999997 0.879482 0.396344 0.879482
26 0.49439099999999997 0.820635 0.510266 0.8171060000000001 0.508391 0.701129 0.49859400000000004 0.6948000000000001 0.48412499999999997 0.696918 0.477594 0.701129 0.477594 0.707459 0.477594 0.820635 0.49439099999999997 0.820635
32 0.5856250000000001 0.9975529999999999 0.5875779999999999 0.9975529999999999 0.5875779999999999 0.9960939999999999 0.622609 0.955059 0.641578 0.9316 0.6430469999999999 0.916965 0.640125 0.909624 0.637687 0.909624 0.634281 0.907435 0.634766 0.9037649999999999 0.629906 0.9037649999999999 0.630875 0.898635 0.626984 0.903035 0.618719 0.925741 0.6162810000000001 0.9382119999999999 0.583594 0.9928939999999999 0.5856250000000001 0.9975529999999999
41 0.631719 1 0.642125 0.9819289999999999 0.6554059999999999 0.956259 0.660937 0.9476 0.671563 0.9262819999999999 0.666906 0.9289409999999999 0.662703 0.932612 0.656953 0.936941 0.653188 0.9396 0.647656 0.946941 0.643234 0.9589179999999999 0.63725 0.966918 0.634828 0.9735999999999999 0.629297 0.980259 0.617344 1 0.631719 1
41 0.543594 0.719294 0.548063 0.7208239999999999 0.5574060000000001 0.723906 0.563297 0.7263529999999999 0.565125 0.7263529999999999 0.5667500000000001 0.724824 0.565937 0.7235999999999999 0.5517190000000001 0.718071 0.541969 0.713482 0.535266 0.7122590000000001 0.5314059999999999 0.710424 0.5257189999999999 0.707671 0.515969 0.705224 0.510281 0.704 0.510281 0.707671 0.5251089999999999 0.7122590000000001 0.523891 0.7122590000000001 0.536891 0.718071 0.543594 0.719294
62 0.374859 0.871129 0.378844 0.873129 0.40982799999999997 0.8364710000000001 0.415578 0.8377880000000001 0.426203 0.831129 0.43151599999999996 0.8208 0.432188 0.809788 0.429969 0.8068 0.42400000000000004 0.806141 0.41359399999999996 0.8161409999999999 0.409156 0.829129 0.374406 0.8694590000000001 0.374859 0.871129
62 0.733781 0.7898820000000001 0.739437 0.799247 0.745656 0.804353 0.764891 0.804353 0.806734 0.8277880000000001 0.8106880000000001 0.823529 0.764891 0.800094 0.7498910000000001 0.799671 0.7439530000000001 0.7898820000000001 0.733781 0.789035 0.733781 0.7898820000000001
62 0.777844 0.632165 0.783219 0.6259530000000001 0.782594 0.6223759999999999 0.778312 0.6223759999999999 0.775625 0.628353 0.772453 0.629788 0.771984 0.634306 0.772609 0.636447 0.774672 0.6393179999999999 0.777359 0.635976 0.777844 0.632165
62 0.6822969999999999 0.984824 0.679297 0.9912709999999999 0.687453 0.999012 0.7015939999999999 1 0.688734 0.984824 0.6822969999999999 0.984824
62 0.531828 0.7047059999999999 0.537141 0.707247 0.539094 0.709765 0.543844 0.712282 0.549156 0.7139759999999999 0.554047 0.7150120000000001 0.558234 0.714824 0.5610310000000001 0.713129 0.563828 0.710612 0.565922 0.705553 0.564656 0.703671 0.562844 0.701976 0.5595 0.7017650000000001 0.555578 0.702612 0.55125 0.7040709999999999 0.549438 0.7040709999999999 0.547469 0.705129 0.544547 0.7057650000000001 0.541609 0.7057650000000001 0.537 0.7034590000000001 0.531687 0.6992470000000001 0.526234 0.696706 0.5174369999999999 0.693765 0.509047 0.694188 0.5041559999999999 0.6956709999999999 0.503313 0.695882 0.503453 0.6984 0.520922 0.700094 0.531828 0.7047059999999999
14 0.554406 0.584094 0.563734 0.579129 0.5686720000000001 0.566729 0.565375 0.557647 0.55275 0.552682 0.534094 0.5535059999999999 0.5220309999999999 0.556 0.515437 0.562612 0.518734 0.573341 0.543984 0.579129 0.554406 0.584094
22 0.511844 0.9887530000000001 0.498422 0.941576 0.404406 0.8966350000000001 0.31189100000000003 0.8112469999999999 0.285031 0.8112469999999999 0.29398399999999997 0.986518 0.511844 0.9887530000000001
78 0.674891 0.676 0.676187 0.680871 0.691781 0.520471 0.694375 0.507741 0.705422 0.498941 0.7073590000000001 0.49600000000000005 0.708672 0.488965 0.700875 0.486024 0.6930780000000001 0.482118 0.687234 0.478212 0.682031 0.478212 0.677484 0.478212 0.6696869999999999 0.479176 0.661891 0.48016499999999995 0.652156 0.48016499999999995 0.64825 0.48016499999999995 0.644359 0.48016499999999995 0.643062 0.48112900000000003 0.6411089999999999 0.483082 0.6411089999999999 0.48505899999999996 0.6411089999999999 0.487012 0.644359 0.492871 0.648906 0.49581200000000003 0.6534530000000001 0.497765 0.656703 0.49971799999999994 0.6573439999999999 0.49971799999999994 0.658656 0.5564469999999999 0.662547 0.6613180000000001 0.672937 0.671106 0.674891 0.676
79 0.670859 0.6715059999999999 0.660625 0.660918 0.6484840000000001 0.658988 0.635062 0.6580239999999999 0.628031 0.665741 0.6184529999999999 0.690753 0.6165309999999999 0.7051759999999999 0.6165309999999999 0.7148000000000001 0.6254839999999999 0.7311759999999999 0.640813 0.7494590000000001 0.6420939999999999 0.766776 0.640813 0.816824 0.631875 0.820659 0.622922 0.829318 0.619094 0.839906 0.621641 0.848565 0.624203 0.851459 0.636984 0.861082 0.6510469999999999 0.859153 0.662547 0.846659 0.663828 0.839906 0.656797 0.829318 0.656156 0.825482 0.646563 0.821624 0.646563 0.787953 0.650406 0.7523529999999999 0.653594 0.750424 0.678516 0.729247 0.680438 0.7051759999999999 0.6721250000000001 0.672471 0.670859 0.6715059999999999
79 0.7135 0.652612 0.710578 0.652612 0.7029690000000001 0.652612 0.6988749999999999 0.6570349999999999 0.696531 0.6632 0.709406 0.672 0.724031 0.673765 0.729875 0.661435 0.720516 0.649106 0.724609 0.631482 0.727547 0.620918 0.741578 0.619153 0.745094 0.605059 0.74275 0.573341 0.7369060000000001 0.566282 0.718766 0.564541 0.705891 0.566282 0.700047 0.573341 0.697703 0.586541 0.699453 0.603294 0.707656 0.616494 0.717594 0.631482 0.7152499999999999 0.6543760000000001 0.7135 0.652612
79 0.6050665916399013 0.6356275495557041 0.604938 0.644941 0.604938 0.650424 0.607297 0.6478589999999999 0.6105 0.641412 0.614344 0.6224 0.614141 0.604376 0.607078 0.597624 0.605578 0.598588 0.6054170800306865 0.6102428802149765 0.6050665916399013 0.6356275495557041
79 0.573719 0.632071 0.576281 0.646235 0.584203 0.657835 0.590188 0.6604 0.592547 0.6604 0.59425 0.595035 0.593391 0.593741 0.581 0.598259 0.573719 0.632071
79 0.649641 0.564776 0.6537189999999999 0.5729409999999999 0.6571089999999999 0.573624 0.662531 0.576682 0.66525 0.5562590000000001 0.659828 0.5320710000000001 0.6577810000000001 0.530706 0.653266 0.536494 0.648062 0.552165 0.649641 0.564776
26 0.744375 0.6430589999999999 0.753609 0.642518 0.758578 0.642 0.7632030000000001 0.572988 0.761062 0.571388 0.760359 0.570871 0.755031 0.568729 0.747922 0.5681879999999999 0.742953 0.570871 0.740469 0.572988 0.742594 0.584776 0.744734 0.592776 0.7464999999999999 0.5986589999999999 0.744016 0.610965 0.7418910000000001 0.615788 0.7418910000000001 0.638776 0.744375 0.6430589999999999
26 0.706109 0.769271 0.727734 0.7624 0.727734 0.654447 0.698141 0.654447 0.695859 0.760706 0.706109 0.769271
26 0.06389059999999999 0.49334100000000003 0.06118749999999999 0.460212 0.05425 0.450894 0.03225 0.454965 0.0349531 0.502635 0.0623437 0.5008940000000001 0.06389059999999999 0.49334100000000003
26 0.08549999999999999 0.499624 0.08887500000000001 0.496635 0.08887500000000001 0.48588200000000004 0.08748439999999999 0.479012 0.0779531 0.479012 0.0777656 0.49844700000000003 0.08549999999999999 0.499624
41 0.762781 0.692635 0.784969 0.7007290000000002 0.7895 0.695929 0.760609 0.6852939999999998 0.762781 0.692635
41 0.841906 0.7192 0.823766 0.709835 0.82175 0.716165 0.8382190000000002 0.726024 0.841906 0.7192
62 0.7787189999999999 0.6379999999999999 0.778312 0.642988 0.779547 0.646094 0.782641 0.647647 0.788219 0.644235 0.789656 0.6411060000000001 0.789656 0.6379999999999999 0.78925 0.635529 0.796875 0.627129 0.800594 0.6203059999999999 0.799969 0.6193649999999999 0.792953 0.626212 0.790063 0.630235 0.788828 0.632118 0.788219 0.6342819999999999 0.786562 0.633976 0.781609 0.634894 0.7787189999999999 0.6379999999999999
22 0.7564059999999999 0.519529 0.7205 0.513176 0.712063 0.512118 0.713469 0.5417879999999999 0.713469 0.548141 0.715578 0.569341 0.735281 0.567224 0.743031 0.583129 0.747953 0.602212 0.747953 0.6053879999999999 0.769062 0.6106820000000001 0.779625 0.620212 0.792297 0.6234120000000001 0.796516 0.624471 0.800734 0.525906 0.7564059999999999 0.519529
22 0.37718799999999997 0.755271 0.400094 0.7715059999999999 0.42703100000000005 0.755271 0.444547 0.741059 0.42300000000000004 0.603082 0.409516 0.599035 0.397391 0.574682 0.374484 0.542212 0.320594 0.540188 0.303078 0.5544 0.272078 0.550329 0.25321899999999997 0.564541 0.268031 0.676141 0.277469 0.6944 0.30171899999999996 0.710635 0.334063 0.737012 0.37718799999999997 0.755271
52 0.678813 0.722071 0.693406 0.49774100000000004 0.721156 0.433953 0.744531 0.38117599999999996 0.737219 0.37237600000000004 0.727 0.37237600000000004 0.713859 0.37237600000000004 0.705094 0.392188 0.693406 0.376776 0.686109 0.38117599999999996 0.662734 0.396565 0.6481410000000001 0.416376 0.653984 0.378988 0.649594 0.376776 0.632078 0.376776 0.617469 0.394376 0.618922 0.409765 0.642297 0.422965 0.653984 0.486753 0.658359 0.7154820000000001 0.678813 0.722071
52 0.647797 0.393341 0.649594 0.406965 0.65525 0.408659 0.665656 0.390965 0.664297 0.378682 0.663172 0.340212 0.661141 0.326918 0.657969 0.329318 0.657969 0.341906 0.656156 0.347365 0.65525 0.354165 0.653438 0.363365 0.650953 0.372565 0.647797 0.393341
32 0.749703 0.7883060000000001 0.763281 0.789365 0.787188 0.804188 0.809437 0.8147760000000001 0.810609 0.8112469999999999 0.7675 0.7868940000000001 0.760234 0.786188 0.752516 0.7840940000000001 0.741969 0.783741 0.738453 0.780212 0.732828 0.783035 0.735875 0.785153 0.734 0.7868940000000001 0.744078 0.789365 0.749703 0.7883060000000001