73 0.8652659999999999 0.6744789999999999 0.8702030000000001 0.636417 0.8447190000000001 0.638958 0.821875 0.651646 0.8264530000000001 0.678021 0.861453 0.671937 0.8652659999999999 0.6744789999999999
73 0.844375 0.295938 0.766859 0.0622292 0.719656 0.107188 0.776969 0.327396 0.844375 0.295938
18 0.5649219999999999 0.831063 0.5735 0.828104 0.58775 0.821479 0.5876089999999999 0.817042 0.586375 0.810396 0.581656 0.805979 0.5762660000000001 0.805979 0.568937 0.8085629999999999 0.562844 0.812438 0.5622969999999999 0.8200000000000001 0.564094 0.830688 0.5649219999999999 0.831063
18 0.8840939999999999 0.7033539999999999 0.8824690000000001 0.6935629999999999 0.886141 0.6913750000000001 0.883281 0.6864790000000001 0.871453 0.6919369999999999 0.8730779999999999 0.709875 0.883281 0.706063 0.8840939999999999 0.7033539999999999
18 0.853969 0.708083 0.852938 0.7043130000000001 0.8522969999999999 0.701604 0.848203 0.70125 0.848344 0.705354 0.848344 0.709104 0.848844 0.709958 0.850125 0.709437 0.853969 0.708083
18 0.847188 0.703479 0.8467970000000001 0.701604 0.841812 0.701604 0.839891 0.702792 0.838109 0.705521 0.838109 0.70875 0.839641 0.711646 0.8433439999999999 0.711146 0.848203 0.710292 0.847188 0.708083 0.847188 0.703479
73 0.892859 0.672167 0.8981410000000001 0.6709790000000001 0.904297 0.665521 0.904297 0.6616040000000001 0.8996090000000001 0.650271 0.8884690000000001 0.654563 0.892859 0.672167
73 0.715641 0.693833 0.709281 0.6940000000000001 0.708688 0.704667 0.7169380000000001 0.7045 0.715641 0.693833
73 0.683547 0.717042 0.685047 0.7196250000000001 0.688281 0.7167709999999999 0.687063 0.708333 0.686766 0.707958 0.683109 0.7077709999999999 0.683547 0.717042
73 0.9444380000000001 0.212354 0.872219 0.007416670833333333 0.807406 0.0024791708333333335 0.766672 0.0469167 0.848141 0.28889600000000004 0.9444380000000001 0.212354
73 0.789062 0.673333 0.796344 0.677687 0.800094 0.678021 0.8038589999999999 0.672333 0.8038589999999999 0.667646 0.802859 0.6622920000000001 0.796344 0.656271 0.788563 0.660625 0.789062 0.673333