23 0.899438 0.208063 0.892703 0.09243749999999999 0.866203 0.0911458 0.738031 0.09243749999999999 0.738516 0.19264599999999998 0.740437 0.28195800000000004 0.7418750000000001 0.294167 0.745734 0.29608300000000004 0.902328 0.28966699999999995 0.899438 0.208063
2 0.561078 0.639104 0.556937 0.6394369999999999 0.552797 0.647729 0.550203 0.654625 0.549687 0.672229 0.555375 0.6922499999999999 0.571688 0.697417 0.578156 0.637729 0.582297 0.619437 0.57375 0.637729 0.5693590000000001 0.637729 0.559516 0.6108119999999999 0.553828 0.6125419999999999 0.561078 0.639104
36 0.179578 0.768208 0.179172 0.7316870000000001 0.174672 0.720229 0.16609400000000002 0.716417 0.17099999999999999 0.697333 0.173453 0.684792 0.168125 0.684792 0.163625 0.7000620000000001 0.16076600000000002 0.714792 0.154234 0.721333 0.14114100000000002 0.7256870000000001 0.143594 0.7256870000000001 0.14440599999999998 0.762208 0.179578 0.768208
50 0.36881200000000003 0.627979 0.356234 0.600875 0.35575 0.553771 0.330578 0.5415 0.313641 0.5679580000000001 0.310734 0.595062 0.280734 0.605396 0.279281 0.642833 0.291375 0.653146 0.287016 0.681542 0.283625 0.75575 0.290406 0.809958 0.299609 0.8893540000000001 0.296703 0.9371039999999999 0.298641 0.996479 0.34075 0.997125 0.324281 0.9254789999999999 0.336391 0.8803129999999999 0.345094 0.7989999999999999 0.351391 0.701542 0.350422 0.700917 0.372688 0.678312 0.36881200000000003 0.627979
50 0.39517199999999997 0.911896 0.39517199999999997 0.920396 0.425469 0.914021 0.42706299999999997 0.8768119999999999 0.43425 0.825792 0.44301599999999997 0.852375 0.445406 0.887438 0.45337500000000003 0.87575 0.46932799999999997 0.8502500000000001 0.436641 0.801333 0.451781 0.765208 0.463734 0.710979 0.47889099999999996 0.620625 0.45417199999999996 0.5855619999999999 0.425469 0.5674790000000001 0.40714100000000003 0.594062 0.39517199999999997 0.621708 0.405641 0.660458 0.40870300000000004 0.727292 0.412797 0.7409370000000001 0.413828 0.784604 0.40460900000000005 0.845979 0.39540600000000004 0.915563 0.39517199999999997 0.911896
50 0.477672 0.5973539999999999 0.489703 0.610417 0.483906 0.640708 0.475891 0.6430830000000001 0.481687 0.6828749999999999 0.482578 0.700688 0.474563 0.703063 0.475 0.709 0.477234 0.712562 0.49193699999999996 0.71375 0.492375 0.707208 0.49593699999999996 0.692375 0.491484 0.662667 0.492828 0.6507919999999999 0.500391 0.632396 0.507969 0.624083 0.51375 0.586667 0.50975 0.581312 0.504406 0.5783539999999999 0.496391 0.5730000000000001 0.487031 0.565875 0.479016 0.565292 0.474563 0.567063 0.471891 0.573604 0.475453 0.596771 0.477672 0.5973539999999999
50 0.632313 0.621083 0.6405000000000001 0.628729 0.642125 0.6352709999999999 0.642125 0.648896 0.649906 0.674521 0.6568590000000001 0.688146 0.6613439999999999 0.718688 0.668297 0.727958 0.674844 0.7105 0.6687190000000001 0.691979 0.658891 0.672333 0.667484 0.6657919999999999 0.6687190000000001 0.650542 0.6601250000000001 0.6363540000000001 0.658891 0.620542 0.6601250000000001 0.614542 0.663812 0.5998330000000001 0.660937 0.585104 0.646219 0.579646 0.6417189999999999 0.588375 0.6417189999999999 0.6047290000000001 0.6315000000000001 0.6140000000000001 0.632313 0.621083
50 0.7312339999999999 0.8139369999999999 0.734063 0.798875 0.734063 0.7762709999999999 0.732172 0.723542 0.737828 0.729833 0.735938 0.731083 0.738766 0.749917 0.7444219999999999 0.773771 0.7444219999999999 0.7963539999999999 0.743484 0.807667 0.745359 0.8164370000000001 0.754781 0.817708 0.758547 0.8139369999999999 0.762312 0.788833 0.758547 0.754938 0.7481880000000001 0.679604 0.749125 0.675833 0.752891 0.6670630000000001 0.757594 0.6582709999999999 0.7604219999999999 0.6582709999999999 0.768891 0.657021 0.773609 0.644458 0.767016 0.624375 0.746297 0.606792 0.7481880000000001 0.5980000000000001 0.7481880000000001 0.5804379999999999 0.721828 0.569146 0.702984 0.6545000000000001 0.713344 0.6582709999999999 0.711469 0.677104 0.716172 0.7084790000000001 0.7152339999999999 0.743625 0.7190000000000001 0.788833 0.718063 0.8151879999999999 0.7312339999999999 0.8139369999999999
50 0.8477029999999999 0.8008959999999999 0.8550470000000001 0.7676459999999999 0.866047 0.772542 0.870453 0.822417 0.856516 0.862521 0.8882030000000001 0.8449380000000001 0.893266 0.8 0.879781 0.752812 0.874719 0.739333 0.879781 0.7123539999999999 0.879781 0.660667 0.869656 0.622479 0.879781 0.6045 0.862922 0.5775210000000001 0.832578 0.584271 0.830906 0.60675 0.8342660000000001 0.629208 0.832578 0.633708 0.820781 0.6921250000000001 0.825844 0.716854 0.825844 0.739333 0.832297 0.777417 0.841844 0.797958 0.8477029999999999 0.8008959999999999
2 0.538625 0.600542 0.537172 0.599187 0.533406 0.6003539999999999 0.528188 0.610208 0.526594 0.6217919999999999 0.527469 0.641292 0.5290619999999999 0.651542 0.536594 0.6526879999999999 0.5387660000000001 0.651146 0.539062 0.6380210000000001 0.538484 0.622563 0.538188 0.603646 0.538625 0.600542
23 0.704812 0.179521 0.708672 0.338917 0.719812 0.299542 0.715938 0.11175 0.704812 0.179521
50 0.543953 0.629896 0.547469 0.622229 0.554812 0.615417 0.566625 0.608604 0.568547 0.600104 0.564078 0.589021 0.563125 0.584771 0.563438 0.577104 0.565672 0.569437 0.567266 0.562208 0.565672 0.559229 0.560891 0.554958 0.554172 0.555813 0.551297 0.566458 0.551937 0.57625 0.548109 0.580937 0.541406 0.589021 0.540125 0.6013749999999999 0.539172 0.649062 0.541078 0.6418130000000001 0.543953 0.629896
50 0.537719 0.701292 0.534844 0.731938 0.535484 0.746854 0.538031 0.748125 0.546656 0.749833 0.552719 0.749833 0.558781 0.743875 0.560391 0.742167 0.55975 0.738333 0.556547 0.735354 0.549531 0.728125 0.548891 0.718313 0.546016 0.716187 0.544422 0.7089580000000001 0.543141 0.683417 0.538344 0.694062 0.537719 0.701292
50 0.009 0.613917 0.00696875 0.627417 0.0015625 0.649021 0.0015625 0.673333 0.0062968796875 0.688625 0.0049375 0.717438 0.0062968796875 0.731833 0.015062500000000001 0.754333 0.0197969 0.767833 0.0225 0.857833 0.0225 0.866833 0.020468800000000002 0.883042 0.0299219 0.883042 0.039375 0.8785419999999999 0.0434219 0.7651249999999999 0.051515599999999995 0.779542 0.050843799999999995 0.847042 0.06704689999999999 0.877646 0.0717656 0.877646 0.08325 0.874938 0.0872969 0.8659370000000001 0.0792031 0.8542500000000001 0.073125 0.844333 0.0744688 0.7633329999999999 0.0785312 0.757938 0.0872969 0.726437 0.093375 0.7084379999999999 0.0980938 0.6949369999999999 0.0987813 0.671521 0.09203120000000001 0.643625 0.08392190000000001 0.6211249999999999 0.0677188 0.5923130000000001 0.0677188 0.568917 0.06704689999999999 0.565312 0.059625 0.559917 0.050843799999999995 0.559917 0.0440938 0.568021 0.0366719 0.577917 0.039375 0.595917 0.009 0.613917
50 0.40546899999999997 0.650708 0.39825 0.635938 0.397281 0.625667 0.402578 0.622437 0.40884400000000004 0.6230829999999999 0.410297 0.6070209999999999 0.408359 0.59675 0.399688 0.5922499999999999 0.392937 0.5556249999999999 0.380422 0.547917 0.369328 0.5505 0.361141 0.556917 0.35825 0.571688 0.35295299999999996 0.597396 0.360187 0.615792 0.368375 0.6382709999999999 0.37078099999999997 0.6511250000000001 0.37078099999999997 0.6838960000000001 0.36259399999999997 0.693521 0.360656 0.69675 0.359219 0.706375 0.359219 0.719229 0.359219 0.734646 0.35825 0.750062 0.356813 0.760354 0.35150000000000003 0.7661250000000001 0.350062 0.769979 0.353437 0.777042 0.345719 0.819917 0.339469 0.848812 0.339469 0.8526670000000001 0.35246900000000003 0.842396 0.355359 0.823125 0.367891 0.7877919999999999 0.372703 0.765937 0.37318799999999996 0.729958 0.37318799999999996 0.720333 0.382344 0.723542 0.387641 0.744104 0.38523399999999997 0.7742920000000001 0.387156 0.792292 0.389094 0.817333 0.3915 0.822479 0.388125 0.8378960000000001 0.388609 0.839833 0.395359 0.84175 0.402578 0.835333 0.40546899999999997 0.821833 0.40740600000000005 0.7877919999999999 0.40643799999999997 0.7473120000000001 0.40498399999999996 0.732958 0.40643799999999997 0.671917 0.40546899999999997 0.650708
50 0.21303100000000003 0.755646 0.23635899999999999 0.687979 0.234984 0.627625 0.22126600000000002 0.614812 0.21851600000000002 0.570917 0.196578 0.5672499999999999 0.189719 0.6056670000000001 0.167766 0.64225 0.154047 0.684313 0.154047 0.71175 0.177359 0.748333 0.178734 0.830646 0.1705 0.881854 0.159531 0.8946459999999999 0.182859 0.905625 0.215781 0.876354 0.21303100000000003 0.755646
50 0.066 0.5683330000000001 0.06576560000000001 0.574125 0.0669219 0.578083 0.0680625 0.5875210000000001 0.0671406 0.590271 0.0666875 0.595437 0.06554689999999999 0.604583 0.06920309999999999 0.6079380000000001 0.0737656 0.6122080000000001 0.0797031 0.6176879999999999 0.08404690000000001 0.622854 0.0902188 0.638083 0.09775 0.6706869999999999 0.10003100000000001 0.678604 0.102328 0.676167 0.104156 0.6700630000000001 0.10871900000000001 0.6557499999999999 0.110094 0.649958 0.11192200000000001 0.644479 0.11396900000000001 0.635042 0.113281 0.625292 0.112141 0.614938 0.108484 0.60275 0.104609 0.5921040000000001 0.0998125 0.586 0.0925 0.579917 0.0854219 0.580833 0.0861094 0.575958 0.08678129999999999 0.567729 0.07856250000000001 0.5588960000000001 0.07307810000000001 0.5604169999999999 0.06737499999999999 0.564688 0.066 0.5683330000000001
50 0.5825940000000001 0.807771 0.589922 0.811042 0.5929840000000001 0.828146 0.599703 0.850958 0.5850310000000001 0.885188 0.580141 0.896604 0.5703750000000001 0.9047499999999999 0.567312 0.9153330000000001 0.568531 0.921042 0.594203 0.942229 0.601531 0.941417 0.602766 0.9283750000000001 0.592375 0.918604 0.592375 0.912896 0.606656 0.893771 0.606141 0.9524170000000001 0.6071869999999999 0.9710420000000001 0.621672 0.9710420000000001 0.639266 0.973125 0.650641 0.967604 0.6537499999999999 0.964833 0.6568590000000001 0.962083 0.656344 0.953792 0.648062 0.953792 0.640297 0.949667 0.635641 0.945521 0.635641 0.9413750000000001 0.633047 0.877896 0.638234 0.86825 0.641328 0.8551249999999999 0.642375 0.839271 0.642375 0.8130419999999999 0.655828 0.813729 0.664094 0.810292 0.664094 0.806146 0.6604840000000001 0.8019999999999999 0.664094 0.8019999999999999 0.673422 0.793729 0.674969 0.786833 0.670312 0.786146 0.666687 0.774417 0.667203 0.7647499999999999 0.667203 0.7592289999999999 0.669281 0.733708 0.657891 0.722187 0.655828 0.708396 0.656344 0.6890630000000001 0.651687 0.676646 0.6418440000000001 0.647667 0.642375 0.6380210000000001 0.640297 0.6325000000000001 0.638234 0.629042 0.6340939999999999 0.6256039999999999 0.6315000000000001 0.6256039999999999 0.630984 0.61525 0.6320159999999999 0.614563 0.6361559999999999 0.607667 0.637188 0.596625 0.637188 0.586958 0.636562 0.575917 0.636047 0.564875 0.633984 0.557292 0.6112029999999999 0.557292 0.6085160000000001 0.563354 0.604812 0.574479 0.598328 0.5880620000000001 0.5909220000000001 0.589292 0.578875 0.626333 0.578875 0.6337499999999999 0.569609 0.693042 0.571469 0.7177290000000001 0.573328 0.7325630000000001 0.584438 0.739958 0.582578 0.79925 0.5825940000000001 0.807771
50 0.559937 0.612812 0.556625 0.616729 0.561312 0.6361249999999999 0.556625 0.637375 0.554281 0.659292 0.556625 0.700604 0.5617810000000001 0.7293959999999999 0.558969 0.7581880000000001 0.564141 0.811375 0.557094 0.823896 0.561312 0.828917 0.564609 0.8307920000000001 0.576344 0.831417 0.571641 0.823271 0.572578 0.803875 0.582437 0.777583 0.583859 0.744417 0.576813 0.7381460000000001 0.566953 0.6981040000000001 0.573063 0.668688 0.572109 0.668688 0.576344 0.63425 0.586203 0.598583 0.586672 0.598583 0.5876089999999999 0.595437 0.5885469999999999 0.5804170000000001 0.5876089999999999 0.575417 0.5772809999999999 0.5704170000000001 0.567422 0.571042 0.563203 0.576667 0.567422 0.604208 0.559937 0.612812