15 0.5082340000000001 0.922354 0.5364690000000001 0.9152920000000001 0.568234 0.903521 0.591172 0.889417 0.63 0.882354 0.638828 0.877646 0.642359 0.861167 0.640594 0.804708 0.638828 0.7552920000000001 0.608828 0.752938 0.578828 0.734125 0.5452969999999999 0.724708 0.520594 0.712938 0.5011720000000001 0.682354 0.492359 0.668229 0.47823399999999994 0.644708 0.46940600000000005 0.630583 0.45706199999999997 0.6188330000000001 0.451766 0.609417 0.434125 0.609417 0.414703 0.6141249999999999 0.400594 0.6258750000000001 0.388234 0.644708 0.374125 0.668229 0.370594 0.694125 0.379406 0.738833 0.391766 0.7576459999999999 0.400594 0.783521 0.402359 0.8 0.411172 0.8211670000000001 0.44823399999999997 0.823521 0.451766 0.847062 0.45 0.891771 0.502938 0.929417 0.5082340000000001 0.922354
15 0.533453 0.394604 0.558094 0.364083 0.556344 0.345313 0.556344 0.293667 0.559859 0.251417 0.5457810000000001 0.20681200000000002 0.48415600000000003 0.204458 0.46831300000000003 0.195062 0.420781 0.197417 0.396125 0.24670799999999998 0.403172 0.30070800000000003 0.41550000000000004 0.371125 0.44893700000000003 0.40399999999999997 0.510563 0.39225 0.533453 0.394604
15 0.254125 0.376479 0.23117200000000002 0.34116700000000005 0.195875 0.32 0.151766 0.32 0.132359 0.343521 0.134125 0.381167 0.135875 0.45647899999999997 0.178234 0.534125 0.197641 0.548229 0.25940599999999997 0.545875 0.287641 0.543521 0.315875 0.512938 0.312359 0.487063 0.303531 0.44235399999999997 0.314125 0.371771 0.254125 0.376479
15 0.293766 0.549896 0.30692200000000003 0.5688960000000001 0.317875 0.584979 0.317875 0.6068960000000001 0.326109 0.645625 0.353516 0.5645 0.35625 0.5440419999999999 0.367766 0.538917 0.39407800000000004 0.517729 0.390781 0.517 0.368859 0.519188 0.354609 0.523583 0.33706200000000003 0.521396 0.325 0.511875 0.315688 0.513354 0.303078 0.525042 0.289922 0.5455 0.293766 0.549896
15 0.410375 0.524771 0.472281 0.5601459999999999 0.481125 0.574292 0.500594 0.47760400000000003 0.47582800000000003 0.458729 0.472281 0.458729 0.410375 0.524771
15 0.575453 0.540125 0.622328 0.516437 0.6368750000000001 0.553063 0.630406 0.602625 0.677281 0.669438 0.654656 0.751333 0.686969 0.7793329999999999 0.727375 0.7793329999999999 0.743547 0.749167 0.724141 0.667271 0.7985 0.568146 0.686969 0.514271 0.6788909999999999 0.473333 0.686969 0.42806299999999997 0.656266 0.410833 0.609391 0.324625 0.5900000000000001 0.25566700000000003 0.5819219999999999 0.25566700000000003 0.562516 0.27506200000000003 0.56575 0.35050000000000003 0.575453 0.540125
14 0.186234 0.114312 0.0704687 0.33131299999999997 0.0536875 0.47895800000000005 0.031875 0.561729 0.0604062 0.716104 0.0922813 0.754125 0.13423400000000002 0.760833 0.21140599999999998 0.870458 0.322141 0.953229 0.44798400000000005 0.986792 0.580531 0.9733750000000001 0.691281 0.919687 0.8204689999999999 0.7675630000000001 0.8791869999999999 0.593063 0.885906 0.461062 0.867453 0.315646 0.9748279999999999 0.27091699999999996 0.8758440000000001 0.103125 0.775172 0.13668699999999998 0.739938 0.112083 0.5872499999999999 0.022583299999999997 0.459734 0.00020833333333333335 0.330531 0.011395800000000001 0.221469 0.0762708 0.186234 0.114312
15 0.6733439999999999 0.256604 0.674922 0.246083 0.674922 0.23625000000000002 0.6717660000000001 0.223646 0.667547 0.213812 0.664391 0.2075 0.659141 0.214521 0.643359 0.214521 0.627047 0.205396 0.617063 0.208917 0.607062 0.21102100000000001 0.602328 0.218729 0.593391 0.233458 0.599703 0.246771 0.606531 0.236958 0.621266 0.233458 0.64125 0.24045799999999998 0.664922 0.276229 0.672281 0.26431299999999996 0.6733439999999999 0.256604
19 0.5666559999999999 0.722479 0.648359 0.750271 0.6724840000000001 0.699813 0.677422 0.6698540000000001 0.669187 0.644979 0.644516 0.618667 0.614359 0.601125 0.5875 0.594542 0.548562 0.604771 0.521141 0.623792 0.5310159999999999 0.656687 0.530469 0.6698540000000001 0.523344 0.6727709999999999 0.49482799999999993 0.6661870000000001 0.481125 0.682271 0.5524060000000001 0.725417 0.5666559999999999 0.722479
19 0.148313 0.6535620000000001 0.176969 0.6940000000000001 0.21909399999999998 0.6895209999999999 0.323594 0.637833 0.32528100000000004 0.610854 0.30842200000000003 0.563667 0.264609 0.5412079999999999 0.16348400000000002 0.586146 0.143266 0.615354 0.148313 0.6535620000000001
19 0.464984 0.465771 0.495266 0.47320799999999996 0.5008589999999999 0.472146 0.487297 0.5444169999999999 0.488094 0.571 0.493672 0.589063 0.517594 0.613521 0.527156 0.622021 0.559047 0.602896 0.5925309999999999 0.599708 0.618844 0.606083 0.626016 0.603958 0.637984 0.5667500000000001 0.6323909999999999 0.554 0.624422 0.54975 0.630797 0.527417 0.610078 0.522104 0.589344 0.533792 0.583766 0.532729 0.571812 0.445563 0.5542659999999999 0.393479 0.547094 0.387104 0.5311410000000001 0.405167 0.529547 0.406229 0.520781 0.388167 0.5088280000000001 0.39985400000000004 0.456203 0.40091699999999997 0.44106199999999995 0.39879200000000004 0.447438 0.43918799999999997 0.464984 0.465771
19 0.362531 0.285417 0.348672 0.298125 0.346062 0.318917 0.35646900000000004 0.36860400000000004 0.37292200000000003 0.4275 0.396312 0.448292 0.41710900000000006 0.472563 0.4535 0.497979 0.451766 0.46910399999999997 0.44482799999999995 0.411333 0.407578 0.331625 0.370328 0.29466699999999996 0.362531 0.285417
19 0.437141 0.5572079999999999 0.398531 0.538375 0.395703 0.527083 0.349578 0.554708 0.33732799999999996 0.6212289999999999 0.31473399999999996 0.6827500000000001 0.334516 0.6965629999999999 0.404188 0.6099370000000001 0.437141 0.5572079999999999
19 0.462219 0.8723960000000001 0.454141 0.8279789999999999 0.441016 0.8145 0.420812 0.8252710000000001 0.410719 0.822583 0.40567200000000003 0.8185420000000001 0.407688 0.784875 0.404656 0.7673749999999999 0.395578 0.747188 0.37639100000000003 0.7175619999999999 0.378406 0.687937 0.393547 0.650229 0.393547 0.647542 0.419813 0.609854 0.445047 0.6044579999999999 0.47332799999999997 0.6340830000000001 0.46626599999999996 0.650229 0.500594 0.671792 0.5217970000000001 0.6771670000000001 0.529875 0.6731250000000001 0.529875 0.651583 0.529875 0.640812 0.5248280000000001 0.6246670000000001 0.508672 0.601771 0.49353100000000005 0.581562 0.46525 0.5667500000000001 0.453141 0.535792 0.398609 0.527708 0.397594 0.538479 0.434953 0.557333 0.422844 0.580229 0.355172 0.666396 0.343062 0.6933330000000001 0.32690600000000003 0.696021 0.317812 0.678521 0.319828 0.656979 0.303672 0.658312 0.27943799999999996 0.669083 0.243094 0.682562 0.20775000000000002 0.698708 0.172406 0.706792 0.179469 0.739104 0.20673400000000003 0.803729 0.24409399999999998 0.822583 0.265297 0.842771 0.280453 0.852208 0.299641 0.8710629999999999 0.32589100000000004 0.8858750000000001 0.347094 0.888563 0.364266 0.906063 0.380422 0.9195209999999999 0.431922 0.927604 0.482422 0.903375 0.462219 0.8723960000000001
19 0.734828 0.703375 0.8342660000000001 0.591021 0.8275309999999999 0.512354 0.726406 0.669667 0.734828 0.703375
19 0.396281 0.10825 0.39717199999999997 0.114271 0.39085899999999996 0.116667 0.393562 0.19495800000000002 0.394469 0.221438 0.415234 0.192542 0.42789099999999997 0.1805 0.43150000000000005 0.19495800000000002 0.43962500000000004 0.198563 0.456781 0.192542 0.460406 0.198563 0.453172 0.207 0.456781 0.219042 0.490203 0.204583 0.505563 0.197354 0.527234 0.199771 0.548906 0.209396 0.568781 0.240708 0.566078 0.274438 0.5769059999999999 0.27925 0.591359 0.270813 0.600391 0.24552100000000002 0.603109 0.217833 0.6112339999999999 0.198563 0.619359 0.204583 0.64375 0.216625 0.661813 0.20818799999999998 0.649172 0.19375 0.609422 0.16725 0.564266 0.126312 0.530844 0.12268799999999999 0.507359 0.13472900000000002 0.509172 0.116667 0.488406 0.12268799999999999 0.465813 0.137146 0.46943799999999997 0.11547900000000001 0.395375 0.08175 0.396281 0.10825
19 0.5912810000000001 0.246146 0.596406 0.269333 0.61175 0.313 0.6260779999999999 0.370292 0.641422 0.392125 0.662906 0.41804199999999997 0.677234 0.426229 0.677234 0.430313 0.677234 0.463063 0.682344 0.495813 0.709969 0.534 0.735563 0.5626460000000001 0.763188 0.569479 0.790813 0.561292 0.8041090000000001 0.5435420000000001 0.812297 0.519 0.809219 0.490354 0.801047 0.469875 0.8204840000000001 0.4385 0.824578 0.392125 0.815359 0.366187 0.791828 0.364833 0.792859 0.341646 0.784672 0.310271 0.741688 0.315729 0.730438 0.25979199999999997 0.7038439999999999 0.227042 0.685422 0.18475000000000003 0.661891 0.16975 0.657797 0.194292 0.670078 0.214771 0.674156 0.251604 0.659844 0.258417 0.638359 0.242042 0.6127659999999999 0.236583 0.5912810000000001 0.246146
27 0.582219 1 0.994969 0.9934999999999999 0.996641 0.0069375 0.5872499999999999 0.0069375 0.607375 0.0203542 0.716437 0.0919375 0.765094 0.138917 0.823828 0.121021 0.880875 0.103125 0.964766 0.27091699999999996 0.954703 0.27091699999999996 0.890938 0.29774999999999996 0.865766 0.31118799999999996 0.867453 0.382771 0.872484 0.414083 0.882547 0.528188 0.8422810000000001 0.711625 0.744969 0.852563 0.640937 0.944292 0.476516 0.982313 0.37415600000000004 0.9621879999999999 0.278531 0.915208 0.20637500000000003 0.8682289999999999 0.140937 0.77875 0.119125 0.756375 0.10403100000000001 0.754125 0.0704687 0.713854 0.0419531 0.666875 0.0452969 0.5527920000000001 0.052015599999999995 0.510292 0.0570469 0.470021 0.0671094 0.40960399999999997 0.0822187 0.346979 0.10067200000000001 0.23958300000000002 0.129188 0.183667 0.18959399999999998 0.127729 0.23993699999999998 0.0740417 0.276844 0.0427292 0.357375 0.013645800000000001 0.399328 0.00020833333333333335 0 0.00020833333333333335 0.0016718796875 1 0.582219 1
19 0.323375 0.314292 0.309734 0.270125 0.298047 0.202604 0.286359 0.174021 0.255188 0.181812 0.25325000000000003 0.22856200000000002 0.255188 0.264937 0.255188 0.319479 0.261031 0.342854 0.296109 0.348042 0.323375 0.314292
19 0.275609 0.11025 0.252516 0.125646 0.24095300000000003 0.14835399999999999 0.24095300000000003 0.16131299999999998 0.249469 0.176729 0.261625 0.18239599999999997 0.29506299999999996 0.16449999999999998 0.30965600000000004 0.151521 0.325469 0.147479 0.343703 0.129646 0.360125 0.120729 0.371672 0.113417 0.385656 0.08262499999999999 0.38321900000000003 0.06641670000000001 0.34735900000000003 0.06641670000000001 0.30965600000000004 0.08181250000000001 0.275609 0.108562 0.275609 0.11025
19 0.33593799999999996 0.410167 0.369141 0.451833 0.371094 0.42318700000000004 0.35156200000000004 0.292979 0.339844 0.235687 0.32031200000000004 0.183604 0.30468799999999996 0.183604 0.306641 0.217458 0.316406 0.332042 0.33593799999999996 0.410167
19 0.351375 0.301125 0.372078 0.289187 0.393891 0.21981299999999998 0.388859 0.11762500000000001 0.372641 0.121354 0.351938 0.128812 0.339078 0.13702099999999998 0.333484 0.221312 0.351375 0.301125