77 0.360641 0.5464249999999999 0.37857799999999997 0.550905 0.40704700000000005 0.550905 0.420047 0.535679 0.42809400000000003 0.52224 0.410141 0.494457 0.372391 0.48461499999999996 0.358781 0.48819 0.339594 0.500747 0.33031299999999997 0.510588 0.330937 0.513281 0.342078 0.540158 0.360641 0.5464249999999999
77 0.10596900000000001 0.562941 0.110375 0.563869 0.10406200000000002 0.484842 0.110703 0.48253399999999996 0.120797 0.476606 0.126781 0.481176 0.13120300000000001 0.47843899999999995 0.135625 0.470679 0.137187 0.470679 0.14035899999999998 0.464276 0.146031 0.466109 0.137187 0.45239799999999997 0.121109 0.434118 0.10596900000000001 0.43092800000000003 0.0980781 0.43092800000000003 0.0965 0.410362 0.0936562 0.40991 0.0920781 0.433665 0.0756719 0.43961500000000003 0.06779690000000001 0.44554299999999997 0.059593799999999995 0.458326 0.0523281 0.48162900000000003 0.0624375 0.490317 0.0769375 0.49350700000000003 0.0797812 0.48162900000000003 0.0927188 0.486199 0.0990313 0.484842 0.105328 0.5633940000000001 0.10596900000000001 0.562941
77 0.291516 0.469502 0.273594 0.46389099999999994 0.263422 0.467398 0.24162499999999998 0.48493200000000003 0.24162499999999998 0.490543 0.24792200000000003 0.49615400000000004 0.252766 0.503869 0.256156 0.499661 0.261 0.493348 0.26923400000000003 0.48493200000000003 0.275047 0.488439 0.278438 0.49475100000000005 0.279406 0.497557 0.288125 0.49685500000000005 0.291516 0.493348 0.296844 0.492647 0.301687 0.492647 0.308469 0.49545199999999995 0.317672 0.49545199999999995 0.319125 0.491946 0.323484 0.489842 0.323 0.486335 0.298781 0.4681 0.291516 0.469502
50 0.6945159999999999 0.755362 0.695578 0.7576919999999999 0.688984 0.762579 0.684891 0.770566 0.689516 0.774706 0.693797 0.774955 0.697891 0.7646379999999999 0.7055469999999999 0.7659279999999999 0.7108909999999999 0.76233 0.706438 0.75871 0.7046560000000001 0.755362 0.704484 0.747376 0.699313 0.736538 0.697187 0.7347290000000001 0.6930780000000001 0.7385970000000001 0.692906 0.739367 0.692375 0.7481450000000001 0.6945159999999999 0.755362
50 0.744844 0.671674 0.745797 0.6791860000000001 0.7487809999999999 0.6778280000000001 0.7514689999999999 0.680566 0.753828 0.685362 0.753047 0.68991 0.754141 0.694027 0.754938 0.696086 0.7587189999999999 0.696086 0.758547 0.691516 0.756828 0.684661 0.756828 0.672579 0.757453 0.662308 0.755719 0.649321 0.751156 0.646357 0.747844 0.647262 0.747047 0.649774 0.746109 0.66095 0.744844 0.671674
50 0.199484 0.814932 0.204203 0.816878 0.21164100000000002 0.8159050000000001 0.230563 0.813959 0.23460899999999998 0.8071039999999999 0.235953 0.804163 0.24135900000000002 0.80319 0.24135900000000002 0.794389 0.24135900000000002 0.781674 0.240687 0.778733 0.24204699999999998 0.766991 0.244062 0.7601580000000001 0.24542199999999997 0.7513569999999999 0.247438 0.740588 0.247438 0.728846 0.247438 0.708303 0.247438 0.680928 0.23731200000000002 0.623213 0.235953 0.6124430000000001 0.23798400000000003 0.604638 0.242719 0.595814 0.249469 0.576267 0.249469 0.554751 0.24676599999999999 0.543009 0.247438 0.541041 0.249469 0.534208 0.255547 0.5097510000000001 0.247438 0.490181 0.24135900000000002 0.48920800000000003 0.230563 0.48920800000000003 0.225828 0.492149 0.218391 0.502896 0.21974999999999997 0.5097510000000001 0.22109399999999998 0.533213 0.213672 0.538122 0.20623399999999997 0.5449550000000001 0.199484 0.5586650000000001 0.196781 0.573326 0.196781 0.587014 0.196109 0.597783 0.194078 0.608529 0.19273400000000002 0.618326 0.196781 0.627127 0.19137500000000002 0.6525569999999999 0.194078 0.664299 0.197453 0.676041 0.200156 0.688756 0.20151599999999997 0.698529 0.204203 0.715158 0.205563 0.7269 0.205563 0.736674 0.205563 0.747443 0.20690599999999998 0.7572169999999999 0.20623399999999997 0.7689590000000001 0.204891 0.778733 0.20285899999999998 0.798303 0.199484 0.814932
50 0.649687 0.8406790000000001 0.645219 0.836041 0.64425 0.8286429999999999 0.646484 0.823552 0.6471250000000001 0.815679 0.6468130000000001 0.810588 0.636266 0.805498 0.635313 0.805498 0.631469 0.813846 0.632437 0.82586 0.635625 0.837443 0.638828 0.846222 0.638828 0.8568779999999999 0.640094 0.8610410000000001 0.655438 0.860566 0.656391 0.845769 0.649687 0.8406790000000001
50 0.845688 0.7050000000000001 0.8432660000000001 0.701787 0.8392189999999999 0.7029639999999999 0.836187 0.7050000000000001 0.833562 0.707941 0.830531 0.707941 0.824469 0.721697 0.8289059999999999 0.727262 0.8355779999999999 0.7342759999999999 0.840031 0.743937 0.841859 0.752421 0.8499380000000001 0.752127 0.850141 0.7442310000000001 0.845891 0.7328279999999999 0.846703 0.731652 0.8481249999999999 0.729299 0.8481249999999999 0.722579 0.842859 0.7099770000000001 0.845688 0.7050000000000001
50 0.9220309999999999 0.6921039999999999 0.923391 0.693665 0.9304220000000001 0.6921039999999999 0.930688 0.684276 0.932859 0.693665 0.935562 0.6987559999999999 0.9393589999999999 0.7077829999999999 0.943141 0.705023 0.940438 0.6975790000000001 0.9377340000000001 0.688959 0.936922 0.676833 0.934484 0.675249 0.934484 0.667805 0.932859 0.659977 0.927719 0.658416 0.925016 0.663891 0.925281 0.670158 0.923391 0.6764249999999999 0.919875 0.68819 0.9220309999999999 0.6921039999999999
50 0.633391 0.577715 0.633781 0.57629 0.633078 0.569796 0.6334839999999999 0.565045 0.630703 0.561154 0.627313 0.563891 0.625422 0.567353 0.625031 0.570814 0.624922 0.573688 0.633391 0.577715
50 0.196656 0.78448 0.19789099999999998 0.7749769999999999 0.188453 0.770837 0.182297 0.770837 0.17368699999999998 0.764299 0.17368699999999998 0.751833 0.175734 0.711448 0.175734 0.690068 0.179016 0.6609729999999999 0.17368699999999998 0.611674 0.178609 0.596833 0.176563 0.576063 0.183125 0.573688 0.19706300000000002 0.573688 0.19870300000000002 0.560611 0.185172 0.552308 0.174516 0.557647 0.168766 0.522014 0.18640600000000002 0.49233 0.184359 0.472127 0.179437 0.460249 0.166719 0.456697 0.152781 0.466787 0.148672 0.500045 0.142516 0.503009 0.131859 0.516674 0.138828 0.590905 0.137187 0.6211760000000001 0.140063 0.6668999999999999 0.130219 0.719163 0.115453 0.783891 0.115453 0.795181 0.140875 0.8017190000000001 0.135953 0.780339 0.137187 0.758959 0.14621900000000002 0.7257009999999999 0.15482800000000002 0.707285 0.158516 0.777964 0.160562 0.792805 0.185578 0.7904300000000001 0.196656 0.78448
50 0.105484 0.749819 0.106984 0.7531 0.11826600000000001 0.7536430000000001 0.12014100000000001 0.745475 0.117516 0.730792 0.119391 0.725339 0.120516 0.7095699999999999 0.123516 0.6867190000000001 0.126531 0.70086 0.129531 0.720452 0.131406 0.727511 0.135547 0.698688 0.140047 0.673665 0.13817200000000002 0.638575 0.136672 0.6184620000000001 0.139297 0.5840500000000001 0.132156 0.5340050000000001 0.128406 0.533462 0.13178099999999998 0.509525 0.122391 0.494276 0.110375 0.49918599999999996 0.105484 0.516041 0.0990938 0.530724 0.0915938 0.5401130000000001 0.09459379999999999 0.553167 0.0889531 0.556991 0.08745309999999999 0.567308 0.08745309999999999 0.579819 0.0923438 0.585814 0.0908281 0.5912440000000001 0.102109 0.5983259999999999 0.10398400000000001 0.602127 0.0968437 0.6293209999999999 0.100984 0.633688 0.10060899999999999 0.6494570000000001 0.0975938 0.65491 0.102109 0.659796 0.100984 0.661425 0.10435900000000001 0.66414 0.106609 0.6750229999999999 0.10360899999999999 0.6821039999999999 0.105484 0.690249 0.0990938 0.695158 0.10735900000000001 0.703869 0.105859 0.7109279999999999 0.11000000000000001 0.714186 0.1115 0.729434 0.10925 0.743575 0.105484 0.749819
50 0.26478100000000004 0.533258 0.26275 0.539389 0.259922 0.5481900000000001 0.264984 0.568665 0.269031 0.5654520000000001 0.273469 0.562828 0.279328 0.5540269999999999 0.286 0.5540269999999999 0.28782800000000003 0.5587099999999999 0.287625 0.562828 0.282562 0.567217 0.271047 0.578914 0.268016 0.582715 0.260734 0.585068 0.250625 0.5838909999999999 0.24940600000000002 0.5871040000000001 0.247797 0.605271 0.250016 0.632489 0.252453 0.687534 0.252453 0.6980540000000001 0.251844 0.7179639999999999 0.251234 0.725588 0.2575 0.7167870000000001 0.26175000000000004 0.710068 0.26275 0.69776 0.267406 0.663235 0.27246899999999996 0.6793210000000001 0.274484 0.6983480000000001 0.274484 0.706561 0.276906 0.7446149999999999 0.27549999999999997 0.7583709999999999 0.274078 0.76862 0.273469 0.776516 0.281969 0.785882 0.28803100000000004 0.787353 0.292484 0.78267 0.29126599999999997 0.778281 0.28276599999999996 0.767149 0.285203 0.747534 0.29025 0.70362 0.293078 0.6728959999999999 0.289234 0.641855 0.289844 0.6172620000000001 0.30239099999999997 0.6099549999999999 0.304813 0.598824 0.297125 0.5868329999999999 0.297531 0.583597 0.300969 0.5745250000000001 0.305016 0.5464249999999999 0.313297 0.522715 0.31431200000000004 0.515679 0.313297 0.507489 0.305219 0.49606300000000003 0.300359 0.48905 0.288844 0.492557 0.286203 0.5025109999999999 0.283781 0.509842 0.283984 0.516855 0.283172 0.51862 0.279328 0.522715 0.274891 0.525928 0.271656 0.5306109999999999 0.275891 0.537059 0.26478100000000004 0.533258
50 0.694484 0.703688 0.696391 0.699412 0.6925939999999999 0.690249 0.693859 0.678665 0.693859 0.669502 0.690484 0.662783 0.691109 0.6560630000000001 0.684781 0.648733 0.679516 0.643258 0.6774060000000001 0.645995 0.677625 0.655769 0.6774060000000001 0.667964 0.679938 0.675 0.685625 0.6801809999999999 0.689 0.6829409999999999 0.688375 0.691176 0.686266 0.6942309999999999 0.686469 0.696968 0.689 0.702466 0.694484 0.703688
50 0.36246900000000004 0.547624 0.361734 0.546561 0.35653100000000004 0.537941 0.343172 0.535792 0.338719 0.546561 0.304578 0.584163 0.303844 0.5852489999999999 0.305328 0.59276 0.307547 0.6024430000000001 0.305328 0.605656 0.29715600000000003 0.6271490000000001 0.296422 0.651878 0.299391 0.6540269999999999 0.303844 0.642195 0.310516 0.628235 0.31868799999999997 0.6228509999999999 0.323141 0.630271 0.304578 0.703348 0.30606300000000003 0.7151810000000001 0.310516 0.72914 0.311266 0.742036 0.311266 0.757081 0.313484 0.768914 0.313484 0.785023 0.314969 0.793643 0.31868799999999997 0.799005 0.31868799999999997 0.8054520000000001 0.317937 0.816199 0.320906 0.821584 0.320906 0.829095 0.31868799999999997 0.840928 0.317937 0.852738 0.323141 0.857036 0.331297 0.8538239999999999 0.339469 0.848439 0.34762499999999996 0.847376 0.35059399999999996 0.840928 0.348375 0.837692 0.340203 0.83233 0.339469 0.821584 0.343172 0.821584 0.337984 0.803303 0.340953 0.796855 0.346141 0.785023 0.34985900000000003 0.791493 0.36246900000000004 0.807602 0.36246900000000004 0.823733 0.370641 0.828032 0.372125 0.850588 0.38251599999999997 0.851674 0.390687 0.849525 0.397359 0.847376 0.40329699999999996 0.840928 0.40329699999999996 0.8355429999999999 0.399594 0.8344800000000001 0.394391 0.8344800000000001 0.386234 0.829095 0.384 0.819434 0.386234 0.8140499999999999 0.38178100000000004 0.804389 0.384 0.779661 0.371375 0.653914 0.375828 0.6442310000000001 0.37954699999999997 0.63457 0.377328 0.6152259999999999 0.375094 0.5829860000000001 0.360984 0.563643 0.363953 0.545362 0.36246900000000004 0.547624
50 0.498266 0.5843440000000001 0.49643800000000005 0.5809730000000001 0.49318799999999996 0.581403 0.49267200000000005 0.5842080000000001 0.49206300000000003 0.589502 0.489109 0.593348 0.49267200000000005 0.5968779999999999 0.49359400000000003 0.605271 0.49643800000000005 0.6007009999999999 0.5002030000000001 0.598643 0.50325 0.601448 0.503969 0.5893670000000001 0.499594 0.587014 0.49887499999999996 0.58362 0.498266 0.5843440000000001