9 0.73975 0.795694 0.719766 0.821506 0.728328 0.875271 0.736891 0.8795759999999999 0.752609 0.875271 0.75975 0.8451529999999999 0.758312 0.8 0.73975 0.795694
9 0.814016 0.9268709999999999 0.852578 0.920424 0.856859 0.870965 0.8554220000000001 0.843012 0.845438 0.830118 0.825437 0.830118 0.805438 0.8645179999999999 0.806875 0.903224 0.814016 0.9268709999999999
9 0.760172 0.724706 0.760172 0.714259 0.753578 0.718965 0.751844 0.7241879999999999 0.761906 0.7362120000000001 0.756344 0.7472 0.751844 0.753482 0.748016 0.7545180000000001 0.737953 0.752424 0.727531 0.757129 0.721969 0.762894 0.715719 0.7744 0.711203 0.797412 0.723359 0.813624 0.726828 0.810471 0.740719 0.795318 0.755312 0.800541 0.758781 0.813624 0.760859 0.813624 0.779266 0.724706 0.771281 0.735176 0.760172 0.724706
9 0.8098279999999999 0.793224 0.8042659999999999 0.829294 0.8042659999999999 0.844471 0.8171250000000001 0.843412 0.8292810000000002 0.8198820000000001 0.830313 0.808376 0.833094 0.775435 0.8292810000000002 0.757671 0.815031 0.758188 0.809141 0.774918 0.8098279999999999 0.793224
18 0.483531 0.604965 0.481453 0.600282 0.486297 0.591929 0.48734400000000005 0.581529 0.48768700000000004 0.571106 0.488719 0.567459 0.490109 0.564871 0.48768700000000004 0.561224 0.4738589999999999 0.560188 0.4641719999999999 0.558094 0.45379699999999995 0.560188 0.447234 0.564871 0.436516 0.575788 0.434438 0.580494 0.433391 0.585694 0.43235900000000005 0.592471 0.433047 0.597153 0.434094 0.599741 0.434094 0.603906 0.434094 0.606 0.434781 0.612776 0.437547 0.620047 0.44446899999999995 0.620588 0.448266 0.613294 0.4475779999999999 0.612259 0.479391 0.622659 0.48457800000000006 0.623176 0.48492199999999996 0.6138120000000001 0.486641 0.604965 0.483531 0.604965
18 0.501516 0.589341 0.500828 0.593506 0.502547 0.605482 0.502547 0.612776 0.505672 0.626306 0.506016 0.632024 0.5195 0.6315060000000001 0.523297 0.634635 0.526406 0.6361879999999999 0.528484 0.6330820000000001 0.528484 0.6284 0.532641 0.627341 0.537469 0.623176 0.538859 0.623176 0.538172 0.607035 0.536094 0.603388 0.529875 0.596635 0.517766 0.585694 0.507734 0.575788 0.503937 0.571106 0.502906 0.571106 0.502906 0.574753 0.504969 0.581529 0.501516 0.589341
18 0.41004699999999994 0.589224 0.412141 0.586871 0.413172 0.582965 0.419156 0.582965 0.42098399999999997 0.588047 0.423844 0.586871 0.421766 0.562965 0.419937 0.556706 0.416812 0.551624 0.399391 0.551224 0.398609 0.564541 0.397297 0.570024 0.396781 0.586094 0.407703 0.588047 0.41004699999999994 0.589224
9 0.7355940000000001 0.657224 0.7352339999999999 0.6643290000000001 0.7308749999999999 0.669247 0.722891 0.681271 0.717078 0.6982119999999999 0.716 0.7080470000000001 0.717453 0.7129650000000001 0.719266 0.7140709999999999 0.720719 0.7140709999999999 0.723609 0.713506 0.728688 0.7014819999999999 0.729063 0.702047 0.727609 0.727176 0.7283280000000001 0.734824 0.7359530000000001 0.733741 0.744656 0.7129650000000001 0.747922 0.690024 0.744297 0.6736240000000001 0.748297 0.6697879999999999 0.743938 0.659953 0.7468440000000001 0.6643290000000001 0.749734 0.6610590000000001 0.752281 0.6441180000000001 0.7453909999999999 0.6495759999999999 0.7428440000000001 0.6544939999999999 0.7413909999999999 0.653953 0.739938 0.650118 0.7384999999999999 0.643035 0.7348589999999999 0.639741 0.732328 0.640847 0.7315940000000001 0.645765 0.732328 0.6473880000000001 0.7341409999999999 0.647953 0.7355940000000001 0.652871 0.7355940000000001 0.657224
75 0.187859 0.6003999999999999 0.189281 0.607859 0.199188 0.6035999999999999 0.22748400000000002 0.602518 0.24162499999999998 0.607859 0.24657800000000002 0.6003999999999999 0.24657800000000002 0.579082 0.238797 0.498118 0.22606199999999999 0.493859 0.221828 0.485341 0.211922 0.485341 0.20484399999999997 0.4864 0.192812 0.4928 0.185734 0.551388 0.185031 0.6014590000000001 0.187859 0.6003999999999999
36 0.164281 0.665647 0.163797 0.6904710000000001 0.167859 0.703412 0.18171900000000002 0.709882 0.188641 0.708094 0.178375 0.6782349999999999 0.1755 0.664212 0.17335899999999999 0.6588 0.169766 0.653412 0.170719 0.6210349999999999 0.170719 0.6163529999999999 0.167859 0.6163529999999999 0.167625 0.653412 0.164281 0.665647
36 0.6706559999999999 0.622024 0.661844 0.642824 0.657062 0.6432 0.653969 0.6475059999999999 0.651109 0.652894 0.64825 0.656471 0.64825 0.6672469999999999 0.652062 0.669388 0.660172 0.670824 0.666359 0.6676000000000001 0.668031 0.661129 0.666125 0.653247 0.665891 0.6442589999999999 0.672562 0.621294 0.6706559999999999 0.622024
36 0.862781 0.9228 0.855141 0.930306 0.853813 0.952824 0.8671089999999999 0.9638350000000001 0.879406 0.965341 0.8870469999999999 0.959835 0.892703 0.9508239999999999 0.8970309999999999 0.9277880000000001 0.8983589999999999 0.9152710000000001 0.8983589999999999 0.9007529999999999 0.8993589999999999 0.887741 0.9026719999999999 0.870235 0.905 0.858212 0.913062 0.847529 0.924703 0.820259 0.915 0.8183060000000001 0.9026719999999999 0.848212 0.87675 0.9007529999999999 0.862781 0.9228
50 0.6865 0.666729 0.685219 0.6821879999999999 0.687797 0.684118 0.687797 0.6982820000000001 0.6882189999999999 0.707929 0.6895 0.718235 0.6993280000000001 0.718871 0.7019059999999999 0.706635 0.7036089999999999 0.6911999999999999 0.704469 0.682824 0.706609 0.680235 0.708734 0.669953 0.708734 0.659647 0.711313 0.646753 0.712156 0.6345179999999999 0.712156 0.619082 0.7091719999999999 0.611341 0.706172 0.605553 0.7036089999999999 0.599765 0.7036089999999999 0.591388 0.698484 0.5856 0.6963440000000001 0.5856 0.691641 0.588824 0.6925 0.595247 0.692063 0.613271 0.691203 0.621647 0.6882189999999999 0.6306590000000001 0.686078 0.639035 0.686078 0.641624 0.688641 0.653835 0.6865 0.666729
50 0.671469 0.722047 0.672609 0.6872 0.6809529999999999 0.681506 0.6786719999999999 0.662659 0.677156 0.646094 0.68625 0.656941 0.688156 0.648376 0.679812 0.621553 0.676016 0.607859 0.671094 0.591859 0.665781 0.592447 0.6627500000000001 0.598706 0.659719 0.6089880000000001 0.655547 0.615835 0.645687 0.6404000000000001 0.652891 0.6518120000000001 0.666547 0.6444 0.666922 0.667788 0.6561250000000001 0.6778120000000001 0.656813 0.7024239999999999 0.653594 0.723906 0.65475 0.730847 0.661188 0.7322350000000001 0.665797 0.724941 0.670391 0.722518 0.671469 0.722047
50 0.5698909999999999 0.649765 0.5702659999999999 0.6503289999999999 0.571375 0.650894 0.572875 0.651459 0.575844 0.657059 0.5795779999999999 0.668282 0.5795779999999999 0.6764000000000001 0.577703 0.6867759999999999 0.575844 0.701624 0.578641 0.701341 0.580125 0.698824 0.581438 0.693506 0.5823590000000001 0.689294 0.5827340000000001 0.685082 0.584594 0.6789179999999999 0.585531 0.686494 0.584406 0.6926589999999999 0.585156 0.703318 0.585156 0.7105880000000001 0.586266 0.714518 0.589813 0.713953 0.591672 0.7114349999999999 0.589438 0.7047059999999999 0.589063 0.701906 0.590734 0.697694 0.592594 0.691812 0.592594 0.686212 0.593344 0.680329 0.5948279999999999 0.676965 0.599109 0.672471 0.599672 0.6654589999999999 0.600047 0.652847 0.601344 0.6430589999999999 0.600969 0.628188 0.604516 0.628753 0.605438 0.6276240000000001 0.610281 0.6231530000000001 0.6108439999999999 0.617271 0.609156 0.6136240000000001 0.60675 0.6136240000000001 0.6056250000000001 0.614753 0.6056250000000001 0.614471 0.6056250000000001 0.6080239999999999 0.604328 0.602118 0.602281 0.597647 0.599859 0.5954119999999999 0.598375 0.590918 0.598734 0.586988 0.600047 0.576894 0.596328 0.572424 0.592047 0.571294 0.588875 0.574376 0.5883130000000001 0.581388 0.586641 0.583906 0.583484 0.5856 0.578266 0.591765 0.576969 0.597647 0.5756560000000001 0.601012 0.574922 0.6080239999999999 0.573984 0.609976 0.573422 0.6150120000000001 0.571562 0.624824 0.5719369999999999 0.634918 0.570453 0.638565 0.568781 0.652588 0.5698909999999999 0.649765
50 0.555578 0.672447 0.562281 0.6712469999999999 0.564656 0.6641180000000001 0.567016 0.641553 0.568203 0.639765 0.571359 0.614824 0.572141 0.5982120000000001 0.576078 0.607718 0.576875 0.597012 0.576875 0.582776 0.571359 0.570306 0.570563 0.554847 0.5666249999999999 0.548918 0.560703 0.558424 0.5615 0.568518 0.5559689999999999 0.568518 0.550844 0.579788 0.548875 0.5976239999999999 0.548875 0.619576 0.549266 0.6201880000000001 0.552813 0.6231530000000001 0.555578 0.636212 0.555187 0.653435 0.550453 0.677176 0.555578 0.672447
50 0.5384059999999999 0.604824 0.5384059999999999 0.596776 0.5394059999999999 0.5796939999999999 0.546422 0.576165 0.5467500000000001 0.569624 0.541734 0.558565 0.5407339999999999 0.556565 0.5400780000000001 0.5520470000000001 0.5384059999999999 0.549012 0.536406 0.5470119999999999 0.5330619999999999 0.547506 0.532391 0.5525410000000001 0.532734 0.559082 0.532062 0.562094 0.526719 0.569624 0.525375 0.575671 0.528047 0.5807059999999999 0.529047 0.596282 0.5384059999999999 0.604824
50 0.529 0.5796 0.523813 0.5690350000000001 0.524594 0.561224 0.5248440000000001 0.549882 0.523813 0.547929 0.522 0.547553 0.518875 0.550282 0.5167970000000001 0.558094 0.510578 0.574118 0.518359 0.580376 0.527703 0.591718 0.529 0.5796
16 0.22065600000000002 0.493859 0.197 0.49056500000000003 0.18931199999999998 0.494706 0.18656299999999998 0.529482 0.183812 0.562612 0.18325 0.5816709999999999 0.198109 0.609812 0.23331200000000002 0.609812 0.244313 0.6023759999999999 0.244313 0.594094 0.237703 0.497176 0.22065600000000002 0.493859
2 0.671141 0.6177880000000001 0.663484 0.646141 0.655094 0.6472709999999999 0.649875 0.653741 0.649312 0.6638350000000001 0.655844 0.6759290000000001 0.665359 0.669741 0.666469 0.6610349999999999 0.6662969999999999 0.644471 0.673 0.622282 0.671141 0.6177880000000001
50 0.0297812 0.9991059999999999 0.163781 1 0.159312 0.987882 0.142937 0.9654820000000001 0.122094 0.938565 0.0908281 0.911671 0.0937969 0.869059 0.0714687 0.7659290000000001 0.0565781 0.7592000000000001 0.0446719 0.7524710000000001 0.023828099999999998 0.772635 0.0148906 0.8287059999999999 0.026796900000000002 0.869059 0.026796900000000002 0.907176 0.023828099999999998 0.9408 0.026796900000000002 0.987882 0.0297812 0.9991059999999999
50 0.883563 0.7545179999999999 0.886141 0.7545179999999999 0.892563 0.748706 0.896844 0.7312940000000001 0.907141 0.696447 0.909281 0.709341 0.906703 0.737741 0.910562 0.737741 0.911422 0.7254820000000001 0.920422 0.689341 0.926422 0.682235 0.9251250000000001 0.622871 0.9229839999999999 0.609976 0.9229839999999999 0.598353 0.917844 0.591247 0.9122809999999999 0.592541 0.910562 0.608682 0.902844 0.618353 0.893844 0.671271 0.895141 0.685482 0.884422 0.746776 0.883563 0.7545179999999999
50 0.0658906 0.734682 0.0948125 0.8707999999999999 0.110172 0.899388 0.113797 0.893953 0.12373400000000001 0.895294 0.130969 0.884424 0.121031 0.846306 0.114703 0.801388 0.11740600000000001 0.7210590000000001 0.121031 0.682965 0.113797 0.628518 0.110172 0.594471 0.0948125 0.580871 0.103844 0.546847 0.096625 0.5250589999999999 0.0830625 0.514165 0.0740156 0.531859 0.0722187 0.563176 0.054140600000000004 0.593106 0.0487031 0.620353 0.05775 0.700659 0.0658906 0.734682
50 0.131 0.628329 0.12562500000000001 0.653812 0.13484400000000002 0.762635 0.141766 0.7672709999999999 0.141766 0.7765409999999999 0.143313 0.802 0.150219 0.803176 0.16176600000000002 0.873788 0.167906 0.912 0.194047 0.909671 0.19789099999999998 0.896941 0.187906 0.799694 0.197125 0.788118 0.190969 0.761482 0.178672 0.712847 0.162531 0.6943290000000001 0.16406199999999999 0.678118 0.164828 0.656118 0.167906 0.6503289999999999 0.175594 0.661906 0.184062 0.708235 0.200969 0.740635 0.211734 0.740635 0.211734 0.730235 0.20557799999999998 0.718635 0.187906 0.667694 0.18098399999999998 0.6248710000000001 0.166375 0.6121409999999999 0.167141 0.599388 0.170219 0.591294 0.16945300000000002 0.585506 0.163297 0.569294 0.153297 0.566965 0.137156 0.584353 0.140234 0.599388 0.137922 0.601718 0.137922 0.617929 0.131 0.628329
50 0.0748906 0.559647 0.07468749999999999 0.552306 0.0730625 0.540706 0.0700156 0.535224 0.061515600000000004 0.534612 0.058062499999999996 0.537365 0.054609399999999995 0.544682 0.0548125 0.553835 0.0527969 0.560565 0.054000000000000006 0.567882 0.054609399999999995 0.575812 0.058875 0.577341 0.058875 0.5803999999999999 0.055625 0.5834590000000001 0.0554219 0.5901649999999999 0.0625156 0.581624 0.07285939999999999 0.560565 0.0748906 0.559647
50 0.004046879687499999 0.676376 0.006812500000000001 0.7084469999999999 0.0079843796875 0.714376 0.0119375 0.713788 0.0139063 0.7096239999999999 0.0166719 0.728047 0.0237656 0.763671 0.0269219 0.7820710000000001 0.0277031 0.779694 0.03125 0.767835 0.0359844 0.7630819999999999 0.048218699999999996 0.763671 0.049 0.7519760000000001 0.0478125 0.7400939999999999 0.0466406 0.717529 0.0443906 0.706494 0.0418125 0.691647 0.0418125 0.675529 0.0418125 0.6503530000000001 0.0478125 0.681341 0.0495312 0.676824 0.0499531 0.669718 0.05167190000000001 0.635506 0.05167190000000001 0.624541 0.0452344 0.5864710000000001 0.0388125 0.5632240000000001 0.0336719 0.558706 0.0345312 0.556141 0.0349531 0.541929 0.0340937 0.5348470000000001 0.028093800000000002 0.524518 0.0220938 0.5206350000000001 0.017812500000000002 0.526447 0.0169531 0.54 0.0165313 0.547741 0.0143906 0.5522589999999999 0.01225 0.561294 0.0058125 0.575506 0.0032500000000000003 0.595506 0.0032500000000000003 0.6742349999999999 0.004046879687499999 0.676376
18 0.7102809999999999 0.579671 0.712859 0.584518 0.717047 0.588894 0.718969 0.594212 0.721859 0.6029410000000001 0.725734 0.6087530000000001 0.7337659999999999 0.6087530000000001 0.742453 0.6044 0.7421409999999999 0.581129 0.736344 0.570471 0.717359 0.570471 0.7102809999999999 0.579671
18 0.717875 0.589412 0.706484 0.573106 0.697656 0.571388 0.6774530000000001 0.572682 0.666641 0.593694 0.67375 0.5949650000000001 0.679156 0.617271 0.690266 0.621129 0.690828 0.609976 0.69425 0.603129 0.693391 0.592824 0.695094 0.589835 0.7042029999999999 0.5864 0.705063 0.599271 0.71275 0.614682 0.720719 0.6121179999999999 0.721562 0.600118 0.717875 0.589412
18 0.450781 0.5504939999999999 0.444672 0.549059 0.43807799999999997 0.554024 0.43948400000000004 0.572471 0.444672 0.5668 0.45031299999999996 0.563247 0.460672 0.557576 0.460672 0.556165 0.461141 0.551906 0.450781 0.5504939999999999
77 0.922687 0.6862590000000001 0.920594 0.684682 0.9191560000000001 0.688635 0.9186249999999999 0.6905880000000001 0.914312 0.7051759999999999 0.912469 0.725082 0.9139060000000001 0.729035 0.916531 0.725294 0.92425 0.692776 0.9220309999999999 0.6905880000000001 0.922813 0.685859 0.922687 0.6862590000000001
50 0.381875 0.547224 0.382703 0.540565 0.379656 0.533482 0.376344 0.530988 0.373297 0.533482 0.373578 0.543059 0.37025 0.543906 0.367219 0.552635 0.367766 0.5722349999999999 0.36748400000000003 0.582235 0.368047 0.6051529999999999 0.375516 0.6084940000000001 0.373859 0.586824 0.375516 0.578071 0.376344 0.589741 0.379937 0.607647 0.386313 0.605576 0.381875 0.5864 0.382703 0.574729 0.381875 0.552635 0.381875 0.547224
18 0.163562 0.537247 0.16875 0.5515760000000001 0.170266 0.560376 0.186266 0.562635 0.188641 0.535624 0.185188 0.529106 0.168313 0.527482 0.16399999999999998 0.535953 0.163562 0.537247
36 0.108734 0.744494 0.108734 0.760847 0.11281300000000001 0.778212 0.11665600000000001 0.773106 0.12162500000000001 0.767647 0.125031 0.762871 0.11710899999999999 0.7322350000000001 0.113266 0.720635 0.10987499999999999 0.7393879999999999 0.108734 0.744494
64 0.47982800000000003 0.529176 0.481719 0.537341 0.489719 0.539576 0.49446899999999994 0.5355059999999999 0.496094 0.5295759999999999 0.496094 0.522847 0.49473399999999995 0.517741 0.493109 0.515082 0.488375 0.513459 0.480234 0.5195759999999999 0.47982800000000003 0.529176