55 0.146937 0.644836 0.140953 0.6336210000000001 0.136453 0.6470790000000001 0.137953 0.669509 0.152938 0.723318 0.164938 0.799556 0.23240599999999997 0.85785 0.280391 0.860093 0.293891 0.8869859999999999 0.296891 0.952009 0.302891 0.965467 0.32687499999999997 0.9878969999999999 0.8186880000000001 0.985654 0.868172 0.898201 0.8651719999999999 0.851121 0.9041560000000001 0.869065 0.887672 0.931846 0.872672 0.985654 0.9146559999999999 0.9878969999999999 0.9206559999999999 0.981168 0.9386559999999999 0.8869859999999999 0.901156 0.7816120000000001 0.841187 0.7345330000000001 0.8186880000000001 0.7479910000000001 0.8097030000000001 0.7345330000000001 0.805203 0.7053740000000001 0.7827029999999999 0.678481 0.709234 0.667266 0.548797 0.6425930000000001 0.497813 0.6425930000000001 0.45282799999999995 0.631379 0.39285899999999996 0.656051 0.25940599999999997 0.653808 0.182938 0.669509 0.157438 0.644836 0.142453 0.653808 0.146937 0.644836
55 0.216938 0.657944 0.236375 0.651215 0.39346899999999996 0.653458 0.44882799999999995 0.6310979999999999 0.537094 0.648995 0.5430780000000001 0.586355 0.523625 0.47672899999999996 0.49520299999999995 0.47897199999999995 0.511656 0.45212600000000003 0.459297 0.349206 0.375516 0.311168 0.293234 0.27091099999999996 0.276781 0.27091099999999996 0.246859 0.37829399999999996 0.267797 0.454346 0.222922 0.483435 0.18701600000000002 0.5102800000000001 0.178031 0.532664 0.167563 0.570678 0.161578 0.608715 0.161578 0.628855 0.160078 0.637804 0.19 0.666893 0.216938 0.657944
21 0.594703 0.271799 0.596922 0.261846 0.6024689999999999 0.260187 0.607469 0.264346 0.608031 0.265164 0.612469 0.268481 0.612469 0.278458 0.616906 0.287593 0.630781 0.294229 0.636344 0.301706 0.648547 0.301706 0.660766 0.30086399999999996 0.749031 0.254369 0.7567969999999999 0.221168 0.752922 0.209556 0.764016 0.174696 0.727938 0.162243 0.715719 0.161402 0.610797 0.196262 0.5586249999999999 0.21785000000000002 0.550297 0.22614499999999998 0.550297 0.249393 0.5530630000000001 0.25852800000000004 0.585828 0.280935 0.594703 0.271799
26 0.371859 0.301799 0.406344 0.326449 0.442328 0.344393 0.461828 0.339907 0.49931200000000003 0.326449 0.5098130000000001 0.0013551401869158878 0.32687499999999997 0 0.352375 0.290584 0.371859 0.301799
14 0.584594 0.602243 0.607141 0.647196 0.740891 0.671916 0.796484 0.6921259999999999 0.8115159999999999 0.7235980000000001 0.8716250000000001 0.716846 0.9813280000000001 0.6224770000000001 0.997859 0.586519 0.9933590000000001 0.413481 0.855094 0.341565 0.782969 0.321355 0.710828 0.296636 0.635687 0.30112099999999997 0.578578 0.334836 0.5349999999999999 0.373037 0.522984 0.417967 0.518469 0.503364 0.562047 0.568528 0.584594 0.602243
27 1 0.285397 1 0.159556 0.876141 0.139322 0.752906 0.146075 0.574078 0.137079 0.504938 0.125841 0.512453 0.31236 0.542516 0.316846 0.580078 0.278645 0.574078 0.258435 0.559047 0.222477 0.592109 0.202243 0.730359 0.155047 0.752906 0.184276 0.763422 0.161799 0.790484 0.157313 1 0.285397
27 0.217906 0.164042 0.20437500000000003 0.177523 0.21490599999999999 0.31236 0.21640600000000002 0.350561 0.189359 0.38427600000000006 0.166813 0.404486 0.120219 0.38876200000000005 0.0946719 0.38203300000000007 0.0781406 0.276402 0.0766406 0.280888 0.0015 0.368528 0.0015 0.683154 0.11871899999999999 0.514603 0.234437 0.420234 0.252469 0.404486 0.262984 0.31236 0.276516 0.283154 0.353156 0.292126 0.336625 0.159556 0.339641 0.123598 0.217906 0.164042
19 0.593844 0.47479 0.633953 0.509276 0.664547 0.535514 0.665047 0.524276 0.638969 0.504766 0.629437 0.490537 0.595344 0.46504700000000004 0.572281 0.45228999999999997 0.554234 0.45228999999999997 0.546203 0.45453299999999996 0.552219 0.46579400000000004 0.5517190000000001 0.463528 0.5843130000000001 0.483037 0.593844 0.47479
19 0.9062340000000001 0.424346 0.9050779999999999 0.41857500000000003 0.903219 0.412383 0.8986560000000001 0.40981300000000004 0.8900779999999999 0.409603 0.883656 0.41537399999999997 0.887359 0.423061 0.8912190000000001 0.426706 0.893516 0.423925 0.8986560000000001 0.42222 0.9062340000000001 0.424346
19 0.7072339999999999 0.37004699999999996 0.711531 0.359346 0.711172 0.34810700000000006 0.7075940000000001 0.34009300000000003 0.705813 0.34757 0.701875 0.359346 0.702234 0.368972 0.7072339999999999 0.37004699999999996
19 0.795547 0.44530400000000003 0.788875 0.44439300000000004 0.777062 0.44754700000000003 0.777062 0.454813 0.779484 0.45979 0.795547 0.45979 0.816734 0.44981299999999996 0.8152189999999999 0.440771 0.792812 0.443925 0.795547 0.44530400000000003