14 0.271906 0.8719060000000001 0.422469 0.9303440000000001 0.5955 0.928094 0.6966249999999999 0.8809060000000001 0.777531 0.8269690000000001 0.8651719999999999 0.7235940000000001 0.907859 0.6 0.910109 0.458422 0.869656 0.303375 0.757297 0.164047 0.582016 0.0898906 0.377531 0.09214059999999999 0.188766 0.188766 0.098875 0.330344 0.0719063 0.496625 0.09214059999999999 0.6382030000000001 0.157297 0.775281 0.271906 0.8719060000000001
47 0.456672 0.247797 0.421 0.24474999999999997 0.385313 0.24474999999999997 0.309891 0.285516 0.29664100000000004 0.318141 0.308859 0.412937 0.370031 0.46187500000000004 0.409781 0.46900000000000003 0.48420300000000005 0.444547 0.515797 0.382359 0.509687 0.287562 0.456672 0.247797
47 0.341281 0.265656 0.381031 0.24659399999999998 0.412516 0.243281 0.45392200000000005 0.249078 0.506922 0.283875 0.519359 0.264 0.527641 0.217609 0.5077659999999999 0.167922 0.462203 0.140578 0.42079700000000003 0.135609 0.357844 0.153844 0.32389100000000004 0.177031 0.315609 0.213469 0.315609 0.251563 0.324719 0.27973400000000004 0.341281 0.265656
47 0.723625 0.23948399999999997 0.714734 0.22762500000000002 0.673219 0.212797 0.6480159999999999 0.196484 0.618359 0.189078 0.594641 0.193516 0.572406 0.20242200000000002 0.548672 0.220203 0.533859 0.243938 0.530891 0.26320299999999996 0.529406 0.295828 0.535328 0.328437 0.5516409999999999 0.361063 0.566469 0.356609 0.581297 0.350672 0.624297 0.352156 0.640594 0.3655 0.671734 0.384781 0.6747029999999999 0.386266 0.7102809999999999 0.3655 0.728078 0.341781 0.738453 0.306203 0.739938 0.279516 0.720656 0.240969 0.723625 0.23948399999999997
47 0.595078 0.579641 0.626391 0.550547 0.648766 0.51475 0.693516 0.483437 0.684562 0.440937 0.662188 0.39171900000000004 0.626391 0.364875 0.595078 0.35815600000000003 0.563766 0.34920300000000004 0.5234840000000001 0.364875 0.501125 0.396188 0.46756200000000003 0.445406 0.463094 0.481203 0.48770300000000005 0.521469 0.5145470000000001 0.521469 0.552578 0.552781 0.595078 0.579641
47 0.330344 0.444937 0.332578 0.43145300000000003 0.305625 0.37528100000000003 0.298875 0.298875 0.303375 0.283141 0.22696900000000003 0.298875 0.22246899999999997 0.37078099999999997 0.22246899999999997 0.41348399999999996 0.24493700000000002 0.451687 0.27640600000000004 0.48090599999999994 0.323594 0.467422 0.330344 0.444937
47 0.60225 0.6 0.5932660000000001 0.667422 0.626969 0.737078 0.6966249999999999 0.770781 0.752812 0.752812 0.7955 0.734828 0.831453 0.676406 0.8292189999999999 0.6045 0.7820159999999999 0.532578 0.710109 0.514609 0.633703 0.546063 0.6045 0.586516 0.60225 0.6
47 0.591016 0.712359 0.59775 0.647188 0.588766 0.608984 0.570781 0.5842660000000001 0.543813 0.559547 0.516859 0.543813 0.49437499999999995 0.541578 0.453937 0.548312 0.406734 0.5955 0.4 0.701125 0.40898399999999996 0.737078 0.43595300000000003 0.757297 0.492141 0.766297 0.5572969999999999 0.750563 0.591016 0.712359
47 0.409141 0.675328 0.40525 0.626641 0.396484 0.611062 0.374078 0.578937 0.346813 0.556531 0.32831299999999997 0.543875 0.30981200000000003 0.5390159999999999 0.28353100000000003 0.540953 0.261125 0.547766 0.235812 0.557516 0.21925 0.573094 0.202703 0.5896410000000001 0.185172 0.612047 0.17739100000000002 0.667547 0.179328 0.7142809999999999 0.194906 0.735703 0.243594 0.776609 0.294234 0.777578 0.311766 0.772719 0.336109 0.770766 0.348766 0.763953 0.361422 0.753234 0.377 0.735703 0.391609 0.716234 0.40426599999999996 0.691891 0.409141 0.675328
47 0.689844 0.428875 0.689844 0.440156 0.694672 0.499766 0.741406 0.533609 0.773625 0.533609 0.823578 0.556156 0.8509690000000001 0.528766 0.8702970000000001 0.498156 0.867078 0.461094 0.8590159999999999 0.40470300000000003 0.8429059999999999 0.377312 0.823578 0.354766 0.788125 0.335422 0.755906 0.337047 0.731734 0.343484 0.718844 0.356375 0.693063 0.382156 0.691453 0.409547 0.691453 0.41115599999999997 0.689844 0.428875
47 0.183406 0.629547 0.184766 0.6145470000000001 0.184766 0.595437 0.217516 0.566797 0.272078 0.544969 0.306188 0.531328 0.310281 0.517672 0.302094 0.48903100000000005 0.24889100000000003 0.450828 0.21615600000000001 0.44809400000000005 0.197047 0.45356199999999997 0.16703099999999999 0.46446899999999997 0.14110899999999998 0.49039099999999997 0.131562 0.5108590000000001 0.131562 0.544969 0.13974999999999999 0.581797 0.153391 0.603625 0.169766 0.621359 0.183406 0.629547
47 0.31457799999999997 0.515625 0.31457799999999997 0.5260309999999999 0.316891 0.542203 0.316891 0.546828 0.331906 0.5606880000000001 0.351547 0.567609 0.366563 0.580328 0.372328 0.589562 0.39081299999999997 0.599953 0.40351600000000004 0.613828 0.411609 0.590719 0.41854699999999995 0.5780160000000001 0.425469 0.568766 0.441641 0.556063 0.45549999999999996 0.5479689999999999 0.489 0.542203 0.491312 0.535266 0.48784400000000006 0.519094 0.482078 0.5006090000000001 0.473984 0.48906299999999997 0.458969 0.46942199999999995 0.46128099999999994 0.45903099999999997 0.460125 0.45903099999999997 0.43356300000000003 0.461344 0.432406 0.461344 0.400063 0.46364099999999997 0.38618800000000003 0.462484 0.371172 0.45903099999999997 0.346922 0.44631299999999996 0.339984 0.448625 0.31226600000000004 0.496 0.31457799999999997 0.515625
27 0.9932969999999999 0.9795 0.9932969999999999 0.004046879687499999 0.7232190000000001 0.0018281203125 0.752234 0.178156 0.8839219999999999 0.336641 0.904016 0.44825 0.90625 0.617891 0.8192030000000001 0.789766 0.616078 0.923703 0.430797 0.9370939999999999 0.31473399999999996 0.899141 0.194203 0.8187810000000001 0.11384399999999999 0.682625 0.0758906 0.550922 0.0758906 0.414766 0.11607799999999999 0.312094 0.1875 0.218344 0.276781 0.149141 0.350453 0.10896900000000001 0.517859 0.08887500000000001 0.631703 0.117891 0.736609 0.164766 0.71875 0.0085156296875 0.0022343703125 0.0085156296875 0.0067031203125 0.9795 0.9932969999999999 0.9795
47 0.472734 0.8967499999999999 0.550656 0.888969 0.594812 0.8448119999999999 0.6077969999999999 0.7824690000000001 0.581813 0.7305159999999999 0.55325 0.753891 0.496109 0.7694840000000001 0.44934399999999997 0.766891 0.420781 0.746109 0.405187 0.727922 0.38701599999999997 0.795453 0.40779699999999997 0.865578 0.472734 0.8967499999999999