74 0.803937 0.24493700000000002 0.803937 0.19775 0.7045 0.19325 0.687641 0.14831200000000003 0.633703 0.11235400000000001 0.549438 0.110104 0.46179699999999996 0.116854 0.412922 0.155063 0.438203 0.184271 0.48370300000000005 0.20224999999999999 0.46348399999999995 0.2045 0.360672 0.2045 0.301687 0.269667 0.182016 0.40225000000000005 0.136516 0.43820800000000004 0.134828 0.47639600000000004 0.15 0.514604 0.21909399999999998 0.5932499999999999 0.364047 0.8314579999999999 0.402813 0.977521 0.8022500000000001 0.905625 0.812359 0.829208 0.812359 0.644937 0.798875 0.233708 0.803937 0.24493700000000002
74 0.874719 0.9213539999999999 0.9455 0.946063 0.982578 0.964042 0.999437 0.9662919999999999 1 0.16179200000000002 0.891578 0.20224999999999999 0.808984 0.22695800000000002 0.8022500000000001 0.229208 0.817422 0.775271 0.824156 0.755062 0.825844 0.876396 0.874719 0.9213539999999999
50 0 0.593021 0.0086718703125 0.6581880000000001 0.0187812 0.687417 0.0187812 0.718875 0.027218799999999998 0.745833 0.0406875 0.752583 0.049125 0.637979 0.052500000000000005 0.554833 0.054171899999999995 0.509875 0.0390156 0.41775 0.0187812 0.4155 0.0086718703125 0.43122900000000003 0.0069843703125 0.449208 0.0019375 0.462688 0 0.500896 0 0.593021
50 0.057874999999999996 0.444021 0.057874999999999996 0.447354 0.060359399999999994 0.45481299999999997 0.059125000000000004 0.46145800000000003 0.057874999999999996 0.463958 0.0497812 0.467271 0.0510312 0.467271 0.0560156 0.493 0.059125000000000004 0.523729 0.06471879999999999 0.558583 0.0690781 0.591792 0.07468749999999999 0.6341249999999999 0.07967189999999999 0.631625 0.07468749999999999 0.623333 0.0777969 0.611708 0.0834063 0.591792 0.0989688 0.590958 0.0977187 0.5851459999999999 0.0915 0.553604 0.0977187 0.5486249999999999 0.0939844 0.531188 0.089625 0.506292 0.0977187 0.503792 0.0977187 0.492167 0.0871406 0.463125 0.07967189999999999 0.46145800000000003 0.0808594 0.441458 0.0654687 0.430604 0.057874999999999996 0.444021
50 0.107172 0.460542 0.10778099999999999 0.454083 0.106172 0.451667 0.10049999999999999 0.451396 0.09626559999999999 0.45622900000000005 0.0938438 0.461083 0.0904062 0.47052099999999997 0.0958594 0.487229 0.0976719 0.498542 0.105563 0.499625 0.10696900000000001 0.498542 0.10839099999999999 0.49262500000000004 0.10454699999999999 0.489917 0.106375 0.485333 0.105156 0.481563 0.104953 0.475917 0.10334399999999999 0.468896 0.106766 0.469167 0.107172 0.460542
50 0.12426600000000002 0.473583 0.12404699999999999 0.47510399999999997 0.123359 0.478458 0.121063 0.482417 0.120391 0.494292 0.120391 0.5070830000000001 0.12426600000000002 0.506792 0.12426600000000002 0.489125 0.129062 0.527813 0.129062 0.545458 0.130438 0.546688 0.134547 0.546083 0.137063 0.545771 0.13774999999999998 0.534208 0.13889100000000001 0.529625 0.13889100000000001 0.519583 0.139578 0.510437 0.140031 0.5019170000000001 0.144594 0.493396 0.145281 0.48120799999999997 0.140937 0.474188 0.137516 0.465667 0.137969 0.463229 0.134313 0.452562 0.12975 0.452562 0.129062 0.454396 0.127922 0.465667 0.12426600000000002 0.472667 0.12426600000000002 0.473583
50 0.10659400000000001 0.469438 0.106266 0.47229200000000005 0.10674999999999998 0.474479 0.10790599999999999 0.47970799999999997 0.107578 0.484521 0.109703 0.49085399999999996 0.11200000000000002 0.499792 0.111828 0.504833 0.111016 0.510938 0.11084400000000001 0.516625 0.11281300000000001 0.532125 0.116578 0.529938 0.119031 0.523833 0.11968700000000002 0.5177080000000001 0.12117199999999999 0.510729 0.120844 0.497396 0.12132799999999999 0.491729 0.122812 0.48472899999999997 0.12314099999999999 0.481458 0.12117199999999999 0.478396 0.121 0.474917 0.120188 0.47250000000000003 0.118219 0.469438 0.118219 0.46616700000000005 0.113469 0.462021 0.11232800000000001 0.457437 0.109859 0.458521 0.108891 0.45939599999999997 0.106922 0.465958 0.10659400000000001 0.469438
36 0.0768906 0.656042 0.0690781 0.622833 0.0690781 0.6091460000000001 0.061750000000000006 0.596125 0.059312500000000004 0.603938 0.059312500000000004 0.614375 0.056874999999999995 0.635854 0.045640599999999996 0.651479 0.049062499999999995 0.6645 0.0529687 0.6931670000000001 0.0646875 0.6905629999999999 0.07934379999999999 0.654083 0.0768906 0.656042
36 0.06065630000000001 0.461021 0.0568125 0.462479 0.05735939999999999 0.465417 0.0661562 0.483 0.0694531 0.483 0.0655937 0.470542 0.06065630000000001 0.461021
36 0.0842813 0.532042 0.0872187 0.546188 0.0889844 0.554438 0.0942969 0.554438 0.0957656 0.538333 0.0957656 0.533229 0.0922344 0.526938 0.0866406 0.524188 0.0783906 0.505354 0.0725 0.502604 0.0772031 0.516729 0.0842813 0.532042
50 0.1265 0.463833 0.1265 0.460437 0.12673399999999999 0.458583 0.125562 0.453333 0.124641 0.452708 0.122547 0.451479 0.121156 0.451479 0.11953100000000001 0.454562 0.11907799999999999 0.457042 0.11814100000000001 0.460125 0.11768700000000001 0.46693799999999996 0.120469 0.471271 0.122781 0.478688 0.1265 0.463833