2 0.251961 0.49348000000000003 0.291993 0.505343 0.334984 0.499412 0.333497 0.47568599999999994 0.358709 0.462337 0.343873 0.325948 0.336471 0.299265 0.329052 0.254788 0.305327 0.23401999999999998 0.246029 0.24143799999999999 0.237124 0.291846 0.219346 0.312598 0.208954 0.370425 0.211928 0.42825199999999997 0.20451 0.444559 0.151144 0.449003 0.15263100000000002 0.46975500000000003 0.17189500000000002 0.48903599999999997 0.243056 0.494967 0.251961 0.49348000000000003
65 0.420817 0.79616 0.42433 0.801422 0.43483700000000003 0.806667 0.44183000000000006 0.808415 0.466356 0.8521900000000001 0.49436300000000005 0.906471 0.49436300000000005 0.916977 0.49436300000000005 0.9187249999999999 0.49436300000000005 0.923987 0.497859 0.939739 0.503121 0.9467479999999999 0.5101140000000001 0.9467479999999999 0.531127 0.953742 0.5836600000000001 0.9624999999999999 0.6029249999999999 0.957255 0.62219 0.95549 0.6274350000000001 0.959003 0.643186 0.957255 0.6572060000000001 0.957255 0.669461 0.957255 0.681716 0.9519930000000001 0.693971 0.939739 0.711487 0.9187249999999999 0.721977 0.881961 0.7394930000000001 0.8171729999999999 0.7394930000000001 0.808415 0.75 0.79616 0.751748 0.801422 0.7534970000000001 0.8031699999999999 0.7534970000000001 0.808415 0.762255 0.799657 0.764003 0.7979080000000001 0.764003 0.79616 0.767516 0.792663 0.7710130000000001 0.785654 0.7710130000000001 0.782157 0.7710130000000001 0.77866 0.772761 0.7593949999999999 0.779771 0.747141 0.792026 0.7348859999999999 0.825294 0.769902 0.825294 0.764641 0.8445419999999999 0.755882 0.86031 0.750637 0.879575 0.748889 0.895327 0.741879 0.912843 0.731373 0.92335 0.7156210000000001 0.911078 0.675343 0.8743139999999999 0.621062 0.8708170000000001 0.610556 0.865556 0.603562 0.841046 0.582549 0.804281 0.552778 0.699216 0.48799 0.6974670000000001 0.473987 0.793775 0.302402 0.7902779999999999 0.297141 0.735997 0.27263099999999996 0.735997 0.274379 0.641438 0.451225 0.629183 0.451225 0.6134310000000001 0.458235 0.592418 0.454722 0.580163 0.454722 0.567908 0.472239 0.415572 0.7891499999999999 0.420817 0.79616
65 0.168546 0.295948 0.20898699999999998 0.26898700000000003 0.164052 0.111683 0.06292480065359476 0.11393800000000001 0.06741830065359476 0.143154 0.07864380065359478 0.298203 0.168546 0.295948
2 0.578448 0.284918 0.685882 0.362304 0.7286269999999999 0.281438 0.73902 0.27451000000000003 0.757516 0.27566999999999997 0.7933169999999999 0.29530999999999996 0.778301 0.343824 0.8129580000000001 0.326503 0.814118 0.269886 0.797941 0.238709 0.7401800000000001 0.22946099999999997 0.724003 0.227157 0.65585 0.223693 0.5749839999999999 0.25256500000000004 0.578448 0.284918
65 0.411242 0.797745 0.44269600000000003 0.728088 0.559542 0.501127 0.5505559999999999 0.368546 0.5123530000000001 0.355049 0.45843100000000003 0.343824 0.36629100000000003 0.341569 0.35281 0.35954200000000003 0.35954200000000003 0.402255 0.36629100000000003 0.514608 0.404493 0.797745 0.411242 0.797745
22 0.762337 0.236977 0.762908 0.236977 0.7634799999999999 0.236977 0.7640520000000001 0.236977 0.764624 0.236977 0.766912 0.23640499999999998 0.767467 0.235833 0.780605 0.232974 0.78232 0.232974 0.7937420000000001 0.234118 0.794314 0.23469 0.798873 0.23869300000000002 0.805163 0.249526 0.8131539999999999 0.264951 0.816569 0.27008200000000004 0.912484 0.310049 0.9147709999999999 0.272369 0.919918 0.21985300000000002 0.919918 0.218137 0.927908 0.189592 0.9284800000000001 0.17817 0.877092 0.167892 0.778889 0.16331700000000002 0.765196 0.23125800000000002 0.762337 0.236977
22 0.733268 0.22929700000000003 0.739248 0.167288 0.747418 0.156405 0.75067 0.151503 0.758301 0.14008199999999998 0.761552 0.13029400000000002 0.747418 0.117778 0.738709 0.12268000000000001 0.732173 0.130833 0.716944 0.142794 0.700082 0.186863 0.6919280000000001 0.22602899999999998 0.733268 0.22929700000000003
22 0.5186109999999999 0.110817 0.51549 0.140458 0.519003 0.14202599999999999 0.518219 0.146699 0.519788 0.14905200000000002 0.534608 0.151389 0.535392 0.140458 0.543186 0.113546 0.545915 0.11277799999999999 0.552941 0.109657 0.554886 0.100686 0.553333 0.09248369934640523 0.548644 0.09287580065359477 0.543186 0.09638890032679738 0.533824 0.101454 0.51549 0.10848 0.5186109999999999 0.110817
22 0.46663400000000005 0.07491830065359477 0.46663400000000005 0.07727119934640524 0.4675 0.08604580065359477 0.472484 0.104199 0.474232 0.11415000000000002 0.480964 0.115033 0.48565400000000003 0.11268 0.492092 0.08370919934640522 0.49297399999999997 0.07960780065359477 0.47071900000000005 0.07521240032679738 0.46663400000000005 0.07491830065359477
22 1 0.24898699999999999 0.9539709999999999 0.246046 0.9216829999999999 0.307663 0.9216829999999999 0.311585 1 0.341895 1 0.24898699999999999
2 0.392827 0.10686299999999999 0.38482 0.0788235 0.368791 0.0561275 0.340752 0.0214052 0.295359 0.00805556 0.253971 0.030751599999999997 0.227271 0.0681373 0.21258199999999997 0.142908 0.257974 0.145588 0.251291 0.0668137 0.299363 0.06147060000000001 0.306046 0.141585 0.356781 0.130899 0.392827 0.10686299999999999
36 0.403023 0.232598 0.44274500000000006 0.23098 0.48084999999999994 0.21557199999999999 0.49542500000000006 0.196127 0.49542500000000006 0.188824 0.45977100000000004 0.15558799999999998 0.44517999999999996 0.15558799999999998 0.38032699999999997 0.158023 0.377092 0.167745 0.374657 0.176667 0.376275 0.191258 0.377892 0.20261400000000002 0.385997 0.22854599999999997 0.403023 0.232598
50 0.042026099673202616 0.07446080065359478 0.04356209967320262 0.066781 0.042532699346405224 0.06013069934640523 0.041503300653594775 0.053986900326797385 0.04049019934640523 0.04477119934640523 0.03792480065359477 0.03965690032679738 0.03998369934640523 0.02942809967320261 0.03638890032679738 0.023284300653594773 0.03792480065359477 0.019705900326797386 0.03638890032679738 0.015604599673202615 0.038447699346405226 0.00026143790849673205 0.0005718954248366012 0.00026143790849673205 0.00006535947712418301 0.04017969934640523 0.0005718954248366012 0.07905230065359477 0.019003300653594773 0.07599669934640522 0.03946080065359477 0.07496730065359476 0.042026099673202616 0.07446080065359478
50 0.247386 0.04343140032679739 0.247386 0.033921599673202615 0.247386 0.022598 0.234265 0.003578429738562091 0.231536 0.0013071895424836603 0.174493 0.0013071895424836603 0.152304 0.0004084967320261438 0.152304 0.0022222205882352943 0.177663 0.005392160130718955 0.18083300000000002 0.024869300653594772 0.18807200000000002 0.033921599673202615 0.201209 0.04705880065359477 0.208905 0.061535900326797385 0.21614399999999998 0.07241830065359477 0.23335 0.05700980065359477 0.247386 0.04343140032679739
22 0.248856 0.03042480065359477 0.24918300000000002 0.04308819934640523 0.25567 0.03236930065359477 0.264444 0.029117599673202613 0.264118 0.02457519934640523 0.250474 0.0229575 0.248856 0.03042480065359477
50 0.420539 0.024281 0.414706 0.0213725 0.410114 0.013447699346405228 0.408873 0.008447710784313726 0.407206 0.0009477124183006535 0.346781 0.0005392156862745099 0.346781 0.0013725506535947713 0.344281 0.0051143807189542485 0.34344800000000003 0.0138725 0.344706 0.020114400326797385 0.352614 0.03261440032679738 0.358448 0.042614400326797384 0.36970600000000003 0.05594769934640523 0.38761399999999996 0.09179740032679738 0.40594800000000003 0.10513099999999999 0.41928099999999996 0.09803919934640522 0.43637299999999996 0.101797 0.458039 0.11013099999999999 0.47346400000000005 0.115539 0.476373 0.11220600000000001 0.47179699999999997 0.08929740032679738 0.463873 0.06053919934640523 0.452206 0.0413725 0.44011399999999995 0.031781 0.42094800000000004 0.02344769934640523 0.420539 0.024281