77 0.802516 0.396667 0.840687 0.398417 0.773562 0.319438 0.695906 0.27031299999999997 0.635359 0.259771 0.626141 0.272062 0.597187 0.272062 0.557703 0.289604 0.519531 0.319438 0.490578 0.345771 0.460313 0.379104 0.440562 0.407187 0.443203 0.412458 0.460313 0.412458 0.493219 0.41070799999999996 0.5327029999999999 0.424729 0.5327029999999999 0.440542 0.5511250000000001 0.41070799999999996 0.599828 0.407187 0.639313 0.407187 0.703797 0.408938 0.723547 0.41070799999999996 0.7485470000000001 0.435271 0.744609 0.4265 0.7551249999999999 0.407187 0.802516 0.396667
36 0.35729700000000003 0.838208 0.37584399999999996 0.7078749999999999 0.35225 0.6471870000000001 0.342141 0.649438 0.338766 0.667417 0.337078 0.6988749999999999 0.330344 0.737083 0.32190599999999997 0.7595419999999999 0.32190599999999997 0.786521 0.320219 0.822479 0.326969 0.826958 0.350562 0.835958 0.35729700000000003 0.835958 0.35729700000000003 0.838208
36 0.21426599999999998 0.490104 0.206813 0.471896 0.184453 0.509167 0.174516 0.518271 0.165187 0.575417 0.1565 0.6615629999999999 0.193141 0.676458 0.203078 0.668188 0.206813 0.615167 0.21303100000000003 0.49425 0.21426599999999998 0.490104
36 0.653203 0.7501460000000001 0.633938 0.758437 0.6059840000000001 0.7832709999999999 0.598531 0.809792 0.6035 0.8511869999999999 0.614687 0.881833 0.6395310000000001 0.8743960000000001 0.669969 0.8536870000000001 0.674937 0.832979 0.666875 0.8131039999999999 0.661891 0.793229 0.655687 0.779958 0.6587970000000001 0.760917 0.667484 0.762583 0.699172 0.720333 0.7202810000000001 0.697146 0.727125 0.6814169999999999 0.719672 0.6814169999999999 0.6786719999999999 0.736062 0.653203 0.7501460000000001
36 0.050718700000000005 0.37114600000000003 0.0449062 0.39437500000000003 0.0400625 0.396958 0.033296900000000004 0.398896 0.0303906 0.39437500000000003 0.0284531 0.388562 0.0226406 0.399542 0.0255469 0.42729199999999995 0.0516875 0.43114600000000003 0.0545781 0.424063 0.05217190000000001 0.400188 0.0482969 0.395021 0.0644844 0.339583 0.0648594 0.3255 0.0623281 0.319521 0.060875 0.33435400000000004 0.050718700000000005 0.37114600000000003
36 0.0831406 0.346667 0.0807031 0.355083 0.0807031 0.365437 0.0831406 0.36995799999999995 0.09185940000000001 0.37772900000000004 0.100109 0.378375 0.104484 0.370604 0.106766 0.366354 0.109531 0.362083 0.111125 0.358104 0.11181300000000001 0.372479 0.11365600000000001 0.374312 0.113891 0.348625 0.112281 0.348625 0.109984 0.351375 0.10493699999999999 0.349229 0.09575 0.344958 0.0863437 0.340354 0.0833594 0.328417 0.0815312 0.314958 0.0808438 0.308542 0.07946879999999999 0.307312 0.0771719 0.307625 0.07731249999999999 0.311104 0.0802188 0.336333 0.0831406 0.346667
50 0.24101599999999998 0.242688 0.22078099999999998 0.28089600000000003 0.215734 0.334833 0.200563 0.350562 0.166859 0.489896 0.21235900000000002 0.5011249999999999 0.200563 0.5707920000000001 0.21404700000000002 0.60675 0.197188 0.644937 0.198875 0.6988749999999999 0.215734 0.79325 0.232578 0.9325829999999999 0.227531 0.946063 0.225844 0.968542 0.252812 0.977521 0.251125 0.865167 0.269656 0.671917 0.269656 0.9348329999999999 0.27640600000000004 0.964042 0.289891 0.973042 0.305063 0.950562 0.289891 0.912354 0.305063 0.80225 0.318547 0.660667 0.326969 0.584271 0.306734 0.512354 0.318547 0.47639600000000004 0.343812 0.658417 0.35225 0.660667 0.372469 0.642687 0.343812 0.38427100000000003 0.318547 0.341583 0.32190599999999997 0.314604 0.306734 0.274167 0.306734 0.267417 0.291578 0.229208 0.259547 0.22695800000000002 0.24101599999999998 0.242688
50 0.077125 0.306479 0.07275000000000001 0.31231200000000003 0.0659687 0.323938 0.0703281 0.338167 0.0766406 0.375688 0.0780937 0.380208 0.0737187 0.40091699999999997 0.0674219 0.444896 0.07906250000000001 0.45395800000000003 0.0863437 0.475937 0.0829375 0.497937 0.0916719 0.499229 0.0965312 0.498583 0.0965312 0.489521 0.0945781 0.48306299999999996 0.10234399999999999 0.457833 0.105734 0.43325 0.113984 0.404792 0.115922 0.39379200000000003 0.11884399999999999 0.38281200000000004 0.122719 0.35306299999999996 0.120781 0.326542 0.113016 0.309708 0.107203 0.30066699999999996 0.108656 0.28966699999999995 0.10623400000000001 0.280604 0.10234399999999999 0.271562 0.0916719 0.271562 0.0882813 0.28450000000000003 0.0911875 0.295479 0.0916719 0.30325 0.077125 0.306479
50 0.144156 0.419604 0.152172 0.386354 0.158859 0.381 0.15573399999999998 0.428917 0.153062 0.486937 0.158406 0.489896 0.159297 0.5290830000000001 0.161078 0.554042 0.155297 0.563542 0.16331199999999998 0.568292 0.170437 0.5623539999999999 0.170875 0.538 0.171766 0.497208 0.177563 0.456833 0.174891 0.45285400000000003 0.170875 0.451667 0.169984 0.44277099999999997 0.173547 0.41308300000000003 0.177563 0.32993700000000004 0.195828 0.318062 0.189141 0.311521 0.19537500000000002 0.2765 0.178453 0.264021 0.166875 0.278271 0.170875 0.313896 0.155297 0.31925000000000003 0.146391 0.346562 0.13881300000000002 0.40179200000000004 0.144156 0.419604
50 0.179516 0.436333 0.191469 0.37997899999999996 0.20821900000000002 0.341729 0.218578 0.323646 0.20981299999999997 0.307708 0.207422 0.27793799999999996 0.196266 0.28325 0.188281 0.307708 0.191469 0.319396 0.177922 0.336396 0.175531 0.368292 0.171547 0.424625 0.173141 0.454396 0.179516 0.436333
50 0.354984 0.252979 0.35279699999999997 0.26975 0.367016 0.29600000000000004 0.36482800000000004 0.312062 0.361547 0.343417 0.361 0.36604200000000003 0.365375 0.377708 0.362641 0.40249999999999997 0.360453 0.409062 0.368109 0.42002100000000003 0.370297 0.462313 0.370844 0.475458 0.37139099999999997 0.529438 0.372484 0.538917 0.374672 0.5359999999999999 0.374672 0.548396 0.36592199999999997 0.575396 0.366469 0.5805 0.375219 0.584146 0.3785 0.568083 0.380141 0.30041700000000005 0.38287499999999997 0.244979 0.385078 0.24493700000000002 0.36482800000000004 0.238375 0.354984 0.252979
50 0.685953 0.984271 0.694375 0.970792 0.6927030000000001 0.950562 0.667422 0.946063 0.6707810000000001 0.9146040000000001 0.687641 0.889896 0.6927030000000001 0.878646 0.702813 0.865167 0.701125 0.847187 0.694375 0.835958 0.6910160000000001 0.808979 0.706187 0.808979 0.716297 0.7955 0.724719 0.770792 0.744938 0.743812 0.761797 0.764042 0.753375 0.7910210000000001 0.7634839999999999 0.808979 0.783703 0.80675 0.7820159999999999 0.779771 0.776969 0.701125 0.7820159999999999 0.6179790000000001 0.7820159999999999 0.5707920000000001 0.7820159999999999 0.5438120000000001 0.7634839999999999 0.512354 0.748313 0.44045799999999996 0.748313 0.41572899999999996 0.728094 0.413479 0.707859 0.40449999999999997 0.6893279999999999 0.40449999999999997 0.660672 0.41572899999999996 0.650563 0.41572899999999996 0.650563 0.469667 0.653937 0.505625 0.6690940000000001 0.528083 0.677531 0.528083 0.662359 0.5483119999999999 0.657297 0.5483119999999999 0.653937 0.5483119999999999 0.648875 0.528083 0.635391 0.525833 0.623594 0.5775210000000001 0.626969 0.620229 0.616859 0.6876460000000001 0.6320159999999999 0.6988749999999999 0.6387660000000001 0.701125 0.615172 0.7573120000000001 0.583141 0.8314579999999999 0.576406 0.869667 0.588203 0.896625 0.5932660000000001 0.912354 0.578094 0.930333 0.561234 0.973042 0.5696559999999999 0.984271 0.5662969999999999 0.988771 0.6455 0.988771 0.685953 0.984271
50 0.14560900000000002 0.307958 0.14560900000000002 0.29802100000000004 0.136906 0.296354 0.12945299999999998 0.31127099999999996 0.128828 0.322042 0.122 0.326167 0.124484 0.348542 0.128828 0.37256300000000003 0.128828 0.38414600000000004 0.126969 0.39243700000000004 0.12325 0.412312 0.120766 0.424729 0.12325 0.450417 0.131937 0.447104 0.133187 0.452896 0.140641 0.45785400000000004 0.139391 0.443792 0.14560900000000002 0.42722899999999997 0.136906 0.42225 0.13753100000000001 0.409 0.143125 0.37256300000000003 0.148719 0.356 0.151812 0.346875 0.155547 0.329479 0.151203 0.32120800000000005 0.14560900000000002 0.307958
50 0.0036093796875 0.31731200000000004 0.000359375 0.320062 0.0015468796875 0.338125 0.0042031296874999995 0.328688 0.0086093703125 0.322813 0.0139063 0.319667 0.0139063 0.30866699999999997 0.0171563 0.305917 0.013031200000000001 0.29924999999999996 0.00478125 0.298854 0.000078125 0.3075 0.00184375 0.317708 0.0036093796875 0.31731200000000004
8 0.996063 0.911979 0.798875 0.777146 0.788766 0.783896 0.773594 0.799625 0.775281 0.8041250000000001 0.793813 0.801875 0.805625 0.831083 0.812359 0.864792 0.8072969999999999 0.988396 0.999437 0.988396 0.996063 0.911979
50 1 0.293167 0.9832190000000001 0.293167 0.905734 0.336958 0.8545159999999999 0.403479 0.9136089999999999 0.40172899999999995 0.917563 0.435 0.9241250000000001 0.44725000000000004 0.888672 0.498042 0.8834059999999999 0.510292 0.8978590000000001 0.522542 0.891297 0.562812 0.876844 0.7624169999999999 0.879469 0.828958 0.904422 0.8132079999999999 0.912297 0.7956869999999999 0.939875 0.8377079999999999 0.9832190000000001 0.865729 1 0.876229 1 0.293167
50 0 0.683333 0.009281250000000001 0.6921250000000001 0.0224688 0.690646 0.0202656 0.6880620000000001 0.0208125 0.661687 0.018625 0.655833 0.015875 0.643375 0.0180781 0.616271 0.0180781 0.581083 0.0180781 0.564229 0.0153281 0.5466460000000001 0.013125000000000001 0.534937 0.009281250000000001 0.515875 0.009281250000000001 0.490229 0.0043281296875 0.443333 0 0.436396 0 0.613708 0 0.6335 0.000484375 0.643021 0 0.651083 0 0.683333
50 0.0280781 0.281542 0.0252656 0.284042 0.028546899999999997 0.288417 0.0276094 0.294021 0.0280781 0.299646 0.027140599999999997 0.305271 0.0318281 0.30902100000000005 0.0374531 0.30902100000000005 0.038375 0.31775000000000003 0.0337031 0.319625 0.0266719 0.327125 0.022 0.337729 0.022 0.348979 0.020593800000000002 0.381437 0.020125 0.387062 0.0130938 0.407667 0.014968699999999998 0.42514599999999997 0.0112187 0.43574999999999997 0.008875 0.501312 0.0116875 0.510062 0.015437500000000002 0.511937 0.027140599999999997 0.510687 0.0266719 0.516917 0.0257344 0.528167 0.031359399999999996 0.552521 0.0299531 0.565625 0.0243281 0.5712499999999999 0.0168437 0.579979 0.020125 0.581854 0.0337031 0.5843539999999999 0.044 0.5837289999999999 0.042125 0.57625 0.040718700000000004 0.5481459999999999 0.042125 0.5181669999999999 0.0454062 0.510687 0.0454062 0.525042 0.049625 0.538146 0.0510312 0.545646 0.0510312 0.5575 0.053828100000000004 0.5700000000000001 0.05992189999999999 0.5787289999999999 0.0702187 0.579354 0.0706875 0.57625 0.0669531 0.566875 0.0622656 0.558125 0.0594531 0.5481459999999999 0.0603906 0.531292 0.058984400000000006 0.48508300000000004 0.0629062 0.446875 0.06401559999999999 0.44104200000000005 0.0680156 0.429375 0.0694844 0.414771 0.0771406 0.420604 0.07651559999999999 0.390396 0.0780312 0.374333 0.0755156 0.35627099999999995 0.06899999999999999 0.331167 0.0652344 0.32481299999999996 0.0622188 0.322146 0.0579531 0.320125 0.0569531 0.31545799999999996 0.05720309999999999 0.310104 0.05770309999999999 0.29704200000000003 0.0619687 0.29604199999999997 0.0619687 0.29302100000000003 0.060718799999999996 0.289354 0.06271879999999999 0.279979 0.0619687 0.275625 0.059203099999999995 0.269937 0.0564531 0.264917 0.052437500000000005 0.261917 0.046156199999999994 0.259229 0.0418906 0.262583 0.037625 0.266604 0.0343594 0.271292 0.028343800000000002 0.27095800000000003 0.0280781 0.281542
36 0 0.879583 0.016156300000000002 0.879583 0.039875 0.852708 0.0292031 0.708833 0.025640600000000003 0.71675 0.014968699999999998 0.677208 0 0.6914370000000001 0 0.7325630000000001 0 0.879583
50 0.364047 0.521437 0.37231200000000003 0.477292 0.365219 0.42525 0.361672 0.403167 0.361672 0.390562 0.354578 0.388979 0.365219 0.370063 0.362859 0.347979 0.34393799999999997 0.347979 0.333297 0.35112499999999996 0.333297 0.38425 0.33684400000000003 0.403167 0.33684400000000003 0.428396 0.33920300000000003 0.48831199999999997 0.347484 0.516708 0.34393799999999997 0.482021 0.352219 0.530896 0.364047 0.521437
50 0 0.434437 0.005124999999999999 0.440354 0.0063906203125 0.475 0.007015629687499999 0.47754199999999997 0.0108281 0.476687 0.011453099999999999 0.436125 0.013359399999999999 0.413312 0.015265599999999999 0.398938 0.0190625 0.39133300000000004 0.0190625 0.377812 0.020968800000000003 0.34402099999999997 0.027937499999999997 0.33049999999999996 0.033 0.317812 0.0349062 0.315292 0.0349062 0.313604 0.0349062 0.31020800000000004 0.032375 0.311063 0.027937499999999997 0.306833 0.027296900000000002 0.28739600000000004 0.0228594 0.278104 0.020968800000000003 0.289937 0.0190625 0.299229 0.020968800000000003 0.308521 0.0190625 0.311896 0.017796899999999997 0.31612500000000004 0.0190625 0.318667 0.0044843796875 0.325417 0.0019531203125 0.34064599999999995 0 0.375292 0 0.434437
77 1 0.290458 0.983141 0.28922899999999996 0.912922 0.323729 0.8510310000000001 0.401333 0.9119999999999999 0.403792 1 0.39393700000000004 1 0.290458
36 0.127438 0.37010400000000004 0.126469 0.367 0.128016 0.36210400000000004 0.1315 0.35412499999999997 0.136141 0.34445800000000004 0.138453 0.338271 0.146187 0.32331299999999996 0.143672 0.324083 0.127047 0.360938 0.124547 0.369458 0.12240599999999999 0.371771 0.11835899999999999 0.375125 0.115453 0.38414600000000004 0.119516 0.386458 0.128594 0.38593700000000003 0.130531 0.377188 0.127438 0.37022900000000003 0.127438 0.37010400000000004