12 0.540844 0.546285 0.536813 0.356355 0.5214369999999999 0.353925 0.520625 0.35273400000000005 0.5214369999999999 0.546285 0.540844 0.546285
12 0.707906 0.540537 0.658203 0.391893 0.644656 0.403154 0.691344 0.549556 0.707906 0.540537
12 0.484734 0.547126 0.507484 0.548668 0.509547 0.360117 0.490937 0.360117 0.484734 0.547126
78 0.733578 0.545421 0.7407809999999999 0.52472 0.742438 0.472547 0.7418910000000001 0.458458 0.731922 0.452664 0.721391 0.436939 0.7108749999999999 0.450187 0.699234 0.441075 0.689266 0.44355100000000003 0.698125 0.52722 0.700891 0.544603 0.709203 0.554533 0.728594 0.555374 0.733578 0.545421
78 0.746922 0.5238079999999999 0.748344 0.5270090000000001 0.7497659999999999 0.516379 0.751188 0.48979 0.7504839999999999 0.453668 0.746219 0.44408899999999996 0.727016 0.43240700000000004 0.736266 0.45259299999999997 0.744078 0.47067800000000004 0.744078 0.494042 0.7398119999999999 0.5270090000000001 0.746922 0.5238079999999999
48 0.45985899999999996 0.584836 0.333625 0.566846 0.228422 0.564603 0.255484 0.530888 0.232938 0.499439 0.228422 0.485958 0.21790600000000002 0.445514 0.198375 0.360117 0.165313 0.382593 0.147281 0.416285 0.142766 0.373598 0.13225 0.353364 0.0045156296875 0.29044400000000004 0.0045156296875 0.544393 0.0045156296875 0.551121 0.10820300000000001 0.551121 0.138266 0.580327 0.156297 0.6207940000000001 0.187844 0.656752 0.503437 0.665724 0.45985899999999996 0.584836
12 0.657172 0.5519390000000001 0.668891 0.548902 0.638312 0.375888 0.628125 0.37743 0.627094 0.378949 0.6541089999999999 0.5504209999999999 0.657172 0.5519390000000001
12 0.655594 0.552967 0.6264529999999999 0.37757 0.624313 0.37651900000000005 0.6157809999999999 0.37757 0.641375 0.552967 0.655594 0.552967
12 0.603703 0.493037 0.609312 0.55 0.6377970000000001 0.546776 0.6157809999999999 0.378341 0.617516 0.377056 0.6157809999999999 0.364159 0.591187 0.368481 0.599391 0.44527999999999995 0.603703 0.493037
12 0.508281 0.548621 0.5210619999999999 0.548621 0.520359 0.359416 0.5104059999999999 0.36049099999999995 0.508281 0.548621
12 0.5397190000000001 0.547617 0.571359 0.549276 0.5663590000000001 0.35670599999999997 0.5380469999999999 0.355047 0.5397190000000001 0.547617
12 0.45487500000000003 0.545164 0.45487500000000003 0.291121 0.441406 0.291121 0.435187 0.543621 0.45487500000000003 0.545164
12 0.46857800000000005 0.54229 0.47446900000000003 0.314393 0.458109 0.31144900000000003 0.458109 0.32514 0.45549999999999996 0.5432710000000001 0.46989099999999995 0.545234 0.46857800000000005 0.54229
12 0.483516 0.549766 0.491594 0.363902 0.513375 0.354252 0.513375 0.33855100000000005 0.49401599999999996 0.330093 0.47625 0.330093 0.468187 0.541332 0.483516 0.549766
12 0.573984 0.5505840000000001 0.6058749999999999 0.546379 0.589453 0.37245300000000003 0.565547 0.37245300000000003 0.5735159999999999 0.543575 0.573984 0.5505840000000001
23 0 0.329907 0.000984375 0.338224 0.00425 0.35878499999999997 0.024875 0.36612100000000003 0.0209531 0.33969600000000005 0.00490625 0.33186899999999997 0 0.329907
12 0.467469 0.6670560000000001 0.465 0.8734580000000001 0.483891 0.874696 0.483891 0.665818 0.467469 0.6670560000000001