50 0.703 0.344953 0.702031 0.342031 0.697141 0.325391 0.69225 0.307797 0.689312 0.294094 0.681484 0.290187 0.672687 0.294094 0.682469 0.312688 0.6805 0.329313 0.66975 0.302906 0.656047 0.290187 0.658016 0.278453 0.658016 0.256922 0.644313 0.262797 0.636484 0.292141 0.636484 0.315609 0.633563 0.329313 0.665828 0.366484 0.665828 0.40071899999999994 0.797891 0.399734 0.795922 0.335172 0.771469 0.334203 0.714734 0.333219 0.703 0.344953
14 0.314609 0.155203 0.334828 0.173187 0.393266 0.166437 0.40225 0.108016 0.40225 0.047343800000000005 0.391016 0.0383594 0.384266 0.024875 0.366297 0.0338594 0.348312 0.024875 0.283141 0.047343800000000005 0.260672 0.0450938 0.25842200000000004 0.0585781 0.271906 0.11925 0.314609 0.155203
47 0.800891 0.8532970000000001 0.801469 0.879109 0.806625 0.9020469999999999 0.8278589999999999 0.9095000000000001 0.8484999999999999 0.9049060000000001 0.8657030000000001 0.897453 0.868 0.8836869999999999 0.867422 0.856734 0.8542339999999999 0.834375 0.835875 0.82175 0.8163750000000001 0.828063 0.806063 0.840109 0.800891 0.8532970000000001
47 0.8654529999999999 0.84825 0.8698589999999999 0.8666090000000001 0.872062 0.884234 0.900703 0.878359 0.895562 0.8666090000000001 0.9146559999999999 0.831359 0.9432969999999999 0.8144690000000001 0.963125 0.816672 0.984422 0.8027340000000001 0.8654529999999999 0.800531 0.856641 0.8019999999999999 0.8500310000000001 0.815203 0.854438 0.825484 0.861781 0.8372339999999999 0.8654529999999999 0.84825
47 0.29243800000000003 0.6736869999999999 0.29243800000000003 0.681125 0.29243800000000003 0.686516 0.291078 0.693281 0.28567200000000004 0.704094 0.27825 0.7095 0.272844 0.718281 0.275547 0.726391 0.27825 0.731797 0.280266 0.741937 0.281625 0.746656 0.284328 0.75275 0.28906200000000004 0.756125 0.29243800000000003 0.762203 0.298516 0.7649060000000001 0.305266 0.764234 0.321484 0.765578 0.332984 0.763547 0.341766 0.754094 0.344469 0.748688 0.355281 0.746656 0.36406299999999997 0.741937 0.368109 0.738547 0.368109 0.731797 0.368109 0.726391 0.368109 0.719641 0.369469 0.707469 0.3715 0.696656 0.3715 0.687875 0.368797 0.677063 0.36609400000000003 0.673016 0.361359 0.673016 0.358656 0.6750309999999999 0.348516 0.6784220000000001 0.341766 0.6784220000000001 0.335688 0.675719 0.331625 0.670984 0.328922 0.664219 0.32487499999999997 0.663547 0.31607799999999997 0.663547 0.311359 0.663547 0.304594 0.664219 0.295141 0.667609 0.294469 0.670984 0.29243800000000003 0.6736869999999999
32 0.253281 0.145781 0.256797 0.14929699999999999 0.327203 0.20109400000000002 0.343797 0.20109400000000002 0.354344 0.199594 0.34932799999999997 0.192047 0.332734 0.1845 0.31462500000000004 0.17846900000000002 0.294016 0.165391 0.266359 0.146281 0.249266 0.134719 0.223609 0.110594 0.22914099999999998 0.122156 0.239703 0.137734 0.235188 0.13220300000000001 0.21254699999999999 0.11410899999999999 0.21707800000000002 0.125672 0.223109 0.13623400000000002 0.241219 0.147797 0.253281 0.145781
14 0.845078 0.158453 0.8647030000000001 0.181547 0.921312 0.195406 0.958281 0.176922 0.988312 0.139969 0.987156 0.104156 0.979078 0.07873440000000001 0.967516 0.0671875 0.9744529999999999 0.0487031 0.962906 0.0209844 0.942109 0.023296900000000002 0.938641 0.0105781 0.906297 0.0209844 0.879719 0.0152031 0.8727969999999999 0.023296900000000002 0.8785780000000001 0.0544844 0.863547 0.031375 0.852 0.026750000000000003 0.8288909999999999 0.0383125 0.8288909999999999 0.0556406 0.845078 0.0798906 0.832359 0.11917199999999999 0.845078 0.158453
47 0.202937 0.723187 0.27082799999999996 0.719203 0.293453 0.697016 0.293906 0.6770470000000001 0.288578 0.649984 0.28235899999999997 0.6371089999999999 0.250859 0.618922 0.22025 0.615812 0.205594 0.6357809999999999 0.20249999999999999 0.647312 0.20115599999999997 0.657078 0.202937 0.686359 0.202937 0.723187
47 0.246188 0.619516 0.24676599999999999 0.629188 0.275172 0.6490940000000001 0.29068700000000003 0.672516 0.303859 0.664609 0.313219 0.6490940000000001 0.310875 0.619516 0.306203 0.6104529999999999 0.29742199999999996 0.603719 0.287172 0.601375 0.273125 0.608109 0.255266 0.616594 0.246188 0.619516
47 0.32667199999999996 0.7965 0.332641 0.7973589999999999 0.343281 0.7973589999999999 0.365844 0.7965 0.397781 0.798203 0.398625 0.79225 0.398625 0.777766 0.397781 0.7586090000000001 0.398203 0.739016 0.388406 0.7381719999999999 0.378625 0.739016 0.367969 0.738594 0.35945299999999997 0.743281 0.348391 0.748391 0.344125 0.750516 0.33434400000000003 0.761594 0.331359 0.76925 0.32625000000000004 0.782875 0.32625000000000004 0.7973589999999999 0.32667199999999996 0.7965
19 0.505906 0.44106199999999995 0.48959400000000003 0.44698399999999994 0.458469 0.44106199999999995 0.445125 0.43512500000000004 0.433266 0.427719 0.427328 0.41585900000000003 0.402125 0.40548400000000007 0.39767199999999997 0.596734 0.594859 0.5982190000000001 0.600797 0.48553100000000005 0.578547 0.464781 0.568172 0.46032799999999996 0.547422 0.45292199999999994 0.525188 0.43512500000000004 0.514797 0.432156 0.511844 0.449953 0.505906 0.44106199999999995
19 0.5124690000000001 0.863281 0.501953 0.8541719999999999 0.47740600000000005 0.859078 0.466188 0.869594 0.464781 0.8913439999999999 0.46407800000000005 0.8976559999999999 0.46757799999999994 0.9081720000000001 0.478109 0.9235939999999999 0.496344 0.920094 0.5257970000000001 0.9004530000000001 0.5124690000000001 0.863281
19 0.401016 0.802375 0.403953 0.9960470000000001 0.595672 0.9940939999999999 0.598609 0.9940939999999999 0.5966560000000001 0.799438 0.401016 0.802375
19 0.215734 0.447187 0.17078100000000002 0.438203 0.146063 0.426969 0.114609 0.438203 0.114609 0.460672 0.105625 0.483141 0.096625 0.516859 0.116859 0.546063 0.132578 0.5730310000000001 0.20224999999999999 0.5955 0.215734 0.447187
19 0.677906 0.291734 0.679188 0.285344 0.682172 0.27725 0.684297 0.271719 0.688125 0.263625 0.690266 0.255531 0.692391 0.245328 0.694094 0.232547 0.694094 0.22275 0.692812 0.22275 0.686 0.232125 0.679188 0.248297 0.677063 0.265328 0.674937 0.27384400000000003 0.669828 0.283219 0.6647190000000001 0.291734 0.662156 0.299391 0.6706719999999999 0.30578099999999997 0.67025 0.296406 0.677906 0.291734
19 0.399125 0.0397188 0.39275000000000004 0.026968799999999998 0.385313 0.018468699999999998 0.360859 0.0344062 0.351297 0.020593800000000002 0.303469 0.0439688 0.269453 0.0662969 0.272641 0.0726719 0.289641 0.084375 0.333234 0.09181249999999999 0.395937 0.09712499999999999 0.399125 0.0397188
19 0.5955 0.60225 0.4 0.6045 0.420219 0.669656 0.471906 0.7033750000000001 0.462922 0.716859 0.444937 0.741578 0.43370300000000006 0.7820159999999999 0.442703 0.79775 0.6045 0.8 0.5955 0.60225
19 1 0.2045 0.806734 0.20673400000000003 0.79775 0.215734 0.8022500000000001 0.32584399999999997 0.806734 0.337078 0.8022500000000001 0.350562 0.79775 0.377531 0.8045 0.3955 1 0.39775 1 0.384266 1 0.2045
19 0.00545313 0.20042200000000002 0.00654688 0.197687 0.198625 0.196609 0.198625 0.00232812 0.007640619999999999 0.00232812 0.00545313 0.20042200000000002
19 0.8220469999999999 0.745141 0.820922 0.728875 0.823719 0.729437 0.827656 0.731672 0.836625 0.694641 0.8405629999999998 0.675016 0.836625 0.668281 0.838313 0.658188 0.8456089999999999 0.644719 0.8517810000000001 0.635172 0.848406 0.668281 0.846719 0.682312 0.846719 0.691281 0.8450469999999999 0.694641 0.8433589999999999 0.700812 0.839641 0.707172 0.832906 0.725688 0.836625 0.747953 0.8343909999999999 0.741781 0.8456089999999999 0.789469 0.938734 0.786656 0.930328 0.777688 0.935937 0.752437 0.937406 0.741547 0.9452809999999999 0.741187 0.954453 0.77825 0.9600630000000001 0.785531 0.998203 0.783859 0.995969 0.677813 0.9937190000000001 0.674453 0.9931560000000001 0.666594 0.989797 0.664359 0.988672 0.659859 0.9858589999999999 0.655938 0.985313 0.652016 0.9864219999999999 0.649203 0.988672 0.649203 0.9965309999999998 0.668281 0.997062 0.603375 0.801281 0.602078 0.801844 0.788344 0.820922 0.785531 0.8220469999999999 0.745141
17 0.511937 0.0533594 0.489844 0.0495469 0.486031 0.057937499999999996 0.481453 0.0663125 0.478406 0.0686094 0.471547 0.07165629999999999 0.456313 0.0823281 0.454781 0.0975625 0.460875 0.10290600000000001 0.5027969999999999 0.111281 0.521844 0.105953 0.537094 0.107469 0.543953 0.10137499999999999 0.545469 0.09070310000000001 0.544719 0.0846094 0.540906 0.07851559999999999 0.527953 0.0739375 0.514984 0.0556562 0.511937 0.0533594
47 0.855687 0.938688 0.866703 0.9375310000000001 0.864969 0.9485469999999999 0.8782970000000001 0.9497030000000001 0.900328 0.945063 0.9229369999999999 0.9375310000000001 0.939734 0.93 0.951328 0.924203 0.964094 0.9172499999999999 0.984375 0.905062 0.9948119999999999 0.895797 0.998297 0.878406 0.9971249999999999 0.843625 0.982062 0.8256560000000001 0.953078 0.814641 0.939156 0.814063 0.9159689999999999 0.8273910000000001 0.903219 0.854063 0.898578 0.879562 0.894531 0.881297 0.877141 0.885938 0.853953 0.9178280000000001 0.852203 0.935797 0.855687 0.938688
47 0.318297 0.795719 0.311234 0.779484 0.30135900000000004 0.766781 0.296766 0.771016 0.292891 0.77525 0.28476599999999996 0.779484 0.274187 0.780547 0.258656 0.77525 0.251953 0.7734840000000001 0.248422 0.775953 0.24490599999999998 0.780891 0.24348399999999998 0.788312 0.23537499999999997 0.7974840000000001 0.318297 0.795719
47 0.242844 0.7784530000000001 0.24668800000000002 0.7765310000000001 0.250516 0.775375 0.257422 0.775375 0.264328 0.776141 0.27467199999999997 0.7784530000000001 0.281969 0.7784530000000001 0.287328 0.771922 0.293844 0.759281 0.287719 0.749688 0.280422 0.738187 0.27620300000000003 0.722844 0.269687 0.717484 0.266625 0.71825 0.256266 0.719781 0.235953 0.7209380000000001 0.21525 0.730906 0.210266 0.74125 0.21140599999999998 0.7554369999999999 0.22482799999999997 0.7742340000000001 0.24476599999999998 0.780359 0.242844 0.7784530000000001
47 0.364359 0.672156 0.36889099999999997 0.677594 0.371156 0.692547 0.370703 0.701141 0.369344 0.716547 0.36979700000000004 0.725141 0.376594 0.724234 0.379766 0.731484 0.384734 0.736469 0.397875 0.739187 0.399156 0.641531 0.389562 0.645531 0.381562 0.6527339999999999 0.36678099999999997 0.663125 0.362781 0.6727190000000001 0.364359 0.672156
19 0.41307799999999995 0.378797 0.459063 0.375406 0.561578 0.378797 0.587469 0.37471899999999997 0.5806560000000001 0.354969 0.568391 0.33793799999999996 0.561922 0.305578 0.5391090000000001 0.288203 0.526844 0.275266 0.49924999999999997 0.261984 0.48732800000000004 0.27082799999999996 0.46689100000000006 0.267094 0.44543699999999997 0.26810900000000004 0.43998400000000004 0.271172 0.430453 0.28445299999999996 0.414109 0.294672 0.414438 0.360078 0.41307799999999995 0.378797
19 0.686672 0.5257970000000001 0.695703 0.533703 0.7025 0.5405 0.716062 0.538234 0.7239690000000001 0.526922 0.7239690000000001 0.511094 0.712672 0.507703 0.7025 0.511094 0.684406 0.5122340000000001 0.686672 0.5257970000000001
19 0.601234 0.5184219999999999 0.610891 0.51475 0.615031 0.510141 0.616406 0.5027809999999999 0.61825 0.49267200000000005 0.6145780000000001 0.485313 0.602609 0.482547 0.601234 0.5184219999999999
19 0.6007659999999999 0.404578 0.6007659999999999 0.598656 0.798797 0.599313 0.794844 0.5108590000000001 0.7974840000000001 0.401938 0.60275 0.40325 0.6007659999999999 0.404578