22 1 0.1713 0.9900530000000001 0.1713 0.98232 0.16548 0.9668270000000001 0.15718000000000001 0.9502130000000001 0.15718000000000001 0.9325070000000001 0.15386000000000002 0.909253 0.1464 0.90704 0.14556 0.904827 0.14308 0.9103730000000001 0.10654000000000001 0.9280799999999999 0.10572 0.93584 0.10488 0.939147 0.08414 0.939147 0.07086 0.93584 0.075 0.920347 0.07584 0.8816 0.07002 0.845067 0.06504 0.838427 0.06006 0.839547 0.05092 0.8373329999999999 0.0476 0.834 0.0476 0.824053 0.05092 0.82184 0.06670000000000001 0.8185070000000001 0.12066 0.819627 0.15552000000000002 0.811867 0.19204 0.7841870000000001 0.24434 0.755413 0.29 0.758747 0.2983 0.76648 0.30162 0.789733 0.26426 0.8185070000000001 0.20948 0.8550399999999999 0.23024 0.86832 0.23024 0.8362130000000001 0.33316 0.84728 0.33898 0.8583470000000001 0.33814 0.8904529999999999 0.23106000000000002 0.90816 0.23106000000000002 0.90152 0.28668 0.913707 0.28834 0.925867 0.2319 0.9789869999999999 0.2294 0.993387 0.22608 1 0.22194 1 0.1713
22 0.746267 0.01468 0.744987 0.03904 0.7423730000000001 0.06922 0.746267 0.10232 0.747573 0.1257 0.741093 0.16269999999999998 0.7099200000000001 0.22891999999999998 0.7151200000000001 0.23378 0.746267 0.1666 0.7644529999999999 0.17536000000000002 0.735893 0.26982 0.747573 0.27274 0.757973 0.2299 0.778747 0.17244 0.809893 0.17536000000000002 0.803413 0.21042 0.806 0.20944 0.809893 0.18703999999999998 0.816373 0.16854 0.821573 0.15003999999999998 0.821573 0.13154 0.825467 0.10232 0.815093 0.09745999999999999 0.785227 0.09745999999999999 0.787813 0.09064 0.787813 0.06046 0.7982130000000001 0.06436 0.802107 0.054619999999999995 0.7982130000000001 0.0332 0.7657600000000001 0.02638 0.7670399999999999 0.0108 0.746267 0.01566 0.746267 0.01468
22 0.6911729999999999 0.15718000000000001 0.6889869999999999 0.16154 0.6838930000000001 0.1692 0.68752 0.17522 0.6991729999999999 0.16263999999999998 0.715947 0.12712 0.725413 0.13040000000000002 0.717387 0.17522 0.7079200000000001 0.208 0.7152 0.21018 0.729787 0.16482 0.73488 0.14298 0.739973 0.12384 0.7385330000000001 0.0091 0.70064 0.0014399999999999999 0.703547 0.01456 0.7028270000000001 0.048979999999999996 0.7050130000000001 0.11564 0.6911729999999999 0.15828 0.6911729999999999 0.15718000000000001
22 0.605253 0.0572 0.608933 0.06308 0.615867 0.06378 0.62048 0.07518000000000001 0.623227 0.09074 0.614933 0.12151999999999999 0.62784 0.10942 0.638 0.08522 0.65504 0.08072 0.67304 0.08418 0.7053069999999999 0.0828 0.707147 0.07068 0.7043999999999999 0.05132 0.697467 0.04372 0.67904 0.041979999999999996 0.65368 0.04752 0.638 0.04994 0.636133 0.01328 0.637067 0.00047999999999999996 0.599253 0.00152 0.6048 0.0157 0.60432 0.04614 0.605253 0.0572
50 1 0.20206 0.959653 0.26036000000000004 0.926747 0.2895 0.81016 0.36124 0.7444 0.47784 0.7444 0.50026 0.747387 0.53614 0.76832 0.5451 0.795227 0.5608 0.831093 0.56976 0.8520270000000001 0.5832200000000001 0.84304 0.61236 0.858 0.646 0.88192 0.65946 0.94768 0.66618 1 0.69532 1 0.20206
26 0.85056 0.5875199999999999 0.835093 0.56432 0.8185330000000001 0.55936 0.7798930000000001 0.54776 0.7246670000000001 0.5502400000000001 0.7048 0.56598 0.69928 0.5726 0.8362130000000001 0.6487999999999999 0.852773 0.60326 0.85056 0.5875199999999999
26 0.08808 0.62686 0.09685330133333334 0.62202 0.112533 0.60646 0.142507 0.5895199999999999 0.16832 0.5777599999999999 0.21581299999999998 0.5597799999999999 0.202907 0.5535399999999999 0.16925300000000001 0.55286 0.151253 0.55044 0.118533 0.55804 0.08856 0.57498 0.0784 0.5922799999999999 0.08808 0.62686
51 0.83848 1 0.977493 0.9768 0.994587 0.84848 0.9796269999999999 0.79234 0.90264 0.67044 0.82136 0.62874 0.7251200000000001 0.59184 0.6074930000000001 0.56296 0.506987 0.54052 0.39792 0.54212 0.24608 0.55334 0.15410700000000002 0.5934400000000001 0.049306701333333335 0.6576000000000001 0.008693330666666667 0.70894 0.0022666693333333334 0.8244199999999999 0.004399999999999999 0.9960399999999999 0.015093301333333335 0.99764 0.16266699999999998 1 0.280293 0.9960399999999999 0.496293 0.9960399999999999 0.699467 1 0.83848 1
27 0.0030133306666666666 0.08220000000000001 0.35135999999999995 0.0777 0.36935999999999997 0.039420000000000004 0.345333 0.0033799999999999998 0.024026701333333334 0.0033799999999999998 0.006 0.05068 0.0030133306666666666 0.08220000000000001
50 0.2496 0.5558200000000001 0.33168 0.54106 0.43677299999999997 0.53612 0.541867 0.54352 0.604267 0.5582999999999999 0.69952 0.58538 0.683093 0.54352 0.7028 0.52134 0.729067 0.48686 0.8078930000000001 0.37110000000000004 0.7848799999999999 0.33416 0.745493 0.25042 0.69952 0.20113999999999999 0.6962130000000001 0.16419999999999998 0.6338130000000001 0.15928 0.6338130000000001 0.13218000000000002 0.6338130000000001 0.08784 0.617413 0.04352 0.57144 0.00656 0.417067 0.00656 0.371093 0.033659999999999995 0.334987 0.1051 0.33826700000000004 0.16174000000000002 0.354667 0.1913 0.361253 0.22332 0.308693 0.22824 0.25616 0.2307 0.229893 0.27258 0.210187 0.31692000000000004 0.17405299999999999 0.344 0.23645300000000002 0.40066 0.25616 0.44745999999999997 0.25616 0.49918 0.23973299999999997 0.55336 0.2496 0.5558200000000001
22 0.649787 0.0071200000000000005 0.650133 0.0010400000000000001 0.637653 0 0.63664 0.00078 0.6349600000000001 0.01292 0.642027 0.046579999999999996 0.651813 0.04834 0.652507 0.03646 0.69568 0.037219999999999996 0.698373 0.0314 0.694667 0.019760000000000003 0.675093 0.01572 0.651813 0.01824 0.650133 0.0030600000000000002 0.649787 0.0071200000000000005
27 0.006933330666666667 0.3013 0.152373 0.32468 0.207787 0.31948000000000004 0.22855999999999999 0.25714 0.23896 0.23896 0.23896 0.17922 0.252827 0.16104 0.325547 0.15324000000000002 0.349787 0.13766 0.329013 0.11948 0.232027 0.11168 0.173173 0.11428 0.0104 0.13506 0.006933330666666667 0.3013
27 0.995573 0.10348 1 0.02542 0.8057869999999999 0.022359999999999998 0.9098670000000001 0.06982 0.934347 0.07594 0.94456 0.0897 0.995573 0.10808 0.995573 0.10348