22 0.5454220000000001 0.34608300000000003 0.550594 0.314958 0.6245 0.314958 0.632281 0.347812 0.6504220000000001 0.131729 0.602453 0.121375 0.550594 0.124833 0.537641 0.340896 0.5454220000000001 0.34608300000000003
22 0.306297 0.0462083 0.308719 0.07520829999999999 0.297844 0.11064600000000001 0.351016 0.117104 0.365516 0.12031299999999999 0.37276600000000004 0.0365417 0.347391 0.0333125 0.303891 0.0397708 0.306297 0.0462083
22 0.832578 0.127396 0.832578 0.136396 0.815734 0.354375 0.8275309999999999 0.354375 0.830906 0.325146 0.901688 0.327396 0.9067339999999999 0.354375 0.9134840000000001 0.361104 0.932016 0.15212499999999998 0.918547 0.12066700000000001 0.844375 0.122917 0.832578 0.127396
22 0.440875 0.336708 0.445953 0.325458 0.467906 0.307437 0.5 0.309688 0.525344 0.305188 0.525344 0.338958 0.535469 0.345729 0.537156 0.311937 0.538844 0.266896 0.543922 0.226354 0.554047 0.11147900000000001 0.548984 0.0484167 0.5337810000000001 0.0326667 0.49325 0.0349167 0.472969 0.0349167 0.461156 0.055187499999999994 0.457766 0.0867083 0.457766 0.13175 0.457766 0.165542 0.457766 0.215083 0.45607800000000004 0.260125 0.44932800000000006 0.298417 0.44425 0.31643699999999997 0.440875 0.336708
22 0.564781 0.0650833 0.557531 0.125104 0.612703 0.122521 0.629641 0.127042 0.648516 0.133479 0.655781 0.0399167 0.650938 0.0392708 0.644641 0.0328125 0.582219 0.0302292 0.570109 0.042499999999999996 0.564781 0.0650833
22 0.711156 0.123875 0.74325 0.128375 0.748313 0.11035400000000001 0.75 0.0563125 0.744938 0.038291700000000005 0.726344 0.0292708 0.679047 0.0292708 0.662156 0.0337917 0.660469 0.0698125 0.6570940000000001 0.119375 0.711156 0.123875
22 0.748563 0.1315 0.757453 0.124083 0.823063 0.12706199999999998 0.8375159999999999 0.138917 0.844187 0.0603333 0.8375159999999999 0.036625 0.764125 0.0321667 0.756344 0.0529375 0.748563 0.128542 0.748563 0.1315
22 0.651813 0.349312 0.726297 0.349312 0.729688 0.125854 0.651813 0.125854 0.643344 0.243229 0.651813 0.349312
22 0.359203 0.347979 0.36689099999999997 0.310354 0.44045300000000004 0.308063 0.435328 0.34685400000000005 0.448156 0.344562 0.45756199999999997 0.131292 0.44129699999999994 0.122167 0.39340600000000003 0.122167 0.37031200000000003 0.12104200000000001 0.35150000000000003 0.335437 0.359203 0.347979
22 0.269719 0.176771 0.264188 0.197437 0.264188 0.224 0.25975000000000004 0.263854 0.25975000000000004 0.280083 0.264188 0.294854 0.269719 0.306646 0.269719 0.312563 0.277469 0.333229 0.279687 0.337646 0.28300000000000003 0.333229 0.281891 0.319937 0.288531 0.327313 0.297391 0.328792 0.314 0.334708 0.33060900000000004 0.336167 0.33835899999999997 0.339125 0.339453 0.3465 0.343891 0.339125 0.348312 0.328792 0.351641 0.32437499999999997 0.353844 0.316979 0.353844 0.30370800000000003 0.351641 0.294854 0.35053100000000004 0.281562 0.35275 0.257958 0.35275 0.225479 0.35275 0.197437 0.35828099999999996 0.191521 0.36048399999999997 0.162021 0.36381199999999997 0.133958 0.348312 0.122167 0.328391 0.117729 0.307359 0.119208 0.286328 0.119208 0.27525 0.126583 0.27082799999999996 0.144292 0.269719 0.164958 0.269719 0.176771
50 0.09818750000000001 0.21387499999999998 0.10157799999999999 0.23193699999999998 0.0863437 0.333521 0.0897344 0.365125 0.10157799999999999 0.45541699999999996 0.110047 0.509583 0.140516 0.5976250000000001 0.143906 0.642771 0.09818750000000001 0.818854 0.0863437 0.8684999999999999 0.0998906 0.891083 0.157453 0.8956040000000001 0.176078 0.897854 0.182844 0.8956040000000001 0.160828 0.8684999999999999 0.179453 0.857229 0.182844 0.834646 0.19978100000000001 0.839167 0.221781 0.857229 0.24548399999999998 0.859479 0.269188 0.852708 0.259031 0.845938 0.233641 0.823354 0.213313 0.805312 0.209938 0.7940210000000001 0.209938 0.766937 0.216703 0.728563 0.225172 0.683417 0.23532799999999998 0.6315000000000001 0.25225 0.577313 0.24209399999999998 0.514104 0.228563 0.468958 0.20146899999999998 0.365125 0.221781 0.26579200000000003 0.228563 0.283854 0.24548399999999998 0.319979 0.269188 0.376417 0.287812 0.457667 0.32675 0.450896 0.319984 0.428333 0.24209399999999998 0.236458 0.233641 0.193562 0.23025 0.148417 0.23025 0.10327099999999999 0.225172 0.0739375 0.19131199999999998 0.055875 0.162531 0.0716667 0.142219 0.10327099999999999 0.126969 0.137125 0.0998906 0.168729 0.09818750000000001 0.204854 0.0897344 0.229687 0.09818750000000001 0.21387499999999998
68 0.20903100000000002 0.5942710000000001 0.197125 0.618063 0.18225 0.624021 0.148031 0.677583 0.148031 0.697417 0.137625 0.737083 0.155469 0.782708 0.192672 0.790646 0.207547 0.77675 0.22539100000000004 0.727167 0.217953 0.600208 0.232844 0.556583 0.226891 0.532771 0.217953 0.538729 0.20903100000000002 0.5942710000000001
22 0.9303440000000001 0.137083 0.9286559999999999 0.098875 0.932016 0.0606667 0.926969 0.0382083 0.876406 0.0382083 0.8477499999999999 0.040458299999999996 0.841016 0.132583 0.9303440000000001 0.137083
63 0.504594 0.604583 0.515266 0.6066870000000001 0.520656 0.6043959999999999 0.526344 0.6024999999999999 0.5323279999999999 0.599292 0.534453 0.592271 0.534734 0.583937 0.531609 0.575021 0.528906 0.568958 0.523359 0.565542 0.515547 0.5645830000000001 0.510141 0.565917 0.505031 0.569896 0.502328 0.574646 0.500188 0.582979 0.500188 0.5886669999999999 0.501047 0.598521 0.502609 0.6019380000000001 0.504594 0.604583
22 0.12085900000000001 0.11645799999999999 0.12326600000000001 0.11379199999999999 0.126844 0.10741700000000001 0.130438 0.0999583 0.134828 0.0978333 0.142406 0.0941042 0.146 0.0898542 0.15079700000000001 0.08825 0.153984 0.08612500000000001 0.159172 0.07868750000000001 0.165953 0.0712292 0.16875 0.0659167 0.17114100000000002 0.06379169999999999 0.173141 0.0627292 0.177922 0.056875 0.181922 0.056875 0.185906 0.0558125 0.193484 0.0515417 0.195484 0.0526042 0.201078 0.0600625 0.206656 0.06325 0.208656 0.056875 0.208656 0.039833299999999995 0.20585900000000001 0.034520800000000004 0.197875 0.027604200000000002 0.14360900000000001 0.026000000000000002 0.138828 0.027604200000000002 0.12925 0.0334583 0.12365600000000002 0.049958300000000004 0.12085900000000001 0.0728333 0.11607799999999999 0.118042 0.12085900000000001 0.11645799999999999