28 0.604844 0.390313 0.592734 0.394354 0.573078 0.406458 0.5685469999999999 0.406458 0.5564530000000001 0.406458 0.545859 0.4125 0.515625 0.40241699999999997 0.49748400000000004 0.38225 0.47479699999999997 0.390313 0.46270300000000003 0.38025000000000003 0.44757800000000003 0.343958 0.444562 0.337896 0.42339099999999996 0.323792 0.405234 0.333875 0.402219 0.335896 0.399187 0.34193799999999996 0.402219 0.356042 0.405234 0.36410400000000004 0.409781 0.36814600000000003 0.44757800000000003 0.42660400000000004 0.46118800000000004 0.44275000000000003 0.46421900000000005 0.452813 0.46118800000000004 0.462896 0.452109 0.48710400000000004 0.438516 0.511292 0.41734400000000005 0.531458 0.394656 0.5375 0.388609 0.527417 0.405234 0.47904199999999997 0.40675 0.462896 0.405234 0.44677100000000003 0.40373400000000004 0.418542 0.397688 0.42460400000000004 0.375 0.414521 0.368953 0.418542 0.370469 0.40443799999999996 0.356859 0.43064600000000003 0.350813 0.44677100000000003 0.349297 0.462896 0.34325 0.477021 0.341734 0.47904199999999997 0.332656 0.48710400000000004 0.32660900000000004 0.5032289999999999 0.322078 0.515312 0.320562 0.5375 0.320562 0.541542 0.309984 0.557667 0.28125 0.6383120000000001 0.273687 0.656458 0.263109 0.664521 0.266125 0.640313 0.266125 0.63025 0.266125 0.6282289999999999 0.266125 0.608063 0.264609 0.6 0.260078 0.585896 0.24798399999999998 0.589917 0.24495300000000003 0.6 0.243453 0.608063 0.243453 0.618146 0.243453 0.624188 0.24193699999999999 0.636292 0.199594 0.739104 0.16935899999999998 0.852021 0.16935899999999998 0.890313 0.170859 0.910479 0.173891 0.914521 0.175406 0.9225829999999999 0.195062 0.9508120000000001 0.229844 0.9850829999999999 0.240422 0.989104 0.24798399999999998 0.993146 0.294859 0.991125 0.302422 0.995167 0.33870300000000003 0.993146 0.36592199999999997 0.999188 0.368953 0.999188 0.381047 0.995167 0.44757800000000003 0.9838749999999999 0.46875 0.951604 0.477828 0.947583 0.606344 0.768146 0.684984 0.683458 0.692547 0.673396 0.7409220000000001 0.629042 0.751516 0.620958 0.792344 0.580646 0.796875 0.5846870000000001 0.834672 0.558458 0.84375 0.554438 0.846781 0.550396 0.8558439999999999 0.534271 0.857359 0.5020209999999999 0.854328 0.485896 0.8588749999999999 0.46572899999999995 0.861891 0.449604 0.8603910000000001 0.427417 0.863406 0.40322899999999995 0.863406 0.385083 0.8603910000000001 0.358875 0.8588749999999999 0.34475 0.810484 0.316542 0.783266 0.3125 0.762094 0.320563 0.7439530000000001 0.326604 0.725812 0.324604 0.71825 0.322583 0.7122029999999999 0.322583 0.700094 0.322583 0.684984 0.330646 0.680438 0.336688 0.680438 0.33870799999999995 0.675906 0.352812 0.672891 0.360896 0.654734 0.379042 0.629031 0.381042 0.598797 0.387104 0.604844 0.390313
7 0.876406 0.494375 0.8561879999999998 0.557312 0.803937 0.582021 0.756734 0.615729 0.674156 0.712354 0.593266 0.808979 0.50225 0.907875 0.453375 0.975271 0.456734 0.982021 0.994375 0.979771 0.994375 0.975271 0.994375 0.766292 0.9809059999999998 0.184271 0.866297 0.251688 0.849437 0.2853959999999999 0.837641 0.32360400000000006 0.837641 0.328083 0.874719 0.420229 0.8679840000000001 0.456188 0.876406 0.494375
7 0.321906 0.33033300000000004 0.257859 0.348312 0.217422 0.388771 0.20224999999999999 0.424729 0.166859 0.501125 0.0050625 0.813479 0 0.982021 0.15 0.988771 0.21909400000000004 0.984271 0.168547 0.932583 0.15 0.880896 0.244375 0.6 0.246062 0.588771 0.273031 0.6 0.293266 0.620229 0.306734 0.5775209999999998 0.318547 0.539333 0.318547 0.505625 0.340453 0.449437 0.374156 0.424729 0.402813 0.444937 0.399438 0.48089600000000005 0.380906 0.523604 0.414609 0.5370830000000001 0.455063 0.469667 0.42134400000000005 0.375271 0.416297 0.328083 0.374156 0.328083 0.321906 0.33033300000000004
12 0.674094 0.216688 0.70275 0.216688 0.70275 0.2085 0.727297 0 0.696609 0.0011250000000000001 0.693531 0.027041700000000002 0.680234 0.186667 0.674094 0.216688
12 0.512 0.19925 0.5212030000000001 0.19379200000000002 0.534516 0.150146 0.5437190000000001 0.004166670833333333 0.5140469999999999 0.0068958291666666675 0.503812 0.19925 0.512 0.19925
12 0.457031 0.196938 0.457531 0.0024375 0.429781 0.0025208291666666666 0.434328 0.196938 0.457031 0.196938
12 0.588203 0.195646 0.588203 0.218125 0.605063 0.222625 0.621906 0.024874999999999998 0.630344 0.011395800000000001 0.6117969999999999 0.0068958291666666675 0.6 0.024874999999999998 0.588203 0.195646
12 0.7189840000000001 0.21439599999999998 0.746078 0.029187499999999998 0.742703 0.012 0.730594 0.008125 0.7199530000000001 0.017437499999999998 0.700109 0.212979 0.7189840000000001 0.21439599999999998
12 0.645266 0.203104 0.666391 0.0711667 0.645266 0.0578125 0.627484 0.207562 0.645266 0.203104
12 0.607594 0.22064599999999998 0.627656 0.217396 0.639828 0.08283330000000001 0.645297 0.058520800000000005 0.651375 0.0009791666666666666 0.634344 0.0009791666666666666 0.620969 0.0293333 0.606391 0.211729 0.607594 0.22064599999999998
12 0.583391 0.18175 0.5912189999999999 0.186979 0.6018589999999999 0.0296042 0.591781 0.0527083 0.583391 0.18175
12 0.481375 0.124333 0.48817199999999994 0.12997899999999998 0.5051249999999999 0.15824999999999997 0.51275 0.0022291708333333333 0.475453 0.004479170833333334 0.477984 0.119813 0.481375 0.124333