27 0.871766 0.755875 0.997062 0.741771 0.9988279999999999 0.532354 0.914125 0.475875 0.515297 0.398229 0.114703 0.475875 0.0123594 0.532354 0.538234 0.6735209999999999 0.871766 0.755875
9 0.588953 0.345479 0.595781 0.358104 0.628922 0.378438 0.657312 0.367917 0.67625 0.331458 0.677297 0.297104 0.677828 0.288687 0.664672 0.255729 0.668875 0.251521 0.66625 0.243813 0.612094 0.250125 0.608938 0.243813 0.602625 0.226292 0.610516 0.219271 0.622078 0.21645799999999998 0.619453 0.206646 0.606313 0.21577100000000002 0.601047 0.22558299999999998 0.598422 0.2305 0.577906 0.297104 0.562125 0.293583 0.557922 0.28518699999999997 0.542672 0.261333 0.551609 0.231896 0.561609 0.224188 0.553188 0.223479 0.550563 0.217167 0.5484530000000001 0.22979200000000002 0.540578 0.257125 0.530578 0.252917 0.512703 0.259229 0.51375 0.350396 0.524797 0.363708 0.533734 0.358104 0.545828 0.33845800000000004 0.5484530000000001 0.337771 0.552672 0.33285400000000004 0.555297 0.330063 0.5589839999999999 0.34056200000000003 0.588422 0.346875 0.588953 0.345479
13 0.333828 0.32725000000000004 0.334781 0.33747900000000003 0.335094 0.344708 0.332859 0.35620799999999997 0.32934399999999997 0.371542 0.329984 0.390688 0.365437 0.389 0.36446900000000004 0.38175000000000003 0.362875 0.36770800000000003 0.362875 0.35918700000000003 0.358406 0.342583 0.358406 0.331938 0.357453 0.325125 0.336687 0.326396 0.333828 0.32725000000000004
41 0.607891 0.54925 0.623734 0.544687 0.635297 0.540125 0.641203 0.53825 0.642609 0.534188 0.640594 0.532042 0.630453 0.5315 0.619328 0.532854 0.609797 0.535 0.604938 0.536083 0.60575 0.543375 0.605953 0.550125 0.608187 0.549854 0.607891 0.54925
41 0.5625 0.541833 0.510266 0.554396 0.507703 0.560104 0.507266 0.567521 0.507266 0.581229 0.508984 0.584083 0.526109 0.584083 0.526969 0.5835 0.532969 0.578375 0.571078 0.566958 0.570219 0.565229 0.5625 0.541833
62 0.606938 0.542188 0.602875 0.527875 0.595328 0.522062 0.586609 0.526312 0.580516 0.535604 0.581672 0.547229 0.583422 0.548771 0.601703 0.577021 0.606938 0.560771 0.606938 0.542188
62 0.543078 0.6176669999999999 0.541625 0.619604 0.573844 0.6045 0.580234 0.589417 0.588359 0.595604 0.592719 0.593667 0.574141 0.569292 0.543078 0.6176669999999999
17 0.492141 0.565917 0.5730310000000001 0.5412079999999999 0.5696559999999999 0.47379200000000005 0.567984 0.45131299999999996 0.500563 0.458062 0.46854699999999994 0.48052100000000003 0.45337500000000003 0.547937 0.492141 0.565917
17 0.848641 0.665063 0.868563 0.671125 0.9163589999999999 0.676438 0.934562 0.674917 0.933422 0.664292 0.926031 0.651396 0.9152189999999999 0.6407710000000001 0.904984 0.6331880000000001 0.889047 0.633938 0.8628750000000001 0.647604 0.8514839999999999 0.662021 0.848641 0.665063
17 0.140578 0.410187 0.134828 0.410187 0.136422 0.4515 0.153672 0.458313 0.173469 0.462562 0.175063 0.407208 0.162938 0.407646 0.140578 0.410187
17 0.189437 0.472771 0.196141 0.472354 0.193906 0.433604 0.192312 0.423813 0.184641 0.4085 0.177297 0.405083 0.178891 0.45533300000000004 0.189437 0.472771
17 0.196094 0.469708 0.204047 0.469708 0.241656 0.466729 0.240687 0.426375 0.204687 0.412354 0.20023399999999997 0.411917 0.197047 0.425521 0.19417199999999998 0.42977099999999996 0.196094 0.469708
17 0.245453 0.413229 0.22942200000000001 0.413229 0.212078 0.41293799999999997 0.210328 0.414104 0.20987499999999998 0.420833 0.218453 0.423771 0.23228100000000002 0.42639600000000005 0.237547 0.427875 0.238422 0.434896 0.239516 0.453333 0.24106299999999997 0.460354 0.249187 0.463875 0.259281 0.463292 0.259281 0.459771 0.25642200000000004 0.4425 0.25775000000000003 0.419083 0.245453 0.413229
17 0.264313 0.409104 0.261047 0.41062499999999996 0.26023399999999997 0.42347900000000005 0.258594 0.42368700000000004 0.256969 0.43524999999999997 0.256969 0.444833 0.259906 0.461396 0.292422 0.460083 0.296187 0.42347900000000005 0.295859 0.422604 0.289328 0.42870800000000003 0.28900000000000003 0.42368700000000004 0.287031 0.402125 0.267094 0.404521 0.264313 0.409104
50 0.966297 0.457375 0.991875 0.435542 0.9996560000000001 0.438521 0.9964999999999999 0.13772900000000002 0.968703 0.253375 0.962031 0.290438 0.9142189999999999 0.33045800000000003 0.8875310000000001 0.37937499999999996 0.877281 0.46693799999999996 0.9397030000000001 0.491479 0.966297 0.457375
17 0.330687 0.390125 0.332937 0.40270799999999995 0.349156 0.404708 0.36990599999999996 0.403708 0.369141 0.389125 0.330687 0.390125
17 0.409281 0.470167 0.404875 0.479958 0.41075 0.509292 0.450359 0.522 0.472375 0.473104 0.409281 0.470167
13 0.330344 0.391083 0.33125 0.391479 0.331562 0.39027100000000003 0.331859 0.376479 0.333688 0.368375 0.333688 0.36268700000000004 0.332172 0.356604 0.332172 0.34970799999999996 0.335812 0.34199999999999997 0.335812 0.336729 0.334609 0.335917 0.333688 0.327813 0.33551600000000004 0.32579199999999997 0.345547 0.324167 0.355281 0.324979 0.358938 0.326187 0.36015600000000003 0.332687 0.358938 0.337542 0.358625 0.34079200000000004 0.361063 0.34768699999999997 0.36318700000000004 0.357417 0.361375 0.366333 0.36257799999999996 0.367958 0.365937 0.37729199999999996 0.3635 0.345646 0.361375 0.322542 0.34920300000000004 0.285437 0.351031 0.28504199999999996 0.351328 0.252188 0.34950000000000003 0.249333 0.341906 0.249333 0.330641 0.24975 0.327 0.252188 0.326391 0.28441700000000003 0.330047 0.284813 0.326078 0.31037499999999996 0.32 0.34525 0.330344 0.391083
55 0.972312 0.628729 0.960297 0.6340830000000001 0.9452809999999999 0.648771 0.944266 0.662125 0.956297 0.679479 0.997344 0.704833 1 0.639417 0.985328 0.628729 0.972312 0.628729
17 0.44795299999999993 0.407104 0.443531 0.410542 0.443156 0.4135 0.44204699999999997 0.41495800000000005 0.442781 0.438104 0.45754700000000004 0.438104 0.461984 0.43564600000000003 0.466031 0.431208 0.482641 0.431208 0.49924999999999997 0.431208 0.501844 0.43662500000000004 0.506641 0.431208 0.5081089999999999 0.421854 0.507375 0.408563 0.504797 0.40660399999999997 0.48818700000000004 0.399708 0.486344 0.398729 0.487812 0.400208 0.455328 0.402167 0.44795299999999993 0.407104
17 0.8043279999999999 0.483458 0.802141 0.47125 0.737187 0.475896 0.736766 0.511937 0.7428589999999999 0.516 0.802141 0.51775 0.8043279999999999 0.483458
17 0.381047 0.49916699999999997 0.381766 0.479063 0.371719 0.460875 0.357359 0.459917 0.335109 0.459917 0.322891 0.47043799999999997 0.324328 0.490542 0.333672 0.501083 0.34587500000000004 0.512563 0.358797 0.5068119999999999 0.381047 0.49916699999999997
17 0.380109 0.504021 0.391984 0.513521 0.409984 0.509896 0.404891 0.484083 0.408297 0.471417 0.438859 0.471875 0.438859 0.46145800000000003 0.41950000000000004 0.44831299999999996 0.413047 0.447417 0.413047 0.443792 0.393016 0.441083 0.389266 0.447417 0.382484 0.45329200000000003 0.376375 0.46508299999999997 0.376703 0.472313 0.381125 0.497229 0.380109 0.504021
55 0.739969 0.703792 0.831406 0.668542 0.8071719999999999 0.633792 0.787344 0.622042 0.775594 0.6235 0.761266 0.626437 0.746219 0.637208 0.727484 0.669042 0.72675 0.680292 0.730797 0.689104 0.739969 0.703792