18 0.7821089999999999 0.521475 0.838828 0.514754 0.853766 0.5237 0.880625 0.521475 0.880625 0.474496 0.870172 0.41857099999999997 0.8657030000000001 0.400656 0.789578 0.39395800000000003 0.765703 0.41857099999999997 0.743313 0.431991 0.743313 0.45658099999999996 0.743313 0.521475 0.7821089999999999 0.521475
18 0.0537188 0.5012179999999999 0.0775312 0.5051990000000001 0.0987187 0.513115 0.101359 0.519087 0.111953 0.523044 0.12253099999999999 0.515105 0.127828 0.513115 0.179437 0.513115 0.186062 0.517096 0.192672 0.513115 0.199297 0.5051990000000001 0.204594 0.5051990000000001 0.207234 0.49726 0.200625 0.47543300000000005 0.172828 0.465527 0.166203 0.453607 0.15165599999999999 0.445691 0.11723399999999999 0.4437 0.0987187 0.453607 0.055046899999999996 0.461546 0.0510625 0.495269 0.0537188 0.5012179999999999
18 0.600703 0.484122 0.604141 0.504169 0.627437 0.502436 0.63125 0.512178 0.634687 0.513888 0.6385 0.50644 0.649953 0.505878 0.650344 0.480703 0.6331559999999999 0.461241 0.6022339999999999 0.46353599999999995 0.597281 0.472693 0.600703 0.484122
47 0.21871900000000002 0.37618300000000005 0.209281 0.45873499999999995 0.22343799999999997 0.6261829999999999 0.291109 0.715808 0.365062 0.732319 0.43901599999999996 0.722881 0.495672 0.666276 0.5334380000000001 0.590796 0.542875 0.472881 0.525563 0.357307 0.465766 0.274754 0.35562499999999997 0.23466 0.283234 0.270047 0.248625 0.324286 0.21871900000000002 0.37618300000000005
18 0.547156 0.49871200000000004 0.548172 0.516253 0.560375 0.517002 0.565969 0.504052 0.589859 0.503279 0.593422 0.502529 0.593938 0.5147309999999999 0.603594 0.51548 0.604094 0.513958 0.6046090000000001 0.504052 0.596984 0.468993 0.562906 0.435457 0.5410470000000001 0.432412 0.542578 0.447658 0.543594 0.502529 0.547156 0.49871200000000004
18 0.705641 0.49400499999999997 0.7025 0.47636999999999996 0.698844 0.468923 0.689172 0.462248 0.655984 0.46461399999999997 0.655188 0.470094 0.6565000000000001 0.483817 0.6531089999999999 0.49948499999999996 0.6546719999999999 0.509274 0.666172 0.509672 0.691797 0.513981 0.697797 0.513981 0.698844 0.506136 0.699891 0.49437899999999996 0.7059059999999999 0.49400499999999997 0.705641 0.49400499999999997
18 0.979531 0.505878 0.9757809999999999 0.49925099999999994 0.971344 0.48166299999999995 0.951422 0.481007 0.949219 0.49990599999999996 0.953203 0.5118499999999999 0.958516 0.513185 0.975328 0.512857 0.979531 0.505878
18 0.713875 0.475457 0.703266 0.488173 0.707516 0.50726 0.718125 0.51363 0.727328 0.50726 0.735109 0.50726 0.738641 0.511522 0.746438 0.511522 0.741484 0.46060900000000005 0.742891 0.45742400000000005 0.723078 0.45953200000000005 0.713875 0.475457
18 0.9175470000000001 0.5020140000000001 0.917156 0.513958 0.9426249999999999 0.512248 0.943 0.500867 0.937688 0.48548 0.9190630000000001 0.48719 0.9175470000000001 0.5020140000000001
18 0.0012656296875 0.480304 0 0.503653 0.0041875 0.51459 0.0168437 0.513138 0.0265781 0.509485 0.0392344 0.518244 0.0504219 0.5072829999999999 0.0499375 0.480304 0.056265600000000006 0.46060900000000005 0.08887500000000001 0.45623 0.0869219 0.45039799999999997 0.0504219 0.453326 0.051390599999999995 0.453326 0.030468699999999998 0.471546 0.0012656296875 0.480304
18 0.905594 0.493794 0.8914529999999999 0.492998 0.8930619999999999 0.504169 0.8927809999999999 0.5137700000000001 0.913594 0.5137700000000001 0.9133279999999999 0.49939100000000003 0.905594 0.493794
18 0.65625 0.483981 0.655375 0.479391 0.655375 0.46625300000000003 0.6790309999999999 0.46363 0.681219 0.46428600000000003 0.677719 0.45442600000000005 0.6391560000000001 0.45442600000000005 0.633906 0.461639 0.65625 0.483981
18 0.881 0.514286 0.881391 0.514286 0.891062 0.511382 0.890672 0.505597 0.885641 0.481827 0.881 0.48009399999999997 0.881 0.514286