20 0.5565800000000001 0.461108 0.5473 0.38831000000000004 0.5473 0.36903 0.57048 0.332632 0.5983200000000001 0.28337999999999997 0.59368 0.281219 0.55812 0.281219 0.52566 0.309058 0.51174 0.309058 0.47928 0.309058 0.44526 0.309058 0.41744 0.319778 0.40506 0.34119099999999997 0.38032 0.39044300000000004 0.36332 0.40756200000000004 0.3525 0.42041599999999996 0.33858 0.422548 0.30766000000000004 0.40113599999999994 0.26438 0.38188400000000006 0.22726 0.384017 0.20562 0.40113599999999994 0.17162 0.413989 0.1345 0.439695 0.08504 0.478227 0.0572 0.531773 0.02938 0.589584 0.0232 0.65169 0.03402 0.7694460000000001 0.061840000000000006 0.801579 0.10668000000000001 0.812271 0.15306 0.818698 0.19944 0.8272579999999999 0.2319 0.863684 0.24581999999999998 0.863684 0.27364 0.870083 0.30148 0.87867 0.31539999999999996 0.872244 0.3494 0.846537 0.3865 0.846537 0.40506 0.846537 0.43134 0.767313 0.41434 0.7309140000000001 0.40352 0.711634 0.43751999999999996 0.718061 0.46382 0.718061 0.50246 0.6709419999999999 0.50246 0.653823 0.49318 0.6324099999999999 0.48854000000000003 0.619557 0.49628 0.600277 0.5148400000000001 0.570305 0.51638 0.563878 0.5473 0.512493 0.5565800000000001 0.461108
7 0.011359999999999999 0.401884 0.0016200000000000001 0.979391 0.44456 0.9839060000000001 0.99458 0.9861500000000001 0.99458 0.570416 0.86964 0.561413 0.87776 0.5344599999999999 0.8664 0.442327 0.79176 0.419861 0.7268600000000001 0.39961199999999997 0.65872 0.428837 0.61168 0.379391 0.55488 0.381634 0.54352 0.480526 0.5159400000000001 0.538947 0.50296 0.574903 0.49160000000000004 0.6175900000000001 0.49160000000000004 0.667036 0.4624 0.711994 0.42507999999999996 0.711994 0.41374 0.716482 0.42022000000000004 0.741191 0.42672000000000004 0.7973680000000001 0.404 0.853546 0.34396 0.864792 0.25798000000000004 0.867036 0.20606 0.83108 0.1006 0.808615 0.03408 0.774903 0.02596 0.6872579999999999 0.0292 0.606371 0.060039999999999996 0.500748 0.1655 0.408615 0.24337999999999999 0.38615 0.18658000000000002 0.377147 0.00974 0.39512500000000006 0.011359999999999999 0.401884
12 0.13792 0.388753 0.37804000000000004 0.41349 0.38364 0.376122 0.41156 0.319723 0.44877999999999996 0.305235 0.48834 0.308449 0.48718 0.184404 0.47322000000000003 0.179557 0.48252 0.10060899999999999 0.46274 0.10060899999999999 0.42319999999999997 0.14088599999999998 0.41969999999999996 0.16667600000000002 0.39994 0.157008 0.38480000000000003 0.0861219002770083 0.36386 0.08772849861495845 0.3406 0.116731 0.31268 0.128006 0.26732 0.19889199999999999 0.20798 0.169889 0.18706 0.09094180055401663 0.11376 0.13446 0.13792 0.388753
12 0.51548 0.004515240997229917 0.50898 0.08783929916897508 0.9773 0.137396 1 0.002243770083102493 0.5333600000000001 0.004515240997229917 0.51548 0.004515240997229917
12 0.76206 0.193712 0.7341799999999999 0.199751 0.71588 0.39889199999999997 0.72896 0.396482 0.74812 0.397701 0.76382 0.21423799999999998 0.76206 0.193712
12 0.66422 0.42695299999999997 0.66914 0.43105299999999996 0.67604 0.424211 0.68686 0.416039 0.70362 0.185485 0.67702 0.186842 0.66422 0.42695299999999997
12 0.87274 0.49310200000000004 0.87664 0.5065930000000001 0.87924 0.53 0.91822 0.24016600000000002 0.91692 0.222161 0.89744 0.220388 0.89744 0.230277 0.86818 0.4841 0.87274 0.49310200000000004
12 0.9199400000000001 0.231607 0.88586 0.53723 0.8988400000000001 0.53723 0.94914 0.251828 0.94914 0.182161 0.9167000000000001 0.164183 0.91508 0.215873 0.9199400000000001 0.231607
12 0.69048 0.412161 0.71492 0.40088599999999996 0.72656 0.188199 0.69864 0.222022 0.69048 0.412161
12 0.7825599999999999 0.409086 0.79462 0.22534600000000002 0.7916 0.212825 0.75142 0.207258 0.76448 0.212825 0.7474 0.399335 0.7825599999999999 0.409086
12 0.37082 0.0018282493074792243 0.37042 0.06983380055401661 0.3851 0.06867039889196676 0.38342000000000004 0.0018282493074792243 0.37082 0.0018282493074792243
12 0.65266 0.352022 0.65058 0.43052599999999996 0.65818 0.42955699999999997 0.67132 0.187368 0.66232 0.220859 0.65266 0.352022
12 0.5187999999999999 0.303435 0.5187999999999999 0.266482 0.52586 0.251247 0.5415599999999999 0.176233 0.5187999999999999 0.174044 0.50232 0.22842099999999999 0.50232 0.30997199999999997 0.5187999999999999 0.303435
12 0.40218 0 0.40244 0.07019390027700831 0.42138 0.07019390027700831 0.42162 0.06645429916897506 0.41964 0 0.40218 0