24 0.872312 0.587979 0.853 0.605146 0.682406 0.620167 0.67275 0.6223119999999999 0.67275 0.686688 0.658266 0.721021 0.640562 0.778979 0.729078 0.776833 0.770922 0.800437 0.880359 0.714583 0.872312 0.587979
24 0.704937 0.924896 0.651828 0.879833 0.648609 0.8776880000000001 0.626078 0.8776880000000001 0.611594 0.935625 0.5955 0.9485 0.537547 0.892708 0.5295 0.897 0.532719 0.982833 0.787016 0.982833 0.807938 0.907729 0.8304690000000001 0.87125 0.795063 0.8455 0.764484 0.907729 0.704937 0.924896
42 0.241094 0.842938 0.27537500000000004 0.815292 0.273781 0.806792 0.18687499999999999 0.7866040000000001 0.14621900000000002 0.8025420000000001 0.143828 0.83125 0.169344 0.8355 0.225156 0.847187 0.241094 0.842938
54 0.7581559999999999 0.7665209999999999 0.765531 0.7701250000000001 0.771312 0.7701250000000001 0.792094 0.745854 0.791359 0.741437 0.785453 0.7406039999999999 0.775859 0.74175 0.757906 0.758646 0.758031 0.766854 0.7581559999999999 0.7665209999999999
54 0.8816409999999999 0.999979 0.9103910000000001 1 0.939156 0.968021 0.929578 0.9498960000000001 0.917594 0.9477709999999999 0.895219 0.965875 0.8816409999999999 0.997833 0.8816409999999999 0.999979
12 0.6465 0.519292 0.650625 0.522188 0.648344 0.489687 0.6487809999999999 0.46125 0.645203 0.460229 0.6465 0.519292
12 0.556906 0.57625 0.559625 0.5798749999999999 0.610375 0.5804790000000001 0.611594 0.5768540000000001 0.611141 0.5655830000000001 0.605703 0.555708 0.56325 0.5587289999999999 0.5564530000000001 0.567396 0.556766 0.5690000000000001 0.556156 0.5730419999999999 0.556906 0.57625
12 0.655906 0.552083 0.655016 0.55325 0.650188 0.556479 0.6477809999999999 0.56 0.645141 0.583125 0.647344 0.6147290000000001 0.655469 0.6165 0.655906 0.612396 0.654359 0.567021 0.660516 0.5558960000000001 0.655906 0.552083
12 0.6671560000000001 0.681979 0.6690470000000001 0.678 0.614969 0.674042 0.613344 0.679083 0.6685 0.683417 0.6671560000000001 0.681979
12 0.46456200000000003 0.6061669999999999 0.46914100000000003 0.6070829999999999 0.46892199999999995 0.565271 0.46456200000000003 0.565875 0.46456200000000003 0.6061669999999999
12 0.55125 0.581146 0.5497340000000001 0.577125 0.546344 0.568063 0.5444530000000001 0.548458 0.502969 0.547458 0.49920299999999995 0.551979 0.49882799999999994 0.584146 0.49317200000000005 0.595208 0.49279700000000004 0.60075 0.49317200000000005 0.6037710000000001 0.544828 0.604771 0.55125 0.581146
12 0.452484 0.5555420000000001 0.451016 0.552021 0.44132800000000005 0.559479 0.441609 0.607667 0.44543699999999997 0.606479 0.447203 0.605708 0.447203 0.564167 0.452484 0.5555420000000001
12 0.5540309999999999 0.5872499999999999 0.553578 0.5933539999999999 0.609891 0.594562 0.611031 0.586333 0.556547 0.5875419999999999 0.5540309999999999 0.5872499999999999
12 0.6875 0.518479 0.684484 0.45764600000000005 0.678453 0.459146 0.6807190000000001 0.517979 0.6875 0.518479
12 0.673031 0.467667 0.674891 0.519854 0.679234 0.519854 0.67675 0.467667 0.673641 0.466 0.673031 0.467667
12 0.6091409999999999 0.46004199999999995 0.6091409999999999 0.45647899999999997 0.604688 0.455292 0.595781 0.46004199999999995 0.597109 0.520604 0.599781 0.521208 0.602906 0.519417 0.603344 0.464792 0.6091409999999999 0.46004199999999995
12 0.650094 0.519583 0.657609 0.5202709999999999 0.658656 0.469438 0.6534690000000001 0.469438 0.650359 0.47391700000000003 0.649578 0.5192289999999999 0.650094 0.519583
8 0.20940599999999998 0.791708 0.284875 0.8041459999999999 0.225516 0.853875 0.138187 0.825625 0.0389688 0.899104 0.0567813 0.9047499999999999 0.107656 0.9251039999999999 0.115281 0.995208 0.122922 0.996333 0.122922 0.920583 0.170406 0.92625 0.196687 0.9025 0.20346899999999998 0.989563 0.217891 0.989563 0.21534399999999998 0.8957080000000001 0.275547 0.839187 0.283188 0.857271 0.288266 0.8595419999999999 0.291656 0.823354 0.356109 0.780396 0.35950000000000004 0.875354 0.36457799999999996 0.877625 0.367969 0.760042 0.37984399999999996 0.751 0.392563 0.730646 0.295906 0.719333 0.19753099999999998 0.783792 0.20940599999999998 0.791708
7 0.8445159999999999 0.427854 0.8454689999999999 0.41458300000000003 0.828406 0.420896 0.8194060000000001 0.40889600000000004 0.811359 0.42027099999999995 0.799984 0.419 0.7990470000000001 0.415854 0.766359 0.412062 0.7644529999999999 0.427854 0.755938 0.433542 0.737453 0.474583 0.736031 0.5055419999999999 0.7431409999999999 0.509333 0.743625 0.527 0.751672 0.526375 0.751672 0.508687 0.826984 0.508687 0.844047 0.508687 0.8445159999999999 0.427854
12 0.518016 0.676583 0.454109 0.672875 0.451328 0.6839999999999999 0.509687 0.687687 0.509687 0.6784370000000001 0.518016 0.676583