62 0.09222 0.07933329866666666 0.10404000000000001 0.039066701333333335 0.08957999999999999 0.014533301333333333 0.05938 0.021546698666666666 0.00422 0.08106670133333334 0.0016 0.193147 0.01342 0.186133 0.05806 0.13712 0.09222 0.07933329866666666
47 0.9551799999999999 0.478773 0.84972 0.8676 0.99942 0.8795470000000001 1 0.497653 0.95696 0.48584 0.9551799999999999 0.478773
3 0.45683999999999997 0.226987 0.43692000000000003 0.184747 0.4161 0.187173 0.36904000000000003 0.176293 0.31382 0.21250699999999997 0.29844 0.259573 0.30024 0.29096 0.30206 0.298213 0.35364 0.327173 0.379 0.353733 0.379 0.364587 0.42788 0.34768 0.43692000000000003 0.323547 0.43874 0.312693 0.4849 0.286133 0.45683999999999997 0.226987
3 0.55112 0.5358930000000001 0.56124 0.5471199999999999 0.57472 0.560613 0.59494 0.5696 0.61686 0.5696 0.6455 0.565093 0.6623600000000001 0.5471199999999999 0.66742 0.538133 0.67416 0.513413 0.6707799999999999 0.49319999999999997 0.6691 0.47072 0.6539400000000001 0.45498700000000003 0.62866 0.44151999999999997 0.5662999999999999 0.452747 0.55112 0.463973 0.5561799999999999 0.49768 0.54944 0.529147 0.55112 0.5358930000000001
3 0.25786000000000003 0.62248 0.30338 0.631467 0.31348000000000004 0.6134930000000001 0.33033999999999997 0.555067 0.3236 0.530347 0.30168 0.519093 0.26630000000000004 0.50336 0.2309 0.49888000000000005 0.20562 0.514613 0.17865999999999999 0.537067 0.16686 0.561787 0.18034 0.611227 0.20056000000000002 0.644933 0.2427 0.629227 0.25786000000000003 0.62248
3 0.30518 0.832453 0.31716 0.8537330000000001 0.33312 0.8776529999999999 0.35506 0.8962669999999999 0.39494 0.906907 0.4149 0.893627 0.42288 0.867013 0.43284 0.7925599999999999 0.42486 0.720747 0.39894 0.625013 0.36501999999999996 0.582453 0.35306 0.569147 0.33112 0.569147 0.32514 0.582453 0.29322000000000004 0.6462669999999999 0.29322000000000004 0.712773 0.29719999999999996 0.768613 0.30518 0.840427 0.30518 0.832453
3 0.056119999999999996 0.47730700000000004 0.03232 0.56064 0.060579999999999995 0.6737070000000001 0.11712 0.6737070000000001 0.15134 0.663787 0.17216 0.62608 0.16176 0.574507 0.18556 0.5209600000000001 0.20044 0.5150129999999999 0.20044 0.4436 0.16622 0.40194699999999994 0.11414 0.41781300000000005 0.07696 0.45352 0.056119999999999996 0.47730700000000004
3 0.19324000000000002 0.285867 0.20714 0.28432 0.21525999999999998 0.28741300000000003 0.23032 0.295147 0.23612 0.28432 0.25118 0.278133 0.28944 0.26888 0.30104000000000003 0.25496 0.30336 0.24104 0.29872000000000004 0.213227 0.28828 0.21167999999999998 0.24772 0.22869299999999998 0.20366 0.233333 0.1631 0.244133 0.16078 0.2596 0.15034 0.2596 0.12484 0.26888 0.10398 0.27352 0.07732 0.29050699999999996 0.062240000000000004 0.321413 0.061079999999999995 0.343067 0.062240000000000004 0.37397300000000006 0.07036 0.403333 0.08774 0.431147 0.09818 0.42034699999999997 0.12832 0.411067 0.16541999999999998 0.39714700000000003 0.17468 0.40797300000000003 0.19208 0.43578700000000004 0.2025 0.43888000000000005 0.20366 0.44816 0.20366 0.479067 0.21294 0.513067 0.23612 0.50224 0.25582 0.50224 0.29756 0.522347 0.31842000000000004 0.53624 0.32538 0.55016 0.3416 0.52544 0.34972000000000003 0.45589300000000005 0.3532 0.428053 0.36710000000000004 0.406427 0.37406 0.381707 0.37057999999999996 0.360053 0.36594 0.3276 0.35204 0.309067 0.33233999999999997 0.304427 0.30104000000000003 0.305973 0.27206 0.319867 0.23612 0.343067 0.21642 0.34770700000000004 0.20946 0.31677299999999997 0.18744 0.292053 0.19324000000000002 0.285867
3 0.70924 0.506533 0.75522 0.511787 0.80248 0.45576 0.7972400000000001 0.35946700000000004 0.76046 0.312187 0.7131799999999999 0.308693 0.6738 0.35946700000000004 0.6541 0.39448 0.66722 0.434747 0.67248 0.48029299999999997 0.70924 0.506533
3 0.5814600000000001 0.755067 0.6505599999999999 0.7505599999999999 0.65562 0.74608 0.67584 0.665173 0.68426 0.60224 0.68426 0.595493 0.6219199999999999 0.6 0.5696599999999999 0.5662929999999999 0.56124 0.555067 0.54438 0.6134930000000001 0.5814600000000001 0.755067
3 0.47744 0.18032 0.4919 0.21042699999999998 0.51628 0.22248 0.53976 0.253787 0.56776 0.27064 0.57588 0.263413 0.61382 0.23933300000000002 0.62918 0.216453 0.62286 0.174293 0.6075 0.122533 0.59486 0.09722669866666667 0.56324 0.07074669866666666 0.5253 0.06232 0.48106 0.07917330133333333 0.4684 0.10808000000000001 0.4657 0.139387 0.47744 0.18032
3 0.56826 0.27240000000000003 0.56826 0.285867 0.62476 0.2852 0.6514800000000001 0.32488 0.66814 0.36991999999999997 0.6862999999999999 0.34234699999999996 0.70698 0.291253 0.70496 0.25693299999999997 0.6968799999999999 0.230053 0.67822 0.217947 0.65452 0.217947 0.64342 0.22061300000000003 0.62324 0.22736 0.6030599999999999 0.238107 0.56826 0.27240000000000003
26 1 0.119467 0.9831599999999999 0.101333 0.91126 0.08061330133333333 0.8316 0.101333 0.78304 0.17648000000000003 0.78498 0.21016 0.78692 0.280107 0.8160599999999999 0.368187 0.8568600000000001 0.45367999999999997 0.90738 0.47181300000000004 0.95402 0.47181300000000004 0.99094 0.456267 1 0.37853299999999995 1 0.119467
3 0.60488 0.43768 0.64304 0.435413 0.6566000000000001 0.42072000000000004 0.6616799999999999 0.37437299999999996 0.66254 0.348373 0.63286 0.28730700000000003 0.5718 0.27826700000000004 0.54806 0.29296 0.5294 0.33026700000000003 0.53534 0.38680000000000003 0.54552 0.41845299999999996 0.56756 0.448987 0.60488 0.43768
3 0.42357999999999996 0.18032 0.46244 0.23471999999999998 0.5013 0.29688 0.52462 0.291707 0.52462 0.2632 0.47216 0.1544 0.443 0.1 0.41774 0.09224 0.36918 0.1 0.32254 0.136267 0.33808 0.193253 0.37306 0.18290700000000001 0.42357999999999996 0.193253 0.42357999999999996 0.18032
3 0.54688 0.89192 0.57812 0.847653 0.5918 0.7851469999999999 0.5918 0.75912 0.58594 0.75912 0.5507799999999999 0.649733 0.50976 0.639333 0.4746 0.65496 0.44139999999999996 0.6966129999999999 0.4375 0.709627 0.43163999999999997 0.746107 0.4375 0.7981870000000001 0.44532 0.83464 0.4668 0.8893329999999999 0.49804000000000004 0.8971469999999999 0.54688 0.89192
51 0.8054199999999999 0.32216 0.77032 0.27536 0.7610800000000001 0.267973 0.7389199999999999 0.24336000000000002 0.7259800000000001 0.21133300000000002 0.7112 0.18424000000000001 0.6761 0.166987 0.6206799999999999 0.127573 0.5856 0.10296 0.5708200000000001 0.066 0.5375599999999999 0.056159999999999995 0.49138 0.07586669866666666 0.47844 0.07832 0.38238 0.0808 0.3048 0.10789299999999999 0.28078 0.144827 0.26045999999999997 0.127573 0.23646 0.127573 0.18472 0.166987 0.09422 0.24581299999999998 0.05172 0.32464 0.02402 0.430533 0.00184 0.5093599999999999 0 0.64728 0.02216 0.7704529999999999 0.08682 0.85912 0.1681 0.9527199999999999 0.23646 0.992107 0.57266 0.99952 0.59114 0.99952 0.66134 0.970453 0.6724199999999999 0.97536 0.69828 0.9408799999999999 0.71674 0.9064 0.7463 0.87192 0.7869400000000001 0.852213 0.7869400000000001 0.827573 0.7777000000000001 0.822667 0.8202 0.734 0.8442200000000001 0.7192 0.8516 0.6921069999999999 0.84236 0.625627 0.8442200000000001 0.507387 0.83498 0.42856 0.8239 0.36946700000000005 0.8054199999999999 0.32216