76 0.119641 0.064955 0.123391 0.177117 0.122281 0.42090099999999997 0.123391 0.427365 0.13123400000000002 0.43867100000000003 0.133469 0.45482 0.125641 0.480653 0.251078 0.47581100000000004 0.255563 0.487095 0.20067200000000002 0.49195900000000004 0.198437 0.498401 0.21635900000000002 0.508086 0.226437 0.509707 0.350766 0.49517999999999995 0.361969 0.487095 0.345172 0.47581100000000004 0.288047 0.487095 0.28132799999999997 0.47581100000000004 0.344047 0.470968 0.40789099999999995 0.456419 0.410813 0.333378 0.414766 0.133851 0.131016 0.0654505 0.119156 0.0625900990990991 0.119641 0.064955
12 0.31601599999999996 0.785586 0.31528100000000003 0.807905 0.367641 0.7898419999999999 0.36615600000000004 0.7898419999999999 0.367641 0.766441 0.31601599999999996 0.785586
12 0.311422 0.8371850000000001 0.305359 0.851599 0.305359 0.856396 0.30565600000000004 0.8599100000000001 0.330219 0.869077 0.373563 0.8415539999999999 0.369922 0.835428 0.371141 0.814459 0.368719 0.812275 0.35689099999999996 0.813581 0.35750000000000004 0.812703 0.312031 0.8371850000000001 0.311422 0.8371850000000001
54 0.243156 0.76277 0.27267199999999997 0.7378600000000001 0.269781 0.730946 0.243875 0.7257659999999999 0.19637500000000002 0.7603380000000001 0.197578 0.768986 0.219156 0.7779729999999999 0.243156 0.76277
54 0.373812 0.611982 0.373688 0.603311 0.363437 0.601104 0.326063 0.594279 0.308344 0.5935360000000001 0.317688 0.599077 0.316266 0.602207 0.308344 0.613468 0.305391 0.6180629999999999 0.305516 0.62268 0.348266 0.6309910000000001 0.361781 0.629144 0.369078 0.617703 0.373812 0.611982
12 0.17757799999999999 0.6326579999999999 0.12754700000000002 0.651239 0.128297 0.668176 0.17871900000000002 0.650135 0.17757799999999999 0.6326579999999999
12 0.313484 0.836261 0.35718700000000003 0.810563 0.354734 0.7944370000000001 0.319422 0.810045 0.313141 0.830721 0.313484 0.836261
12 0.177062 0.63982 0.21714099999999997 0.6590769999999999 0.280313 0.641577 0.280313 0.6258109999999999 0.280313 0.6083109999999999 0.262094 0.601306 0.180703 0.618806 0.177062 0.63982
12 0.129297 0.698694 0.18326599999999998 0.676126 0.18326599999999998 0.6666219999999999 0.180375 0.6636489999999999 0.127641 0.683243 0.129297 0.698694
12 0.13159400000000002 0.6824999999999999 0.169297 0.666959 0.180516 0.6604949999999999 0.17826599999999998 0.6514409999999999 0.12890600000000002 0.670856 0.13159400000000002 0.6824999999999999
78 0.115797 0.533423 0.11635899999999999 0.523468 0.110047 0.511059 0.10832800000000001 0.506914 0.10832800000000001 0.495315 0.120391 0.48702700000000004 0.130734 0.464662 0.135328 0.444797 0.122109 0.410833 0.112922 0.38599100000000003 0.10659400000000001 0.34954999999999997 0.103719 0.339595 0.10142199999999998 0.33380600000000005 0.0985469 0.33214 0.09625 0.322207 0.0916562 0.324685 0.09223440000000001 0.33547299999999997 0.0847656 0.342928 0.0824688 0.371081 0.0744219 0.415811 0.06293750000000001 0.434032 0.060625 0.44644100000000003 0.0652344 0.47295 0.0675313 0.492838 0.07557810000000001 0.504414 0.07901559999999999 0.504414 0.0709687 0.516847 0.06809370000000001 0.531757 0.0709687 0.534234 0.0715469 0.531757 0.0910781 0.536734 0.115797 0.533423
78 0.0027031203125 0.316734 0.00540625 0.550495 0.0264531 0.549527 0.032546900000000004 0.545608 0.0407031 0.5426799999999999 0.0373125 0.5289860000000001 0.0359531 0.514302 0.047484399999999996 0.508446 0.060375 0.46247699999999997 0.059703099999999995 0.45464000000000004 0.0522344 0.421374 0.036625000000000005 0.393018 0.032546900000000004 0.356824 0.0217031 0.328468 0.021015600000000002 0.319662 0.0108438 0.319662 0.0027031203125 0.316734