9 0.349406 0.137629 0.361141 0.146237 0.380703 0.144098 0.388516 0.178505 0.374188 0.23010300000000003 0.382 0.266675 0.37809400000000004 0.270979 0.367656 0.283866 0.346797 0.331186 0.336375 0.430103 0.323328 0.524742 0.316812 0.559149 0.31159400000000004 0.68817 0.316812 0.733325 0.344187 0.73549 0.35853100000000004 0.690335 0.379391 0.6365460000000001 0.388516 0.6 0.393734 0.5870879999999999 0.388516 0.574201 0.40546899999999997 0.569897 0.41068699999999997 0.6408510000000001 0.418516 0.6946129999999999 0.44457800000000003 0.692474 0.456313 0.763454 0.46414099999999997 0.845155 0.49412500000000004 0.9763400000000001 0.509766 0.9956959999999999 0.7613909999999999 0.991392 0.7783439999999999 0.843015 0.769219 0.6946129999999999 0.748359 0.574201 0.70925 0.49033499999999997 0.676656 0.42366 0.638844 0.406443 0.60625 0.39999999999999997 0.601031 0.39999999999999997 0.582781 0.253763 0.581484 0.23871099999999998 0.631016 0.221495 0.637547 0.141933 0.591906 0.10966500000000001 0.547578 0.09677839948453608 0.530625 0.07097939948453608 0.505859 0.05376289948453609 0.479781 0.11183 0.49412500000000004 0.105387 0.491516 0.116134 0.457625 0.105387 0.441969 0.120438 0.426328 0.09461339948453609 0.397641 0.07742270103092784 0.37287499999999996 0.03871129896907216 0.353313 0.023659798969072166 0.32854700000000003 0.0150515 0.316812 0.0150515 0.293344 0.019355701030927833 0.30639099999999997 0.06020620103092783 0.332453 0.06881439948453608 0.333766 0.07097939948453608 0.316812 0.08172679896907216 0.316812 0.09461339948453609 0.315516 0.107526 0.32725 0.11183 0.349406 0.137629
18 0.678109 0.27693300000000004 0.679422 0.294175 0.695094 0.289871 0.701625 0.283402 0.713391 0.287706 0.722531 0.302809 0.732984 0.289871 0.74475 0.279098 0.746047 0.272629 0.748672 0.261856 0.748672 0.25108199999999997 0.738219 0.214433 0.718609 0.21012899999999998 0.661125 0.207964 0.6441410000000001 0.23384000000000002 0.624547 0.246778 0.623234 0.255387 0.621922 0.26616 0.624547 0.279098 0.631078 0.294175 0.641531 0.27693300000000004 0.665047 0.27693300000000004 0.678109 0.27693300000000004
18 0.310609 0.27616 0.339094 0.273918 0.343156 0.29183000000000003 0.358078 0.29183000000000003 0.3635 0.269459 0.373 0.26049 0.375703 0.23811900000000003 0.37028099999999997 0.220232 0.351297 0.213531 0.34587500000000004 0.19786099999999998 0.326891 0.186675 0.275344 0.184433 0.253641 0.184433 0.24551599999999998 0.211289 0.23737499999999997 0.21799 0.231953 0.24036100000000002 0.231953 0.280644 0.231953 0.289588 0.253641 0.282861 0.253641 0.271675 0.272641 0.273918 0.279422 0.29183000000000003 0.282125 0.298531 0.29976600000000003 0.296289 0.310609 0.27616
73 0.170719 0.09438139948453608 0.179484 0.09822160051546391 0.18026599999999998 0.09608249999999999 0.184141 0.09567010051546392 0.184141 0.09182989948453608 0.18 0.09182989948453608 0.18 0.08628870103092784 0.18362499999999998 0.08628870103092784 0.18362499999999998 0.0824485 0.179234 0.0824485 0.179484 0.076933 0.183359 0.07734539948453609 0.183359 0.07224229896907217 0.179484 0.07224229896907217 0.177172 0.06840210051546392 0.177422 0.06884020103092783 0.171484 0.06840210051546392 0.170719 0.09438139948453608
73 0.158984 0.194459 0.158984 0.189897 0.159312 0.18425299999999997 0.158328 0.175928 0.156047 0.17430400000000001 0.148719 0.176186 0.148547 0.175928 0.148719 0.183454 0.149203 0.18639200000000003 0.152625 0.187474 0.155078 0.195799 0.158984 0.194459
18 0.5745 0.23036099999999998 0.575797 0.237629 0.569078 0.24273199999999998 0.576828 0.26108200000000004 0.582531 0.272191 0.585375 0.276443 0.5858909999999999 0.269613 0.593656 0.27304100000000003 0.595719 0.284124 0.6115 0.281134 0.6091719999999999 0.275593 0.616937 0.268351 0.617969 0.25683 0.6159060000000001 0.23420100000000002 0.6112339999999999 0.223119 0.5988279999999999 0.226521 0.589766 0.22822199999999998 0.579156 0.227809 0.5745 0.23036099999999998
18 0.13125 0.243067 0.134328 0.243634 0.14114100000000002 0.242784 0.153391 0.240825 0.16889099999999999 0.24221600000000001 0.16548400000000002 0.217784 0.15543800000000002 0.19644299999999998 0.13125 0.196727 0.129547 0.21639199999999997 0.127 0.22482 0.13125 0.243067
18 0.19325 0.23884000000000002 0.194359 0.242526 0.197172 0.242526 0.19773400000000002 0.23884000000000002 0.198297 0.23884000000000002 0.20475 0.235129 0.20585900000000001 0.210619 0.206141 0.206907 0.20503100000000002 0.204124 0.201375 0.204588 0.199406 0.20597900000000002 0.197453 0.208763 0.196047 0.214768 0.196047 0.21801500000000001 0.194078 0.220335 0.192125 0.22262900000000002 0.191562 0.22680399999999998 0.191844 0.22958800000000001 0.19240600000000002 0.229124 0.192125 0.235593 0.19325 0.23884000000000002
75 1 0.261959 0.996859 0.06731960051546391 0.9927809999999999 0.06510310051546392 0.9236090000000001 0.07628870103092783 0.840891 0.156804 0.801547 0.190361 0.793422 0.235103 0.7907029999999999 0.29551499999999997 0.811047 0.29775799999999997 0.831391 0.351443 0.8598750000000001 0.353686 0.8720779999999999 0.311186 0.895141 0.317887 0.903266 0.351443 0.933109 0.34249999999999997 1 0.329072 1 0.261959
75 0.745453 0.28154599999999996 0.744281 0.273144 0.747406 0.271856 0.7481880000000001 0.24799 0.7395780000000001 0.21378899999999998 0.7192339999999999 0.20927800000000002 0.662891 0.207964 0.640203 0.236366 0.625344 0.243479 0.619859 0.269923 0.626125 0.273789 0.626125 0.286701 0.639031 0.289278 0.640984 0.282835 0.666813 0.28799 0.680891 0.289278 0.681281 0.29445899999999997 0.693406 0.29703599999999997 0.6969369999999999 0.290567 0.715719 0.29317 0.7168910000000001 0.29961299999999996 0.736453 0.29961299999999996 0.7368439999999999 0.29317 0.744281 0.285412 0.745453 0.28154599999999996
75 0.76925 0.23752600000000001 0.748484 0.248299 0.748484 0.272732 0.744938 0.27566999999999997 0.748484 0.291314 0.753234 0.304046 0.767469 0.306985 0.770437 0.299149 0.782891 0.300129 0.78525 0.306985 0.813125 0.310876 0.811937 0.300129 0.7894059999999999 0.294253 0.7971090000000001 0.209149 0.79 0.209149 0.76925 0.23752600000000001
73 0.058703099999999994 0.150696 0.0520625 0.150541 0.05101560000000001 0.153557 0.052453099999999996 0.158943 0.059187500000000004 0.15943300000000002 0.058703099999999994 0.150696