18 0.586719 0.697775 0.585359 0.732365 0.5969059999999999 0.747611 0.603016 0.749649 0.617266 0.749649 0.617266 0.736417 0.626766 0.740492 0.644406 0.759836 0.657984 0.7720370000000001 0.672922 0.7740750000000001 0.687844 0.758806 0.739422 0.759836 0.765219 0.759836 0.766578 0.7740750000000001 0.785578 0.773044 0.789656 0.758806 0.795078 0.730328 0.795078 0.72829 0.795766 0.6937 0.766578 0.66623 0.769297 0.660141 0.766578 0.6560659999999999 0.7597970000000001 0.648946 0.758437 0.6550590000000001 0.7150000000000001 0.604192 0.627437 0.605199 0.609109 0.63267 0.608437 0.633677 0.585359 0.664192 0.586719 0.697775
16 0.42074999999999996 0.6430210000000001 0.44178100000000003 0.658782 0.44629700000000005 0.68356 0.455312 0.679063 0.5605 0.685808 0.562 0.712834 0.575531 0.712834 0.583031 0.6925760000000001 0.583031 0.652037 0.610078 0.631756 0.610078 0.6002339999999999 0.626609 0.6002339999999999 0.623609 0.557424 0.6145940000000001 0.559696 0.6145940000000001 0.58897 0.608578 0.58897 0.6055780000000001 0.505621 0.607078 0.478595 0.6025780000000001 0.47185 0.467328 0.465082 0.402719 0.485363 0.40121900000000005 0.510141 0.40121900000000005 0.507892 0.396703 0.58897 0.42074999999999996 0.6430210000000001
50 0.0630625 0.669485 0.0644687 0.673677 0.0714844 0.6743790000000001 0.0710156 0.67089 0.0696094 0.665972 0.0752344 0.664567 0.0775625 0.6743790000000001 0.0864531 0.668782 0.086 0.6589700000000001 0.084125 0.651241 0.0831875 0.640023 0.0831875 0.628103 0.0879375 0.597963 0.0873125 0.587775 0.08392190000000001 0.571593 0.0706406 0.570211 0.0613906 0.552155 0.0561406 0.554473 0.055203100000000005 0.559087 0.0542813 0.566042 0.0545937 0.5706559999999999 0.057984400000000005 0.571593 0.0570625 0.581311 0.0570625 0.585457 0.0549063 0.588244 0.052125 0.5984309999999999 0.05675 0.601663 0.0586094 0.605831 0.0576719 0.659953 0.0589063 0.665059 0.0657031 0.6645899999999999 0.0630625 0.669485
50 0.02425 0.584028 0.024 0.591475 0.02425 0.5981500000000001 0.024515600000000002 0.6004919999999999 0.030265599999999997 0.60089 0.030531199999999998 0.6036299999999999 0.02975 0.612248 0.0287031 0.616159 0.027125 0.628314 0.027125 0.633021 0.0266094 0.6424120000000001 0.0252969 0.649087 0.027390599999999998 0.6526 0.028437499999999998 0.653396 0.039671899999999996 0.6573070000000001 0.038640600000000004 0.656511 0.0388906 0.656136 0.0415156 0.6435829999999999 0.0417656 0.64007 0.0425469 0.633396 0.045953100000000004 0.620468 0.0464687 0.6145900000000001 0.0483125 0.608712 0.0496094 0.6036299999999999 0.0511875 0.598923 0.053015599999999996 0.595785 0.0537969 0.592272 0.0548438 0.5895320000000001 0.055625 0.5828570000000001 0.0566719 0.578548 0.0564063 0.5742389999999999 0.0553594 0.571101 0.0545781 0.567588 0.0543125 0.564848 0.0501406 0.5515220000000001 0.0477812 0.545644 0.047515600000000005 0.5433020000000001 0.047515600000000005 0.540562 0.047265600000000005 0.538595 0.0454375 0.536253 0.0417656 0.535059 0.040718700000000004 0.535059 0.0391562 0.536253 0.038375 0.538595 0.038375 0.541733 0.036015599999999995 0.54918 0.034718700000000005 0.549555 0.02975 0.555059 0.0279219 0.5589700000000001 0.0252969 0.579344 0.02425 0.584028
18 0.8185309999999999 0.650445 0.816094 0.690562 0.8209690000000001 0.6949409999999999 0.8224220000000001 0.709532 0.836047 0.71171 0.8399530000000001 0.6971189999999999 0.869641 0.702225 0.868656 0.708806 0.872062 0.720468 0.8881249999999999 0.717564 0.887641 0.7102580000000001 0.890563 0.707354 0.904187 0.700773 0.908078 0.693489 0.910516 0.681077 0.9090619999999999 0.663583 0.912469 0.651171 0.923656 0.643888 0.9392340000000001 0.634403 0.9372809999999999 0.632927 0.943125 0.620539 0.9411720000000001 0.617611 0.926094 0.61178 0.888609 0.608876 0.8608750000000001 0.61178 0.849187 0.6234660000000001 0.8302189999999999 0.64096 0.8185309999999999 0.650445
75 0.21525 0.46878200000000003 0.2185 0.46878200000000003 0.216562 0.478525 0.21201599999999998 0.478525 0.208766 0.5603279999999999 0.213953 0.562272 0.21590600000000001 0.569087 0.21979700000000002 0.5700700000000001 0.21979700000000002 0.655761 0.21979700000000002 0.663536 0.22174999999999997 0.671335 0.221109 0.704684 0.225 0.709555 0.230203 0.705667 0.23149999999999998 0.705667 0.23215599999999997 0.6949649999999999 0.23670300000000002 0.668665 0.25423399999999996 0.668665 0.25878100000000004 0.666721 0.260078 0.63459 0.267984 0.618407 0.279594 0.590117 0.282859 0.585785 0.282859 0.580867 0.323156 0.577073 0.329688 0.577611 0.328594 0.484052 0.328594 0.461194 0.32604700000000003 0.457939 0.216562 0.462951 0.214609 0.464895 0.21525 0.46878200000000003
18 0.612953 0.590422 0.6108279999999999 0.579766 0.606563 0.585082 0.607281 0.6340979999999999 0.624328 0.606393 0.673375 0.603208 0.676219 0.597869 0.668406 0.581897 0.625047 0.577635 0.624328 0.589344 0.612953 0.590422
18 0.904469 0.7032079999999999 0.9055 0.734262 0.9303589999999999 0.7435830000000001 0.939688 0.731148 0.981109 0.731148 0.982156 0.746674 0.987328 0.746674 0.9997659999999999 0.746674 0.9997659999999999 0.599204 0.98525 0.592998 0.9604060000000001 0.597658 0.9417500000000001 0.616276 0.935547 0.6426700000000001 0.9117190000000001 0.658197 0.904469 0.7032079999999999
73 0.173625 0.44208400000000003 0.196125 0.443958 0.196125 0.372787 0.173203 0.374028 0.173625 0.44208400000000003
50 0.554094 0.594403 0.558328 0.596511 0.560438 0.5838409999999999 0.575234 0.585246 0.585562 0.585246 0.582266 0.57082 0.578516 0.561335 0.5757030000000001 0.5490160000000001 0.573109 0.541265 0.569594 0.538454 0.564656 0.540211 0.561141 0.547237 0.5595 0.559555 0.5550309999999999 0.564145 0.555266 0.570117 0.553156 0.588431 0.554094 0.594403
50 0.10275000000000001 0.574824 0.102281 0.579719 0.102594 0.582272 0.10351600000000001 0.582974 0.10554699999999999 0.582974 0.10678099999999999 0.5799529999999999 0.10693699999999999 0.570867 0.10864100000000002 0.565504 0.10787500000000001 0.55829 0.107563 0.5557380000000001 0.10693699999999999 0.553162 0.10584400000000001 0.55178 0.10398400000000001 0.5522480000000001 0.10367200000000001 0.5557380000000001 0.10367200000000001 0.557588 0.101969 0.561077 0.102438 0.571101 0.10275000000000001 0.574824
18 0.26273399999999997 0.748407 0.261344 0.757775 0.280781 0.756745 0.283562 0.7328100000000001 0.291188 0.728642 0.29396900000000004 0.745293 0.296047 0.7608900000000001 0.298141 0.773396 0.312703 0.7775409999999999 0.32589100000000004 0.767143 0.32451599999999997 0.753607 0.365469 0.747377 0.4085 0.744262 0.409891 0.767143 0.432797 0.768173 0.451531 0.7629739999999999 0.455703 0.7276109999999999 0.451531 0.71096 0.44735899999999995 0.6849649999999999 0.442516 0.6641450000000001 0.430703 0.653747 0.422375 0.636066 0.397391 0.600679 0.39184399999999997 0.581967 0.373797 0.5674 0.364078 0.568431 0.34879699999999997 0.57363 0.309938 0.5746840000000001 0.285641 0.5746840000000001 0.277312 0.588197 0.269672 0.613162 0.259953 0.635012 0.258562 0.6568620000000001 0.255797 0.6828810000000001 0.259953 0.6953630000000001 0.260656 0.734895 0.263422 0.747377 0.26273399999999997 0.748407
75 0.707812 0.575433 0.693906 0.575433 0.68 0.584286 0.672844 0.595644 0.673266 0.601335 0.674109 0.601967 0.699812 0.603864 0.701078 0.595012 0.708234 0.586792 0.736891 0.584918 0.741531 0.586792 0.742797 0.578595 0.743219 0.575433 0.738156 0.575433 0.723828 0.575433 0.707812 0.575433
75 0.809797 0.623443 0.8047340000000001 0.620913 0.795047 0.620913 0.792938 0.627845 0.770609 0.624075 0.7590630745207652 0.6237956880419951 0.744484 0.623443 0.736891 0.624075 0.747844 0.638595 0.756281 0.6524820000000001 0.760922 0.6486890000000001 0.765125 0.6468149999999999 0.769344 0.6486890000000001 0.770188 0.654379 0.768078 0.661967 0.763016 0.663864 0.773984 0.673326 0.7834593437691375 0.6752871379320852 0.7842020385069894 0.6768546902692233 0.786203 0.675855 0.7868237191777945 0.677570357447835 0.813172 0.676487 0.815281 0.6644959999999999 0.817797 0.6486890000000001 0.814859 0.62911 0.809797 0.623443