13 0.732453 0.45852 0.741047 0.465314 0.7487969999999999 0.463453 0.747516 0.43690599999999996 0.747078 0.408498 0.750094 0.403543 0.769891 0.40230899999999997 0.770312 0.39551600000000003 0.766016 0.380067 0.761281 0.372668 0.761719 0.365247 0.763859 0.357848 0.751391 0.357848 0.741922 0.360942 0.741922 0.373296 0.737187 0.378229 0.730719 0.38935000000000003 0.728141 0.40477599999999997 0.732016 0.45665900000000004 0.732453 0.45852
13 0.830719 0.395448 0.8350310000000001 0.47342999999999996 0.8686719999999999 0.47342999999999996 0.8803280000000001 0.47033600000000003 0.878172 0.397915 0.873422 0.38926 0.867375 0.380605 0.862203 0.363879 0.8535780000000001 0.363879 0.8423590000000001 0.368229 0.8380470000000001 0.38679399999999997 0.830719 0.395448
50 0.514062 0.982332 0.5125 0.9576680000000001 0.4625 0.809686 0.4375 0.7917489999999999 0.42656299999999997 0.78278 0.4 0.764843 0.375 0.731211 0.37031200000000003 0.6953360000000001 0.365625 0.639283 0.35468700000000003 0.592197 0.342187 0.556323 0.326562 0.540628 0.3 0.522691 0.282813 0.506996 0.25468799999999997 0.527175 0.228125 0.551839 0.21875 0.560807 0.201563 0.6056499999999999 0.201563 0.632556 0.20625 0.6639459999999999 0.20625 0.672915 0.21875 0.702063 0.22968700000000003 0.731211 0.235937 0.7491479999999999 0.251563 0.7715700000000001 0.253125 0.787265 0.2125 0.809686 0.182812 0.836592 0.1625 0.856771 0.16406199999999999 0.989058 0.514062 0.982332
50 0.12016783707138848 0.49025418625269507 0.13125 0.567422 0.161906 0.902803 0.169437 0.891166 0.198359 0.817287 0.184469 0.676996 0.167125 0.601457 0.166547 0.564103 0.149766 0.506839 0.139359 0.496861 0.12026600000000001 0.490224 0.11968700000000002 0.486906 0.12016783707138848 0.49025418625269507
50 0.11042199999999999 0.798206 0.11853099999999998 0.839709 0.132984 0.832242 0.132984 0.7873990000000001 0.11217199999999998 0.492713 0.106375 0.495202 0.10174999999999998 0.49769099999999994 0.11042199999999999 0.798206
14 0.288781 0.377489 0.293141 0.384148 0.2945 0.39 0.317937 0.392354 0.323922 0.375538 0.327734 0.373969 0.326922 0.370852 0.326656 0.36966400000000005 0.284969 0.370852 0.284422 0.372422 0.285781 0.376704 0.288781 0.377489
14 0.458125 0.380157 0.461172 0.381031 0.465594 0.38365499999999997 0.46940600000000005 0.38760100000000003 0.49014100000000005 0.387152 0.49014100000000005 0.38607600000000003 0.486641 0.376659 0.45781299999999997 0.37730899999999995 0.458125 0.380157
14 0.33056199999999997 0.347108 0.337391 0.34722 0.34106200000000003 0.347556 0.349219 0.347556 0.351578 0.346323 0.354234 0.345874 0.357844 0.34509 0.362234 0.34464100000000003 0.365375 0.34352000000000005 0.365531 0.340695 0.361531 0.340022 0.355422 0.34080699999999997 0.351187 0.34136799999999995 0.34625 0.343296 0.328844 0.34385699999999997 0.33056199999999997 0.347108
14 0.289703 0.341839 0.295078 0.347242 0.309063 0.34955200000000003 0.320547 0.346996 0.32860900000000004 0.340291 0.327719 0.338229 0.31893699999999997 0.334888 0.307094 0.334372 0.290422 0.33925999999999995 0.289703 0.341839
14 0.302719 0.369552 0.32654700000000003 0.369058 0.326891 0.343408 0.320594 0.34845299999999996 0.302375 0.350964 0.290109 0.343408 0.285547 0.342399 0.283094 0.350964 0.283453 0.360516 0.286953 0.368049 0.302719 0.369552
48 0.831766 0.994888 0.851953 0.976278 0.719375 0.9101119999999999 0.614172 0.837735 0.624266 0.757085 0.496016 0.701256 0.481609 0.779843 0.49024999999999996 0.990762 0.673266 0.999036 0.831766 0.994888
48 0.617016 0.831076 0.845641 0.972668 0.858172 0.950179 0.9834530000000001 0.729955 0.775172 0.6782739999999999 0.620141 0.761413 0.617016 0.831076
26 0.269156 0.35926 0.268281 0.370762 0.269156 0.385673 0.275391 0.384821 0.278953 0.384821 0.282813 0.384821 0.283109 0.378857 0.283703 0.371188 0.284891 0.364798 0.283109 0.360538 0.275984 0.360112 0.269156 0.360112 0.269156 0.35926
62 0.733969 0.637242 0.7399060000000001 0.6368159999999999 0.707797 0.592848 0.703031 0.588161 0.6965 0.589013 0.6944060000000001 0.5932740000000001 0.693516 0.601816 0.728313 0.635112 0.733969 0.637242
26 0.871156 0.37851999999999997 0.872922 0.38421500000000003 0.877313 0.394933 0.8782030000000001 0.402511 0.8782030000000001 0.430314 0.8782030000000001 0.44356500000000004 0.8782030000000001 0.450516 0.8782030000000001 0.465045 0.8847970000000001 0.466951 0.898 0.463161 0.900641 0.459372 0.902406 0.355157 0.901969 0.351368 0.898 0.351368 0.8887660000000001 0.35199600000000003 0.870281 0.35325100000000004 0.870281 0.36461899999999997 0.871156 0.37851999999999997
62 0.767766 0.562242 0.765688 0.558498 0.715781 0.6010090000000001 0.719938 0.606233 0.767766 0.562242
62 0.680953 0.638318 0.706953 0.620404 0.704859 0.61222 0.685109 0.631592 0.680953 0.638318