50 0.903641 0.03243559953161593 0.8524369999999999 0.009859480093676815 0.80725 0.02791570023419204 0.772609 0.06629980093676816 0.781656 0.09112410070257611 0.781656 0.147564 0.772609 0.185925 0.789172 0.237845 0.810266 0.264941 0.822313 0.264941 0.837375 0.294286 0.8358589999999999 0.321358 0.8027340000000001 0.38007 0.781656 0.42519900000000005 0.772609 0.47259999999999996 0.739484 0.515504 0.721406 0.569672 0.719906 0.632881 0.7229059999999999 0.653208 0.7289380000000001 0.7006089999999999 0.727437 0.768314 0.706344 0.797658 0.704844 0.824754 0.646109 0.978244 0.8449059999999999 0.9827629999999999 0.8705 0.8631380000000001 0.911172 0.73897 0.93075 0.6622250000000001 0.956359 0.587728 0.972922 0.39135800000000004 0.975938 0.32815 0.945813 0.27623 0.9202030000000001 0.21978899999999998 0.9156869999999999 0.185925 0.9156869999999999 0.179157 0.912672 0.06629980093676816 0.903641 0.03243559953161593
50 0.399938 0.1526 0.404953 0.157283 0.41246900000000003 0.16948500000000002 0.421234 0.17042200000000002 0.429375 0.164778 0.433125 0.1526 0.442516 0.1526 0.45503099999999996 0.16009400000000001 0.47318699999999997 0.166651 0.476938 0.16103 0.47318699999999997 0.129133 0.452531 0.08316159953161592 0.45378100000000005 0.07751759953161592 0.45817199999999997 0.05220140046838408 0.4375 0.027798599531615925 0.423109 0.03060889929742389 0.410594 0.06814989929742389 0.40557800000000005 0.06814989929742389 0.381797 0.07470729976580796 0.345484 0.10192000000000001 0.343609 0.112248 0.358625 0.11131100000000001 0.389297 0.103794 0.399313 0.13852499999999998 0.399938 0.1526
3 0.00453125 0.621358 0 0.6297889999999999 0.0015625 0.6559720000000001 0.0273281 0.661311 0.0844531 0.6719440000000001 0.079125 0.657752 0.0545625 0.6404449999999999 0.0246562 0.6226929999999999 0.00453125 0.621358
3 0.06779690000000001 0.6559720000000001 0.0815937 0.671967 0.0972812 0.6738409999999999 0.10920300000000001 0.66445 0.109828 0.644684 0.114219 0.623068 0.123641 0.6099060000000001 0.12551600000000002 0.608009 0.149984 0.599555 0.151875 0.599555 0.174453 0.595785 0.173203 0.572272 0.167563 0.5497190000000001 0.165047 0.572272 0.1525 0.573232 0.14685900000000002 0.577916 0.133047 0.584496 0.0985469 0.5760419999999999 0.054625 0.560984 0.034546900000000005 0.560984 0.0163438 0.575105 0.0207344 0.592037 0.00003125 0.592037 0 0.626815 0.029515599999999996 0.6277750000000001 0.06779690000000001 0.6559720000000001
3 0.37487499999999996 0.398525 0.361672 0.410234 0.351453 0.425527 0.351453 0.431827 0.367672 0.457026 0.375469 0.473232 0.378484 0.49482400000000004 0.383281 0.512834 0.386281 0.52363 0.394094 0.533536 0.406703 0.538946 0.419922 0.53534 0.426516 0.52363 0.434328 0.5173300000000001 0.43973399999999996 0.520937 0.446344 0.52363 0.45595299999999994 0.52274 0.46075 0.5155270000000001 0.458953 0.507424 0.45293700000000003 0.500234 0.442141 0.493934 0.42832800000000004 0.478642 0.420516 0.449836 0.40729699999999996 0.410234 0.401906 0.38323199999999996 0.391094 0.374215 0.37907799999999997 0.387728 0.37487499999999996 0.398525
3 0.217922 0.7059719999999999 0.217375 0.701007 0.21682800000000002 0.6943790000000001 0.215172 0.6885709999999999 0.214609 0.679461 0.217922 0.678642 0.222906 0.677822 0.22732800000000003 0.672014 0.228984 0.656276 0.22125 0.6297659999999999 0.204109 0.607424 0.181453 0.594169 0.156031 0.601616 0.130625 0.601616 0.11956199999999999 0.6140519999999999 0.112375 0.630609 0.10851599999999999 0.652131 0.11071899999999998 0.664567 0.10851599999999999 0.665386 0.10354699999999999 0.6761590000000001 0.217922 0.7059719999999999
3 0.49715600000000004 0.527447 0.495781 0.523349 0.492266 0.523653 0.483094 0.535363 0.475078 0.554098 0.46179699999999996 0.590094 0.46179699999999996 0.599766 0.471766 0.624356 0.491297 0.6404449999999999 0.503984 0.639859 0.495781 0.631663 0.483281 0.6091329999999999 0.484063 0.571358 0.48992199999999997 0.548244 0.49715600000000004 0.527447
3 0.46407800000000005 0.417494 0.505016 0.404754 0.524328 0.38737699999999997 0.533594 0.36192 0.534359 0.35149899999999995 0.529734 0.34918 0.524328 0.352646 0.523547 0.36423900000000003 0.523547 0.370023 0.490344 0.38276299999999996 0.46020300000000003 0.38737699999999997 0.42545299999999997 0.38737699999999997 0.410766 0.393185 0.43935899999999994 0.415176 0.46407800000000005 0.417494
3 0.324578 0.475761 0.331766 0.48569100000000004 0.332875 0.496464 0.33564099999999997 0.5030910000000001 0.341719 0.522131 0.354969 0.53623 0.366031 0.537049 0.368797 0.524614 0.379281 0.508056 0.38204699999999997 0.493981 0.37487499999999996 0.46995299999999995 0.359391 0.441803 0.346141 0.426066 0.324031 0.417775 0.316297 0.416112 0.30910899999999997 0.462506 0.319609 0.474918 0.324578 0.475761
3 0.42896900000000004 0.537869 0.424547 0.537869 0.404656 0.541991 0.390297 0.551944 0.394719 0.6024590000000001 0.40245300000000006 0.621522 0.418469 0.6960660000000001 0.411844 0.642225 0.419578 0.670375 0.428422 0.640562 0.4345 0.638899 0.454938 0.6471899999999999 0.454938 0.70185 0.461578 0.71096 0.46820300000000004 0.705176 0.464891 0.670375 0.487 0.6728569999999999 0.494172 0.662927 0.508 0.663747 0.511313 0.6612650000000001 0.510203 0.65548 0.51075 0.651335 0.5090939999999999 0.649672 0.47926599999999997 0.633934 0.469859 0.6140519999999999 0.454938 0.5859019999999999 0.440031 0.545316 0.42896900000000004 0.537869
3 0.235766 0.479063 0.190391 0.49913300000000005 0.184203 0.509953 0.172859 0.542412 0.170797 0.591874 0.204828 0.598056 0.22235900000000003 0.649063 0.254328 0.6707029999999999 0.282172 0.666066 0.27701600000000004 0.6537000000000001 0.253297 0.564052 0.250203 0.49913300000000005 0.235766 0.479063
3 0.35217200000000004 0.70185 0.359891 0.699368 0.381937 0.696885 0.415578 0.70103 0.412812 0.671265 0.399578 0.6167210000000001 0.394062 0.5795319999999999 0.389656 0.57541 0.388563 0.565504 0.383594 0.560539 0.37312500000000004 0.562178 0.362094 0.563021 0.354922 0.563021 0.343891 0.565504 0.333969 0.57541 0.32404700000000003 0.598548 0.320187 0.6448240000000001 0.33121900000000004 0.6778919999999999 0.348312 0.7034889999999999 0.35217200000000004 0.70185
3 0.44107799999999997 0.48651099999999997 0.45268800000000003 0.490656 0.457109 0.48569100000000004 0.464297 0.467471 0.46760900000000005 0.44095999999999996 0.460422 0.43018700000000004 0.432797 0.40203700000000003 0.407922 0.39374699999999996 0.402953 0.398712 0.404063 0.41114799999999996 0.41456299999999996 0.439297 0.425063 0.451733 0.43721899999999997 0.481546 0.44107799999999997 0.48651099999999997
22 0.0644219 0.12559700000000001 0.052546899999999994 0.448806 0.0664062 0.445831 0.0733281 0.343536 0.121797 0.35836100000000004 0.115859 0.46808 0.12575 0.46510500000000005 0.12970299999999998 0.429532 0.137625 0.35391100000000003 0.14256200000000002 0.35541 0.141578 0.331686 0.13267199999999998 0.32573799999999997 0.131688 0.175995 0.13267199999999998 0.137447 0.12575 0.130047 0.118828 0.141897 0.0762969 0.134496 0.06837499999999999 0.12262300000000001 0.0644219 0.12559700000000001
22 0 0.0786417 0 0.395504 0.003 0.3932550000000001 0.0165 0.456183 0.0314844 0.442693 0.0524687 0.316862 0.0509687 0.208993 0.0539687 0.137073 0.0539687 0.114614 0.0374844 0.0988759 0.0299844 0.116862 0.009 0.10562100000000002 0.0075 0.0831382 0 0.0786417
22 0.35232800000000003 0.253934 0.382328 0.244941 0.39731299999999997 0.258431 0.424297 0.267424 0.42129700000000003 0.23594800000000002 0.416812 0.16854799999999998 0.394313 0.16854799999999998 0.353828 0.143817 0.346344 0.197752 0.335844 0.25168599999999997 0.35232800000000003 0.253934
22 0.541375 0.189415 0.542484 0.19007000000000002 0.54425 0.181171 0.5526869999999999 0.185902 0.543531 0.259274 0.550578 0.268337 0.550234 0.286932 0.545203 0.287447 0.544531 0.315105 0.553594 0.319625 0.5643279999999999 0.320632 0.5675939999999999 0.300164 0.573141 0.302529 0.573141 0.26215499999999997 0.585016 0.26274000000000003 0.585187 0.247026 0.5948439999999999 0.250843 0.604516 0.182248 0.6075630000000001 0.176909 0.6075630000000001 0.175386 0.602484 0.173091 0.5999380000000001 0.173091 0.5999380000000001 0.178431 0.600953 0.180726 0.5999380000000001 0.180726 0.552641 0.16243600000000002 0.5536559999999999 0.160141 0.5557030000000001 0.156323 0.5536559999999999 0.150984 0.548063 0.147939 0.541969 0.18681499999999998 0.541375 0.189415
22 0.287859 0.249438 0.308859 0.25168599999999997 0.337344 0.25168599999999997 0.347844 0.23370000000000002 0.35232800000000003 0.161803 0.34484400000000004 0.148314 0.313359 0.134824 0.286359 0.11461400000000001 0.280375 0.21573799999999999 0.287859 0.249438
22 0.661937 0.278009 0.662281 0.276511 0.665625 0.195059 0.660266 0.19203699999999999 0.654563 0.20007 0.646844 0.191522 0.6414690000000001 0.196557 0.636109 0.18751800000000002 0.624031 0.18096 0.614641 0.186511 0.613297 0.18498799999999999 0.6049059999999999 0.17341900000000002 0.604578 0.178454 0.596187 0.250867 0.661937 0.278009
22 0.703266 0.172319 0.706594 0.17646399999999998 0.715453 0.17897000000000002 0.776922 0.190585 0.776922 0.165691 0.704922 0.150749 0.703266 0.172319
22 0.46675000000000005 0.15754100000000001 0.48526600000000003 0.169157 0.501625 0.175621 0.5184219999999999 0.178829 0.524016 0.120117 0.520563 0.116885 0.511531 0.122693 0.5067969999999999 0.117541 0.47837500000000005 0.105269 0.479656 0.100749 0.469766 0.0962294988290398 0.463297 0.128501 0.46675000000000005 0.15754100000000001
22 0.28725 0.11461400000000001 0.300594 0.122272 0.311672 0.132482 0.322187 0.138009 0.33951600000000004 0.145691 0.34035899999999997 0.143981 0.338094 0.13377 0.341219 0.146956 0.345766 0.146956 0.344344 0.127377 0.344344 0.109485 0.35059399999999996 0.09885249882903982 0.355422 0.0903278992974239 0.350875 0.08266980093676815 0.350312 0.07459019906323185 0.351437 0.06477750117096019 0.345187 0.06180329976580796 0.342922 0.06819670023419204 0.340078 0.07245900000000001 0.330984 0.07074940046838407 0.32104699999999997 0.06903980093676815 0.307125 0.06351289929742389 0.307703 0.042224800936768156 0.303437 0.04690870023419203 0.2935 0.052014100702576116 0.294922 0.06477750117096019 0.291797 0.08735359953161592 0.289516 0.09629980093676815 0.285828 0.11461400000000001 0.28725 0.11461400000000001
22 0.0752188 0.09726 0.07165629999999999 0.12620599999999998 0.0777656 0.131546 0.0879219 0.133841 0.101156 0.136136 0.109281 0.138407 0.11589100000000001 0.13993 0.12098400000000001 0.137658 0.12353099999999999 0.131546 0.132172 0.130023 0.13623400000000002 0.0759251007025761 0.128609 0.06906319906323184 0.12606299999999998 0.07133489929742388 0.124547 0.07440280093676815 0.11284400000000001 0.07363 0.108266 0.07133489929742388 0.0986094 0.06676810070257612 0.0858906 0.06295080093676815 0.0792812 0.05304450117096019 0.07725 0.05152219906323185 0.0721719 0.05304450117096019 0.0721719 0.06447310070257611 0.0726719 0.07363 0.0731875 0.07819670023419205 0.0721719 0.08124119906323184 0.07368749999999999 0.08735359953161592 0.0752188 0.09726
22 0.210344 0.10117100000000001 0.209484 0.133443 0.218953 0.13733 0.22368700000000002 0.130867 0.221109 0.113443 0.21551599999999999 0.10892299999999999 0.233594 0.109578 0.23445299999999997 0.112787 0.228437 0.117963 0.228437 0.12829 0.230578 0.142482 0.23876599999999998 0.145059 0.242203 0.13473100000000002 0.2435 0.117963 0.24178099999999997 0.112155 0.249953 0.11538599999999999 0.255984 0.114731 0.255984 0.118595 0.249953 0.121194 0.250391 0.13281 0.254266 0.144426 0.257281 0.148946 0.26804700000000004 0.08182670023419204 0.259 0.08117100000000001 0.253828 0.08697889929742388 0.20818799999999998 0.07149880093676815 0.21120299999999997 0.062459 0.209484 0.061171 0.203891 0.06569089929742389 0.198719 0.09988289929742387 0.210344 0.10117100000000001
22 0.439094 0.146393 0.431078 0.14316199999999998 0.42860899999999996 0.145012 0.424922 0.158407 0.419688 0.186089 0.419984 0.206862 0.42645299999999997 0.20548 0.431078 0.20918 0.434469 0.21934399999999998 0.435703 0.22533999999999998 0.44740599999999997 0.227635 0.450484 0.217939 0.48282800000000003 0.22904 0.483437 0.204567 0.494219 0.17356 0.494219 0.17311500000000002 0.480359 0.17079599999999998 0.47789099999999995 0.176792 0.47667200000000004 0.176792 0.470812 0.174028 0.461266 0.165714 0.439703 0.156487 0.438781 0.14726 0.439094 0.146393
3 0.16309400000000002 0.542459 0.162656 0.5326 0.165719 0.516136 0.157375 0.487166 0.134094 0.468735 0.11168800000000001 0.46608900000000003 0.0870937 0.48189699999999996 0.0532656 0.490445 0.0383281 0.504941 0.0392188 0.516136 0.033937499999999995 0.520749 0.0273438 0.521405 0.025593700000000004 0.529953 0.03175 0.540492 0.026468799999999997 0.54445 0.0291094 0.557611 0.0357031 0.560234 0.0563438 0.559578 0.0919219 0.574075 0.131469 0.584614 0.147281 0.58 0.152984 0.572763 0.164406 0.5721080000000001 0.16617200000000001 0.555644 0.16309400000000002 0.542459
27 0.131328 0.220281 0.161859 0.226206 0.184469 0.240609 0.256812 0.239766 0.286219 0.232155 0.268125 0.217752 0.18898399999999999 0.214356 0.132453 0.199953 0.131328 0.220281
27 0.771703 0.31344299999999997 0.769109 0.360141 0.780359 0.352365 0.799391 0.356885 0.8011250000000001 0.29918 0.804594 0.290749 0.811078 0.296581 0.8106410000000001 0.303724 0.818875 0.305667 0.8197340000000001 0.295269 0.8283910000000001 0.281007 0.8305469999999999 0.27192 0.827094 0.272576 0.8119529999999999 0.269977 0.804594 0.262201 0.805016 0.249883 0.785547 0.24662800000000001 0.779484 0.257658 0.7708280000000001 0.31604200000000005 0.771703 0.31344299999999997
27 0.943312 0.84363 0.939578 0.8771660000000001 0.948281 0.8995080000000001 0.983062 0.8492270000000001 0.988031 0.828735 0.9892810000000001 0.6350589999999999 0.9917659999999999 0.6033959999999999 0.999875 0.612693 0.999875 0.519227 0.956234 0.49786899999999995 0.942859 0.594005 0.918812 0.668759 0.9143589999999999 0.691475 0.925047 0.699485 0.9214840000000001 0.790281 0.9197029999999999 0.798946 0.949516 0.806393 0.943312 0.84363
3 0.540719 0.6796490000000001 0.561813 0.675597 0.581813 0.6804680000000001 0.599125 0.690187 0.60075 0.686136 0.609391 0.644801 0.616422 0.619672 0.601828 0.606698 0.569922 0.599415 0.548281 0.605082 0.5277339999999999 0.669133 0.540719 0.6796490000000001
22 0.49074999999999996 0.230211 0.497703 0.239133 0.501672 0.242857 0.530953 0.25178 0.543859 0.257002 0.555281 0.188548 0.547844 0.183349 0.539891 0.192272 0.5274840000000001 0.191522 0.511609 0.18482400000000002 0.498203 0.18037499999999998 0.49175 0.17739999999999997 0.48876600000000003 0.178876 0.48479700000000003 0.226487 0.49074999999999996 0.230211
27 0.43585900000000005 0.263185 0.437172 0.25089 0.453594 0.254824 0.455234 0.267119 0.512359 0.27449599999999996 0.516297 0.25974200000000003 0.524188 0.262201 0.525172 0.273021 0.542891 0.284356 0.549797 0.284848 0.548813 0.26466 0.54125 0.257283 0.494625 0.24105400000000002 0.497578 0.238571 0.49790599999999996 0.23512899999999998 0.44965599999999994 0.218407 0.44965599999999994 0.222834 0.44965599999999994 0.228244 0.429953 0.218899 0.414844 0.21152200000000002 0.414516 0.21004699999999998 0.411562 0.254333 0.43585900000000005 0.263185
27 0.664438 0.279836 0.688328 0.292623 0.6917500000000001 0.292623 0.718719 0.293653 0.722469 0.29058500000000004 0.726562 0.285972 0.7371559999999999 0.28496499999999997 0.734078 0.33203699999999997 0.749094 0.33203699999999997 0.756266 0.327424 0.759344 0.32025800000000004 0.760359 0.31974199999999997 0.7658280000000001 0.321288 0.767875 0.324356 0.7538750000000001 0.388829 0.766172 0.39086699999999996 0.770953 0.383208 0.777781 0.366838 0.7784530000000001 0.35302100000000003 0.768906 0.359157 0.76925 0.338689 0.7764059999999999 0.278829 0.772312 0.266019 0.757641 0.260398 0.735109 0.25119400000000003 0.734078 0.247611 0.724859 0.241967 0.724859 0.226112 0.7292970000000001 0.187728 0.719734 0.18569100000000002 0.718719 0.19234199999999999 0.713594 0.20718999999999999 0.707453 0.216393 0.705063 0.22969599999999998 0.701984 0.235831 0.6955 0.235831 0.6862809999999999 0.236347 0.6774060000000001 0.23327900000000001 0.675703 0.22458999999999998 0.673656 0.21997699999999998 0.6654530000000001 0.221499 0.663078 0.256815 0.664438 0.279836