18 0.432047 0.630396 0.444547 0.626687 0.445937 0.614958 0.5320940000000001 0.617437 0.536266 0.626083 0.541359 0.6248330000000001 0.546906 0.6168119999999999 0.547844 0.605708 0.572391 0.595208 0.573781 0.609396 0.583047 0.605083 0.5862809999999999 0.57975 0.5862809999999999 0.564937 0.583969 0.550729 0.582109 0.548875 0.571453 0.532208 0.544125 0.490833 0.438063 0.490208 0.436672 0.491437 0.43343699999999996 0.499479 0.41582800000000003 0.554438 0.41490600000000005 0.580375 0.413516 0.5902499999999999 0.41675000000000006 0.6063120000000001 0.42278099999999996 0.6106459999999999 0.42695299999999997 0.625458 0.432047 0.630396
18 0.1095 0.656 0.121719 0.654292 0.124937 0.668021 0.132656 0.679167 0.139734 0.679167 0.140375 0.682604 0.15967199999999998 0.676583 0.17124999999999999 0.674021 0.177031 0.653438 0.187328 0.642292 0.221422 0.635417 0.218203 0.623417 0.230422 0.616563 0.22785899999999998 0.598542 0.22400000000000003 0.592542 0.204703 0.592542 0.193125 0.591688 0.18475 0.564229 0.15451600000000001 0.550521 0.124937 0.549667 0.11335900000000002 0.541083 0.111422 0.530792 0.10434399999999999 0.527354 0.10242199999999999 0.529938 0.0882656 0.510208 0.07025 0.493042 0.0625313 0.48618700000000004 0.049031200000000004 0.48618700000000004 0.047093800000000005 0.487042 0.0586719 0.661146 0.1095 0.656
18 0.08167189999999999 0.515083 0.0945156 0.5341039999999999 0.1045 0.5359999999999999 0.1145 0.541708 0.124484 0.551229 0.145891 0.551229 0.157297 0.555021 0.161578 0.553125 0.164437 0.551229 0.142266 0.45995800000000003 0.12754700000000002 0.449562 0.0738437 0.44725000000000004 0.0426562 0.44725000000000004 0.046015600000000004 0.454208 0.051718799999999995 0.486542 0.08167189999999999 0.515083
18 0.323734 0.493917 0.268203 0.536687 0.263266 0.566312 0.279312 0.59675 0.286719 0.609083 0.302141 0.610729 0.307688 0.59675 0.361375 0.609083 0.379266 0.620604 0.392844 0.610729 0.40209400000000006 0.59675 0.41320300000000004 0.593458 0.416281 0.541625 0.42245299999999997 0.512833 0.42060899999999996 0.515312 0.394687 0.49885399999999996 0.323734 0.493917
18 0.643922 0.5768749999999999 0.646625 0.592167 0.660797 0.5912710000000001 0.662828 0.579583 0.6790309999999999 0.575979 0.681719 0.586771 0.692531 0.586771 0.6979219999999999 0.575979 0.716156 0.5768749999999999 0.7175 0.593083 0.7296560000000001 0.594875 0.733703 0.577771 0.755984 0.575083 0.752609 0.544479 0.750578 0.530979 0.732359 0.491375 0.658094 0.489563 0.656078 0.49495799999999995 0.658094 0.494063 0.646625 0.519271 0.643922 0.5768749999999999
18 0.849469 0.5920000000000001 0.88975 0.5875210000000001 0.88975 0.542771 0.879672 0.5271250000000001 0.852828 0.491333 0.846125 0.489083 0.773969 0.495792 0.758875 0.513687 0.752156 0.522646 0.7487969999999999 0.553958 0.7504839999999999 0.571854 0.7605470000000001 0.594229 0.8511559999999999 0.5920000000000001 0.849469 0.5920000000000001
16 0.09270310000000001 0.946063 0.07584379999999999 0.919104 0.0320156 0.14381300000000002 0.198875 0.184271 0.225844 0.19775 0.22246899999999997 0.256188 0.198875 0.249438 0.185391 0.265167 0.197188 0.319104 0.197188 0.373042 0.20224999999999999 0.424729 0.217422 0.456188 0.230906 0.40449999999999997 0.232578 0.348312 0.229219 0.334833 0.244375 0.348312 0.24101599999999998 0.312354 0.235953 0.301125 0.237641 0.24045799999999998 0.22246899999999997 0.107875 0.0235938 0.0471875 0.020218800000000002 0.0045000000000000005 0.0016875000000000002 0.0022500000000000003 0.0033750000000000004 0.979771 0.0033750000000000004 0.986521 0.094375 0.984271 0.09270310000000001 0.946063
50 0.24726599999999999 0.611583 0.25940599999999997 0.6160829999999999 0.25739100000000004 0.5899789999999999 0.26143700000000003 0.568375 0.264141 0.5521670000000001 0.260094 0.526083 0.25739100000000004 0.506271 0.260766 0.49637499999999996 0.26143700000000003 0.484667 0.24657800000000002 0.466667 0.240516 0.46937500000000004 0.245906 0.487375 0.23578100000000002 0.490979 0.23578100000000002 0.49727099999999996 0.23645299999999997 0.509875 0.234437 0.526083 0.23578100000000002 0.545875 0.237812 0.561167 0.238484 0.5764790000000001 0.241859 0.584583 0.247938 0.611583 0.24726599999999999 0.611583
50 0.425625 0.519271 0.42703100000000005 0.511813 0.415484 0.5006039999999999 0.416875 0.490792 0.418625 0.488458 0.420031 0.485667 0.418984 0.477729 0.41757799999999995 0.475396 0.413375 0.475396 0.41128099999999995 0.480063 0.41128099999999995 0.483792 0.41128099999999995 0.48472899999999997 0.409875 0.488458 0.406016 0.495 0.404969 0.501542 0.41128099999999995 0.507146 0.42387499999999995 0.516937 0.425625 0.519271
18 0.541625 0.49085399999999996 0.547047 0.493833 0.5553440000000001 0.507458 0.572266 0.529583 0.5799369999999999 0.52575 0.581219 0.514271 0.583125 0.509146 0.580578 0.506167 0.578656 0.504896 0.5725939999999999 0.48658300000000004 0.565562 0.475937 0.557906 0.474667 0.5381090000000001 0.47424999999999995 0.539391 0.47850000000000004 0.548969 0.481479 0.548969 0.486167 0.5400159999999999 0.487875 0.5400159999999999 0.491271 0.541625 0.49085399999999996
18 0.156391 0.519104 0.160359 0.539417 0.161688 0.554417 0.17360899999999999 0.558396 0.173281 0.5389579999999999 0.167313 0.538083 0.16896899999999998 0.527042 0.178906 0.5261669999999999 0.180234 0.532354 0.180234 0.5385209999999999 0.179234 0.5402920000000001 0.178906 0.5592710000000001 0.184859 0.564125 0.188828 0.568979 0.189828 0.5764790000000001 0.20175 0.5764790000000001 0.202406 0.503208 0.171953 0.504542 0.156391 0.519104
18 0.952672 0.506854 0.943094 0.525292 0.935109 0.5323749999999999 0.9356410000000001 0.564292 0.937781 0.570667 0.9462809999999999 0.571375 0.9489380000000001 0.574208 0.956391 0.575625 0.9659530000000001 0.570667 0.9952030000000001 0.566417 0.9952030000000001 0.5621670000000001 0.9989380000000001 0.5593330000000001 1 0.508979 0.9984059999999999 0.506146 0.968094 0.505437 0.952672 0.506854
18 0.8985160000000001 0.567063 0.902656 0.567604 0.904734 0.578104 0.910531 0.580313 0.9167500000000001 0.575354 0.9171720000000001 0.564292 0.9155 0.554896 0.913438 0.5499379999999999 0.912187 0.54275 0.910531 0.535562 0.9076409999999999 0.530604 0.9092969999999999 0.530604 0.9101250000000001 0.52175 0.9005940000000001 0.522313 0.8881560000000001 0.5040830000000001 0.8624689999999999 0.5040830000000001 0.889813 0.539979 0.8885780000000001 0.577 0.897687 0.5786669999999999 0.8985160000000001 0.567063
18 0.7198439999999999 0.49033299999999996 0.732812 0.490958 0.7510939999999999 0.532937 0.752719 0.521833 0.774937 0.49620800000000004 0.826094 0.491271 0.823781 0.486646 0.771 0.48200000000000004 0.72425 0.482938 0.719391 0.490958 0.7198439999999999 0.49033299999999996
50 0.270813 0.526833 0.270813 0.535438 0.270125 0.5422290000000001 0.27046899999999996 0.547667 0.27217199999999997 0.552646 0.272516 0.551292 0.272844 0.5472079999999999 0.274891 0.5390619999999999 0.277609 0.534521 0.279297 0.528646 0.279984 0.523667 0.281344 0.516875 0.28167200000000003 0.511896 0.28270300000000004 0.509625 0.285422 0.5046459999999999 0.28575 0.497854 0.284062 0.490146 0.277609 0.491958 0.273188 0.49377099999999996 0.273188 0.504188 0.271484 0.5100830000000001 0.27046899999999996 0.526833 0.270813 0.526833
50 0.31725 0.499792 0.312859 0.493042 0.314203 0.48491700000000004 0.314547 0.474562 0.310156 0.471417 0.30542199999999997 0.475458 0.301703 0.482229 0.297641 0.493042 0.292234 0.503396 0.292578 0.50925 0.297312 0.5115000000000001 0.299344 0.518271 0.31725 0.499792