15 0.46946899999999997 0.587396 0.475797 0.577271 0.47832800000000003 0.558708 0.47706299999999996 0.536792 0.472 0.535104 0.444172 0.519917 0.423922 0.486167 0.38849999999999996 0.47268699999999997 0.36318700000000004 0.492917 0.353078 0.518229 0.353078 0.558708 0.356859 0.5975210000000001 0.382172 0.619437 0.407484 0.6143959999999999 0.423922 0.592458 0.44037499999999996 0.589083 0.46946899999999997 0.587396
15 0.543047 0.288917 0.5324220000000001 0.29362499999999997 0.523578 0.298354 0.5271250000000001 0.32899999999999996 0.5324220000000001 0.37145799999999995 0.5324220000000001 0.40920799999999996 0.525359 0.472875 0.528891 0.48702100000000004 0.534203 0.489396 0.5483439999999999 0.489396 0.5483439999999999 0.505896 0.546578 0.524771 0.543047 0.5271250000000001 0.523578 0.5365629999999999 0.534203 0.5625 0.5483439999999999 0.5790000000000001 0.569578 0.597875 0.587266 0.61675 0.6208750000000001 0.659208 0.643875 0.6898540000000001 0.6650940000000001 0.6898540000000001 0.6827810000000001 0.673354 0.695172 0.654479 0.7093130000000001 0.640333 0.7146250000000001 0.6261880000000001 0.725234 0.61675 0.757078 0.612021 0.762375 0.607313 0.760609 0.5648540000000001 0.734078 0.5412710000000001 0.7146250000000001 0.524771 0.7093130000000001 0.524771 0.7093130000000001 0.50825 0.730547 0.461083 0.7234689999999999 0.44693700000000003 0.681016 0.416271 0.663328 0.38797899999999996 0.631484 0.354958 0.6261720000000001 0.338438 0.6208750000000001 0.333729 0.613797 0.333729 0.573109 0.319583 0.543047 0.288917
15 0.555875 0.7670619999999999 0.550594 0.743521 0.522359 0.743521 0.481766 0.734125 0.474703 0.7317710000000001 0.446469 0.7200000000000001 0.42882800000000004 0.705875 0.41646900000000003 0.710583 0.40412499999999996 0.7200000000000001 0.40412499999999996 0.736479 0.405875 0.7552920000000001 0.41646900000000003 0.764708 0.42706299999999997 0.781167 0.46059400000000006 0.769417 0.47293799999999997 0.764708 0.5082340000000001 0.776479 0.547063 0.776479 0.555875 0.774125 0.554125 0.762354 0.555875 0.7670619999999999
15 0.451453 0.627208 0.437141 0.6150629999999999 0.396156 0.625458 0.392266 0.647146 0.391609 0.648875 0.375344 0.6627500000000001 0.364938 0.6835629999999999 0.364938 0.685312 0.377297 0.725208 0.400063 0.731271 0.412422 0.7087289999999999 0.424781 0.7043750000000001 0.4625 0.720854 0.463156 0.674896 0.451453 0.627208
15 0.284234 0.6270209999999999 0.298063 0.6230619999999999 0.306953 0.617792 0.305969 0.6046250000000001 0.294109 0.579583 0.283234 0.5690419999999999 0.277312 0.553229 0.260516 0.5598120000000001 0.23185899999999998 0.5598120000000001 0.21604700000000002 0.570354 0.218016 0.588812 0.21406200000000003 0.608563 0.228891 0.624375 0.246672 0.6283329999999999 0.264469 0.6336040000000001 0.284234 0.6270209999999999
15 0.361469 0.497812 0.36642199999999997 0.491187 0.372484 0.480917 0.389547 0.473583 0.404969 0.482396 0.410484 0.464771 0.419844 0.43833300000000003 0.416547 0.41922899999999996 0.373031 0.430979 0.362016 0.416292 0.342734 0.40675 0.325125 0.417042 0.303641 0.433188 0.289875 0.458896 0.288219 0.479458 0.293172 0.50075 0.300891 0.501479 0.301984 0.480917 0.308047 0.475042 0.314656 0.487521 0.324562 0.483854 0.33173400000000003 0.48972899999999997 0.341641 0.497063 0.353203 0.508083 0.361469 0.497812
15 0.49304699999999996 0.513938 0.49414100000000005 0.513208 0.5046090000000001 0.505125 0.5117659999999999 0.5073329999999999 0.515625 0.505125 0.518922 0.499979 0.521125 0.493375 0.523328 0.481625 0.523875 0.474292 0.520031 0.457396 0.511219 0.44637499999999997 0.511219 0.445646 0.507906 0.444917 0.49579700000000004 0.434625 0.49084399999999995 0.432437 0.485328 0.42656299999999997 0.48312499999999997 0.413333 0.46825 0.396458 0.461094 0.397188 0.456141 0.39939600000000003 0.451187 0.40599999999999997 0.45064099999999996 0.415542 0.45559399999999994 0.436104 0.46054700000000004 0.441979 0.45834400000000003 0.45152099999999995 0.453391 0.44785400000000003 0.444031 0.44637499999999997 0.44071899999999997 0.450062 0.431906 0.462542 0.43631200000000003 0.469146 0.44071899999999997 0.472083 0.45559399999999994 0.48822899999999997 0.45173399999999997 0.49779199999999996 0.459438 0.513208 0.475422 0.516875 0.47926599999999997 0.516146 0.49193699999999996 0.495583 0.49304699999999996 0.513938
15 0.5029060000000001 0.737667 0.506156 0.738542 0.511359 0.7411460000000001 0.533484 0.7411460000000001 0.538687 0.736812 0.557547 0.740271 0.561453 0.736812 0.567297 0.7298749999999999 0.570547 0.715979 0.573797 0.696042 0.563391 0.678708 0.5595 0.6769580000000001 0.544531 0.677833 0.536078 0.669167 0.530875 0.663083 0.519813 0.654417 0.519813 0.648354 0.534781 0.641417 0.538687 0.6336040000000001 0.5380309999999999 0.617125 0.5256719999999999 0.602375 0.528281 0.581562 0.529578 0.5651039999999999 0.511359 0.552083 0.506812 0.5607500000000001 0.500312 0.581562 0.491859 0.591104 0.48600000000000004 0.578104 0.484703 0.578104 0.481438 0.578104 0.47559399999999996 0.578979 0.47364100000000003 0.582437 0.467781 0.600646 0.46518800000000005 0.604979 0.46193799999999996 0.612792 0.460625 0.6223329999999999 0.467781 0.632729 0.47429699999999997 0.641417 0.484047 0.655292 0.484047 0.656146 0.48925 0.6639579999999999 0.49574999999999997 0.678708 0.500312 0.6908329999999999 0.502266 0.700375 0.504859 0.7142499999999999 0.502266 0.733333 0.5029060000000001 0.737667
19 0.490297 0.5698329999999999 0.553234 0.5036039999999999 0.545531 0.485896 0.5373910000000001 0.485896 0.473594 0.540146 0.490297 0.5698329999999999
19 0.320937 0.719854 0.32031200000000004 0.706604 0.319688 0.695833 0.319688 0.689208 0.31160899999999997 0.680104 0.298578 0.6784370000000001 0.284281 0.690042 0.27185899999999996 0.6933539999999999 0.27434400000000003 0.702458 0.279938 0.7206880000000001 0.299812 0.73725 0.320937 0.751333 0.320937 0.719854
48 0.8275309999999999 0.982583 0.7955 0.6882079999999999 0.8898910000000001 0.600562 0.9219060000000001 0.436521 0.911797 0.348875 0.8730309999999999 0.283708 0.768547 0.171354 0.716297 0.14887499999999998 0.699437 0.124167 0.466859 0.0926875 0.251125 0.139896 0.0050625 0.126396 0 0.935396 0.0084218703125 0.9466249999999999 0.579781 0.989333 0.8275309999999999 0.982583
15 0.456297 0.7182080000000001 0.43196899999999994 0.707208 0.431766 0.7096870000000001 0.447844 0.7206880000000001 0.47465599999999997 0.7316870000000001 0.473219 0.727563 0.467031 0.7264579999999999 0.470937 0.723708 0.47156200000000004 0.717938 0.467641 0.713812 0.46578099999999995 0.712979 0.46270300000000003 0.714625 0.456297 0.7182080000000001
19 0.353391 0.365542 0.345578 0.384104 0.347281 0.396333 0.358141 0.410375 0.364938 0.418062 0.368 0.426667 0.38125 0.428479 0.387688 0.417604 0.39346899999999996 0.414 0.397891 0.40991700000000003 0.392109 0.40493799999999996 0.39007800000000004 0.404021 0.386672 0.38545799999999997 0.373766 0.376396 0.371047 0.35014599999999996 0.353734 0.344708 0.349313 0.346063 0.348984 0.356479 0.344562 0.35060399999999997 0.339125 0.357396 0.337438 0.367813 0.338453 0.378208 0.3415 0.380479 0.34253100000000003 0.37866700000000003 0.346938 0.369604 0.353391 0.365542
19 0.682391 0.6816460000000001 0.675297 0.676917 0.659922 0.680083 0.650469 0.6911039999999999 0.645734 0.705313 0.6587500000000001 0.714771 0.682391 0.6816460000000001
19 0.282891 0.556021 0.292234 0.53975 0.30371899999999996 0.513896 0.275719 0.493792 0.259922 0.502396 0.24915600000000002 0.516771 0.254172 0.543563 0.272844 0.5646249999999999 0.282891 0.556021