50 0.889896 0.32134399999999996 0.886896 0.260672 0.850938 0.220219 0.826958 0.179781 0.817979 0.12809399999999999 0.7850210000000001 0.0809062 0.7430629999999999 0.0606719 0.716104 0.07640620000000001 0.6711670000000001 0.157297 0.6741670000000001 0.220219 0.677146 0.260672 0.632208 0.316859 0.620229 0.471906 0.60825 0.530344 0.587271 0.642703 0.584271 0.721344 0.656188 0.761797 0.698125 0.784266 0.713104 0.815734 0.677146 0.853938 0.6441870000000001 0.887641 0.686146 0.9033749999999999 0.737083 0.905625 0.782021 0.887641 0.8059999999999999 0.8606719999999999 0.808979 0.838203 0.835958 0.808984 0.8419380000000001 0.847188 0.8689169999999999 0.8134840000000001 0.874917 0.773031 0.823979 0.734828 0.8149789999999999 0.689891 0.8449380000000001 0.548312 0.8419380000000001 0.501125 0.877896 0.444937 0.889896 0.32134399999999996
50 0.41983299999999996 0.375656 0.419 0.39717199999999997 0.46654199999999996 0.395328 0.452604 0.347391 0.46325000000000005 0.296375 0.480458 0.285922 0.491937 0.261953 0.505875 0.222625 0.48374999999999996 0.18698399999999998 0.46489600000000003 0.183297 0.45997899999999997 0.17529699999999998 0.450958 0.159312 0.446042 0.145187 0.42475 0.143344 0.409167 0.151328 0.406708 0.17099999999999999 0.421458 0.182672 0.405062 0.19189099999999998 0.403438 0.210328 0.408354 0.23676599999999998 0.400167 0.264422 0.42391700000000004 0.324641 0.425563 0.368906 0.41983299999999996 0.375656
50 0.327437 0.12693700000000002 0.297313 0.14325000000000002 0.324104 0.169609 0.30066699999999996 0.169609 0.280583 0.187188 0.278896 0.22610899999999998 0.298979 0.243688 0.293958 0.26125 0.304 0.283859 0.302333 0.29515600000000003 0.302333 0.34285899999999997 0.304 0.38553099999999996 0.310708 0.4345 0.350875 0.440781 0.354229 0.4345 0.345854 0.372984 0.347521 0.330297 0.35254199999999997 0.31273399999999996 0.365938 0.356672 0.362583 0.415672 0.381 0.43324999999999997 0.40277100000000005 0.440781 0.39941699999999997 0.423203 0.396063 0.320266 0.39775 0.30745300000000003 0.392729 0.279828 0.40108299999999997 0.264766 0.392729 0.232125 0.39775 0.186938 0.345854 0.164344 0.360917 0.140484 0.327437 0.127937 0.327437 0.12693700000000002
50 0.279542 0.181578 0.278438 0.19814099999999998 0.276229 0.182406 0.259667 0.218016 0.253042 0.237891 0.25414600000000004 0.251969 0.27181299999999997 0.27267199999999997 0.270708 0.27349999999999997 0.269604 0.301672 0.269604 0.319062 0.283958 0.333141 0.283958 0.365437 0.288375 0.392766 0.290583 0.401891 0.302729 0.401891 0.300521 0.33231299999999997 0.301625 0.285094 0.291687 0.263563 0.295 0.242859 0.277333 0.219672 0.279542 0.186547 0.288375 0.178437 0.279542 0.181578
2 0.302625 0.427562 0.302625 0.423187 0.282229 0.396969 0.26693700000000004 0.38384399999999996 0.264021 0.38384399999999996 0.250896 0.380031 0.244354 0.37784399999999996 0.229771 0.374563 0.219583 0.374016 0.218125 0.375656 0.214479 0.38439100000000004 0.210833 0.3915 0.215208 0.39970300000000003 0.23779199999999998 0.397516 0.25016700000000003 0.40789099999999995 0.260375 0.42482800000000004 0.26766700000000004 0.433031 0.28368699999999997 0.43959400000000004 0.293896 0.43904699999999997 0.305542 0.4385 0.304812 0.43357799999999996 0.293896 0.434125 0.30335399999999996 0.42975 0.302625 0.427562
2 0.514333 0.755469 0.525083 0.762391 0.5312290000000001 0.728953 0.537375 0.696688 0.555813 0.675938 0.557354 0.763531 0.5711879999999999 0.761234 0.5957709999999999 0.6770940000000001 0.5804170000000001 0.652891 0.6034579999999999 0.645969 0.611146 0.5203439999999999 0.581958 0.471938 0.560438 0.462719 0.557354 0.453484 0.535854 0.45003099999999996 0.508188 0.439656 0.478979 0.444266 0.437479 0.458094 0.400604 0.470781 0.363729 0.483453 0.363729 0.518031 0.360646 0.548 0.352958 0.572203 0.348354 0.601016 0.377562 0.643672 0.412896 0.6747810000000001 0.440563 0.690922 0.434417 0.685156 0.508188 0.694391 0.514333 0.755469
2 0.298583 0.575531 0.305021 0.616469 0.288958 0.656219 0.29056299999999996 0.718828 0.337125 0.744125 0.34193799999999996 0.695953 0.338729 0.653813 0.36925 0.641766 0.351583 0.6068439999999999 0.359604 0.553859 0.322687 0.561078 0.298583 0.575531
2 0.179792 0.45498399999999994 0.181979 0.456625 0.190729 0.45934400000000003 0.196542 0.459891 0.204563 0.457172 0.21622899999999998 0.455531 0.224958 0.455531 0.252646 0.452797 0.263583 0.449516 0.2665 0.44459400000000004 0.2665 0.434219 0.265042 0.426016 0.254833 0.410719 0.24972899999999998 0.40415599999999996 0.238812 0.39925 0.227875 0.398156 0.21914599999999998 0.39925 0.212583 0.395422 0.198 0.395422 0.18125 0.396516 0.163042 0.398156 0.153562 0.402516 0.15575 0.410719 0.158667 0.417828 0.158667 0.42656299999999997 0.159396 0.434219 0.160125 0.442953 0.18270799999999998 0.45498399999999994 0.179792 0.45498399999999994
36 0.126917 0.4095 0.124937 0.393203 0.121 0.368 0.0913333 0.34131300000000003 0.07158329999999999 0.28348399999999996 0.0379583 0.228625 0.010291699999999999 0.23307799999999998 0 0.26273399999999997 0.002395829166666667 0.338344 0.0162292 0.375406 0.01425 0.41989099999999996 0.05575 0.434719 0.128896 0.41840599999999994 0.126917 0.4095
65 0.434458 0.982016 0.482396 0.986516 0.566292 0.955063 0.59925 0.7797810000000001 0.5932499999999999 0.665172 0.5932499999999999 0.669656 0.587271 0.6786559999999999 0.503375 0.692141 0.500375 0.692141 0.434458 0.692141 0.347563 0.588766 0.33258299999999996 0.5955 0.305625 0.633703 0.32360399999999995 0.714609 0.329583 0.842703 0.35954200000000003 0.9011250000000001 0.437458 0.982016 0.434458 0.982016
65 0.485792 0.298922 0.475354 0.299906 0.475354 0.317516 0.467542 0.34782799999999997 0.467542 0.35956299999999997 0.467542 0.375219 0.474062 0.390875 0.4845 0.404563 0.501437 0.405547 0.5197080000000001 0.404563 0.561438 0.401625 0.573167 0.400656 0.5653539999999999 0.305766 0.560125 0.298922 0.544479 0.292078 0.501437 0.296969 0.485792 0.298922
50 0.217604 0.219563 0.215542 0.215953 0.21002099999999999 0.214141 0.204854 0.216203 0.203125 0.218016 0.204521 0.222938 0.209333 0.226031 0.206229 0.23275 0.218979 0.23198400000000002 0.217604 0.219563
50 0.22243699999999997 0.24851600000000001 0.221062 0.23973399999999997 0.206917 0.239219 0.206917 0.24929699999999996 0.22243699999999997 0.24851600000000001
50 0.498333 0.199203 0.497354 0.20049999999999998 0.496792 0.20339099999999996 0.49775 0.207297 0.500062 0.20642199999999997 0.505646 0.205266 0.505646 0.198625 0.498333 0.199203
50 0.512958 0.219422 0.527583 0.219563 0.526625 0.214938 0.523167 0.209172 0.519687 0.205266 0.516042 0.203969 0.512958 0.207297 0.514688 0.213937 0.512958 0.219422
36 0.632854 0.45695300000000005 0.6310420000000001 0.447453 0.6322500000000001 0.442922 0.633458 0.437484 0.633458 0.432047 0.634667 0.420281 0.636479 0.41348399999999996 0.637687 0.405781 0.6352709999999999 0.39582799999999996 0.634667 0.394469 0.628021 0.398094 0.6256039999999999 0.40170300000000003 0.6231880000000001 0.4085 0.620771 0.409859 0.618375 0.414391 0.621375 0.467375 0.629229 0.466469 0.632854 0.45695300000000005
65 0.15802100000000002 0.40921900000000005 0.15543800000000002 0.413766 0.15543800000000002 0.420891 0.15543800000000002 0.42929700000000004 0.15975 0.43901599999999996 0.173125 0.45003099999999996 0.18479199999999998 0.457469 0.19170800000000002 0.460719 0.199896 0.461031 0.20206200000000002 0.45975 0.20508300000000002 0.456187 0.242208 0.453266 0.250854 0.454563 0.255167 0.453594 0.256458 0.45164099999999996 0.261646 0.448406 0.264667 0.446469 0.272 0.43610899999999997 0.26725 0.424453 0.258625 0.416672 0.248688 0.408578 0.243521 0.403078 0.23877099999999998 0.399187 0.233146 0.39885899999999996 0.226667 0.399516 0.210271 0.40048399999999995 0.200771 0.396922 0.188667 0.396922 0.181333 0.398219 0.174 0.39885899999999996 0.16535399999999997 0.39885899999999996 0.16233299999999998 0.399516 0.15931199999999998 0.40015599999999996 0.15585400000000002 0.40242199999999995 0.15370799999999998 0.404047 0.151979 0.40631300000000004 0.15327100000000002 0.408906 0.15802100000000002 0.40921900000000005
50 0.11125 0.559781 0.08504170000000001 0.505953 0.0643333 0.44592200000000004 0.0657083 0.382797 0.0560625 0.357953 0.0629583 0.288609 0.0560625 0.24100000000000002 0.04225 0.23271899999999998 0.040875 0.222375 0.0436458 0.194437 0.04225 0.172703 0.007750000000000001 0.153031 0.0022500000000000003 0.37451599999999996 0.0022500000000000003 0.467656 0.0132708 0.500781 0.0395 0.5742659999999999 0.0160417 0.58875 0.0436458 0.598062 0.0436458 0.60325 0.0215625 0.622906 0.0206667 0.6359060000000001 0.117146 0.622984 0.11125 0.559781
50 0.0989792 0.510078 0.102333 0.504391 0.0972917 0.48732799999999993 0.0770833 0.43490599999999996 0.06949999999999999 0.43490599999999996 0.0669583 0.435547 0.0644375 0.43743699999999996 0.0644375 0.448172 0.0880208 0.504391 0.0989792 0.510078
50 0.002125 0.523969 0.0206458 0.523969 0.0038125000000000004 0.47343799999999997 0.0012916699999999998 0.47532800000000003 0.002125 0.523969