18 0.9474690000000001 0.422687 0.944297 0.431688 0.9445159999999999 0.445771 0.969438 0.44689599999999996 0.9704840000000001 0.430854 0.9650000000000001 0.421833 0.947891 0.421271 0.9474690000000001 0.422687
18 0.999953 0.439458 0.999953 0.4231869999999999 0.9830780000000001 0.423542 0.982391 0.423917 0.984172 0.439646 0.999953 0.439458
18 0.9679839999999998 0.426563 0.9700469999999999 0.434979 0.969625 0.444125 0.9747030000000001 0.445604 0.9753909999999999 0.443771 0.9781410000000001 0.443771 0.977172 0.425458 0.977047 0.425646 0.9679839999999998 0.426563
18 0.837703 0.43281200000000003 0.8356410000000001 0.439208 0.835422 0.440437 0.8342660000000001 0.445021 0.8361090000000001 0.44685400000000003 0.836797 0.447458 0.8415940000000001 0.445021 0.8580780000000001 0.443792 0.859688 0.435854 0.859 0.426708 0.8530469999999999 0.42639600000000005 0.8459530000000001 0.426708 0.843656 0.42639600000000005 0.8402189999999999 0.429437 0.837703 0.43281200000000003
18 0.8897030000000001 0.444771 0.9054059999999999 0.444979 0.906172 0.442563 0.906312 0.435917 0.9045 0.433292 0.9034530000000001 0.428458 0.902094 0.424021 0.898766 0.42262500000000003 0.888797 0.422812 0.887891 0.423417 0.887281 0.425646 0.8889530000000001 0.42806299999999997 0.889547 0.430875 0.8898590000000001 0.444375 0.8897030000000001 0.444771
18 0.805672 0.437583 0.8047190000000001 0.446521 0.809187 0.447375 0.8139689999999999 0.44566700000000004 0.830578 0.444396 0.830906 0.442688 0.8289839999999999 0.42310400000000004 0.825156 0.42266699999999996 0.8210000000000001 0.42266699999999996 0.816219 0.424375 0.813016 0.427792 0.806953 0.43374999999999997 0.805672 0.437583
18 0.772078 0.43200000000000005 0.77175 0.43200000000000005 0.773078 0.434667 0.7734219999999999 0.446229 0.78275 0.446229 0.787766 0.445792 0.789422 0.447125 0.795094 0.447125 0.795438 0.434667 0.791766 0.427562 0.776422 0.427562 0.772078 0.43200000000000005
18 0.871859 0.425271 0.870531 0.443667 0.882109 0.44427099999999997 0.889672 0.443667 0.888781 0.435354 0.887453 0.426458 0.885219 0.426458 0.883 0.415167 0.871859 0.414563 0.871859 0.425271
8 0.163219 0.589583 0.172375 0.607 0.172375 0.695896 0.20114100000000001 0.697646 0.233812 0.676729 0.2495 0.647104 0.288719 0.643604 0.355391 0.6784789999999999 0.394625 0.7063539999999999 0.415531 0.769104 0.607719 0.7830619999999999 0.609016 0.866729 0.624703 0.866729 0.621656 0.7945209999999999 0.621656 0.748333 0.645078 0.741542 0.653234 0.718458 0.644062 0.711667 0.637953 0.719812 0.6359060000000001 0.715729 0.6359060000000001 0.681792 0.641 0.577208 0.173453 0.585354 0.163219 0.589583
8 0.374312 0.573063 0.383484 0.5785 0.6422030000000001 0.586646 0.643234 0.639625 0.6534220000000001 0.636896 0.655453 0.507875 0.37839100000000003 0.514667 0.374312 0.573063
8 0.0538125 0.616583 0.05885939999999999 0.6435 0.0622188 0.6793750000000001 0.0824063 0.695063 0.0975312 0.701792 0.119391 0.701792 0.14125000000000001 0.701792 0.156391 0.701792 0.15975 0.701792 0.168156 0.697313 0.168156 0.605375 0.158078 0.5964170000000001 0.15975 0.582958 0.183297 0.582958 0.188344 0.580708 0.183297 0.540354 0.168156 0.522417 0.164797 0.517938 0.023546900000000003 0.556063 0.040359400000000004 0.576229 0.0538125 0.616583
18 0.914563 0.444063 0.9190630000000001 0.445167 0.922453 0.444687 0.9239219999999999 0.442604 0.923453 0.436125 0.923281 0.431479 0.921172 0.42854200000000003 0.9201560000000001 0.426458 0.919141 0.423292 0.916953 0.42168700000000003 0.9129060000000001 0.421458 0.9075 0.42108300000000004 0.903656 0.421458 0.901906 0.423396 0.902094 0.427083 0.903094 0.431729 0.903094 0.43454200000000004 0.904469 0.438562 0.903734 0.44222900000000004 0.903016 0.443937 0.905109 0.444687 0.909156 0.444312 0.914563 0.444063
8 0.714 0.49735399999999996 0.7179059999999999 0.49766699999999997 0.718359 0.516333 0.7243280000000001 0.515417 0.723187 0.49766699999999997 0.732594 0.494917 0.733969 0.510521 0.731672 0.517563 0.736719 0.516937 0.735797 0.49368799999999996 0.769531 0.494292 0.769766 0.525208 0.775266 0.526417 0.7755 0.49125 0.790641 0.490625 0.7970780000000001 0.48756299999999997 0.798219 0.484521 0.796375 0.479 0.720656 0.47502099999999997 0.714687 0.48175 0.714 0.49735399999999996
18 0.944453 0.446542 0.94425 0.431458 0.94625 0.424667 0.936844 0.425458 0.932938 0.42639600000000005 0.930438 0.432396 0.9278280000000001 0.436937 0.927937 0.445354 0.944453 0.446542