76 0.005493330666666667 0.73402 0.24741300000000002 0.7113400000000001 0.24741300000000002 0.37113999999999997 0.0027466693333333334 0.36082 0.005493330666666667 0.73402
22 0.45208 0.64078 0.47210699999999994 0.7201799999999999 0.460667 0.7738200000000001 0.446347 0.8274600000000001 0.494987 0.8897 0.526453 0.95836 0.520747 0.98198 0.615173 0.98412 0.615173 0.95836 0.8412 0.94978 0.884133 0.97554 0.8926930000000001 0.98412 0.91272 0.98412 0.921307 0.9433400000000001 0.941333 0.92188 0.93848 0.8510800000000001 0.886987 0.82104 0.898427 0.76952 0.935627 0.76524 0.9442130000000001 0.7545 0.846933 0.6944199999999999 0.81544 0.69656 0.7925599999999999 0.64936 0.804 0.61502 0.789707 0.59356 0.76968 0.59356 0.761093 0.58712 0.45208 0.58928 0.45208 0.64078
12 0.99848 0.43856 0.9614929999999999 0.4476 0.944267 0.45082 0.913307 0.44824 0.8883470000000001 0.44695999999999997 0.8840530000000001 0.4605 0.87888 0.45856 0.87888 0.45339999999999997 0.879733 0.43856 0.86168 0.43986000000000003 0.8367199999999999 0.4405 0.7971469999999999 0.43533999999999995 0.7902669999999999 0.52374 0.810053 0.5256799999999999 1 0.5353600000000001 0.99848 0.43856
12 0.934667 0.39236 0.9363999999999999 0.33483999999999997 0.93744 0.31074 0.942613 0.30972000000000005 0.941573 0.3035 0.941227 0.30168 0.9156799999999999 0.30219999999999997 0.91672 0.3921 0.934667 0.39236
12 0.8997600000000001 0.66542 0.9137869999999999 0.66542 0.916453 0.6494 0.920453 0.5548 0.90712 0.5538 0.9017600000000001 0.66092 0.8997600000000001 0.66542
12 0.90152 0.38739999999999997 0.919947 0.39166 0.914293 0.31406 0.905787 0.31194 0.90152 0.38739999999999997
12 0.866693 0.661 0.8743470000000001 0.6619400000000001 0.8746670000000001 0.61774 0.8756269999999999 0.60842 0.87752 0.56686 0.87944 0.56398 0.8886670000000001 0.5549 0.8810399999999999 0.55324 0.869253 0.56398 0.868293 0.5673400000000001 0.86448 0.65716 0.866693 0.661
12 0.9451200000000001 0.64652 0.94752 0.5682999999999999 0.93456 0.5672200000000001 0.9311729999999999 0.666 0.94176 0.66708 0.9451200000000001 0.64652
12 0.837253 0.29538 0.820907 0.29474 0.802 0.29474 0.800267 0.29732 0.79768 0.39154 0.8217869999999999 0.39282 0.8278129999999999 0.39154 0.83296 0.29860000000000003 0.837253 0.29538
12 0.866773 0.6577200000000001 0.8682399999999999 0.5762999999999999 0.872613 0.561 0.8543999999999999 0.5631799999999999 0.8529329999999999 0.57084 0.8529329999999999 0.6577200000000001 0.866773 0.6577200000000001
12 0.91744 0.3085 0.9024800000000001 0.3192 0.914587 0.30582 0.9053329999999999 0.30742 0.891787 0.30689999999999995 0.86968 0.29512 0.8311729999999999 0.29298 0.82904 0.39032 0.916747 0.39514 0.91744 0.3085
24 0.90368 1 0.905733 0.99814 0.9086930000000001 0.9939199999999999 0.91784 0.9822000000000001 0.9213870000000001 0.9729 0.9213870000000001 0.9707 0.921093 0.96184 0.9196000000000001 0.9532 0.9160799999999999 0.9417000000000001 0.92552 0.93816 0.94144 0.9332999999999999 0.939387 0.92998 0.93968 0.9251 0.945867 0.88506 0.9494130000000001 0.86248 0.939387 0.8551799999999999 0.9089869999999999 0.84014 0.900427 0.83504 0.888933 0.82862 0.888933 0.82398 0.8933599999999999 0.79676 0.8942399999999999 0.79034 0.89896 0.77618 0.9092800000000001 0.76976 0.9205070000000001 0.76666 0.9317070000000001 0.76444 0.9385070000000001 0.76334 0.943227 0.7606799999999999 0.939973 0.75494 0.93496 0.7525 0.9089869999999999 0.74078 0.884507 0.7266 0.8473329999999999 0.7093400000000001 0.8408270000000001 0.7067 0.83256 0.70602 0.817227 0.70736 0.81744 0.70414 0.807947 0.6962200000000001 0.7978930000000001 0.68948 0.7978930000000001 0.68632 0.8037070000000001 0.6815599999999999 0.8089869999999999 0.67284 0.805307 0.66214 0.7899729999999999 0.6471 0.7894669999999999 0.64352 0.802133 0.64352 0.807947 0.63878 0.7931469999999999 0.6233200000000001 0.81216 0.61264 0.80952 0.60748 0.795253 0.60036 0.795253 0.5948 0.795253 0.58292 0.7767729999999999 0.58292 0.7635730000000001 0.5797599999999999 0.7488 0.57896 0.7139200000000001 0.58412 0.61792 0.5873200000000001 0.589947 0.56932 0.571947 0.58582 0.5659730000000001 0.58582 0.5619730000000001 0.57532 0.529973 0.5813200000000001 0.516 0.58582 0.494 0.57382 0.45202699999999996 0.57532 0.44205300000000003 0.5932999999999999 0.46802699999999997 0.63678 0.46602699999999997 0.7896799999999999 0.45802699999999996 0.7956799999999999 0.45802699999999996 0.8106599999999999 0.45002699999999995 0.82566 0.44802699999999995 0.8376399999999999 0.46002699999999996 0.8676200000000001 0.472027 0.9096000000000001 0.46402699999999997 0.9141 0.46802699999999997 0.9156 0.484027 0.9141 0.484027 0.9096000000000001 0.476027 0.87062 0.512 0.93508 0.516 0.95008 0.522 0.9560599999999999 0.518 0.97856 0.526 1 0.5404800000000001 1 0.561813 0.99978 0.577227 1 0.577867 0.9989 0.580293 0.99294 0.58248 0.9836 0.587227 0.97578 0.5923729999999999 0.9705 0.598267 0.96654 0.6032799999999999 0.96462 0.6068800000000001 0.96558 0.610107 0.9664400000000001 0.614453 0.96914 0.615093 0.9723200000000001 0.61432 0.97636 0.612907 0.9790599999999999 0.611253 0.98176 0.60792 0.98166 0.60856 0.97896 0.6072799999999999 0.97724 0.59968 0.9773200000000001 0.59968 0.97974 0.599307 0.98378 0.604693 0.98668 0.610213 0.98676 0.616 0.9863999999999999 0.624267 0.98042 0.62456 0.96936 0.618667 0.9636 0.617173 0.96096 0.664987 0.95962 0.724 0.95674 0.74936 0.9556399999999999 0.7826930000000001 0.9534400000000001 0.8434929999999999 0.94966 0.8461329999999999 0.95078 0.842907 0.9572 0.842907 0.96228 0.84496 0.96692 0.855867 0.9707 0.860907 0.97046 0.8656269999999999 0.96782 0.8656269999999999 0.96472 0.861787 0.9625 0.8582399999999999 0.95962 0.856187 0.96316 0.85736 0.96582 0.85528 0.9667 0.85056 0.96538 0.85056 0.9572 0.855573 0.9521000000000001 0.864427 0.94966 0.871227 0.9527599999999999 0.876827 0.95698 0.882133 0.96516 0.8836269999999999 0.97534 0.888053 0.9813200000000001 0.888933 0.9850800000000001 0.882427 1 0.90368 1