60 0.596719 0.851886 0.574437 0.850854 0.556141 0.838826 0.553703 0.837794 0.555469 0.851352 0.563641 0.857402 0.593187 0.863915 0.600906 0.861922 0.60025 0.852384 0.596719 0.851886
60 0.620547 0.874982 0.604219 0.877509 0.583703 0.873488 0.571578 0.872456 0.555688 0.870463 0.549516 0.866441 0.542469 0.860427 0.541578 0.866441 0.548422 0.878505 0.594078 0.886014 0.658484 0.882527 0.661781 0.870961 0.658484 0.872456 0.648328 0.876477 0.620547 0.874982
50 0.394656 0.9820279999999999 0.396641 0.9820279999999999 0.506156 0.988754 0.5081249999999999 0.923594 0.497281 0.858434 0.486422 0.8224560000000001 0.5051720000000001 0.786512 0.517016 0.696619 0.513062 0.638185 0.491359 0.6112460000000001 0.468656 0.6 0.44793700000000003 0.638185 0.431172 0.696619 0.424266 0.741566 0.428203 0.74605 0.40156200000000003 0.860676 0.394656 0.9820279999999999
50 0.562125 0.668149 0.544391 0.668149 0.531594 0.6771170000000001 0.527656 0.699537 0.5375 0.735409 0.550312 0.746619 0.55425 0.766833 0.553266 0.802705 0.542422 0.820641 0.545375 0.834093 0.569016 0.834093 0.575906 0.809431 0.573937 0.816157 0.575906 0.679359 0.562125 0.668149
50 0.681297 0.6414230000000001 0.685578 0.6778649999999999 0.680187 0.688648 0.685094 0.692278 0.6922189999999999 0.691922 0.6936410000000001 0.683986 0.700453 0.684342 0.699188 0.672064 0.694906 0.651174 0.695391 0.633986 0.6995 0.616335 0.698234 0.581708 0.693484 0.542776 0.687156 0.540249 0.684469 0.547473 0.681625 0.572384 0.683437 0.6038429999999999 0.681266 0.64032 0.681297 0.6414230000000001
50 0.195297 0.551246 0.195563 0.546726 0.195563 0.543737 0.19370300000000001 0.540712 0.192125 0.540427 0.191859 0.544626 0.191062 0.550356 0.191328 0.556975 0.19173400000000002 0.5632739999999999 0.190938 0.569004 0.193188 0.5696089999999999 0.195297 0.568719 0.195156 0.559075 0.195297 0.551246
50 0.831297 0.596726 0.8345 0.598399 0.83625 0.598043 0.834062 0.599395 0.833625 0.603701 0.836828 0.605018 0.841047 0.603381 0.8439690000000001 0.603701 0.8442500000000001 0.600036 0.8426560000000001 0.59573 0.841047 0.5911029999999999 0.840031 0.583452 0.839453 0.576477 0.8397500000000001 0.5701780000000001 0.842219 0.562242 0.8439690000000001 0.556584 0.8441090000000001 0.551957 0.8442500000000001 0.5446620000000001 0.8442500000000001 0.5403199999999999 0.8445779999999999 0.535267 0.8447340000000001 0.530925 0.8428280000000001 0.529146 0.8414059999999999 0.527687 0.8404529999999999 0.523345 0.839031 0.5168680000000001 0.836656 0.517224 0.8347659999999999 0.520463 0.835234 0.525516 0.836187 0.528754 0.8363440000000001 0.532028 0.835703 0.538149 0.834437 0.543915 0.834281 0.5464410000000001 0.8337809999999999 0.564057 0.8326560000000001 0.5683269999999999 0.833219 0.575125 0.8345309999999999 0.580249 0.8345309999999999 0.5849110000000001 0.8345309999999999 0.592171 0.8345 0.5921 0.8323119999999999 0.5950529999999999 0.831297 0.596726
50 0.882703 0.6427050000000001 0.877313 0.641317 0.8725160000000001 0.678149 0.8665309999999999 0.731388 0.867125 0.76274 0.864734 0.858256 0.85275 0.888256 0.855156 0.8950889999999999 0.867125 0.900534 0.883297 0.899181 0.8994690000000001 0.878719 0.893484 0.854164 0.891094 0.807758 0.894688 0.781851 0.900078 0.73274 0.9048590000000001 0.678149 0.901266 0.637224 0.902469 0.611317 0.889297 0.603132 0.882703 0.614057 0.883297 0.644057 0.882703 0.6427050000000001
50 0.367812 0.689217 0.367812 0.695018 0.381625 0.7 0.37471899999999997 0.654448 0.375437 0.642847 0.376891 0.6146980000000001 0.37507799999999997 0.581566 0.376531 0.5774020000000001 0.375437 0.566655 0.370047 0.56274 0.36775 0.571032 0.368797 0.5791810000000001 0.368531 0.5881850000000001 0.365625 0.606406 0.363078 0.622135 0.360172 0.633737 0.362359 0.639537 0.365266 0.6304270000000001 0.365625 0.635374 0.365984 0.657758 0.372531 0.6867260000000001 0.367812 0.689217
50 0.31893699999999997 0.7600709999999999 0.332719 0.76089 0.33235899999999996 0.751815 0.326922 0.749324 0.32728100000000004 0.7228829999999999 0.33235899999999996 0.715445 0.33635899999999996 0.7220639999999999 0.335984 0.787331 0.351234 0.784875 0.351234 0.77 0.346156 0.76669 0.346875 0.716263 0.342516 0.701388 0.342156 0.693132 0.339625 0.677438 0.340703 0.66089 0.338891 0.653452 0.338531 0.611317 0.33454700000000004 0.598078 0.337078 0.582384 0.336719 0.553488 0.326562 0.5493239999999999 0.321109 0.570819 0.319656 0.590641 0.311312 0.631139 0.319656 0.652633 0.319297 0.680747 0.322562 0.7063349999999999 0.316766 0.7600709999999999 0.31893699999999997 0.7600709999999999
50 0.618672 0.8781490000000001 0.619406 0.8624200000000001 0.621953 0.864911 0.6285000000000001 0.861601 0.6285000000000001 0.854164 0.625953 0.841744 0.621594 0.821851 0.616859 0.7970459999999999 0.620141 0.783772 0.628125 0.768043 0.634672 0.7456940000000001 0.633219 0.728327 0.624125 0.7117789999999999 0.610687 0.702669 0.599781 0.702669 0.583063 0.710925 0.576875 0.720854 0.579422 0.742384 0.586688 0.751495 0.593969 0.752313 0.592141 0.766406 0.589969 0.782135 0.590328 0.799502 0.593969 0.7970459999999999 0.598688 0.7655869999999999 0.6005 0.7713519999999999 0.601953 0.792064 0.602688 0.806121 0.605594 0.830142 0.6045 0.850854 0.601234 0.859964 0.593234 0.864911 0.587063 0.87153 0.597594 0.881459 0.6132340000000001 0.882313 0.618672 0.8781490000000001
50 0.980813 0.6359790000000001 0.9735630000000001 0.6473669999999999 0.970063 0.65306 0.967812 0.663879 0.969063 0.674698 0.9735630000000001 0.6826690000000001 0.977313 0.712313 0.978063 0.730534 0.984062 0.735089 0.990578 0.719715 0.990578 0.698612 0.993328 0.69121 0.9955780000000001 0.678683 0.9990780000000001 0.683808 1 0.632562 0.999578 0.630285 0.990578 0.6268680000000001 0.980813 0.6359790000000001
50 0.818922 0.694377 0.816953 0.6516730000000001 0.816953 0.629217 0.8218909999999999 0.593274 0.817937 0.577544 0.807078 0.561815 0.807078 0.588754 0.8031409999999999 0.629217 0.804125 0.65395 0.809062 0.707865 0.8209059999999999 0.7033809999999999 0.818922 0.694377
50 1 0.748043 0.993203 0.808256 0.9900309999999999 0.846762 0.9900309999999999 0.887687 0.9900309999999999 0.94306 0.995313 0.981601 0.995313 0.998434 1 1 1 0.748043
60 0.54925 0.812883 0.538984 0.812242 0.525125 0.810356 0.515969 0.804662 0.51625 0.808434 0.517078 0.813488 0.529281 0.815409 0.546188 0.817295 0.54925 0.812883
60 0.507094 0.817295 0.508766 0.826762 0.513203 0.828043 0.542875 0.828648 0.542594 0.823594 0.528172 0.823594 0.506547 0.816655 0.507094 0.817295
60 0.662641 0.680534 0.660906 0.678078 0.660047 0.678078 0.661562 0.684982 0.68425 0.682989 0.684031 0.678577 0.662844 0.681032 0.662641 0.680534
60 0.659391 0.690854 0.711469 0.698754 0.712766 0.694804 0.661562 0.688399 0.658094 0.684484 0.659391 0.690854
50 0.5532809999999999 0.668327 0.562781 0.6690389999999999 0.563406 0.668327 0.563406 0.664057 0.563562 0.65911 0.56325 0.656975 0.562312 0.654484 0.561375 0.650249 0.560906 0.645979 0.560906 0.6413519999999999 0.561375 0.637117 0.562 0.6332030000000001 0.562312 0.628612 0.562937 0.621495 0.563406 0.6158359999999999 0.562937 0.612989 0.562 0.5924200000000001 0.5626249999999999 0.588861 0.562781 0.58605 0.561531 0.5839150000000001 0.558422 0.582491 0.5582659999999999 0.5821350000000001 0.557797 0.577865 0.557953 0.574698 0.556391 0.570427 0.552969 0.570783 0.552187 0.57363 0.551406 0.576477 0.552187 0.5817789999999999 0.551562 0.584982 0.551562 0.589217 0.547828 0.593132 0.546438 0.590285 0.54425 0.589217 0.542687 0.5920639999999999 0.542219 0.59669 0.542687 0.600925 0.544562 0.6051960000000001 0.547047 0.6059070000000001 0.548922 0.608043 0.550328 0.607687 0.552969 0.6034160000000001 0.553438 0.607687 0.5532809999999999 0.614769 0.554203 0.62274 0.552906 0.636975 0.5519999999999999 0.6503559999999999 0.552734 0.652883 0.5536559999999999 0.66669 0.5532809999999999 0.668327
60 0.812813 0.906797 0.813828 0.907367 0.8181559999999999 0.918968 0.8234999999999999 0.9207120000000001 0.8614219999999999 0.899253 0.863969 0.892883 0.852266 0.891139 0.812813 0.906797
60 0.830125 0.928826 0.83775 0.932278 0.863969 0.914911 0.869063 0.905053 0.864234 0.898078 0.828078 0.919537 0.830125 0.928826
60 0.627703 0.784769 0.6349986854266872 0.7854529558592519 0.643266 0.786228 0.644344 0.779822 0.631594 0.780819 0.627484 0.779822 0.6275966335813112 0.7823662845970151 0.627703 0.784769
60 0.619703 0.796085 0.641312 0.795587 0.641969 0.790676 0.631812 0.788221 0.624891 0.788221 0.620141 0.793132 0.619703 0.796085
60 0.589672 0.797046 0.593562 0.798541 0.594641 0.799537 0.596812 0.799039 0.601781 0.798043 0.600703 0.794128 0.595349218074304 0.7948484851464213 0.593562 0.795089 0.593562 0.7955402743666811 0.589672 0.797046
60 0.574344 0.796085 0.576922 0.799039 0.587953 0.799039 0.588375 0.798541 0.589672 0.797046 0.587953 0.795089 0.584281 0.795587 0.576281 0.794591 0.574344 0.796085
60 0.316531 0.763665 0.304844 0.753665 0.305391 0.764484 0.334047 0.77032 0.329844 0.760747 0.316531 0.763665
60 0.361422 0.805623 0.363609 0.793986 0.355938 0.789822 0.344266 0.785267 0.329672 0.788185 0.355938 0.808968 0.361422 0.805623
60 0.977266 0.740996 0.9615940000000001 0.757473 0.9519529999999999 0.754698 0.950437 0.756085 0.951047 0.762278 0.9585779999999999 0.76363 0.9793749999999999 0.750605 0.977266 0.740996
60 0.831156 0.598221 0.820219 0.604093 0.8206089999999999 0.606833 0.8223574578124999 0.6060366192170819 0.8206089999999999 0.60726 0.823203 0.6086119999999999 0.836328 0.6090749999999999 0.855016 0.6059070000000001 0.8560000000000001 0.604093 0.856203 0.602278 0.854016 0.602278 0.8536250000000001 0.593701 0.8544219999999999 0.588719 0.8544219999999999 0.586441 0.851828 0.587794 0.8422810000000001 0.592313 0.831156 0.598221