77 0.19858 0.221562 0.22636 0.221562 0.24666 0.213544 0.26802 0.221562 0.35988 0.221562 0.40902 0.22958 0.42506 0.21834800000000001 0.46244 0.23759799999999998 0.52654 0.24723699999999998 0.52974 0.194294 0.49876 0.157417 0.44533999999999996 0.11249200000000001 0.393 0.0787987987987988 0.3396 0.07399399999999999 0.32144 0.082012 0.27442 0.107688 0.20714 0.157417 0.19966 0.216757 0.19858 0.221562
77 0.1013 0.171922 0.10890000000000001 0.181622 0.11498 0.18961 0.11345999999999999 0.244444 0.0937 0.24558599999999997 0.01194 0.24786799999999998 0.012320000000000001 0.25357399999999997 0.02754 0.26099100000000003 0.0492 0.26498499999999997 0.08532 0.266126 0.10206 0.27240200000000003 0.10086 0.275015 0.10134 0.294084 0.10672 0.497057 0.1077 0.498498 0.11109999999999999 0.494114 0.10964 0.45967 0.1077 0.452342 0.10672 0.31973 0.10818000000000001 0.272102 0.12574 0.274294 0.14136 0.267688 0.14674 0.266216 0.15162 0.273544 0.15552000000000002 0.273544 0.20042 0.262553 0.2048 0.251562 0.2048 0.244985 0.20578 0.228859 0.19798 0.218589 0.16138 0.191502 0.12966 0.173183 0.11502 0.173904 0.10526 0.162913 0.10282 0.162913 0.10134 0.16585599999999998 0.10038 0.171712 0.1013 0.171922
77 0.11648 0.192072 0.05974 0.131532 0.019420000000000003 0.106877 0.00298 0.0956756996996997 0 0.25035999999999997 0.112 0.24141100000000001 0.11648 0.192072
77 0.40464 0.071952 0.38482 0.062042 0.34386 0.067988 0.40198 0.0818619 0.40464 0.071952
77 0.2778 0.262372 0.34122 0.26039 0.35178 0.232613 0.26328 0.22072100000000003 0.2778 0.262372
50 0.3585 0.24438400000000002 0.3345 0.28042 0.3195 0.33897900000000003 0.3315 0.449339 0.324 0.5191589999999999 0.3555 0.5777180000000001 0.309 0.6340239999999999 0.288 0.708348 0.2715 0.863754 0.2715 0.98988 0.5925 0.9876280000000001 0.603 0.949339 0.618 0.9133030000000001 0.618 0.8344739999999999 0.6255 0.773664 0.6525 0.724114 0.639 0.697087 0.615 0.703844 0.615 0.742132 0.5895 0.769159 0.549 0.773664 0.513 0.737628 0.5295 0.710601 0.5835 0.645285 0.585 0.611502 0.534 0.575435 0.5265 0.5191589999999999 0.5235 0.453844 0.492 0.289429 0.4575 0.22861900000000002 0.3975 0.21960999999999997 0.3585 0.24438400000000002
8 0.22 0.7752850000000001 0.28286 0.748318 0.29634 0.698889 0.29334 0.6606609999999999 0.28286 0.622462 0.27688 0.591021 0.26639999999999997 0.55955 0.25892000000000004 0.564054 0.19156 0.584264 0.17212 0.611231 0.16163999999999998 0.647177 0.16462000000000002 0.683153 0.19156 0.712372 0.19156 0.7258560000000001 0.19906000000000001 0.7752850000000001 0.22 0.7752850000000001
38 0.60546 0.725045 0.60954 0.699429 0.63002 0.702523 0.63206 0.696366 0.64228 0.69021 0.6368400000000001 0.649249 0.6232000000000001 0.634925 0.6129600000000001 0.630811 0.6033999999999999 0.625706 0.57886 0.644144 0.5406599999999999 0.683063 0.51952 0.708649 0.51132 0.726066 0.51338 0.736306 0.5311 0.754745 0.54406 0.764985 0.54612 0.779309 0.5556599999999999 0.785465 0.57272 0.782402 0.57886 0.7701199999999999 0.58772 0.750661 0.60546 0.725045
8 0.00166 0.6522819999999999 0 0.7268169999999999 0.08054 0.734264 0.12190000000000001 0.732613 0.13404 0.728468 0.1412 0.697838 0.13846 0.668018 0.13294 0.6580779999999999 0.12576 0.646486 0.11362 0.634054 0.12079999999999999 0.61997 0.12632 0.607538 0.09101999999999999 0.604234 0.01324 0.648949 0.00166 0.6522819999999999
8 0.17276 0.486757 0.16332 0.493844 0.1303 0.5015620000000001 0.08956 0.497718 0.05226 0.49447399999999997 0.00594 0.500931 0.00252 0.498979 0.0141 0.490631 0.051840000000000004 0.48483499999999996 0.06384000000000001 0.472583 0.06384000000000001 0.46549500000000005 0.03382 0.46807800000000005 0.00638 0.47837799999999997 0.00166 0.483544 0 0.509309 0.00038 0.515075 0.08270000000000001 0.515075 0.13374 0.5125230000000001 0.17362 0.5047750000000001 0.19078 0.49447399999999997 0.20192 0.48612599999999995 0.2045 0.47774799999999995 0.20406 0.47066099999999994 0.18647999999999998 0.462943 0.15174 0.46099100000000004 0.1466 0.46099100000000004 0.14188 0.47066099999999994 0.15046 0.46807800000000005 0.1719 0.475826 0.17276 0.486757
52 0.60752 0.587748 0.63428 0.597538 0.63754 0.604414 0.62776 0.616186 0.6297200000000001 0.62991 0.63102 0.648529 0.64146 0.656366 0.64408 0.672042 0.6447200000000001 0.697538 0.64864 0.7102700000000001 0.64996 0.7269369999999999 0.648 0.737748 0.64278 0.745586 0.6408200000000001 0.753423 0.6316799999999999 0.769099 0.62122 0.7906610000000001 0.62122 0.8014709999999999 0.62058 0.8259759999999999 0.62188 0.8396999999999999 0.6186200000000001 0.849489 0.62058 0.8720420000000001 0.63624 0.887718 0.65844 0.8945949999999999 0.69892 0.898498 0.7341799999999999 0.885766 0.76944 0.857327 0.78118 0.8239939999999999 0.7851 0.7397 0.78642 0.682823 0.7896799999999999 0.6063660000000001 0.78642 0.597538 0.77988 0.588709 0.7727 0.582853 0.75246 0.574985 0.74658 0.571081 0.7433200000000001 0.5593090000000001 0.73678 0.5593090000000001 0.72896 0.563243 0.71654 0.565195 0.71982 0.534805 0.7159 0.519129 0.71328 0.521081 0.71068 0.528919 0.7048 0.524985 0.70872 0.542643 0.7061000000000001 0.545586 0.69696 0.548529 0.70088 0.561261 0.7015399999999999 0.565195 0.68912 0.562252 0.66888 0.5603 0.6630199999999999 0.561261 0.64996 0.546577 0.6395 0.556366 0.62448 0.54952 0.6199199999999999 0.551471 0.6199199999999999 0.569129 0.61338 0.573033 0.6140399999999999 0.547538 0.6081599999999999 0.547538 0.60424 0.558318 0.58988 0.558318 0.58596 0.548529 0.58792 0.558318 0.58074 0.552462 0.57552 0.5593090000000001 0.5801000000000001 0.564204 0.5761799999999999 0.57009 0.58204 0.571081 0.57552 0.57991 0.60752 0.587748
27 0.00242 0.49666699999999997 0.00028000000000000003 0.636847 0.01638 0.593333 0.01638 0.5627329999999999 0.02496 0.5530630000000001 0.057159999999999996 0.5288889999999999 0.057159999999999996 0.5127929999999999 0.03892 0.49988 0.01316 0.49828799999999995 0.00242 0.49666699999999997
27 0.32874 0.543994 0.31658 0.517658 0.27762 0.521321 0.27616 0.502312 0.2747 0.502312 0.24646 0.516216 0.24694 0.535225 0.24791999999999997 0.53961 0.25182 0.552042 0.2767439977204488 0.5552735752542458 0.27666 0.554955 0.30586 0.557147 0.3060772990214545 0.5590768483757118 0.31366 0.56006 0.32670052924243725 0.5622505409566492 0.32826 0.561532 0.32848158345992534 0.5625497214681827 0.33118 0.563003 0.3341 0.561532 0.32874 0.543994
27 0.28784 0.597357 0.2897525219665324 0.6010243753604533 0.2898 0.60027 0.29272 0.601742 0.2938678669431726 0.6089157957107564 0.30538 0.630991 0.3156 0.628799 0.3122 0.613453 0.31119745937746485 0.604549363991725 0.32632 0.606847 0.30947408291056255 0.589243932549233 0.3001798971644436 0.5795320137667601 0.27699616107200326 0.5553062700432619 0.2767439977204488 0.5552735752542458 0.28784 0.597357
27 0.31706 0.434955 0.31445999999999996 0.42321299999999995 0.29946 0.425165 0.29425999999999997 0.43789799999999995 0.31836000000000003 0.44765799999999994 0.31772 0.475045 0.32552 0.477988 0.32552 0.44964 0.33204 0.44864899999999996 0.3314 0.422252 0.32683999999999996 0.42420399999999997 0.32292000000000004 0.43789799999999995 0.31706 0.434955
27 0.16952 0.42336299999999993 0.1159 0.40777800000000003 0.11244 0.449339 0.17298 0.438949 0.16952 0.42336299999999993
27 0.04498 0.418168 0.04498 0.438949 0.10898 0.4519520000000001 0.10034 0.41039 0.04498 0.418168
8 0.2524 0.48225199999999996 0.25464 0.49909899999999996 0.26812 0.505015 0.27484 0.500781 0.2771 0.48984999999999995 0.27878 0.477207 0.27372 0.46961 0.2625 0.47297300000000003 0.2524 0.48225199999999996
8 0.26866 0.506997 0.25824 0.5091289999999999 0.24925999999999998 0.5172370000000001 0.24781999999999998 0.528559 0.25358 0.54045 0.2755 0.556096 0.3003 0.55988 0.333 0.55988 0.33264 0.555015 0.3312 0.543153 0.32726 0.53991 0.31718 0.5242640000000001 0.31324 0.5253450000000001 0.29024 0.523724 0.28124 0.519399 0.27874 0.511291 0.27766 0.505375 0.26832 0.502673 0.26866 0.506997
50 0.74476 0.547357 0.7485599999999999 0.5726129999999999 0.78642 0.594084 0.79104 0.604835 0.786 0.670511 0.79188 0.6818919999999999 0.79146 0.696396 0.7889400000000001 0.69955 0.7855800000000001 0.719129 0.7889400000000001 0.729249 0.8045 0.730511 0.80702 0.729249 0.8045 0.70967 0.80702 0.6894589999999999 0.81122 0.692613 0.81628 0.649039 0.81628 0.640811 0.8209 0.604204 0.82174 0.57955 0.8268 0.551141 0.83688 0.522072 0.83816 0.514505 0.83984 0.49114099999999994 0.8415199999999999 0.46018 0.8495 0.425465 0.84362 0.397027 0.8452999999999999 0.383754 0.839 0.36861900000000003 0.8331000000000001 0.362282 0.8276399999999999 0.35975999999999997 0.8200599999999999 0.354715 0.82216 0.328198 0.81502 0.307357 0.80324 0.282072 0.7822 0.290931 0.77126 0.298498 0.76664 0.324384 0.77 0.338919 0.76748 0.346517 0.7577999999999999 0.358498 0.7573799999999999 0.367357 0.7460399999999999 0.41219200000000006 0.7414 0.43177200000000004 0.7439199999999999 0.45261299999999993 0.7380399999999999 0.486096 0.7393 0.531562 0.74476 0.547357