38 0.226938 0.727708 0.268781 0.6976669999999999 0.289703 0.682646 0.331547 0.678354 0.355687 0.6418750000000001 0.337984 0.601104 0.313844 0.586083 0.304187 0.588229 0.204406 0.689083 0.19475 0.721271 0.226938 0.727708
38 0.696781 0.370438 0.738703 0.35537500000000005 0.751609 0.361833 0.737094 0.385479 0.756453 0.415583 0.758063 0.387625 0.801609 0.4285 0.798391 0.400542 0.829031 0.404833 0.845156 0.441396 0.822578 0.38979199999999997 0.859672 0.38979199999999997 0.875812 0.415583 0.869359 0.363979 0.879031 0.359687 0.717734 0.323125 0.696781 0.370438
36 0.21140600000000004 0.5921040000000001 0.22985899999999998 0.661438 0.24160900000000002 0.656979 0.216438 0.578667 0.21140600000000004 0.5921040000000001
36 0.281875 0.804625 0.271813 0.802396 0.265094 0.820292 0.303687 0.985833 0.322141 0.985833 0.281875 0.804625
36 0.429531 0.923187 0.375844 0.981354 0.4748279999999999 0.988062 0.454703 0.927667 0.429531 0.923187
36 0.897047 0.8823120000000001 0.9102499999999999 0.8886040000000001 0.944219 0.8734999999999999 0.981031 0.8357500000000001 0.961203 0.772854 0.942328 0.735104 0.9262969999999999 0.752708 0.90175 0.742646 0.8734529999999999 0.7036460000000001 0.856469 0.668417 0.852688 0.663396 0.848906 0.6772290000000001 0.8668440000000001 0.800521 0.897047 0.8823120000000001
50 0.445609 0.354625 0.449078 0.35554199999999997 0.450125 0.35554199999999997 0.45325 0.354167 0.45428100000000005 0.35 0.456375 0.344438 0.458797 0.335646 0.45984400000000003 0.329646 0.45775 0.32177100000000003 0.45706199999999997 0.311583 0.45775 0.306042 0.460187 0.296792 0.466437 0.280583 0.461234 0.27087500000000003 0.458453 0.26439599999999996 0.450812 0.261625 0.44631299999999996 0.26579200000000003 0.450812 0.27458299999999997 0.450125 0.284292 0.441094 0.313437 0.442484 0.317604 0.445609 0.318062 0.44665600000000005 0.317146 0.44665600000000005 0.314375 0.450812 0.306042 0.45185899999999996 0.31575000000000003 0.45185899999999996 0.320854 0.45185899999999996 0.327792 0.45185899999999996 0.337042 0.44492200000000004 0.354167 0.445609 0.354625
50 0.533609 0.590729 0.527453 0.538771 0.507969 0.51825 0.533609 0.402021 0.553094 0.374688 0.580781 0.359646 0.573594 0.31725 0.551031 0.288542 0.563344 0.257083 0.543859 0.22837500000000002 0.520266 0.231104 0.512063 0.239313 0.513094 0.289896 0.49873399999999996 0.302208 0.473094 0.348708 0.466937 0.4075 0.47925000000000006 0.414333 0.477203 0.441687 0.480281 0.510042 0.48949999999999994 0.559271 0.487453 0.562 0.508984 0.635833 0.49873399999999996 0.659083 0.495656 0.7110420000000001 0.518219 0.7110420000000001 0.512063 0.664563 0.525391 0.646771 0.525391 0.593458 0.533609 0.590729
50 0.893578 0.888521 0.86825 0.807438 0.864859 0.769146 0.8631719999999999 0.721854 0.854734 0.672292 0.86825 0.708333 0.895266 0.717333 0.9054059999999999 0.730854 0.917234 0.751125 0.9408749999999999 0.746625 0.945953 0.735354 0.952703 0.7128329999999999 0.954391 0.681312 0.9611560000000001 0.649771 0.952703 0.5957290000000001 0.939188 0.5461670000000001 0.932438 0.505625 0.929047 0.5011249999999999 0.939188 0.483104 0.939188 0.469604 0.922297 0.415542 0.910469 0.386271 0.8969530000000001 0.354729 0.883453 0.334458 0.875 0.325458 0.859797 0.31418799999999997 0.839531 0.309688 0.814188 0.309688 0.8006719999999999 0.29391700000000004 0.795609 0.271396 0.797297 0.228604 0.8091250000000001 0.199333 0.814188 0.181313 0.817562 0.143021 0.817562 0.113729 0.807438 0.0822083 0.792234 0.0484167 0.7837810000000001 0.0258958 0.777031 0.005625000000000001 0.640203 0.005625000000000001 0.621625 0.0191458 0.608109 0.0394167 0.597969 0.0709375 0.586156 0.0979792 0.579391 0.13627099999999998 0.582766 0.20158299999999998 0.587844 0.235354 0.587844 0.273646 0.599656 0.332208 0.603047 0.347979 0.56925 0.363729 0.5304059999999999 0.404271 0.50675 0.521396 0.525344 0.543917 0.5337810000000001 0.602479 0.552359 0.726354 0.581078 0.7871670000000001 0.597969 0.800667 0.604734 0.8029379999999999 0.608109 0.8029379999999999 0.586156 0.8952709999999999 0.581078 0.956083 0.581078 0.9876039999999999 0.910469 0.989875 0.9070940000000001 0.929063 0.893578 0.888521
50 0.8572810000000001 0.31118799999999996 0.870438 0.320292 0.890422 0.34064599999999995 0.919359 0.402354 0.924609 0.40095800000000004 0.915141 0.355354 0.924094 0.307667 0.9230309999999999 0.29504199999999997 0.919359 0.282438 0.9019999999999999 0.26629200000000003 0.9051560000000001 0.252979 0.9051560000000001 0.244562 0.901469 0.233333 0.895687 0.226333 0.887797 0.225625 0.874125 0.22772900000000001 0.869906 0.237542 0.869906 0.25718799999999997 0.873594 0.267708 0.874125 0.274021 0.8657030000000001 0.27822899999999995 0.856234 0.29856299999999997 0.8572810000000001 0.31118799999999996
50 0.921797 0.411 0.926156 0.423896 0.9512660000000001 0.40135400000000004 0.954156 0.392979 0.956578 0.390396 0.9585000000000001 0.394917 0.9575469999999999 0.40456200000000003 0.9536720000000001 0.426458 0.95175 0.433542 0.95175 0.45025 0.9536720000000001 0.517208 0.960437 0.5410419999999999 0.9676880000000001 0.5532710000000001 0.9589840000000001 0.5964170000000001 0.9556089999999999 0.6118539999999999 0.957062 0.620875 0.957062 0.635042 0.974437 0.636333 0.984094 0.633104 0.987969 0.620229 0.986516 0.602208 0.9898910000000001 0.5904170000000001 1 0.600729 0.999547 0.540208 0.995688 0.5344169999999999 0.996656 0.52025 1 0.502208 0.998109 0.383604 1 0.31277099999999997 0.997625 0.308896 0.9952030000000001 0.301812 0.999547 0.296667 0.999547 0.285729 0.997625 0.271562 0.990375 0.259333 0.979266 0.259979 0.970578 0.268333 0.964781 0.276708 0.963813 0.28958300000000003 0.964781 0.302458 0.9686410000000001 0.312125 0.9696089999999999 0.31727099999999997 0.960437 0.321146 0.9507809999999999 0.335958 0.9440160000000001 0.357187 0.946922 0.36300000000000004 0.9454689999999999 0.38166700000000003 0.9237339999999999 0.41000000000000003 0.921797 0.411
50 0.943312 0.230813 0.948281 0.21093800000000001 0.9302659999999999 0.198521 0.9190780000000001 0.20266699999999999 0.9153589999999999 0.217563 0.9190780000000001 0.241583 0.904797 0.264771 0.920937 0.29624999999999996 0.9134840000000001 0.350917 0.921562 0.40889600000000004 0.944547 0.389854 0.946406 0.358375 0.9513909999999999 0.335187 0.946406 0.304542 0.9513909999999999 0.279687 0.933984 0.238271 0.943312 0.230813
50 0.522469 0.835958 0.50225 0.7505620000000001 0.4955 0.6966249999999999 0.4955 0.658417 0.50225 0.633708 0.50225 0.613479 0.46854699999999994 0.550562 0.439891 0.507875 0.411234 0.47416699999999995 0.40112500000000006 0.424729 0.387641 0.346063 0.377531 0.278646 0.362359 0.229208 0.32528100000000004 0.168542 0.27303099999999997 0.15954200000000002 0.225844 0.186521 0.18707800000000002 0.265167 0.17865599999999998 0.28764599999999996 0.148313 0.355063 0.141578 0.422479 0.131453 0.48089600000000005 0.12134400000000001 0.521354 0.107859 0.552813 0.0842656 0.6089789999999999 0.055625 0.667417 0.0370781 0.716854 0.0370781 0.7685420000000001 0.0404531 0.826958 0.0421406 0.8921250000000001 0.0471875 0.943812 0.0572969 0.973042 0.0741563 0.984271 0.11123400000000001 0.9617920000000001 0.141578 0.930333 0.161797 0.941583 0.165172 0.984271 0.166859 0.984271 0.546063 0.988771 0.522469 0.835958
50 0.992437 0.259354 0.9994529999999999 0.272563 1 0.22572899999999999 0.997547 0.225292 0.9911559999999999 0.227417 0.987328 0.237646 0.983812 0.249979 0.985406 0.259354 0.992437 0.259354
18 0.0010937499999999999 0.373563 0.0188281 0.374979 0.0196719 0.364563 0.0352969 0.363146 0.0374219 0.358917 0.032984400000000004 0.34287500000000004 0.0268594 0.325417 0.0105938 0.322896 0.0015156296875 0.31304200000000004 0.0010937499999999999 0.373563
50 0.504812 0.22472899999999998 0.493 0.20733300000000002 0.47560900000000006 0.223083 0.477469 0.239646 0.483063 0.257042 0.481203 0.26945800000000003 0.476859 0.27608299999999997 0.467531 0.282708 0.46132799999999996 0.300104 0.46007800000000004 0.32412500000000005 0.46132799999999996 0.339042 0.45387500000000003 0.368021 0.45387500000000003 0.400313 0.455734 0.422687 0.45076599999999994 0.44008299999999995 0.45199999999999996 0.444229 0.458219 0.437583 0.46193799999999996 0.440896 0.466922 0.435104 0.46629699999999996 0.40943799999999997 0.47001600000000004 0.398667 0.476859 0.34400000000000003 0.502938 0.298458 0.51475 0.286854 0.5135 0.262833 0.507297 0.252062 0.504812 0.22472899999999998