18 0.393125 0.326831 0.455656 0.431972 0.47353100000000004 0.575164 0.549469 0.5371360000000001 0.620953 0.54831 0.738594 0.597535 0.743062 0.46554 0.997687 0.458826 1 0.409601 0.9753590000000001 0.38054 0.9649369999999999 0.056150199530516434 0.944078 0.0158685 0.9068590000000001 0.06286380046948357 0.6537189999999999 0.0964085 0.492891 0.317887 0.393125 0.326831
18 0 0.213638 0 0.415869 0.0269219 0.422629 0.0688125 0.420376 0.0792812 0.413638 0.0852656 0.373192 0.10021900000000002 0.323756 0.109187 0.281056 0.112187 0.213638 0.11068799999999998 0.193404 0.08825 0.193404 0.0538438 0.18666699999999997 0.00298438 0.184413 0.00298438 0.18892 0 0.213638
18 0.255781 0.184413 0.173516 0.18892 0.161547 0.202394 0.148078 0.220376 0.1498735166851465 0.2277927081255768 0.154062 0.245094 0.157062 0.323756 0.183984 0.314765 0.285687 0.278803 0.279719 0.249577 0.279719 0.20720687706561966 0.279719 0.204648 0.279719 0.18892 0.255781 0.184413
18 0.409844 0.330493 0.462203 0.325986 0.501094 0.287793 0.556438 0.224859 0.586344 0.18892 0.575875 0.184413 0.510062 0.184413 0.379937 0.184413 0.381422 0.263075 0.361984 0.28554 0.361984 0.290047 0.375437 0.321502 0.409844 0.330493
19 0.12662500000000002 0.34891999999999995 0.12562500000000001 0.351455 0.126953 0.41680799999999996 0.127297 0.42234700000000003 0.12495300000000001 0.465094 0.124281 0.56061 0.12562500000000001 0.573192 0.129641 0.575704 0.132641 0.5656570000000001 0.135656 0.5380050000000001 0.134656 0.47112699999999996 0.137672 0.473638 0.13799999999999998 0.509836 0.141344 0.554085 0.145031 0.5782160000000001 0.149719 0.586268 0.153406 0.59331 0.156078 0.600845 0.15875 0.603357 0.160422 0.605869 0.16545300000000002 0.6023470000000001 0.165109 0.583239 0.17014100000000001 0.583239 0.169125 0.56162 0.168797 0.547535 0.168797 0.525423 0.164781 0.496268 0.164781 0.46408499999999997 0.166125 0.440446 0.170469 0.436925 0.171469 0.513357 0.171469 0.522911 0.171469 0.5802350000000001 0.174812 0.603357 0.180172 0.625493 0.184188 0.6264789999999999 0.184859 0.616925 0.181172 0.578732 0.182859 0.526432 0.18351599999999998 0.51385 0.18251599999999998 0.465587 0.177766 0.39018800000000003 0.170563 0.348052 0.16575 0.33359200000000006 0.151313 0.338404 0.131281 0.345634 0.12662500000000002 0.34891999999999995
19 0.13478099999999998 0.667746 0.15875 0.683028 0.185109 0.6812440000000001 0.222859 0.679437 0.24203100000000002 0.643427 0.21626599999999999 0.648826 0.165938 0.65784 0.13478099999999998 0.656033 0.13478099999999998 0.667746
19 0.0077968703125 0.740516 0.0014375 0.7390140000000001 0.00009375 0.7440380000000001 0.0041093796874999994 0.749061 0.0211875 0.757113 0.0349062 0.755587 0.0623437 0.757606 0.101844 0.7515729999999999 0.125609 0.742019 0.133969 0.717887 0.10551600000000001 0.721901 0.07573440000000001 0.7354930000000001 0.0429375 0.737488 0.00478125 0.7410089999999999 0.0077968703125 0.740516
19 0.0923281 0.662418 0.050624999999999996 0.6780750000000001 0 0.6713619999999999 0.0089375 0.986784 0.0223438 0.986784 0.491406 0.9711270000000001 0.48395299999999997 0.939812 0.5018279999999999 0.886127 0.47948399999999997 0.868216 0.45417199999999996 0.8480989999999999 0.405031 0.81007 0.369297 0.7407039999999999 0.34695299999999996 0.675822 0.333562 0.6512209999999999 0.314203 0.599765 0.282922 0.586338 0.262078 0.604249 0.250172 0.622136 0.218891 0.6713619999999999 0.0923281 0.662418
19 0.388016 0.60223 0.39117199999999996 0.62115 0.404812 0.617981 0.41845299999999996 0.6164080000000001 0.409016 0.638498 0.414266 0.655845 0.417406 0.6574180000000001 0.427906 0.643216 0.441547 0.63061 0.45729699999999995 0.625869 0.468844 0.608521 0.476187 0.599061 0.45834400000000003 0.591174 0.442594 0.581714 0.42895300000000003 0.58331 0.414266 0.588028 0.39956200000000003 0.5943430000000001 0.396422 0.59277 0.388016 0.60223
19 0.8666560000000001 0.731385 0.8682969999999999 0.720798 0.864062 0.712676 0.863359 0.734202 0.8666560000000001 0.731385
19 0.857016 0.716901 0.8490309999999999 0.72784 0.843875 0.75608 0.847859 0.7581919999999999 0.849969 0.750775 0.855844 0.745493 0.860313 0.729272 0.8605470000000001 0.713732 0.857719 0.716549 0.857016 0.716901
19 0.917047 0.844343 0.9228910000000001 0.853122 0.9307969999999999 0.8551880000000001 0.941109 0.846925 0.9452339999999999 0.832488 0.943172 0.817512 0.935609 0.8118310000000001 0.926328 0.813897 0.9201409999999999 0.8185450000000001 0.9160159999999999 0.836596 0.917047 0.844343
19 0.9162969999999999 0.658169 0.914203 0.658169 0.9115780000000001 0.660329 0.910656 0.666244 0.9144690000000001 0.675915 0.9212810000000001 0.663286 0.918656 0.659742 0.9162969999999999 0.658169
19 0.9275780000000001 0.694437 0.9266720000000002 0.695211 0.93625 0.710587 0.937297 0.710211 0.93625 0.701338 0.9365 0.695023 0.942141 0.695423 0.9305939999999999 0.6743189999999999 0.9288909999999999 0.688122 0.9275780000000001 0.694437
50 0.797063 0.231221 0.797406 0.237653 0.797766 0.24887299999999998 0.800969 0.26063400000000003 0.8055939999999999 0.27028199999999997 0.8066720000000001 0.278826 0.805953 0.288991 0.805953 0.30877899999999997 0.8073750000000001 0.322676 0.803828 0.326432 0.798484 0.323756 0.793859 0.32321600000000006 0.792781 0.339272 0.791 0.345681 0.791 0.35049300000000005 0.8016880000000001 0.352089 0.819844 0.34673699999999996 0.828031 0.343545 0.8319380000000001 0.339272 0.833719 0.33392 0.836922 0.317324 0.836219 0.30396700000000004 0.833719 0.285235 0.829813 0.27028199999999997 0.825172 0.251549 0.820203 0.24460099999999999 0.820203 0.239249 0.820203 0.226948 0.819844 0.217324 0.814859 0.20715999999999998 0.803828 0.20715999999999998 0.800266 0.210915 0.797063 0.231221
50 0.180422 0.41384999999999994 0.181641 0.432066 0.183656 0.495845 0.184469 0.495845 0.189328 0.490986 0.194984 0.498286 0.187703 0.518944 0.185281 0.538967 0.188922 0.618545 0.183656 0.628873 0.183656 0.64892 0.188 0.652864 0.21010900000000002 0.652277 0.209719 0.647606 0.212438 0.6382859999999999 0.220187 0.640047 0.222906 0.633052 0.220578 0.6237320000000001 0.22834399999999996 0.623146 0.234938 0.618474 0.239594 0.622559 0.24268799999999996 0.627793 0.249281 0.615563 0.246563 0.600423 0.251219 0.594577 0.257422 0.599836 0.258594 0.592254 0.254719 0.585258 0.261313 0.58061 0.243469 0.56662 0.24773399999999998 0.562535 0.268297 0.576526 0.269062 0.568357 0.283422 0.572441 0.298547 0.569531 0.305141 0.563122 0.300094 0.544484 0.305141 0.540986 0.308625 0.554953 0.315609 0.534577 0.334609 0.491455 0.339266 0.486197 0.339656 0.4937790000000001 0.326469 0.519413 0.331125 0.517089 0.331891 0.522911 0.322984 0.544484 0.325313 0.546808 0.328797 0.539812 0.338875 0.519413 0.343141 0.52 0.337719 0.536315 0.338484 0.544484 0.342766 0.561362 0.359047 0.566033 0.367969 0.5777 0.371453 0.579437 0.390078 0.6044839999999999 0.40675 0.592254 0.42653099999999994 0.587019 0.450203 0.588169 0.45562500000000006 0.594014 0.46143800000000007 0.592254 0.471141 0.567207 0.467656 0.5573 0.461828 0.544484 0.46299999999999997 0.518263 0.457953 0.48328599999999994 0.45329699999999995 0.458826 0.45135899999999995 0.431432 0.4432189999999999 0.40521100000000004 0.4280939999999999 0.375493 0.416062 0.358005 0.402484 0.346948 0.388906 0.331197 0.384266 0.325376 0.375344 0.32305199999999995 0.36875 0.304413 0.369937 0.306502 0.365703 0.295164 0.359063 0.280634 0.354219 0.279272 0.358156 0.260657 0.359359 0.26338 0.364203 0.264742 0.370844 0.252934 0.377188 0.233404 0.380516 0.210258 0.3775 0.20845100000000003 0.37175 0.21162 0.373859 0.203451 0.378406 0.181643 0.379609 0.152606 0.374469 0.137606 0.362078 0.123545 0.350906 0.115822 0.349391 0.10946000000000002 0.343953 0.101737 0.328234 0.0967606 0.316141 0.10129099999999999 0.314031 0.10856799999999998 0.307078 0.107653 0.292578 0.114906 0.287141 0.128075 0.280187 0.154859 0.280187 0.185282 0.27475 0.190728 0.275656 0.197535 0.277766 0.21478899999999998 0.278062 0.236127 0.277766 0.24248800000000004 0.281391 0.24431900000000004 0.283203 0.267019 0.286828 0.277911 0.282906 0.280634 0.280187 0.286995 0.277156 0.291526 0.266578 0.292441 0.261453 0.301526 0.252078 0.307418 0.247234 0.30061 0.238484 0.30061 0.229406 0.307418 0.220344 0.30514099999999994 0.211891 0.312864 0.199797 0.314671 0.188016 0.32330999999999993 0.176531 0.32739399999999996 0.174359 0.331244 0.166672 0.338521 0.172344 0.356737 0.175984 0.390164 0.180422 0.41384999999999994