63 0.692801 0.19278 0.690512 0.19702 0.692018 0.20092 0.6963860000000001 0.2045 0.702771 0.20636000000000002 0.709428 0.2062 0.717861 0.20246 0.720151 0.19974 0.720422 0.1938 0.717349 0.19024000000000002 0.711476 0.18616 0.704819 0.18616 0.697651 0.18819999999999998 0.692801 0.19278
50 0.330181 0.6400399999999999 0.336928 0.7004400000000001 0.38747 0.70938 0.390813 0.6579400000000001 0.380723 0.6310800000000001 0.404307 0.5863400000000001 0.40093399999999996 0.5662200000000001 0.336928 0.60424 0.330181 0.6400399999999999
50 0.131295 0.33172 0.0888855 0.32066 0.06692769879518072 0.31966 0.08509040060240963 0.34228 0.08207830120481928 0.36038 0.08358430120481927 0.37295999999999996 0.09268069879518072 0.38502 0.09493980120481928 0.38502 0.128283 0.37848000000000004 0.12903599999999998 0.35736 0.13509 0.34178 0.131295 0.33172
50 0.16442800000000002 0.39088 0.16738 0.38804 0.16575299999999998 0.37839999999999996 0.151235 0.37162 0.13542200000000001 0.37206 0.128825 0.37533999999999995 0.124217 0.3817 0.128163 0.38782 0.16442800000000002 0.39088
50 0.0681325 0.47612 0.05740959939759036 0.46944 0.05072290060240964 0.4641 0.04466869879518072 0.46366 0.029939801204819275 0.46944 0.025241000000000003 0.48546 0.01719880120481928 0.49034 0.0018072289156626504 0.50724 0.052710801204819274 0.5112599999999999 0.08286140060240964 0.51258 0.08957830120481929 0.50414 0.08957830120481929 0.49568 0.06945780120481927 0.47834 0.0681325 0.47612
68 0.6971689999999999 0.32604 0.684518 0.23504 0.683554 0.20212 0.678705 0.17632 0.667048 0.17632 0.668012 0.24472 0.684518 0.32474000000000003 0.6971689999999999 0.32604
50 0.402831 0.37024 0.398554 0.36818 0.39234900000000006 0.36894 0.386145 0.37564 0.388494 0.38232 0.377229 0.38414 0.375693 0.39108 0.380331 0.39828 0.380723 0.40034 0.385 0.39726 0.383825 0.39236 0.386145 0.38542 0.389247 0.38284 0.398554 0.38208 0.403584 0.38258 0.4059340000000001 0.37642 0.402831 0.37024
50 0.40746999999999994 0.38748 0.409789 0.39958 0.421024 0.40728 0.43072299999999997 0.40446 0.438855 0.40858 0.455151 0.40986 0.4547590000000001 0.40728 0.438464 0.39572 0.425693 0.39596 0.42219899999999994 0.3934 0.40939799999999993 0.38516 0.40864500000000004 0.3867 0.40746999999999994 0.38748
50 0.89744 0.6766599999999999 0.898373 0.6714600000000001 0.8969880000000001 0.6668999999999999 0.910331 0.64034 0.911687 0.6495 0.910783 0.66872 0.9126200000000001 0.67086 0.912169 0.6748200000000001 0.9209040000000001 0.67636 0.9268670000000001 0.6717799999999999 0.92503 0.6553 0.9268670000000001 0.6379 0.928705 0.6339199999999999 0.937892 0.62324 0.937892 0.61224 0.935151 0.60462 0.923645 0.6018600000000001 0.924578 0.59546 0.9218069999999999 0.59058 0.9149099999999999 0.58904 0.9084939999999999 0.59058 0.906657 0.5985199999999999 0.906175 0.60064 0.894217 0.604 0.89009 0.6089 0.889639 0.6223200000000001 0.893765 0.62874 0.898825 0.63362 0.899277 0.63514 0.890542 0.6553 0.8864160000000001 0.66414 0.8850300000000001 0.66934 0.889639 0.67086 0.8864160000000001 0.6702400000000001 0.8919279999999999 0.67452 0.89744 0.6766599999999999
50 0.000963855421686747 0.46182 0.00012048192771084338 0.50796 0.024969900602409636 0.48554 0.022741 0.48275999999999997 0.02578309939759036 0.47776 0.024668698795180726 0.47072 0.01966869879518072 0.462 0.000391566265060241 0.4607 0.000963855421686747 0.46182
50 0.258614 0.68938 0.26021099999999997 0.6807799999999999 0.26021099999999997 0.6636 0.258614 0.64532 0.258614 0.63242 0.26509 0.6216799999999999 0.276416 0.6130800000000001 0.284488 0.60448 0.287741 0.59158 0.29259 0.5862200000000001 0.305542 0.5840599999999999 0.32171700000000003 0.58084 0.32171700000000003 0.56364 0.308765 0.55826 0.29744 0.55504 0.274789 0.5604199999999999 0.261837 0.56902 0.255361 0.57438 0.23918699999999998 0.5840599999999999 0.22298199999999999 0.5948 0.20033099999999998 0.62598 0.21491000000000002 0.64318 0.21975899999999998 0.6678999999999999 0.21975899999999998 0.68616 0.21975899999999998 0.7044400000000001 0.21975899999999998 0.7055 0.27963899999999997 0.7098 0.26831299999999997 0.70228 0.258614 0.68938
50 0.46352400000000005 0.41124 0.507741 0.41442 0.506386 0.39816 0.49753 0.38912 0.491416 0.37782 0.475783 0.37422000000000005 0.46286099999999997 0.38506 0.46286099999999997 0.39408 0.454699 0.40176 0.46286099999999997 0.40943999999999997 0.46352400000000005 0.41124
50 0.378554 0.4053 0.41994000000000004 0.40816 0.40930700000000003 0.39954 0.406145 0.38748 0.40024099999999996 0.38382 0.38762 0.38382 0.385241 0.39298 0.384066 0.39874 0.381687 0.40058 0.378554 0.40372 0.378554 0.4053
50 0.338916 0.39958 0.33753 0.3981799999999999 0.333675 0.39656 0.330873 0.39236 0.328765 0.38888 0.326657 0.38608 0.320361 0.38422 0.314398 0.38376 0.310542 0.38468 0.306325 0.3905 0.304578 0.39516 0.30247 0.3981799999999999 0.339277 0.40074 0.338916 0.39958
50 0.318584 0.41774 0.328072 0.41868 0.359277 0.4231 0.367319 0.42124 0.376084 0.42124 0.378886 0.4182 0.3775 0.41542 0.368042 0.41262 0.309488 0.41168 0.310542 0.41774 0.318584 0.41774
50 0.189608 0.4139 0.19189799999999999 0.4139 0.19189799999999999 0.41186 0.21247000000000002 0.41237999999999997 0.22008999999999998 0.41237999999999997 0.234578 0.41414 0.234187 0.41162 0.22731900000000002 0.40756 0.22198800000000002 0.3982 0.21969899999999998 0.38986000000000004 0.21286100000000002 0.38833999999999996 0.204458 0.38656 0.199127 0.38404000000000005 0.20295200000000002 0.37695999999999996 0.194578 0.37063999999999997 0.185422 0.36962 0.18352400000000002 0.37289999999999995 0.18352400000000002 0.37898000000000004 0.182741 0.38354000000000005 0.180843 0.38632 0.172078 0.38986000000000004 0.170934 0.39542 0.173223 0.4025 0.174006 0.4063 0.181235 0.41237999999999997 0.189608 0.4139
50 0.539699 0.82398 0.5242169999999999 0.8017000000000001 0.5061450000000001 0.78286 0.488072 0.7348600000000001 0.490663 0.69374 0.5061450000000001 0.6748999999999999 0.508735 0.69032 0.49322299999999997 0.7434400000000001 0.516476 0.77428 0.542259 0.79828 0.54744 0.83768 0.544849 0.84796 0.575813 0.8634 0.5784039999999999 0.86168 0.588735 0.84796 0.570663 0.83254 0.55259 0.8034199999999999 0.5499999999999999 0.7348600000000001 0.542259 0.65432 0.5499999999999999 0.6269 0.5371079999999999 0.61148 0.557771 0.60634 0.560331 0.60634 0.562922 0.60634 0.570663 0.61148 0.586145 0.6149199999999999 0.604217 0.62862 0.642922 0.64062 0.642922 0.65262 0.663554 0.6714600000000001 0.6764760000000001 0.65946 0.673886 0.64234 0.642922 0.63548 0.596476 0.60634 0.596476 0.5892000000000001 0.601627 0.5772200000000001 0.614548 0.5549400000000001 0.624849 0.5257999999999999 0.653253 0.51552 0.668735 0.50696 0.6868070000000001 0.49324 0.7048490000000001 0.46926 0.673886 0.45554 0.648072 0.46582 0.645512 0.46068000000000003 0.655813 0.42469999999999997 0.697108 0.36472000000000004 0.6996990000000001 0.34758 0.6996990000000001 0.33558 0.6868070000000001 0.32702 0.671325 0.33044 0.666145 0.35786 0.645512 0.40414 0.599036 0.46068000000000003 0.570663 0.47096 0.519036 0.51038 0.5009939999999999 0.52924 0.48033099999999995 0.5498 0.457108 0.5515 0.441627 0.60292 0.457108 0.6646 0.444217 0.6766 0.441627 0.71774 0.45451800000000003 0.7503 0.462259 0.78114 0.439036 0.80856 0.485482 0.82398 0.544849 0.83084 0.539699 0.82398