50 0.45817199999999997 0.592693 0.470937 0.593864 0.506828 0.593864 0.518797 0.591475 0.515609 0.536487 0.508437 0.46594800000000003 0.515609 0.445621 0.5203909999999999 0.44800900000000005 0.533156 0.424098 0.5363439999999999 0.370304 0.5363439999999999 0.345176 0.521188 0.305738 0.506828 0.286604 0.506031 0.271054 0.494062 0.262693 0.49326600000000004 0.248337 0.485297 0.237588 0.46775 0.23639300000000002 0.461359 0.247143 0.45498399999999994 0.266276 0.466937 0.297377 0.45817199999999997 0.30693200000000004 0.45817199999999997 0.348782 0.45498399999999994 0.37269300000000005 0.449391 0.39541 0.444609 0.42051499999999997 0.451797 0.43248200000000003 0.45657800000000004 0.42887600000000003 0.46456200000000003 0.409742 0.46456200000000003 0.414543 0.461359 0.489859 0.46375 0.5568150000000001 0.458969 0.583115 0.45817199999999997 0.592693
50 0.642344 0.6081030000000001 0.640797 0.6024590000000001 0.640359 0.5981500000000001 0.640797 0.595152 0.639469 0.590187 0.637922 0.586206 0.637031 0.581218 0.635703 0.575246 0.634828 0.571944 0.6323909999999999 0.572272 0.630844 0.5739339999999999 0.629953 0.575925 0.629297 0.578899 0.628625 0.581897 0.627734 0.58555 0.628844 0.590515 0.6301720000000001 0.595831 0.6315000000000001 0.601803 0.631719 0.609415 0.632172 0.624356 0.633281 0.637283 0.6337189999999999 0.640281 0.635266 0.638946 0.635484 0.6363000000000001 0.635703 0.6220370000000001 0.636813 0.616066 0.638141 0.6183839999999999 0.63925 0.627002 0.6401410000000001 0.632974 0.640578 0.635293 0.6412340000000001 0.637283 0.6441250000000001 0.6363000000000001 0.644562 0.635972 0.6447809999999999 0.635293 0.644344 0.634637 0.643891 0.620375 0.642344 0.6081030000000001
60 0.44156300000000004 0.598267 0.4943910000000001 0.598267 0.537281 0.596979 0.544953 0.592717 0.540406 0.589321 0.505469 0.589742 0.475641 0.591874 0.445531 0.594005 0.431609 0.583794 0.421391 0.583794 0.420531 0.590609 0.42225 0.593583 0.42507799999999996 0.596979 0.431609 0.596557 0.44156300000000004 0.598267
60 0.392984 0.596979 0.393266 0.605082 0.39725 0.6084780000000001 0.410875 0.6084780000000001 0.497234 0.605504 0.548078 0.6033719999999999 0.559438 0.599532 0.561156 0.594848 0.560578 0.59103 0.557172 0.59103 0.551203 0.597845 0.483312 0.59911 0.423656 0.602084 0.399516 0.596979 0.392984 0.596979
50 0.759031 0.571382 0.757313 0.571639 0.756969 0.574215 0.758687 0.58171 0.763 0.581194 0.762312 0.573443 0.759031 0.571382
50 0.754719 0.60007 0.765476443799075 0.60007 0.766797 0.60007 0.766109 0.586628 0.7578087819197566 0.5857735292220938 0.756094 0.585597 0.754719 0.60007
50 0.765062 0.6111709999999999 0.765234 0.605222 0.753688 0.605738 0.753859 0.605738 0.760062 0.612459 0.765062 0.6111709999999999
50 0.45696899999999996 0.6977279999999999 0.455562 0.699742 0.45562500000000006 0.70267 0.455203 0.704684 0.454234 0.708337 0.450516 0.7168380000000001 0.447703 0.7217560000000001 0.446797 0.726323 0.448313 0.728618 0.45062499999999994 0.728712 0.45062499999999994 0.723583 0.455453 0.7157380000000001 0.457641 0.712272 0.45971900000000004 0.713724 0.45971900000000004 0.7157380000000001 0.455453 0.71829 0.455391 0.722857 0.45526600000000006 0.729625 0.45696899999999996 0.729251 0.460016 0.723419 0.467328 0.7237699999999999 0.468375 0.717939 0.46623400000000004 0.71007 0.464156 0.703677 0.461844 0.7015689999999999 0.461719 0.697635 0.459047 0.695269 0.456484 0.69829 0.45696899999999996 0.6977279999999999
50 0.275094 0.7475179999999999 0.272937 0.734543 0.274625 0.726604 0.274859 0.716159 0.267891 0.715082 0.264281 0.7259019999999999 0.26210900000000004 0.7615930000000001 0.269328 0.758712 0.272937 0.7572599999999999 0.275094 0.7475179999999999
50 0.724656 0.617681 0.7256090000000001 0.621475 0.728453 0.6252690000000001 0.731313 0.6252690000000001 0.733375 0.631452 0.7332029999999999 0.637143 0.749828 0.6340520000000001 0.7474529999999999 0.6319199999999999 0.746984 0.6290629999999999 0.7412810000000001 0.6297889999999999 0.737953 0.624333 0.737016 0.6167210000000001 0.733047 0.615316 0.729094 0.613653 0.726719 0.617213 0.724656 0.617681
50 0.544 0.6568849999999999 0.547406 0.658407 0.5480940000000001 0.65363 0.550594 0.650913 0.553219 0.658759 0.5569689999999999 0.6582439999999999 0.55675 0.6570490000000001 0.556063 0.654824 0.5554840000000001 0.65363 0.554688 0.651593 0.554578 0.650398 0.554578 0.6486890000000001 0.555266 0.645808 0.555609 0.642904 0.555266 0.640679 0.555609 0.637963 0.556172 0.63726 0.5569689999999999 0.637096 0.558672 0.634379 0.557312 0.631311 0.555828 0.629251 0.555375 0.6265339999999999 0.5557190000000001 0.624145 0.555156 0.621077 0.5536719999999999 0.620398 0.551516 0.6178220000000001 0.5480940000000001 0.621593 0.5483279999999999 0.624824 0.548781 0.6444259999999999 0.5457029999999999 0.646487 0.544234 0.656019 0.544 0.6568849999999999