47 0.852875 0.848354 0.860375 0.8527920000000001 0.876188 0.8616670000000001 0.8836869999999999 0.867229 0.897016 0.8705630000000001 0.9003439999999999 0.8616670000000001 0.912828 0.850562 0.926156 0.8438960000000001 0.9286559999999999 0.835021 0.932828 0.811708 0.9319839999999999 0.791708 0.9278280000000001 0.781729 0.923656 0.7695000000000001 0.9195 0.758396 0.905344 0.746188 0.890344 0.739521 0.872031 0.7350829999999999 0.8570309999999999 0.74175 0.842047 0.753958 0.834547 0.770625 0.836219 0.781729 0.833719 0.8172499999999999 0.8353910000000001 0.8305830000000001 0.845375 0.8450209999999999 0.852875 0.848354
47 0.859812 0.441146 0.850234 0.435542 0.825094 0.441146 0.8149219999999999 0.449917 0.807141 0.46508299999999997 0.799969 0.497 0.8053440000000001 0.521729 0.808344 0.522542 0.838859 0.516146 0.849047 0.516146 0.8592190000000001 0.518542 0.868797 0.521729 0.8741720000000001 0.511354 0.8771720000000001 0.487417 0.8759690000000001 0.466667 0.8627969999999999 0.44591699999999995 0.859812 0.441146
47 0.740703 0.5935830000000001 0.742828 0.5935830000000001 0.7541089999999999 0.5935830000000001 0.774563 0.5935830000000001 0.800656 0.59075 0.801359 0.5813539999999999 0.801359 0.569125 0.799937 0.5578540000000001 0.7971250000000001 0.549396 0.7893589999999999 0.538104 0.780203 0.530583 0.768203 0.525875 0.746344 0.531521 0.7336560000000001 0.5418540000000001 0.740703 0.5935830000000001
47 0.8000780000000001 0.555813 0.807766 0.588583 0.844641 0.589625 0.868453 0.588583 0.886109 0.587562 0.884578 0.5588960000000001 0.8707499999999999 0.529188 0.856156 0.517917 0.836187 0.516896 0.816984 0.519979 0.799312 0.5425 0.8000780000000001 0.555813
47 0.781766 0.420896 0.7870619999999999 0.444438 0.795875 0.46795800000000004 0.808234 0.465604 0.822359 0.45383300000000004 0.841766 0.4515 0.861172 0.439729 0.861172 0.402083 0.8452970000000001 0.3715 0.8241250000000001 0.362083 0.7994060000000001 0.347958 0.7870619999999999 0.369146 0.788828 0.369146 0.776469 0.39266700000000004 0.781766 0.420896
1 0.18351599999999998 0.645208 0.20775000000000002 0.644375 0.226375 0.6418959999999999 0.233219 0.638583 0.236313 0.633625 0.24935900000000003 0.578958 0.23507799999999998 0.5615629999999999 0.21332800000000002 0.545 0.152453 0.5980000000000001 0.18351599999999998 0.645208
1 0.008968750000000001 0.5831040000000001 0.0245312 0.630542 0.013406199999999998 0.661667 0.0034062500000000004 0.709125 0 0.857375 0.0045156296875 0.906292 0.0523281 0.916687 0.127937 0.9181670000000001 0.20243699999999998 0.9181670000000001 0.21134400000000003 0.861812 0.22023399999999999 0.7224579999999999 0.22023399999999999 0.6557499999999999 0.203563 0.649813 0.169078 0.649813 0.149078 0.6097710000000001 0.163531 0.581604 0.15018800000000002 0.543063 0.126828 0.538625 0.0990313 0.5489999999999999 0.0645625 0.538625 0.025640600000000003 0.5519580000000001 0.008968750000000001 0.5831040000000001
1 0.426734 0.533438 0.431187 0.545917 0.434312 0.558396 0.445 0.567896 0.468609 0.564917 0.48375 0.556604 0.49621899999999997 0.546521 0.49754699999999996 0.520375 0.49220300000000006 0.503167 0.484641 0.493062 0.464156 0.476438 0.44276600000000005 0.47762499999999997 0.43296900000000005 0.484167 0.425844 0.497812 0.424516 0.517417 0.426734 0.533438
1 0.203484 0.475646 0.22645300000000002 0.475646 0.24095300000000003 0.475646 0.24095300000000003 0.470813 0.238531 0.45952099999999996 0.25060899999999997 0.454688 0.262703 0.454688 0.275984 0.430521 0.28445299999999996 0.41441700000000004 0.285656 0.39508299999999996 0.267531 0.380583 0.251828 0.374146 0.248203 0.372521 0.24578099999999997 0.35964599999999997 0.23732799999999998 0.32741699999999996 0.225234 0.311292 0.215578 0.312917 0.195031 0.31775000000000003 0.181734 0.329021 0.18415600000000001 0.35641700000000004 0.187781 0.411187 0.180531 0.465979 0.203484 0.475646
1 0.580422 0.574333 0.577672 0.604375 0.5793280000000001 0.611708 0.583719 0.613167 0.636484 0.6087710000000001 0.641969 0.6058330000000001 0.644719 0.597792 0.644719 0.5890000000000001 0.644172 0.573604 0.6408750000000001 0.568479 0.6243909999999999 0.554542 0.618344 0.572875 0.605156 0.578 0.583719 0.577271 0.580422 0.574333
1 0.0193281 0.38183300000000003 0.0057968703125 0.387708 0.0019843796875 0.3975 0.0008125000000000001 0.41475 0.0013906203125 0.431583 0.0057968703125 0.446083 0.0149062 0.45549999999999996 0.028140599999999998 0.46333300000000005 0.0416562 0.46333300000000005 0.0525312 0.46333300000000005 0.061921899999999995 0.46333300000000005 0.0654531 0.46058299999999996 0.0742656 0.44060400000000005 0.0742656 0.413188 0.07103129999999999 0.401042 0.0639844 0.392021 0.0578125 0.384979 0.0528125 0.382229 0.0466406 0.382229 0.0419531 0.381437 0.029906300000000004 0.379875 0.0193281 0.38183300000000003
1 0.0778281 0.41275 0.0855313 0.41958300000000004 0.09535940000000001 0.42072899999999996 0.105609 0.41502100000000003 0.13295300000000002 0.38027099999999997 0.127828 0.33585400000000004 0.0910781 0.319896 0.0620313 0.34325 0.0637344 0.39222900000000005 0.0778281 0.41275
1 0.558094 0.549854 0.568484 0.566896 0.587656 0.564771 0.609234 0.549854 0.628406 0.5285420000000001 0.624422 0.5029790000000001 0.616422 0.484875 0.6012500000000001 0.473146 0.594859 0.4625 0.576469 0.463562 0.5597030000000001 0.481667 0.550906 0.518958 0.558094 0.549854
47 0.885063 0.595812 0.956813 0.592625 0.9520310000000001 0.5596669999999999 0.940063 0.533083 0.922531 0.524583 0.8938280000000001 0.5309579999999999 0.8802809999999999 0.547979 0.885063 0.595812
47 0.9267810000000001 0.426271 0.9275779999999999 0.44435399999999997 0.9371560000000001 0.44860399999999995 0.9570779999999999 0.44329199999999996 0.975422 0.426271 0.9905630000000001 0.40502099999999996 0.9905630000000001 0.385875 0.985781 0.37100000000000005 0.974625 0.35825 0.962656 0.352938 0.947516 0.350792 0.9275779999999999 0.360375 0.922 0.374188 0.9235939999999999 0.380562 0.9275779999999999 0.39543700000000004 0.9267810000000001 0.426271
47 0.739187 0.5923130000000001 0.9998910000000001 0.594437 1 0.432854 0.9895160000000001 0.426479 0.991109 0.416917 0.991109 0.39989600000000003 0.987922 0.385021 0.983141 0.37120800000000004 0.975172 0.362708 0.9672029999999999 0.359521 0.944875 0.359521 0.935312 0.361646 0.9233439999999999 0.37333299999999997 0.92175 0.38183300000000003 0.915375 0.37120800000000004 0.909797 0.358458 0.8978440000000001 0.353125 0.874719 0.353125 0.861969 0.362708 0.8563750000000001 0.37120800000000004 0.850797 0.38395799999999997 0.848406 0.375458 0.8428280000000001 0.369083 0.835656 0.358458 0.8292809999999999 0.354187 0.8173130000000001 0.351 0.800578 0.354187 0.786219 0.366958 0.779047 0.38289599999999996 0.7774530000000001 0.379708 0.770281 0.362708 0.762312 0.352063 0.743172 0.347812 0.728828 0.354187 0.7216560000000001 0.37120800000000004 0.739187 0.5923130000000001
47 0.881719 0.961021 0.890172 0.939458 0.892281 0.931937 0.8979060000000001 0.9535210000000001 0.904234 0.961958 0.9816560000000001 0.961021 0.990797 0.9469580000000001 0.993609 0.939458 0.995719 0.945083 1 0.949771 0.999953 0.63825 0.9914999999999999 0.641062 0.978828 0.644813 0.9675779999999999 0.6560830000000001 0.962656 0.670146 0.958422 0.658896 0.942937 0.6391880000000001 0.925359 0.63075 0.904937 0.6326250000000001 0.883125 0.648583 0.8732810000000001 0.667333 0.8641249999999999 0.657021 0.852172 0.6391880000000001 0.8345779999999999 0.63075 0.816281 0.63075 0.795859 0.6391880000000001 0.778266 0.6560830000000001 0.7747499999999999 0.678604 0.7747499999999999 0.701125 0.7825 0.723646 0.778266 0.723646 0.760687 0.7320829999999999 0.748016 0.745229 0.748719 0.757417 0.758563 0.8540620000000001 0.7649060000000001 0.8606250000000001 0.784609 0.8606250000000001 0.7986869999999999 0.8606250000000001 0.788125 0.882208 0.785313 0.912229 0.790937 0.945083 0.8064220000000001 0.961958 0.881719 0.961021
1 0.555141 0.496292 0.566688 0.480917 0.570531 0.462104 0.567969 0.438188 0.567969 0.417667 0.556422 0.409125 0.5410470000000001 0.407417 0.51925 0.412542 0.506437 0.427917 0.5128440000000001 0.491167 0.530781 0.501417 0.551297 0.498 0.555141 0.496292