22 0.672578 0.335479 0.682266 0.307521 0.583875 0.292479 0.546781 0.350542 0.520969 0.4731250000000001 0.524188 0.4731250000000001 0.585484 0.423646 0.633875 0.423646 0.662906 0.4 0.659672 0.36775 0.666125 0.339792 0.672578 0.335479
22 0.779031 0.447313 0.8129060000000001 0.458062 0.814516 0.47095800000000004 0.8407753842771921 0.5306824980951771 0.8548897609661867 0.6118384321644302 0.896781 0.658062 0.911297 0.535479 0.917734 0.37204199999999993 0.806453 0.333333 0.806453 0.376354 0.787094 0.425812 0.790328 0.425812 0.779031 0.447313
22 0.432266 0.664521 0.4354839999999999 0.623646 0.414516 0.623646 0.40645300000000006 0.612896 0.367734 0.653771 0.369359 0.651604 0.291938 0.694625 0.293547 0.787104 0.304844 0.830104 0.374188 0.802146 0.377422 0.802146 0.408063 0.797854 0.437094 0.7806459999999998 0.469359 0.737625 0.443547 0.724729 0.4354839999999999 0.705375 0.432266 0.666667 0.432266 0.664521
22 0.795156 0.866667 0.740328 0.937625 0.727422 0.959146 0.722578 0.984937 0.720969 0.984937 0.843547 0.987104 0.883875 0.7785 0.846781 0.776354 0.8419380000000001 0.802146 0.825812 0.81075 0.795156 0.866667
50 0.310406 0.982313 0.310406 0.980083 0.30704699999999996 0.9398129999999999 0.291953 0.879417 0.29362499999999997 0.812292 0.288594 0.713854 0.29362499999999997 0.6489790000000001 0.29362499999999997 0.610958 0.328859 0.534896 0.362422 0.510292 0.392625 0.5662079999999999 0.40604699999999994 0.619896 0.4245 0.6422709999999999 0.442953 0.624375 0.45301600000000003 0.590812 0.442953 0.561729 0.431203 0.510292 0.421141 0.41856299999999996 0.456375 0.38725 0.47482800000000003 0.40289600000000003 0.503359 0.382771 0.525172 0.358167 0.528531 0.33131299999999997 0.577187 0.261958 0.577187 0.188146 0.5469839999999999 0.141146 0.45301600000000003 0.09641670000000001 0.421141 0.107604 0.384234 0.12997899999999998 0.350672 0.12997899999999998 0.317109 0.170229 0.283562 0.22839600000000002 0.24160900000000002 0.257479 0.179531 0.25525 0.0704687 0.40960399999999997 0.038593699999999995 0.45435400000000004 0.038593699999999995 0.525937 0.052015599999999995 0.590812 0.06879690000000001 0.64675 0.10067200000000001 0.716104 0.129188 0.7899170000000001 0.157719 0.8727079999999999 0.17114100000000002 0.9129579999999999 0.18792199999999998 0.984562 0.310406 0.982313
50 0.574719 0.701125 0.628656 0.719104 0.685953 0.7505620000000001 0.699437 0.737083 0.702813 0.716854 0.6927030000000001 0.671917 0.741578 0.649438 0.7634839999999999 0.6471870000000001 0.797187 0.6471870000000001 0.803937 0.667417 0.832578 0.734833 0.8393280000000001 0.764042 0.876406 0.777521 0.886516 0.775271 0.9033749999999999 0.7595419999999999 0.9134840000000001 0.737083 0.9134840000000001 0.725833 0.898312 0.667417 0.879781 0.6404580000000001 0.849437 0.530333 0.797187 0.44045799999999996 0.808984 0.422479 0.812359 0.3955 0.8072969999999999 0.32583300000000004 0.808984 0.29662499999999997 0.753375 0.247188 0.731453 0.25168799999999997 0.7045 0.258417 0.6927030000000001 0.267417 0.685953 0.28764599999999996 0.677531 0.33258299999999996 0.662359 0.346063 0.657297 0.373042 0.660672 0.40897900000000004 0.635391 0.41572899999999996 0.596625 0.422479 0.576406 0.426958 0.549438 0.43370800000000004 0.505625 0.485396 0.49045300000000003 0.514604 0.470219 0.5617920000000001 0.46179699999999996 0.5820209999999999 0.451687 0.6089789999999999 0.429781 0.644937 0.414609 0.6741670000000001 0.409547 0.6921250000000001 0.42471899999999996 0.725833 0.434828 0.734833 0.517422 0.7213539999999999 0.527531 0.719104 0.559547 0.705625 0.574719 0.701125
50 0.797187 0.833708 0.835953 0.80675 0.844375 0.7573120000000001 0.8342660000000001 0.714604 0.8072969999999999 0.6741670000000001 0.761797 0.660667 0.741578 0.669667 0.728094 0.6786460000000001 0.7129220000000001 0.671917 0.7045 0.6786460000000001 0.701125 0.6966249999999999 0.714609 0.7213539999999999 0.687641 0.734833 0.658984 0.748313 0.623594 0.7213539999999999 0.598313 0.710104 0.588203 0.723604 0.534266 0.732583 0.512359 0.728083 0.480344 0.730333 0.42809400000000003 0.716854 0.385953 0.80225 0.298312 0.8247289999999999 0.291578 0.8719169999999999 0.310109 0.887646 0.328656 0.887646 0.384266 0.880896 0.438203 0.9011250000000001 0.48370300000000005 0.923604 0.508984 0.907875 0.576406 0.896625 0.647188 0.876396 0.675844 0.858417 0.719656 0.8247289999999999 0.755062 0.8247289999999999 0.797187 0.833708
72 0.607688 0.552979 0.606797 0.540833 0.610922 0.523208 0.616203 0.5095 0.62325 0.505583 0.625906 0.493812 0.626203 0.485979 0.614156 0.484417 0.609453 0.499708 0.599453 0.528687 0.596516 0.543979 0.590344 0.5698330000000001 0.590344 0.570229 0.600625 0.573354 0.607688 0.552979
12 0.188172 0.29302100000000003 0.19606300000000002 0.28427100000000005 0.175047 0.22997900000000002 0.164547 0.24575 0.188172 0.29302100000000003
12 0.123031 0.23108299999999998 0.146625 0.29624999999999996 0.158422 0.2985 0.12809399999999999 0.222104 0.123031 0.224354 0.123031 0.23108299999999998
12 0.190875 0.212833 0.175672 0.226354 0.202703 0.287167 0.21453099999999997 0.27589600000000003 0.190875 0.212833
12 0.170656 0.301417 0.18204700000000001 0.296146 0.162734 0.23475000000000001 0.138469 0.22022899999999998 0.143422 0.235417 0.15282800000000002 0.238042 0.170656 0.301417
12 0.21235900000000002 0.267729 0.21579700000000002 0.265979 0.197797 0.22504200000000002 0.193828 0.22539599999999999 0.21235900000000002 0.267729
72 0.591484 0.572187 0.606 0.516292 0.607172 0.505354 0.6062339999999999 0.49600000000000005 0.603422 0.493188 0.599906 0.493188 0.595703 0.49725 0.5928910000000001 0.5066039999999999 0.589844 0.520667 0.589375 0.538146 0.580937 0.574375 0.591484 0.572187
72 0.574437 0.617625 0.57525 0.6078749999999999 0.5646720000000001 0.626312 0.576063 0.627396 0.574437 0.617625