18 0.546828 0.701771 0.547672 0.698063 0.546234 0.6899580000000001 0.545984 0.6828749999999999 0.542859 0.673771 0.527422 0.6733119999999999 0.523625 0.676583 0.522016 0.682771 0.520922 0.6872710000000001 0.520922 0.6878329999999999 0.519656 0.695583 0.5216719999999999 0.7021040000000001 0.525391 0.7028960000000001 0.527328 0.699083 0.542938 0.698396 0.5433589999999999 0.7011040000000001 0.546828 0.701771
18 0.575359 0.699688 0.576047 0.696937 0.5925309999999999 0.696333 0.593453 0.700896 0.597797 0.700896 0.5966560000000001 0.6914370000000001 0.5952810000000001 0.681375 0.5925309999999999 0.6722079999999999 0.576969 0.6709790000000001 0.569187 0.677396 0.569875 0.692667 0.5717030000000001 0.695104 0.573297 0.6935830000000001 0.574453 0.697542 0.575141 0.699688 0.575828 0.696333 0.575359 0.699688
18 0.0349531 0.659354 0.0378906 0.675 0.038421899999999995 0.6928129999999999 0.0408281 0.7063330000000001 0.0424219 0.730167 0.045625 0.738354 0.0565781 0.741208 0.0635156 0.738708 0.0656562 0.7294579999999999 0.06992190000000001 0.7248330000000001 0.0707187 0.717708 0.075 0.7148749999999999 0.075 0.7066870000000001 0.0797969 0.703479 0.0907344 0.7002710000000001 0.0899375 0.686042 0.0797969 0.682125 0.061640600000000004 0.679271 0.0410937 0.658625 0.0354844 0.6582709999999999 0.0349531 0.659354
18 0.553125 0.690021 0.561828 0.691333 0.565562 0.6800630000000001 0.5613279999999999 0.676083 0.549141 0.6721039999999999 0.552625 0.6910000000000001 0.553125 0.690021
31 0.0814531 0.775542 0.08837500000000001 0.775 0.0908906 0.770521 0.09131249999999999 0.7674369999999999 0.09131249999999999 0.747583 0.0931875 0.7453540000000001 0.0965469 0.73975 0.0978125 0.729688 0.0931875 0.7215830000000001 0.0927656 0.710667 0.0873125 0.696979 0.08040620000000001 0.698937 0.0741094 0.7062080000000001 0.0732656 0.7185 0.07075000000000001 0.729417 0.0726406 0.7417079999999999 0.0730625 0.750667 0.0728437 0.771917 0.0814531 0.775542
18 0.534125 0.669917 0.532656 0.672542 0.543625 0.674292 0.545266 0.6812710000000001 0.547063 0.693292 0.5500160000000001 0.696125 0.551984 0.6948120000000001 0.552469 0.6924170000000001 0.5514840000000001 0.687604 0.5500160000000001 0.681063 0.548875 0.671229 0.5480470000000001 0.670792 0.5364220000000001 0.671229 0.534125 0.669917
73 0.560297 0.6141249999999999 0.560297 0.6357079999999999 0.560297 0.653354 0.569859 0.656292 0.572797 0.637667 0.5713280000000001 0.6111869999999999 0.561766 0.612167 0.560297 0.6141249999999999
73 0.593344 0.630792 0.598078 0.630792 0.597922 0.623875 0.593344 0.6244999999999999 0.593344 0.630792
18 0.441219 0.679479 0.43634399999999995 0.682729 0.43585900000000005 0.684021 0.434875 0.6921459999999999 0.43853099999999995 0.6921459999999999 0.445359 0.691812 0.45290600000000003 0.691167 0.457766 0.6901879999999999 0.46142200000000005 0.6927920000000001 0.46482799999999996 0.690521 0.466531 0.689208 0.469703 0.689208 0.472875 0.689208 0.473109 0.688562 0.474094 0.683042 0.472625 0.677854 0.465562 0.6785 0.46045299999999995 0.6755829999999999 0.453391 0.672979 0.446078 0.6739580000000001 0.44340599999999997 0.676562 0.43756300000000004 0.6811039999999999 0.441219 0.679479
18 0.000390625 0.619 0 0.753917 0.0243125 0.727479 0.042781200000000005 0.728396 0.0338906 0.660937 0.0215781 0.627208 0.0037968796875 0.6162500000000001 0.000390625 0.619
73 0.593094 0.624375 0.5913280000000001 0.6281669999999999 0.593578 0.631 0.593281 0.6237499999999999 0.593094 0.624375