18 0.235609 0.8709129999999999 0.24160900000000002 0.86993 0.24729700000000002 0.8679159999999999 0.261656 0.8679159999999999 0.264656 0.8704219999999999 0.269 0.869415 0.271672 0.866417 0.272016 0.854403 0.269672 0.842881 0.265328 0.8303750000000001 0.239953 0.8303750000000001 0.237937 0.833372 0.233937 0.846393 0.230266 0.8584069999999999 0.23126600000000003 0.8709129999999999 0.235609 0.8709129999999999
18 0.33317199999999997 0.840984 0.329828 0.848595 0.329453 0.856393 0.331688 0.8577049999999999 0.334047 0.85548 0.34023400000000004 0.855105 0.341609 0.8577049999999999 0.34284400000000004 0.8577049999999999 0.345078 0.853419 0.345688 0.847494 0.344578 0.845808 0.34023400000000004 0.840047 0.333922 0.840422 0.33317199999999997 0.840984
18 0.593156 0.85726 0.595062 0.85726 0.600016 0.85726 0.603375 0.858689 0.6051409999999999 0.8606090000000001 0.607047 0.8606090000000001 0.608484 0.8606090000000001 0.6091249999999999 0.8570260000000001 0.608969 0.8527170000000001 0.608016 0.845035 0.60625 0.840492 0.604812 0.835714 0.601781 0.832108 0.599547 0.831874 0.596031 0.831874 0.590437 0.834988 0.588844 0.837143 0.588031 0.846956 0.588359 0.84911 0.586922 0.8555740000000001 0.589313 0.857986 0.59075 0.856534 0.593156 0.85726
18 0.211594 0.8600000000000001 0.212094 0.84171 0.204469 0.837143 0.198875 0.824169 0.170906 0.827986 0.165828 0.837892 0.15870299999999998 0.847799 0.15870299999999998 0.8538880000000001 0.157688 0.860749 0.157688 0.867611 0.159219 0.871429 0.162781 0.871429 0.16481300000000002 0.866089 0.164297 0.861522 0.169391 0.863817 0.181594 0.863044 0.186172 0.866089 0.18768800000000002 0.8683839999999999 0.18768800000000002 0.870656 0.188703 0.8737240000000001 0.191766 0.8737240000000001 0.19328099999999998 0.869906 0.194812 0.866862 0.194297 0.866862 0.20345300000000002 0.866089 0.204469 0.870656 0.208031 0.8729509999999999 0.21107800000000002 0.863817 0.21107800000000002 0.8584780000000001 0.211594 0.8600000000000001
18 0.958859 0.889696 0.966609 0.883888 0.9704840000000001 0.88 0.974359 0.88 0.982969 0.89356 0.9928750000000001 0.890984 0.9928750000000001 0.881944 0.9937340000000001 0.881944 0.9997659999999999 0.8787119999999999 0.9997659999999999 0.790937 0.9601559999999999 0.787728 0.948531 0.787728 0.938625 0.7974 0.936047 0.801265 0.921828 0.823208 0.907625 0.831593 0.9024530000000001 0.854848 0.904609 0.8632319999999999 0.910641 0.8787119999999999 0.914078 0.8890399999999999 0.925703 0.8890399999999999 0.930438 0.886464 0.927422 0.876768 0.948531 0.874848 0.958859 0.889696
18 0.355938 0.83815 0.351078 0.83897 0.349391 0.845433 0.349391 0.8499059999999999 0.350891 0.8552460000000001 0.355 0.853841 0.354063 0.851874 0.35518700000000003 0.852155 0.358563 0.8499059999999999 0.358563 0.854122 0.360234 0.8552460000000001 0.363984 0.8555269999999999 0.36379700000000004 0.8510300000000001 0.364359 0.845433 0.36360899999999996 0.842061 0.36192199999999997 0.841499 0.360797 0.837869 0.356312 0.837869 0.355938 0.83815
18 0.22349999999999998 0.842553 0.219844 0.849274 0.21842199999999998 0.8535360000000001 0.21800000000000003 0.859344 0.218219 0.867283 0.219234 0.8697189999999999 0.222688 0.866979 0.224125 0.864543 0.22615599999999997 0.868501 0.228797 0.865457 0.229609 0.863934 0.232063 0.855082 0.236547 0.8382900000000001 0.235937 0.836464 0.225953 0.837073 0.22349999999999998 0.842553
75 0.725063 0.865574 0.734812 0.8641220000000001 0.734328 0.878009 0.740672 0.880187 0.7435940000000001 0.867026 0.756281 0.865574 0.7601720000000001 0.8765339999999999 0.765547 0.880187 0.7675 0.8641220000000001 0.7777339999999999 0.8641220000000001 0.7777339999999999 0.878009 0.783594 0.882389 0.790422 0.872881 0.792859 0.826815 0.7801720000000001 0.8239110000000001 0.772375 0.8063469999999999 0.745547 0.800515 0.728469 0.8056209999999999 0.711406 0.8385250000000001 0.7162810000000001 0.872155 0.715797 0.875082 0.723109 0.8765339999999999 0.725063 0.865574
75 0.548594 0.858267 0.553766 0.860187 0.555922 0.867939 0.564953 0.867939 0.571422 0.8537469999999999 0.568406 0.842763 0.568406 0.8318030000000001 0.570547 0.823419 0.565391 0.809859 0.559797 0.808571 0.548172 0.808571 0.536547 0.810515 0.533531 0.815667 0.532672 0.827283 0.527062 0.8318030000000001 0.525781 0.845995 0.527922 0.868595 0.536969 0.8698830000000001 0.538687 0.8698830000000001 0.538687 0.869227 0.5429999999999999 0.8595550000000001 0.548594 0.858267
75 0.11339099999999999 0.881803 0.11835899999999999 0.879461 0.119922 0.868876 0.128031 0.870047 0.13142199999999998 0.877096 0.13456300000000002 0.881803 0.139781 0.881405 0.141875 0.872787 0.141094 0.857892 0.142922 0.852014 0.143187 0.828525 0.14135899999999998 0.8199059999999999 0.135078 0.8144030000000001 0.13325 0.81089 0.126719 0.794824 0.114953 0.794052 0.0705156 0.795621 0.061625 0.811663 0.0524844 0.81637 0.0441094 0.832834 0.045953100000000004 0.878665 0.054046899999999995 0.8837700000000001 0.061375 0.873185 0.0739219 0.873185 0.0739219 0.8810070000000001 0.078625 0.8833719999999999 0.0835937 0.882201 0.0854219 0.8723890000000001 0.105016 0.8720140000000001 0.10764100000000001 0.880234 0.11339099999999999 0.881803
75 0.290203 0.859625 0.290781 0.85897 0.291516 0.8622719999999999 0.29326599999999997 0.862482 0.294578 0.859625 0.294734 0.856347 0.295172 0.852412 0.296187 0.84541 0.294141 0.841241 0.29312499999999997 0.836862 0.291078 0.8331620000000001 0.290344 0.828993 0.288594 0.827892 0.27779699999999996 0.827026 0.274875 0.827471 0.271953 0.8322719999999999 0.270484 0.837518 0.271656 0.842787 0.272688 0.846276 0.271953 0.8611709999999999 0.273266 0.862693 0.273563 0.862693 0.274875 0.862037 0.275609 0.8587589999999999 0.27749999999999997 0.857892 0.278953 0.86007 0.280719 0.860515 0.281297 0.8602810000000001 0.281594 0.856792 0.285391 0.85459 0.286266 0.8583139999999999 0.28815599999999997 0.862482 0.288891 0.862482 0.290203 0.859625
75 0.506969 0.85466 0.50725 0.855948 0.510656 0.856792 0.512078 0.8542390000000001 0.509234 0.828689 0.49218799999999996 0.8274 0.487641 0.8410299999999999 0.487641 0.852529 0.489344 0.857213 0.49474999999999997 0.856792 0.495594 0.852951 0.507531 0.8533719999999999 0.506969 0.85466
75 0.901078 0.838197 0.9025779999999999 0.8651760000000001 0.905578 0.8741690000000001 0.920562 0.8898830000000001 0.9280630000000001 0.8898830000000001 0.9280630000000001 0.8808900000000001 0.950562 0.883138 0.962547 0.894379 0.968547 0.8808900000000001 0.9790469999999999 0.885386 0.997031 0.8898830000000001 0.997031 0.878642 0.9985310000000001 0.788759 0.934062 0.791007 0.937063 0.797752 0.9250619999999999 0.820234 0.901078 0.838197
75 0.157375 0.87103 0.161297 0.873958 0.164234 0.8724820000000001 0.166203 0.8680800000000001 0.172078 0.8680800000000001 0.174047 0.87103 0.179922 0.8680800000000001 0.186797 0.8724820000000001 0.193656 0.87103 0.196594 0.866604 0.202469 0.866604 0.205422 0.869555 0.21129699999999998 0.863677 0.210312 0.8533959999999999 0.21129699999999998 0.840164 0.205422 0.8372130000000001 0.198547 0.8240050000000001 0.176984 0.821054 0.162281 0.843091 0.157375 0.85192 0.158359 0.866604 0.157375 0.87103
73 0.455797 0.46859500000000004 0.45535899999999996 0.537635 0.466563 0.537635 0.475172 0.537635 0.476031 0.5344260000000001 0.476891 0.520211 0.46310900000000005 0.514403 0.476031 0.516347 0.476031 0.509251 0.47645299999999996 0.496347 0.46224999999999994 0.49248200000000003 0.46224999999999994 0.487307 0.47559399999999996 0.491171 0.47645299999999996 0.472459 0.473016 0.46925100000000003 0.472156 0.46925100000000003 0.463547 0.470539 0.455797 0.46859500000000004
73 0.42107799999999995 0.464895 0.420937 0.47608900000000004 0.42132800000000004 0.524754 0.438734 0.525738 0.43925000000000003 0.50719 0.440141 0.46007000000000003 0.43756300000000004 0.451756 0.436531 0.444988 0.430859 0.440562 0.42932800000000004 0.441335 0.42557799999999996 0.44421499999999997 0.424547 0.44615900000000003 0.424172 0.451569 0.423906 0.454075 0.422484 0.455035 0.42132800000000004 0.456768 0.42132800000000004 0.459672 0.42107799999999995 0.464895
73 0.469625 0.585761 0.469625 0.5379160000000001 0.457109 0.538548 0.45754700000000004 0.587073 0.469625 0.585761
73 0.5662659999999999 0.497518 0.5529219999999999 0.49557399999999996 0.5529219999999999 0.562061 0.5649689999999999 0.562061 0.5662659999999999 0.497518
73 0.569953 0.562108 0.574281 0.563911 0.576203 0.561382 0.586797 0.560304 0.587516 0.5458780000000001 0.575734 0.544801 0.575734 0.541194 0.587516 0.539391 0.588484 0.524965 0.575484 0.52171 0.576203 0.519204 0.587516 0.519204 0.588234 0.5033259999999999 0.5774060000000001 0.501897 0.572359 0.499368 0.569953 0.562108
73 0.6936880000000001 0.6003980000000001 0.704688 0.601171 0.707047 0.598033 0.707047 0.592927 0.704422 0.5842860000000001 0.7062660000000001 0.579977 0.708359 0.574871 0.705734 0.56897 0.7065159999999999 0.559555 0.7062660000000001 0.548946 0.702859 0.546979 0.7049529999999999 0.544239 0.703906 0.539133 0.7005 0.540304 0.7015469999999999 0.532857 0.697875 0.533255 0.695781 0.5371659999999999 0.694203 0.543068 0.697094 0.543443 0.697094 0.547377 0.693422 0.548173 0.6936880000000001 0.600773 0.6936880000000001 0.6003980000000001
73 0.7514689999999999 0.562225 0.746953 0.563817 0.745359 0.567588 0.745625 0.589461 0.745625 0.59185 0.7445630000000001 0.621101 0.749734 0.6208899999999999 0.750266 0.616112 0.76075 0.614333 0.759031 0.60459 0.7525310000000001 0.602389 0.752266 0.600609 0.760219 0.599016 0.7600939999999999 0.58808 0.753313 0.585293 0.753188 0.583302 0.759687 0.582108 0.759297 0.5695779999999999 0.753047 0.569977 0.7514689999999999 0.562225
73 0.796063 0.630211 0.813625 0.636066 0.814109 0.593653 0.799969 0.587799 0.796063 0.630211
73 0.31921900000000003 0.549204 0.335797 0.553583 0.337266 0.49437899999999996 0.320688 0.492904 0.31921900000000003 0.549204
73 0.102359 0.441756 0.106609 0.438548 0.0789531 0.43644 0.0796562 0.505527 0.0895937 0.5065810000000001 0.0924219 0.5150819999999999 0.10093700000000001 0.5129739999999999 0.10164100000000001 0.439625 0.102359 0.441756
73 0.110531 0.44168599999999997 0.108375 0.508806 0.12473399999999998 0.508806 0.129047 0.43911 0.110094 0.43911 0.110531 0.44168599999999997
18 0.380672 0.858126 0.380672 0.853607 0.390641 0.853607 0.39123399999999997 0.8585710000000001 0.393656 0.8585710000000001 0.394266 0.8549650000000001 0.393656 0.850422 0.396672 0.850422 0.39607800000000004 0.8472599999999999 0.393359 0.8472599999999999 0.389125 0.840023 0.382781 0.840023 0.380063 0.842272 0.378859 0.844543 0.377953 0.845902 0.378547 0.857213 0.380672 0.858126
18 0.370953 0.852951 0.372172 0.852951 0.372688 0.849836 0.372688 0.839133 0.366953 0.838478 0.362344 0.8388760000000001 0.362344 0.842272 0.36356299999999997 0.8459249999999999 0.364344 0.850351 0.370078 0.8499530000000001 0.370953 0.852951