13 0.39557 0.19809100000000002 0.401287 0.197419 0.408746 0.198742 0.41645 0.200738 0.41645 0.193124 0.41495099999999996 0.144143 0.411466 0.14049899999999999 0.409984 0.13885 0.408485 0.13718 0.407997 0.128265 0.406498 0.125618 0.403779 0.128351 0.403779 0.133319 0.403046 0.13661600000000002 0.400554 0.139262 0.395831 0.139935 0.39459299999999997 0.15019500000000002 0.39459299999999997 0.163753 0.39459299999999997 0.176334 0.394349 0.18724500000000002 0.391857 0.196855 0.39557 0.19809100000000002
13 0.398974 0.307115 0.398453 0.266681 0.39259 0.26312399999999997 0.38886 0.25249499999999997 0.381938 0.253189 0.382997 0.26240800000000003 0.380342 0.265965 0.37926699999999997 0.309957 0.380863 0.30639900000000003 0.395244 0.307115 0.398974 0.307115
79 0.956336 0.264837 0.955228 0.272928 0.950163 0.27561800000000003 0.9451139999999999 0.283709 0.9414659999999999 0.299067 0.9410589999999999 0.310651 0.957655 0.311193 0.971808 0.310651 0.977476 0.310651 0.97728 0.299067 0.9745109999999999 0.28440299999999996 0.968616 0.275575 0.965065 0.273102 0.964316 0.266074 0.96285 0.255944 0.964218 0.247245 0.966384 0.242625 0.9733219999999999 0.23843799999999998 0.977655 0.234685 0.9673780000000001 0.23128 0.953013 0.231085 0.943616 0.233818 0.9520850000000001 0.240239 0.956221 0.24329699999999999 0.956433 0.245445 0.957655 0.256226 0.956336 0.264837
26 0.0697557003257329 0.275488 0.0780455993485342 0.32308 0.0821987003257329 0.326464 0.0939902003257329 0.32561799999999996 0.0939902003257329 0.32136699999999996 0.09495109934853421 0.275076 0.0930292996742671 0.274642 0.07231270032573289 0.274642 0.06943 0.274642 0.0697557003257329 0.275488
48 0.29741 0.5771799999999999 0.258876 0.5884159999999999 0.264902 0.740282 0.26972300000000005 0.873406 0.268518 0.929544 0.30343600000000004 0.92154 0.40459300000000004 0.8942730000000001 0.398583 0.7739699999999999 0.38171000000000005 0.7643380000000001 0.38171000000000005 0.740282 0.42627 0.7306509999999999 0.420261 0.55102 0.413029 0.542993 0.295016 0.5814969999999999 0.29741 0.5771799999999999
48 0.710326 0.548308 0.7018890000000001 0.698872 0.8571170000000001 0.768547 0.858795 0.5775269999999999 0.946531 0.541584 0.794674 0.503362 0.7136969999999999 0.543818 0.710326 0.548308
70 0.20671 0.538351 0.203795 0.538351 0.19702 0.500911 0.196042 0.488004 0.18975599999999998 0.47833000000000003 0.170375 0.47251600000000005 0.132085 0.47833000000000003 0.11657999999999999 0.494469 0.11706799999999999 0.538351 0.110293 0.541584 0.109316 0.548677 0.110765 0.551909 0.11657999999999999 0.551258 0.135 0.5622339999999999 0.134511 0.5602820000000001 0.20815999999999998 0.543514 0.20671 0.538351
70 0.716498 0.467072 0.723355 0.452234 0.729788 0.44310200000000005 0.716498 0.435662 0.704072 0.4328199999999999 0.670635 0.435662 0.660765 0.454512 0.659919 0.489349 0.659055 0.497896 0.688632 0.501909 0.704495 0.49961 0.728502 0.496182 0.728078 0.491627 0.719935 0.4842080000000001 0.716498 0.467072
58 0.477003 0.532798 0.550717 0.513167 0.49122099999999996 0.493536 0.422769 0.508959 0.477003 0.532798
13 0.387818 0.13622599999999999 0.382508 0.126095 0.38112399999999996 0.113514 0.37628700000000004 0.114425 0.375375 0.119653 0.374902 0.141453 0.37628700000000004 0.193362 0.375375 0.20349199999999998 0.384137 0.20472900000000002 0.394267 0.2041 0.395651 0.20195200000000002 0.39242699999999997 0.17555300000000001 0.39219899999999996 0.146052 0.387818 0.13622599999999999
26 0.736792 0.279067 0.729023 0.28164900000000004 0.728046 0.302993 0.7372799999999999 0.300412 0.7372799999999999 0.306247 0.759137 0.304946 0.7581600000000001 0.270022 0.754756 0.270022 0.755733 0.26937099999999997 0.7382409999999999 0.271302 0.736792 0.279067
62 0.570879 0.44279799999999997 0.577264 0.440412 0.578062 0.438026 0.579463 0.431909 0.57855 0.42872 0.572476 0.428048 0.5684849999999999 0.429262 0.565782 0.43245100000000003 0.566678 0.43961 0.568176 0.442017 0.5641860000000001 0.452646 0.561091 0.46128 0.557899 0.478026 0.566987 0.460868 0.570879 0.44279799999999997
14 0.914235 0.7348589999999999 0.91684 0.744902 0.9228179999999999 0.759458 0.962899 0.764664 0.9725239999999999 0.751844 0.978257 0.721692 0.9779969999999999 0.712668 0.974088 0.706095 0.964202 0.698113 0.944691 0.693948 0.9340069999999999 0.695336 0.918664 0.6984600000000001 0.9100649999999999 0.701931 0.9059119999999999 0.707809 0.90513 0.709197 0.910847 0.722733 0.914235 0.7348589999999999
26 0.695651 0.20243 0.705163 0.200152 0.70443 0.175488 0.703697 0.17516299999999999 0.700049 0.17516299999999999 0.696384 0.175488 0.692248 0.17744000000000001 0.691759 0.181649 0.693941 0.20307999999999998 0.695651 0.20243
26 0.713388 0.20154000000000002 0.721906 0.19902399999999998 0.72114 0.172581 0.717166 0.172082 0.70943 0.172842 0.706401 0.175618 0.704511 0.182408 0.704511 0.20102 0.713388 0.20154000000000002
26 0.729642 0.173709 0.727866 0.199631 0.7302770000000001 0.19878500000000002 0.733664 0.19856800000000002 0.7402610000000001 0.19856800000000002 0.7470030000000001 0.193644 0.746857 0.17327499999999998 0.729805 0.173709 0.729642 0.173709
26 0.760521 0.16618200000000002 0.756336 0.165748 0.753762 0.16917600000000002 0.753111 0.17409999999999998 0.752638 0.192104 0.760521 0.192104 0.761954 0.170456 0.760521 0.16618200000000002
27 0.448534 0.981822 0.446596 0.8649460000000001 0.587003 0.984425 0.9965310000000001 0.987007 0.9984850000000001 0.825965 0.616254 0.662343 0.384186 0.7428629999999999 0.382231 0.755835 0.40172599999999997 0.768829 0.40759 0.987007 0.448534 0.981822