22 0.700287 0.48185900000000004 0.7183609999999999 0.50625 0.722541 0.509422 0.729488 0.48928099999999997 0.797643 0.491406 0.803217 0.49882799999999994 0.8018240000000001 0.509422 0.8185250000000001 0.500938 0.8060039999999999 0.43306300000000003 0.8004300000000001 0.400188 0.824078 0.353516 0.807398 0.350344 0.785123 0.359891 0.723934 0.355641 0.7044469999999999 0.346094 0.683586 0.394891 0.671066 0.399125 0.668299 0.416094 0.679426 0.426703 0.672459 0.44579700000000005 0.700287 0.48185900000000004
22 1 0.43803099999999995 0.937684 0.445406 0.883484 0.364234 0.8794879999999999 0.361203 0.876475 0.373859 0.898545 0.415953 0.8937700000000001 0.440266 0.886988 0.44268799999999997 0.886988 0.449078 0.864283 0.518062 0.868258 0.519281 0.872254 0.509859 0.8754299999999999 0.5137970000000001 0.873033 0.526266 0.8786269999999999 0.5283909999999999 0.90334 0.466703 0.931619 0.46457800000000005 0.969098 0.5283909999999999 0.9894259999999999 0.5280940000000001 0.946783 0.463656 0.960902 0.458688 1 0.458688 1 0.451312 1 0.43803099999999995
22 0 0.413 0.0004713114754098361 0.43029700000000004 0.010881100409836066 0.42742199999999997 0.016536899590163936 0.455172 0.018442600409836064 0.47681300000000004 0 0.480047 0.00188525 0.491594 0.0029508196721311475 0.492828 0.024959000000000002 0.485734 0.02663929918032787 0.496703 0.034262299180327874 0.496703 0.02834020081967213 0.45732799999999996 0.016495899590163933 0.403125 0.016495899590163933 0.398609 0.023258200819672132 0.385703 0.031721299180327865 0.365047 0.0325615 0.357313 0.02579920081967213 0.355375 0.023176200819672133 0.359641 0.01797129918032787 0.36 0 0.36 0 0.413
22 1 0.394391 1 0.373141 0.998975 0.369781 0.981373 0.369781 0.977705 0.366703 0.970738 0.364187 0.968914 0.368938 0.960471 0.414813 0.960471 0.424031 0.953873 0.426828 0.956434 0.434109 0.96084 0.436891 0.979549 0.43634399999999995 0.979549 0.4058590000000001 0.975512 0.399141 0.975512 0.394109 1 0.394391
22 0.975143 0.5015 0.981004 0.510172 1 0.507922 0.998607 0.49785899999999994 0.997152 0.497578 0.983566 0.497578 0.981742 0.46178100000000005 0.9736680000000001 0.462063 0.975143 0.5015
50 0.38043 0.375953 0.394057 0.393766 0.370061 0.4387499999999999 0.290123 0.4206869999999999 0.263484 0.472609 0.304918 0.522266 0.42334 0.465844 0.452951 0.51325 0.417418 0.585484 0.352295 0.675766 0.343402 0.799922 0.251639 0.8473279999999999 0.251639 0.8811880000000001 0.399652 0.869906 0.411496 0.811219 0.444057 0.680281 0.518074 0.608047 0.5713730000000001 0.666734 0.639447 0.657719 0.737152 0.8337809999999999 0.728279 0.8811880000000001 0.660184 0.937625 0.692746 0.9579380000000001 0.825963 0.908281 0.799324 0.804438 0.766762 0.720922 0.728012 0.633422 0.719037 0.514203 0.632766 0.40182799999999996 0.5713730000000001 0.228813 0.515123 0.192703 0.454898 0.139656 0.464426 0.111828 0.451721 0.103359 0.443791 0.0936875 0.388279 0.0440938 0.307357 0.059812500000000005 0.305082 0.0847031 0.328586 0.140313 0.326107 0.153516 0.349836 0.180953 0.361107 0.173391 0.374344 0.168328 0.358443 0.187531 0.388914 0.20823399999999997 0.365082 0.24560900000000002 0.375656 0.256188 0.3725 0.327562 0.291578 0.328781 0.29793 0.372328 0.38043 0.375953
50 0.0829918 0.325891 0.076291 0.313547 0.0718238 0.304172 0.0785246 0.29225 0.0695902 0.280328 0.0634426 0.276078 0.0494877 0.265 0.0545082 0.258188 0.0539549 0.245844 0.0355328 0.241594 0.0226844 0.24925000000000003 0.023791 0.259891 0.028832 0.27225 0.0103893 0.277781 0.00815574 0.286297 0.00145492 0.301625 0.00313525 0.314812 0.0109631 0.319078 0.000348361 0.337391 0.00202869 0.3425 0.0829918 0.339094 0.0840984 0.340656 0.087459 0.334266 0.0829918 0.325891
50 0.184549 0.289703 0.179549 0.272937 0.157561 0.254641 0.142561 0.239406 0.118586 0.23864099999999996 0.115574 0.253891 0.120574 0.271406 0.111578 0.278266 0.10858599999999999 0.298844 0.103586 0.316375 0.0885861 0.324 0.0876025 0.336953 0.113586 0.336203 0.122582 0.332391 0.12957 0.327813 0.14457 0.335437 0.183545 0.333141 0.189549 0.324766 0.185553 0.308 0.184549 0.289703
50 0.6528480000000001 0.315844 0.6969879999999999 0.313984 0.701824 0.312328 0.702807 0.30807799999999996 0.7008610000000001 0.301609 0.695287 0.293469 0.695041 0.279234 0.697213 0.273125 0.695287 0.265359 0.690184 0.25704699999999997 0.686066 0.252969 0.689467 0.250375 0.687275 0.243172 0.677828 0.23706299999999997 0.669344 0.238922 0.66084 0.242609 0.661086 0.250203 0.654549 0.250375 0.6489550000000001 0.253891 0.6470290000000001 0.259625 0.646783 0.26646899999999996 0.643135 0.289578 0.64459 0.295687 0.643381 0.300312 0.638545 0.30345300000000003 0.6387700000000001 0.314172 0.6528480000000001 0.315844
50 0.591393 0.282125 0.60123 0.298078 0.607377 0.320594 0.62584 0.317781 0.628299 0.30839099999999997 0.618463 0.284938 0.6246109999999999 0.270859 0.622152 0.260547 0.603689 0.253031 0.608607 0.249281 0.597541 0.230516 0.580307 0.238016 0.580307 0.253031 0.591393 0.282125
18 0.916967 0.246984 0.9122129999999999 0.23768699999999998 0.902049 0.229156 0.837643 0.229406 0.817643 0.234844 0.813566 0.24335900000000002 0.815943 0.24725000000000003 0.827807 0.246984 0.916967 0.246984
68 0.31768399999999997 0.28393799999999997 0.31627000000000005 0.24971899999999997 0.30926200000000004 0.23153100000000001 0.296639 0.22084399999999998 0.278402 0.213359 0.24895499999999998 0.221906 0.213893 0.245438 0.20688499999999999 0.261484 0.204078 0.30212500000000003 0.204078 0.314953 0.22231599999999999 0.322438 0.233525 0.335281 0.26018399999999997 0.341688 0.271393 0.378063 0.282623 0.421906 0.28543 0.430453 0.314877 0.431531 0.28543 0.337422 0.31768399999999997 0.28393799999999997
22 0.12192599999999999 0.463312 0.134734 0.45015599999999995 0.14588099999999998 0.402578 0.15813500000000003 0.402141 0.201578 0.46459400000000006 0.21495899999999998 0.463312 0.200471 0.44165599999999994 0.203811 0.437828 0.21049199999999998 0.444625 0.217746 0.446328 0.223873 0.445906 0.18543 0.40171900000000005 0.219406 0.399594 0.22832 0.387703 0.22553299999999998 0.38175 0.173176 0.383031 0.12748 0.33035899999999996 0.121352 0.33035899999999996 0.11969300000000001 0.33587500000000003 0.115225 0.336719 0.111885 0.341828 0.134734 0.378359 0.116906 0.46118800000000004 0.12192599999999999 0.463312
50 0.58248 0.22659400000000002 0.583258 0.22599999999999998 0.5863729999999999 0.20878100000000002 0.590266 0.198094 0.58248 0.17968800000000001 0.5863729999999999 0.175531 0.61207 0.183844 0.620635 0.175531 0.6089549999999999 0.17196899999999998 0.5863729999999999 0.16364099999999998 0.589488 0.154141 0.5887089999999999 0.152953 0.5762499999999999 0.148797 0.5754710000000001 0.148203 0.561455 0.15770299999999998 0.557561 0.167219 0.557561 0.184438 0.5606760000000001 0.19275 0.565348 0.206406 0.5707990000000001 0.2165 0.574693 0.23312499999999997 0.58248 0.22659400000000002
50 0.641496 0.23142200000000002 0.6455740000000001 0.24845299999999998 0.659795 0.24845299999999998 0.659795 0.21437499999999998 0.649631 0.20043700000000003 0.65166 0.174109 0.641496 0.163266 0.63541 0.140031 0.615102 0.14621900000000002 0.629324 0.15706199999999998 0.617131 0.16170299999999999 0.615102 0.17875000000000002 0.617131 0.201984 0.615102 0.242266 0.629324 0.24070299999999997 0.637439 0.220578 0.63541 0.236063 0.641496 0.23142200000000002
50 0.07182379918032786 0.240422 0.06780739959016392 0.248375 0.0975 0.248672 0.10391399999999999 0.246844 0.103504 0.242563 0.10993900000000001 0.23675000000000002 0.103504 0.2245 0.0998975 0.22174999999999997 0.09829920081967214 0.219313 0.095082 0.215016 0.09026639959016393 0.21349999999999997 0.08465160040983606 0.21410900000000002 0.08184429918032787 0.217172 0.08143439959016394 0.224203 0.0661885 0.230625 0.07422129918032787 0.23735900000000001 0.07182379918032786 0.240422
50 0.09643439959016394 0.324969 0.09643439959016394 0.32368800000000003 0.09473360040983606 0.312094 0.102336 0.283766 0.08967210040983607 0.276031 0.08206970081967213 0.263156 0.076168 0.251563 0.06940570081967214 0.24254699999999998 0.057582 0.247703 0.04829920081967213 0.258 0.05168029918032786 0.275391 0.06940570081967214 0.286984 0.06940570081967214 0.299859 0.07446720081967212 0.310156 0.08206970081967213 0.324328 0.09643439959016394 0.324969
50 0 0.296906 0.0028278709016393445 0.29895299999999997 0.006290979508196721 0.291047 0.0112705 0.272609 0.023176200819672133 0.255922 0.025860700819672133 0.24596900000000002 0.010123 0.24100000000000002 0 0.24245299999999997 0 0.259141 0 0.269094 0 0.296906
50 0.111332 0.245938 0.115164 0.246266 0.119426 0.24301599999999998 0.12112700000000001 0.24075000000000002 0.124098 0.23912499999999998 0.128361 0.23815599999999998 0.13475399999999998 0.237828 0.13305299999999998 0.236531 0.130492 0.23424999999999999 0.128361 0.228078 0.12582 0.22678099999999998 0.124529 0.224516 0.124529 0.22126600000000002 0.12368900000000001 0.218016 0.121988 0.21575000000000003 0.118996 0.21575000000000003 0.116434 0.217047 0.115164 0.21964100000000003 0.114734 0.222234 0.114734 0.224844 0.113893 0.22678099999999998 0.112602 0.22743799999999997 0.108361 0.228078 0.10707 0.22906300000000002 0.10707 0.231 0.108361 0.233281 0.110492 0.235875 0.112193 0.238797 0.111332 0.24171900000000002 0.110902 0.245938 0.111332 0.245938
8 0.921025 0.294781 0.8887499999999999 0.292813 0.771926 0.298234 0.7835449999999999 0.303641 0.919734 0.297734 0.921025 0.294781
8 0.834959 0.322719 0.960738 0.319812 0.9622539999999999 0.31575000000000003 0.940922 0.314 0.792275 0.318656 0.79457 0.327375 0.834959 0.322719
50 0.7233200000000001 0.24704700000000002 0.722602 0.238781 0.71248 0.234375 0.700184 0.236578 0.692971 0.245953 0.702357 0.252016 0.7045290000000001 0.257531 0.697295 0.26139100000000004 0.693689 0.27185899999999996 0.6922339999999999 0.288391 0.696578 0.296109 0.703811 0.298312 0.700184 0.300516 0.700922 0.313188 0.692971 0.330281 0.6893440000000001 0.350109 0.708873 0.346813 0.7131970000000001 0.324766 0.7182580000000001 0.319797 0.719713 0.324766 0.7182580000000001 0.345156 0.711762 0.350109 0.722602 0.35176599999999997 0.740676 0.349016 0.740676 0.31925 0.765246 0.313734 0.764529 0.293344 0.75873 0.285078 0.75584 0.263031 0.729098 0.2465 0.7233200000000001 0.24704700000000002
50 0.998893 0.304719 0.964898 0.325563 0.944221 0.38504700000000003 0.952889 0.39775 0.955553 0.42571899999999996 0.997561 0.434859 0.998893 0.304719