15 0.41345299999999996 0.693271 0.448391 0.696375 0.492625 0.6653330000000001 0.5100939999999999 0.626521 0.500781 0.5830420000000001 0.496125 0.5519999999999999 0.506594 0.5100830000000001 0.497281 0.480604 0.486812 0.457312 0.467016 0.401417 0.411125 0.34864599999999996 0.414625 0.323813 0.391328 0.306729 0.385516 0.300521 0.36689099999999997 0.28654199999999996 0.327297 0.281896 0.287719 0.295854 0.27840600000000004 0.311396 0.24464100000000003 0.375042 0.251625 0.40297900000000003 0.256281 0.413854 0.267922 0.43402100000000005 0.27025 0.452646 0.263266 0.48681199999999997 0.277234 0.517854 0.279562 0.54425 0.281891 0.589271 0.288875 0.615646 0.298187 0.601688 0.315656 0.604792 0.34126599999999996 0.606333 0.382016 0.6482500000000001 0.409969 0.688604 0.41345299999999996 0.693271
15 0.275406 0.314896 0.290594 0.299708 0.326016 0.282833 0.34500000000000003 0.26429199999999997 0.358922 0.254167 0.35385900000000003 0.225479 0.338672 0.213667 0.309578 0.203542 0.271609 0.20860399999999998 0.253906 0.225479 0.251375 0.247417 0.248844 0.281146 0.234922 0.28958300000000003 0.246312 0.299708 0.262766 0.323333 0.275406 0.314896
15 0.18459399999999998 0.7594580000000001 0.183938 0.770792 0.19767200000000001 0.801292 0.215313 0.830917 0.23034400000000002 0.843104 0.233609 0.83875 0.23034400000000002 0.8300420000000001 0.233609 0.825688 0.238844 0.836146 0.242109 0.8405 0.24798399999999998 0.8265619999999999 0.240141 0.8004169999999999 0.235578 0.786479 0.242109 0.755979 0.24603100000000003 0.707187 0.238187 0.682792 0.23034400000000002 0.674083 0.212047 0.673208 0.212703 0.674083 0.196359 0.708917 0.18459399999999998 0.7594580000000001
15 0.23646899999999998 0.315292 0.20823399999999997 0.258833 0.194125 0.24706299999999998 0.160594 0.258833 0.132359 0.28 0.116469 0.315292 0.142937 0.36470800000000003 0.128828 0.39529200000000003 0.0652969 0.42116699999999996 0.0652969 0.529417 0.075875 0.5505829999999999 0.09353120000000001 0.5976459999999999 0.116469 0.6023540000000001 0.14117200000000002 0.6023540000000001 0.195875 0.595292 0.206469 0.522354 0.224125 0.402354 0.232938 0.39529200000000003 0.23646899999999998 0.315292
15 0.755312 0.5518959999999999 0.75 0.55425 0.75 0.5589580000000001 0.751766 0.57075 0.75 0.575479 0.742922 0.591979 0.744688 0.6037710000000001 0.757078 0.6462289999999999 0.760609 0.669813 0.748234 0.6981040000000001 0.748234 0.702833 0.774766 0.660375 0.778297 0.6462289999999999 0.778297 0.6273540000000001 0.7800779999999999 0.5990629999999999 0.797766 0.575479 0.82075 0.542458 0.827828 0.530667 0.815453 0.5 0.788922 0.5 0.762375 0.535375 0.755312 0.5518959999999999
15 0.0874062 0.604583 0.079 0.626 0.0843437 0.672875 0.138625 0.74425 0.164625 0.7687080000000001 0.182203 0.7554580000000001 0.199797 0.7218129999999999 0.211266 0.683083 0.211266 0.655563 0.173031 0.5974579999999999 0.146281 0.5974579999999999 0.126391 0.6005 0.109578 0.609687 0.0874062 0.604583
15 0.231578 0.668042 0.237453 0.688583 0.25871900000000003 0.727708 0.274125 0.767813 0.27999999999999997 0.792271 0.294672 0.829437 0.315219 0.863667 0.318875 0.866604 0.33281299999999997 0.877375 0.34895299999999996 0.881292 0.36876600000000004 0.883229 0.392234 0.867583 0.434063 0.836292 0.46046899999999996 0.8088960000000001 0.471469 0.7560830000000001 0.467063 0.710104 0.45899999999999996 0.693479 0.427453 0.689562 0.398109 0.704229 0.392234 0.6651039999999999 0.373172 0.6220829999999999 0.329156 0.582958 0.31007799999999996 0.570229 0.304203 0.606417 0.304203 0.620125 0.282938 0.61425 0.273391 0.6044579999999999 0.24039100000000002 0.643583 0.231578 0.668042
15 0.707766 0.6205 0.711156 0.616 0.709453 0.597979 0.69425 0.543917 0.69425 0.489875 0.675672 0.474104 0.668922 0.462833 0.663844 0.422292 0.625 0.438063 0.621625 0.478604 0.701016 0.61825 0.707766 0.6205
15 0.560813 0.516896 0.543922 0.516896 0.505062 0.550667 0.48985899999999993 0.602479 0.505062 0.625 0.560813 0.62725 0.582766 0.593458 0.597969 0.577708 0.633453 0.577708 0.646953 0.593458 0.650344 0.591208 0.596281 0.494375 0.572641 0.516896 0.560813 0.516896
15 0.6760309999999999 0.19562500000000002 0.695812 0.23033299999999998 0.793687 0.244229 0.8561719999999999 0.233104 0.866578 0.177583 0.802031 0.18452100000000002 0.737469 0.180354 0.714562 0.162312 0.6760309999999999 0.19562500000000002
15 0.6770780000000001 0.19831300000000002 0.696672 0.18668800000000002 0.690141 0.160583 0.66075 0.0967292 0.630281 0.11850000000000001 0.620484 0.14027099999999998 0.621578 0.183792 0.631375 0.222979 0.643344 0.22733299999999998 0.6640159999999999 0.20266699999999999 0.6770780000000001 0.19831300000000002
15 0.669891 0.20231300000000002 0.652875 0.219312 0.657141 0.22839600000000002 0.674984 0.218188 0.681781 0.229521 0.659687 0.247646 0.674984 0.270333 0.71325 0.29072899999999996 0.748094 0.30433299999999996 0.754047 0.32360399999999995 0.765109 0.313396 0.7761560000000001 0.320208 0.788906 0.340604 0.8084530000000001 0.330396 0.8297190000000001 0.316792 0.839063 0.298667 0.839063 0.273729 0.833109 0.26579200000000003 0.839922 0.259 0.831406 0.245396 0.812703 0.249917 0.791453 0.245396 0.76 0.253333 0.712391 0.251063 0.6860310000000001 0.22497899999999998 0.669891 0.203458 0.669891 0.20231300000000002
15 0.890703 0.649771 0.8690939999999999 0.659937 0.8633749999999999 0.6472289999999999 0.841766 0.641312 0.818266 0.6336879999999999 0.775047 0.6735 0.778859 0.723479 0.816984 0.7633120000000001 0.8271559999999999 0.7429790000000001 0.8462189999999999 0.733646 0.852578 0.716708 0.874812 0.697229 0.874812 0.6878960000000001 0.887516 0.684521 0.897047 0.663333 0.890703 0.649771