13 0.9060159999999999 0.766208 0.9222810000000001 0.7683129999999999 0.9222810000000001 0.724229 0.9180780000000001 0.714438 0.9164999999999999 0.695542 0.9102029999999999 0.698333 0.908641 0.715125 0.903391 0.7207290000000001 0.903391 0.7655 0.9060159999999999 0.766208
23 0.217891 0.715938 0.22075 0.702813 0.224031 0.671125 0.219109 0.668396 0.208453 0.6656669999999999 0.196984 0.671125 0.190422 0.683146 0.190422 0.697354 0.19617199999999999 0.715375 0.206406 0.722479 0.21665600000000002 0.721937 0.217891 0.715938
50 0.43721899999999997 0.6523540000000001 0.45571900000000004 0.60975 0.462437 0.5918119999999999 0.47926599999999997 0.544729 0.48262499999999997 0.511104 0.480938 0.488687 0.45571900000000004 0.44831299999999996 0.42712500000000003 0.46849999999999997 0.42545299999999997 0.508854 0.40862499999999996 0.5066039999999999 0.406953 0.488687 0.405266 0.45952099999999996 0.39014099999999996 0.443833 0.388453 0.42364599999999997 0.41535900000000003 0.385542 0.417047 0.34741700000000003 0.417047 0.32275 0.417047 0.300333 0.417047 0.28239600000000004 0.4305 0.271187 0.43890599999999996 0.217375 0.432172 0.197188 0.386766 0.210646 0.346406 0.25325000000000003 0.31278100000000003 0.275667 0.284187 0.286875 0.272422 0.29137500000000005 0.257281 0.30931200000000003 0.247203 0.342938 0.230375 0.425896 0.247203 0.47075 0.21525 0.603021 0.210203 0.690479 0.20515599999999998 0.851896 0.186656 0.921417 0.174891 0.986437 0.376688 0.986437 0.38171900000000003 0.9685 0.398547 0.912438 0.401906 0.851896 0.39014099999999996 0.6478750000000001 0.43721899999999997 0.6523540000000001
58 0.694953 0.818042 0.9502499999999999 0.813146 0.942906 0.8062919999999999 0.9275 0.7906460000000001 0.914297 0.777938 0.892281 0.7583749999999999 0.8864219999999999 0.754458 0.656797 0.759333 0.679547 0.8151039999999999 0.694953 0.818042
13 0.855609 0.762271 0.870984 0.7636040000000001 0.8763439999999999 0.7613749999999999 0.875672 0.7257079999999999 0.868313 0.720812 0.869313 0.716792 0.864969 0.710104 0.8656409999999999 0.70475 0.869656 0.703875 0.868984 0.698958 0.859625 0.698063 0.8572810000000001 0.7029789999999999 0.862969 0.7029789999999999 0.8622970000000001 0.711896 0.858625 0.713229 0.8576090000000001 0.7185830000000001 0.860625 0.720812 0.849922 0.7257079999999999 0.849594 0.7315 0.849922 0.756917 0.854937 0.7613749999999999 0.855609 0.762271
13 0.678719 0.699083 0.678219 0.6923119999999999 0.678719 0.685542 0.6853279999999999 0.6923119999999999 0.678719 0.680813 0.670594 0.681479 0.6711090000000001 0.6970620000000001 0.669578 0.701125 0.665516 0.706542 0.662984 0.761396 0.667547 0.764104 0.681766 0.764792 0.683812 0.7620830000000001 0.6827810000000001 0.706542 0.678719 0.699083
26 0.5885469999999999 0.648896 0.587375 0.649146 0.584859 0.6509579999999999 0.571875 0.6576869999999999 0.570703 0.657167 0.568375 0.6563960000000001 0.567797 0.655104 0.567406 0.650708 0.568766 0.647354 0.571875 0.644771 0.573813 0.645021 0.575172 0.645021 0.577688 0.6455420000000001 0.578453 0.65225 0.580203 0.6519999999999999 0.580781 0.647083 0.578078 0.641396 0.5749690000000001 0.6411460000000001 0.572063 0.641917 0.567406 0.6445000000000001 0.563922 0.649938 0.5645 0.6530419999999999 0.566641 0.6597500000000001 0.562172 0.6628539999999999 0.560813 0.667 0.567406 0.688958 0.568187 0.687146 0.582719 0.681729 0.594156 0.676813 0.594938 0.67475 0.59475 0.6695829999999999 0.593391 0.659229 0.588922 0.649146 0.5885469999999999 0.648896
3 0.48490599999999995 0.755938 0.488141 0.757104 0.500781 0.765333 0.515172 0.7665000000000001 0.523406 0.759854 0.523984 0.7367290000000001 0.522219 0.7206670000000001 0.514 0.708521 0.50225 0.726542 0.493719 0.7347710000000001 0.482266 0.7480829999999999 0.48490599999999995 0.755938
48 0.448313 0.9866670000000001 0.4955 0.984417 0.49887499999999996 0.878792 0.6320159999999999 0.8832920000000001 0.637078 0.977688 0.660672 0.984417 0.6640469999999999 0.847333 0.46348399999999995 0.847333 0.448313 0.9866670000000001
26 0.484406 0.509271 0.484969 0.502521 0.489469 0.45229199999999997 0.444484 0.451542 0.445047 0.455292 0.451797 0.513021 0.484406 0.509271
26 0.549563 0.7084379999999999 0.550484 0.711854 0.558672 0.717771 0.559609 0.717771 0.5666089999999999 0.714354 0.570578 0.711229 0.573156 0.699708 0.571047 0.692542 0.568937 0.6885 0.567078 0.6853750000000001 0.564281 0.683521 0.5631090000000001 0.6863119999999999 0.562406 0.688812 0.559609 0.6894380000000001 0.559828 0.68975 0.552125 0.697542 0.549563 0.7084379999999999
26 0.5849219999999999 0.7417079999999999 0.5913280000000001 0.74 0.5930310000000001 0.717625 0.590906 0.711938 0.580094 0.710979 0.580797 0.738854 0.5849219999999999 0.7417079999999999
14 0.42446900000000004 0.7479169999999999 0.43996899999999994 0.7449790000000001 0.452891 0.726271 0.453625 0.702167 0.44920299999999996 0.6795209999999999 0.435906 0.6627919999999999 0.391984 0.660813 0.38239100000000004 0.668688 0.385344 0.6908329999999999 0.393094 0.698708 0.394937 0.712 0.39346899999999996 0.722333 0.394578 0.7341460000000001 0.39531299999999997 0.743 0.396047 0.745458 0.405641 0.7493960000000001 0.42446900000000004 0.7479169999999999
26 0.579266 0.699292 0.579422 0.707167 0.580531 0.712938 0.5845309999999999 0.7167709999999999 0.589969 0.719542 0.596203 0.7171869999999999 0.602906 0.708667 0.603719 0.706312 0.603719 0.698646 0.601641 0.6903330000000001 0.5955619999999999 0.684792 0.5918910000000001 0.684792 0.585172 0.686292 0.580375 0.690771 0.579266 0.699292
43 0.002 0.751354 0.0847344 0.759604 0.111797 0.724542 0.117984 0.663708 0.0066406203125 0.6534169999999999 0 0.68125 0.002 0.751354