77 0.67625 0.7991140000000001 0.690078 0.8131020000000001 0.7009369999999999 0.8568979999999999 0.755266 0.863878 0.779953 0.860388 0.810562 0.8411360000000001 0.8382189999999999 0.8306370000000001 0.8431559999999999 0.806122 0.854031 0.74133 0.8303280000000001 0.683546 0.7967500000000001 0.6713020000000001 0.75625 0.6677839999999999 0.747359 0.680055 0.734516 0.690554 0.704891 0.7168140000000001 0.6950160000000001 0.7535729999999999 0.682172 0.792105 0.67625 0.7991140000000001
77 0.738406 0.5742659999999999 0.73925 0.5471750000000001 0.755375 0.513324 0.740094 0.500526 0.735437 0.477202 0.726094 0.46966800000000003 0.717187 0.464404 0.701047 0.467396 0.681109 0.465152 0.6564840000000001 0.484709 0.638234 0.498255 0.627625 0.5185869999999999 0.622109 0.5411630000000001 0.614891 0.5562050000000001 0.632297 0.578781 0.6390939999999999 0.602105 0.643328 0.601357 0.690875 0.6096119999999999 0.713359 0.589307 0.738406 0.5742659999999999
77 0.387469 0.608476 0.399609 0.58446 0.409422 0.567895 0.416891 0.557147 0.419234 0.562105 0.417828 0.548033 0.4159689999999999 0.533102 0.416422 0.521524 0.41829700000000003 0.509917 0.413156 0.509917 0.400547 0.509917 0.387937 0.509917 0.378594 0.509086 0.373922 0.505789 0.368781 0.511579 0.359437 0.522355 0.352422 0.526482 0.344484 0.532299 0.339812 0.542216 0.333734 0.552992 0.325328 0.565429 0.31925 0.579501 0.315047 0.595235 0.315047 0.61097 0.314109 0.635817 0.314109 0.643269 0.315047 0.643269 0.342609 0.641607 0.343078 0.644931 0.362703 0.626704 0.379516 0.614294 0.385594 0.633324 0.389328 0.627535 0.382797 0.610139 0.387469 0.608476
77 0.168469 0.701607 0.197156 0.7113849999999999 0.240187 0.6820499999999999 0.27275 0.627258 0.276609 0.59108 0.27384400000000003 0.585208 0.246813 0.584238 0.22695300000000002 0.582271 0.217578 0.596953 0.205437 0.599889 0.19606300000000002 0.6194459999999999 0.183922 0.627258 0.171234 0.65856 0.169016 0.701607 0.168469 0.701607
77 0.41829700000000003 0.561801 0.447453 0.546066 0.472797 0.543823 0.479141 0.512355 0.496875 0.48315800000000003 0.488016 0.460665 0.46518800000000005 0.422465 0.448719 0.438199 0.42335900000000004 0.44268700000000005 0.405625 0.47191099999999997 0.392937 0.510111 0.419562 0.512355 0.419562 0.552798 0.41829700000000003 0.561801
77 0.430844 0.21687 0.427234 0.222188 0.421234 0.233906 0.40801600000000005 0.27227100000000004 0.401406 0.28825500000000004 0.40981199999999995 0.302105 0.417031 0.314875 0.421234 0.319141 0.43145300000000003 0.309557 0.43865600000000005 0.306371 0.450078 0.30529100000000003 0.45728099999999994 0.29997199999999996 0.463297 0.29252100000000003 0.475312 0.275457 0.48673400000000006 0.262687 0.494547 0.255235 0.49874999999999997 0.24670399999999998 0.499359 0.24030500000000002 0.499953 0.23925200000000002 0.502359 0.23498600000000003 0.502359 0.22964 0.5047659999999999 0.22432100000000002 0.5101720000000001 0.21155100000000002 0.508359 0.205152 0.50175 0.19770100000000002 0.496953 0.190222 0.48673400000000006 0.185983 0.47051600000000005 0.18384999999999999 0.46270300000000003 0.187036 0.453078 0.192355 0.44707800000000003 0.195568 0.444062 0.19983399999999998 0.436859 0.209418 0.430844 0.21687
77 0.412437 0.19795000000000001 0.407203 0.19301899999999997 0.399187 0.194654 0.392406 0.194127 0.384094 0.195762 0.375453 0.202299 0.368375 0.205042 0.355734 0.22689800000000002 0.346484 0.241108 0.34217200000000003 0.255319 0.334156 0.287562 0.33829699999999996 0.289584 0.343156 0.291551 0.345594 0.297424 0.349125 0.297812 0.353328 0.292327 0.361063 0.28567899999999996 0.37210899999999997 0.28097 0.383828 0.281357 0.386031 0.279003 0.391781 0.27 0.40060900000000005 0.260997 0.40967200000000004 0.25277 0.41542199999999996 0.250416 0.420953 0.23512500000000003 0.427797 0.221801 0.432656 0.21437699999999998 0.434875 0.212022 0.43464099999999994 0.21160700000000002 0.421391 0.20121899999999998 0.412437 0.19795000000000001
77 0.371594 0.43445999999999996 0.381594 0.39459800000000006 0.391578 0.369529 0.366594 0.384266 0.345781 0.416759 0.33164099999999996 0.46398900000000004 0.329969 0.506787 0.33164099999999996 0.54072 0.333297 0.523019 0.344953 0.49349 0.371594 0.43445999999999996
77 0.164047 0.43645400000000006 0.180453 0.4141 0.180453 0.40736799999999995 0.150172 0.389474 0.128719 0.389474 0.126188 0.389474 0.10221899999999999 0.400665 0.100953 0.402909 0.08454690000000001 0.454349 0.0807656 0.48567899999999997 0.08832809999999999 0.48792199999999997 0.100953 0.494626 0.150172 0.45883699999999994 0.164047 0.43645400000000006
77 0.333719 0.177784 0.340391 0.16894699999999999 0.342047 0.145319 0.330391 0.13205 0.329562 0.130554 0.31124999999999997 0.123186 0.29209399999999996 0.129086 0.280438 0.139418 0.267125 0.15565099999999998 0.261297 0.180748 0.261297 0.19994499999999998 0.261297 0.20434899999999998 0.268781 0.20731300000000003 0.277938 0.211745 0.282938 0.214681 0.28543799999999997 0.219114 0.31375000000000003 0.201413 0.333719 0.177784
36 0.816469 0.88313 0.816469 0.901551 0.817766 0.94651 0.8561249999999999 0.9718559999999999 0.874328 0.9707199999999999 0.8970940000000001 0.9269250000000001 0.891891 0.90964 0.871734 0.875042 0.847031 0.86928 0.8340310000000001 0.861219 0.8314220000000001 0.870443 0.818422 0.865817 0.816469 0.88313
36 0.145672 0.6449309999999999 0.139063 0.6527419999999999 0.130969 0.6527419999999999 0.127297 0.6468700000000001 0.127297 0.6598890000000001 0.126203 0.685956 0.133172 0.707424 0.137953 0.719806 0.14640599999999998 0.734792 0.150078 0.734792 0.157047 0.732825 0.16109400000000001 0.7165649999999999 0.161469 0.700914 0.158516 0.678144 0.146766 0.644266 0.145672 0.6449309999999999
36 0.25225 0.7662880000000001 0.242109 0.725845 0.237031 0.7393350000000001 0.22815599999999997 0.755069 0.21168700000000001 0.768532 0.223094 0.8112469999999999 0.25857800000000003 0.7955119999999999 0.25225 0.7662880000000001
36 0.706094 0.602521 0.701891 0.619086 0.681328 0.67374 0.701891 0.704377 0.709828 0.705208 0.729453 0.649723 0.7075 0.602521 0.706094 0.602521
36 0.924781 0.37301900000000004 0.939125 0.349086 0.947563 0.340111 0.9382809999999999 0.290748 0.937438 0.274294 0.927312 0.292244 0.9087339999999999 0.29673099999999997 0.901984 0.292244 0.901984 0.277285 0.8986090000000001 0.28626 0.9002969999999999 0.37301900000000004 0.924781 0.37301900000000004
36 0.0243438 0.438421 0.0233906 0.456094 0.0233906 0.456648 0.0208125 0.469751 0.020499999999999997 0.470332 0.0156719 0.48742399999999997 0.0156719 0.48797799999999997 0.0192031 0.522161 0.027890599999999998 0.5295569999999999 0.043625000000000004 0.515319 0.0429844 0.49310200000000004 0.0285313 0.43955700000000003 0.0243438 0.438421
50 0.399281 0.817978 0.41829700000000003 0.883158 0.442375 0.876399 0.43223399999999995 0.85169 0.414484 0.791025 0.41829700000000003 0.7640440000000001 0.39420299999999997 0.701136 0.403078 0.698864 0.392937 0.653934 0.381531 0.6337119999999999 0.36759400000000003 0.622465 0.348578 0.638199 0.357453 0.70338 0.395484 0.8089750000000001 0.385344 0.831468 0.400547 0.86518 0.399281 0.817978
50 0.229406 0.495402 0.23215599999999997 0.501247 0.236016 0.496371 0.24371900000000002 0.484654 0.24371900000000002 0.475873 0.240969 0.46903 0.23710900000000001 0.444654 0.23931200000000002 0.426094 0.244266 0.45049900000000004 0.253078 0.47002799999999995 0.267937 0.49930700000000006 0.28996900000000003 0.552964 0.30428099999999997 0.575429 0.31473399999999996 0.5871190000000001 0.318031 0.579335 0.310875 0.550055 0.299875 0.530526 0.28885900000000003 0.49930700000000006 0.285016 0.43878100000000003 0.28225 0.42903 0.27125 0.40072 0.285016 0.41047100000000003 0.28885900000000003 0.41928000000000004 0.292172 0.427064 0.299875 0.434875 0.300969 0.42315800000000003 0.285562 0.39387799999999995 0.27949999999999997 0.37925200000000003 0.267391 0.350942 0.26023399999999997 0.339252 0.256937 0.320693 0.24978099999999998 0.311911 0.242062 0.312881 0.236016 0.324598 0.235469 0.34119099999999997 0.224453 0.36950099999999997 0.222797 0.421219 0.22665600000000002 0.42903 0.23215599999999997 0.471967 0.23106300000000002 0.495402 0.229406 0.495402
50 0.321953 0.391579 0.32703099999999996 0.39606600000000003 0.34223400000000004 0.39382300000000003 0.346047 0.38033199999999995 0.346047 0.378089 0.338438 0.371357 0.32703099999999996 0.344377 0.321953 0.30617700000000003 0.3245 0.290443 0.35998399999999997 0.35337999999999997 0.373922 0.36684199999999995 0.376469 0.34662 0.357453 0.317424 0.34223400000000004 0.274709 0.334641 0.229778 0.311812 0.20731300000000003 0.281391 0.218532 0.27506200000000003 0.252244 0.28393799999999997 0.27022199999999996 0.291531 0.285956 0.299141 0.299446 0.301672 0.308421 0.30801599999999996 0.351136 0.321953 0.39382300000000003 0.321953 0.391579
50 0.523047 0.531524 0.524719 0.53626 0.527391 0.53626 0.532094 0.535069 0.540469 0.534488 0.543813 0.531524 0.545156 0.52795 0.544813 0.523213 0.542469 0.521413 0.532422 0.518449 0.530406 0.517867 0.526062 0.51072 0.517016 0.475097 0.515 0.450166 0.49725 0.4085869999999999 0.493234 0.369391 0.48854699999999995 0.355734 0.490547 0.343241 0.48987499999999995 0.324238 0.483516 0.307618 0.4781560000000001 0.293961 0.470453 0.278504 0.465094 0.285042 0.46007800000000004 0.293352 0.45839099999999994 0.298698 0.45706199999999997 0.299889 0.450016 0.299307 0.44834399999999996 0.298698 0.44834399999999996 0.300665 0.449359 0.311967 0.442312 0.314321 0.44532800000000006 0.344626 0.450359 0.376676 0.455047 0.383213 0.459063 0.38202200000000003 0.46140600000000004 0.382632 0.46140600000000004 0.393296 0.46543799999999996 0.418476 0.477828 0.451357 0.48687500000000006 0.460249 0.492563 0.466205 0.501938 0.46321299999999993 0.503281 0.46205 0.505625 0.46856 0.506969 0.486981 0.512328 0.500055 0.522703 0.522022 0.523047 0.531524
50 0.422344 0 0.42037500000000005 0.0018836592797783934 0.417984 0.0057340692520775624 0.415484 0.0051523490304709145 0.40742200000000006 0.005346260387811634 0.403719 0.009030470914127424 0.402516 0.01423819944598338 0.404047 0.02542939889196676 0.408281 0.032770099722991684 0.40774999999999995 0.03548480055401662 0.405781 0.04243770083102493 0.40512499999999996 0.04919670083102493 0.408938 0.066205 0.411344 0.07662049861495845 0.415813 0.08975070083102493 0.418859 0.09786700000000001 0.425391 0.11254800000000001 0.436172 0.129335 0.44271900000000003 0.141136 0.448484 0.150388 0.460031 0.159474 0.464609 0.15426600000000001 0.46885899999999997 0.151163 0.47039099999999995 0.146537 0.467328 0.13205 0.46287500000000004 0.12606599999999998 0.454922 0.12047100000000001 0.449578 0.11504199999999999 0.445219 0.10559600000000001 0.44565599999999994 0.09476449861495845 0.44423399999999996 0.086482 0.432797 0.06387809972299169 0.4365 0.06096949861495845 0.440531 0.058088601108033246 0.44260900000000003 0.04822709972299169 0.441844 0.04360109972299169 0.434328 0.015983398891966757 0.43062500000000004 0.003988919667590027 0.42832800000000004 0 0.422344 0
50 0.261594 0.105152 0.257578 0.11465399999999999 0.25925 0.127147 0.266953 0.16277 0.270297 0.15030500000000002 0.274328 0.152659 0.287047 0.129501 0.29609399999999997 0.129501 0.306141 0.12653699999999998 0.288719 0.08498609972299169 0.28203100000000003 0.08556790027700831 0.273656 0.08914129916897506 0.267625 0.08199450138504155 0.268625 0.07548480055401662 0.262266 0.061218800554016614 0.251547 0.060637099722991694 0.246516 0.06894739889196676 0.249203 0.08260390027700831 0.254562 0.09626039889196675 0.261594 0.102798 0.261594 0.105152
50 0.786562 0.140693 0.787109 0.15144 0.792078 0.167091 0.797047 0.196427 0.799797 0.213075 0.799797 0.220886 0.79925 0.258061 0.802562 0.280554 0.8125 0.309917 0.8125 0.324571 0.803672 0.33141299999999996 0.805875 0.337285 0.825734 0.337285 0.8273910000000001 0.328476 0.821875 0.311856 0.8125 0.260028 0.8125 0.24437699999999998 0.825734 0.275679 0.845594 0.31479199999999996 0.8500159999999999 0.326537 0.8433909999999999 0.328476 0.8384219999999999 0.337285 0.840641 0.34119099999999997 0.8649060000000001 0.335346 0.8649060000000001 0.326537 0.859938 0.311856 0.857734 0.304044 0.8340159999999999 0.25903 0.831813 0.24044300000000002 0.839531 0.232632 0.8285 0.191551 0.8224220000000001 0.171994 0.825734 0.161219 0.8113910000000001 0.132853 0.8125 0.104488 0.805875 0.08590029916897507 0.798156 0.08590029916897507 0.792078 0.07041550138504156 0.792078 0.060637099722991694 0.7876719999999999 0.04398890027700831 0.7805 0.03227149861495845 0.7777339999999999 0.04204990027700831 0.771109 0.05182829916897507 0.773875 0.08313019944598338 0.784359 0.09487529916897507 0.7810469999999999 0.10365700000000001 0.786562 0.140693
50 0.194672 0.29892 0.18759399999999998 0.29188400000000003 0.177953 0.287368 0.172844 0.29238200000000003 0.17510900000000001 0.307479 0.179938 0.321551 0.186172 0.329584 0.188156 0.34919700000000004 0.19240600000000002 0.37384999999999996 0.18843700000000002 0.380388 0.192125 0.39144 0.197234 0.384404 0.20375000000000001 0.376371 0.21000000000000002 0.39446 0.206031 0.40803300000000003 0.211984 0.437701 0.231828 0.475928 0.23296899999999998 0.469889 0.227297 0.44473700000000005 0.225594 0.425125 0.225594 0.368809 0.231828 0.347701 0.22417199999999998 0.30797800000000003 0.21340599999999998 0.296399 0.206875 0.291385 0.202344 0.29188400000000003 0.1995 0.296925 0.196953 0.298421 0.194672 0.29892
36 0.0548906 0.05362879999999999 0.0544531 0.04736839999999999 0.05245310000000001 0.0438504 0.0482656 0.0387535 0.0456094 0.0387535 0.0449375 0.0391413 0.0493594 0.048144 0.0509063 0.0512742 0.0513594 0.0555956 0.0544531 0.056371199999999996 0.0548906 0.05362879999999999
36 0.0422969 0.0575623 0.0385313 0.0548199 0.0380937 0.0540166 0.0438438 0.076759 0.0458281 0.0798892 0.05267190000000001 0.0779224 0.056218699999999996 0.0728255 0.05600000000000001 0.0693075 0.05245310000000001 0.0645983 0.0480312 0.0614681 0.0469375 0.0606925 0.0422969 0.0575623
36 0.234938 0.34108 0.23542200000000002 0.33321300000000004 0.236531 0.32817199999999996 0.236203 0.32479199999999997 0.23573400000000003 0.318615 0.23573400000000003 0.31581699999999996 0.23446899999999998 0.31074799999999997 0.233031 0.304017 0.228922 0.301191 0.22417199999999998 0.300637 0.221469 0.30373999999999995 0.21925 0.30681400000000003 0.21037499999999998 0.298116 0.20182799999999998 0.29332400000000003 0.20007799999999998 0.295873 0.20278100000000002 0.301191 0.210219 0.308781 0.22495300000000001 0.332659 0.227656 0.338837 0.233641 0.34570599999999996 0.234938 0.34108
36 0.208953 0.289474 0.217828 0.29609399999999997 0.221109 0.298587 0.214094 0.282853 0.20289100000000002 0.262964 0.19401600000000002 0.253047 0.179531 0.227368 0.17439100000000002 0.233158 0.18279700000000002 0.253047 0.19960899999999998 0.292798 0.208953 0.289474
36 0.778844 0.146565 0.7796719999999999 0.150222 0.7796719999999999 0.167812 0.778016 0.17806100000000002 0.7767809999999999 0.19418300000000002 0.778844 0.205928 0.782156 0.205928 0.7908280000000001 0.20518 0.801156 0.20152399999999998 0.8015779999999999 0.189806 0.797859 0.18027700000000002 0.782984 0.148753 0.778844 0.146565
65 0.636953 0.755679 0.638219 0.814127 0.668641 0.818615 0.685125 0.764681 0.673719 0.7579220000000001 0.682578 0.719723 0.647094 0.7152350000000001 0.636953 0.755679
50 0.479141 0.58651 0.474062 0.577535 0.457594 0.543823 0.42082800000000004 0.557313 0.42082800000000004 0.591025 0.42970300000000006 0.615734 0.436047 0.660665 0.439844 0.761801 0.455047 0.777535 0.466453 0.773047 0.463922 0.755069 0.452516 0.7527979999999999 0.458859 0.669668 0.447453 0.604488 0.479141 0.58651
50 0.533641 0.710111 0.537438 0.692133 0.528578 0.692133 0.517156 0.694377 0.493078 0.653934 0.482937 0.66518 0.512094 0.7325760000000001 0.533641 0.710111
50 0.708812 0.713019 0.723672 0.699224 0.718719 0.690416 0.705266 0.710526 0.693234 0.690416 0.681187 0.669086 0.693234 0.646482 0.710219 0.61385 0.705266 0.598781 0.693937 0.612604 0.679063 0.610083 0.661359 0.601302 0.657109 0.597535 0.654984 0.633934 0.668438 0.65277 0.674813 0.694183 0.674813 0.7218009999999999 0.686859 0.738144 0.684734 0.789612 0.699594 0.735623 0.708812 0.713019
50 0.544859 0.11736799999999999 0.535187 0.118698 0.531469 0.13980599999999999 0.539656 0.168837 0.548594 0.174127 0.545609 0.207119 0.535187 0.196565 0.530719 0.201828 0.531469 0.219003 0.5426249999999999 0.233518 0.554547 0.249363 0.557516 0.28102499999999997 0.579109 0.38135700000000006 0.572406 0.39587300000000003 0.577625 0.405097 0.601453 0.391911 0.596234 0.362881 0.577625 0.314044 0.579859 0.302161 0.591031 0.319307 0.623031 0.32855999999999996 0.62825 0.347036 0.6394219999999999 0.336482 0.638672 0.315346 0.6334690000000001 0.307424 0.612609 0.299501 0.589531 0.290277 0.591766 0.263878 0.585813 0.246731 0.581344 0.20448799999999998 0.572406 0.164875 0.565719 0.15565099999999998 0.557516 0.138476 0.549328 0.123961 0.544859 0.11736799999999999
77 0.186422 0.043767299168975066 0.164563 0.05080329916897507 0.149156 0.064903 0.137234 0.08252080055401663 0.13474999999999998 0.11246500000000001 0.13871899999999998 0.145928 0.142687 0.145069 0.15462499999999998 0.12831 0.166047 0.10983399999999999 0.179953 0.145069 0.182438 0.138892 0.167531 0.10365700000000001 0.185422 0.07193909972299169 0.202312 0.05961219944598338 0.186422 0.043767299168975066
50 0.256391 0.903906 0.263719 0.841551 0.263719 0.836371 0.291547 0.88831 0.298875 0.8960940000000001 0.310594 0.8960940000000001 0.319391 0.9220780000000001 0.32525 0.91687 0.315 0.890914 0.304734 0.857147 0.293016 0.8285600000000001 0.269578 0.802604 0.252 0.7740170000000001 0.247594 0.7298610000000001 0.271047 0.7766200000000001 0.272516 0.7610530000000001 0.26078100000000004 0.701302 0.252 0.680526 0.237344 0.68313 0.20951599999999998 0.7039059999999999 0.20951599999999998 0.742853 0.22415600000000002 0.77144 0.238813 0.737673 0.250531 0.818172 0.244672 0.82338 0.237344 0.8623270000000001 0.23148399999999997 0.890914 0.230016 0.929861 0.234422 0.932465 0.254922 0.91687 0.256391 0.903906
50 0.393062 0.48714699999999994 0.393766 0.478532 0.38475 0.46379499999999996 0.380594 0.446593 0.372969 0.42817199999999994 0.361875 0.457645 0.355641 0.4723820000000001 0.336938 0.512936 0.335547 0.517839 0.339703 0.542438 0.343859 0.531357 0.377125 0.508033 0.390984 0.509252 0.388906 0.500665 0.393062 0.48714699999999994
50 0.38475 0.61615 0.389594 0.625983 0.394453 0.649307 0.397219 0.656704 0.40970300000000004 0.652992 0.410391 0.641939 0.42217199999999994 0.632105 0.424937 0.637036 0.4291090000000001 0.659141 0.433953 0.659141 0.428406 0.617368 0.423562 0.606316 0.420094 0.595263 0.418016 0.581745 0.4124689999999999 0.565762 0.388906 0.606316 0.38475 0.61615
77 0.0392188 0.344626 0.047265600000000005 0.338227 0.05475 0.32739599999999996 0.056421900000000004 0.321994 0.06281250000000001 0.314598 0.078625 0.29 0.081125 0.285568 0.09223440000000001 0.26687 0.10167200000000001 0.251108 0.10139100000000001 0.248172 0.0864062 0.247175 0.08001559999999999 0.24620499999999998 0.0711406 0.252105 0.05670309999999999 0.268338 0.05475 0.268338 0.053640600000000004 0.265873 0.0519844 0.265873 0.050875000000000004 0.26687 0.0505938 0.270305 0.0505938 0.271302 0.0522656 0.274737 0.0514219 0.276704 0.048921900000000004 0.282604 0.0386562 0.305734 0.0369844 0.344127 0.0392188 0.344626
36 0.738344 0.29908599999999996 0.740406 0.31277 0.764078 0.313684 0.7738590000000001 0.31277 0.775922 0.29725799999999997 0.774375 0.279003 0.769219 0.25437699999999996 0.763047 0.24252100000000001 0.748641 0.24434899999999998 0.739375 0.267147 0.738344 0.29908599999999996