52 0.35729700000000003 0.362667 0.336375 0.38841699999999996 0.373391 0.433479 0.36856300000000003 0.459229 0.39270299999999997 0.484979 0.38143699999999997 0.43777099999999997 0.386266 0.42489600000000005 0.399141 0.42489600000000005 0.41845299999999996 0.42489600000000005 0.442594 0.435625 0.45064099999999996 0.42489600000000005 0.458688 0.397 0.457078 0.369104 0.408797 0.349792 0.395922 0.379833 0.38143699999999997 0.36052100000000004 0.35246900000000003 0.358375 0.35729700000000003 0.362667
52 0.267766 0.521208 0.288062 0.515583 0.2875 0.490292 0.297406 0.483125 0.304766 0.472937 0.30675 0.46275 0.303078 0.46275 0.303359 0.452562 0.30675 0.44575 0.298266 0.441229 0.293734 0.43970800000000004 0.287781 0.434437 0.284672 0.429146 0.278438 0.433687 0.275891 0.441229 0.269094 0.441979 0.265422 0.449146 0.260891 0.445 0.258344 0.448396 0.251547 0.446896 0.248156 0.458583 0.248438 0.465 0.240797 0.472937 0.24531200000000003 0.4835 0.251828 0.491437 0.258906 0.486521 0.268406 0.491396 0.286391 0.492021 0.267766 0.521208
52 0.359594 0.505687 0.362406 0.480417 0.368719 0.461688 0.366609 0.45608299999999996 0.359594 0.46075 0.34695299999999996 0.458875 0.336422 0.446708 0.328703 0.449521 0.316766 0.450458 0.343438 0.48135399999999995 0.349062 0.507563 0.359594 0.505687
52 0.406656 0.49474999999999997 0.40231300000000003 0.48979199999999995 0.406656 0.456729 0.40603100000000003 0.445979 0.397359 0.445167 0.404797 0.436063 0.410375 0.42862500000000003 0.38557800000000003 0.426146 0.383094 0.445979 0.384344 0.447646 0.375656 0.461688 0.376281 0.469958 0.380625 0.475729 0.38123399999999996 0.48812500000000003 0.382484 0.496396 0.393641 0.497229 0.399219 0.497229 0.397547 0.498125 0.40789099999999995 0.498875 0.406656 0.49474999999999997
76 0.5829690000000001 0.535479 0.659984 0.529667 0.661859 0.458437 0.590422 0.45927100000000004 0.5829690000000001 0.535479
24 0.270516 0.5403129999999999 0.307766 0.551667 0.307766 0.561583 0.28967200000000004 0.5630000000000001 0.28967200000000004 0.5743539999999999 0.341812 0.609833 0.38225 0.7956869999999999 0.41417200000000004 0.774417 0.431203 0.773 0.447156 0.750292 0.49398400000000003 0.757396 0.462063 0.743208 0.522703 0.694958 0.5025000000000001 0.649563 0.5025000000000001 0.621188 0.475891 0.612667 0.45779699999999995 0.618333 0.419484 0.5743539999999999 0.403531 0.5814579999999999 0.358844 0.530375 0.33435899999999996 0.543146 0.314141 0.5473960000000001 0.281156 0.531792 0.235391 0.524708 0.234328 0.527542 0.274766 0.560167 0.270516 0.5403129999999999
24 0.8039059999999999 0.846146 0.810469 0.73675 0.866812 0.717771 0.8673590000000001 0.690063 0.863531 0.684229 0.866812 0.677667 0.8673590000000001 0.658708 0.884313 0.654333 0.881578 0.644854 0.8892339999999999 0.641937 0.8952500000000001 0.6550619999999999 0.9007190000000002 0.644854 0.897437 0.639 0.902359 0.629521 0.9056409999999999 0.625875 0.918219 0.617125 0.9275309999999999 0.616396 0.9466719999999998 0.619312 0.948859 0.596708 0.926984 0.596708 0.922063 0.598896 0.901266 0.605458 0.8865000000000001 0.608375 0.869 0.615667 0.8487500000000001 0.615667 0.8465620000000001 0.6215 0.8205310000000001 0.615792 0.795344 0.629 0.790766 0.620875 0.772453 0.622917 0.748812 0.609687 0.720578 0.594417 0.712953 0.585271 0.696172 0.586292 0.683188 0.596458 0.684719 0.618833 0.691594 0.625958 0.693109 0.640208 0.674797 0.651396 0.674047 0.676813 0.664891 0.675812 0.648859 0.681917 0.645813 0.685979 0.644281 0.708354 0.645813 0.707562 0.681375 0.6937079999999999 0.697234 0.70975 0.708172 0.728729 0.734422 0.729458 0.734969 0.738208 0.738797 0.742583 0.745922 0.744042 0.766703 0.762271 0.765609 0.782687 0.761781 0.787062 0.759047 0.839583 0.794047 0.856354 0.8039059999999999 0.846146
9 0.356453 0.670958 0.340328 0.6322500000000001 0.3 0.612896 0.262906 0.580646 0.256453 0.548396 0.240328 0.507521 0.227422 0.520437 0.217734 0.537625 0.185484 0.544083 0.198391 0.56775 0.20806200000000002 0.5720419999999999 0.21129699999999998 0.548396 0.224187 0.561292 0.219359 0.582792 0.2 0.587104 0.190328 0.647312 0.206453 0.707521 0.243547 0.722583 0.270969 0.7096870000000001 0.312906 0.735479 0.324187 0.8064579999999999 0.346781 0.840854 0.369359 0.838708 0.361297 0.735479 0.345156 0.670958 0.356453 0.670958
52 0.143516 0.5088130000000001 0.176594 0.5191250000000001 0.162516 0.5144369999999999 0.161812 0.510687 0.17096899999999998 0.50225 0.162516 0.503188 0.155484 0.50225 0.15126599999999998 0.490042 0.13999999999999999 0.478792 0.129438 0.468458 0.125219 0.471271 0.116781 0.471271 0.10903099999999999 0.46564599999999995 0.101297 0.464708 0.096375 0.471271 0.09496879999999999 0.480667 0.0900312 0.486292 0.0893281 0.496604 0.0851094 0.5041249999999999 0.08721870000000001 0.512563 0.0900312 0.51725 0.096375 0.522896 0.0991875 0.523833 0.103406 0.5257080000000001 0.11184400000000001 0.526646 0.119594 0.5257080000000001 0.125219 0.532271 0.131562 0.5501039999999999 0.13578099999999999 0.559479 0.137891 0.559479 0.143516 0.558542 0.14985900000000002 0.5566669999999999 0.154781 0.553854 0.14985900000000002 0.536021 0.14843800000000001 0.529458 0.14843800000000001 0.516313 0.143516 0.5088130000000001
54 0.673484 0.739917 0.681734 0.734104 0.663297 0.711458 0.6424369999999999 0.712104 0.673484 0.739917
26 0.868891 0.5941460000000001 0.8707499999999999 0.604479 0.882875 0.6056039999999999 0.883891 0.6015619999999999 0.887266 0.576396 0.887266 0.5718960000000001 0.875797 0.568063 0.8707499999999999 0.569646 0.870078 0.571438 0.869234 0.583125 0.868891 0.5941460000000001
76 0.694266 0.997062 0.890766 0.997062 0.9043279999999999 0.927042 0.833187 0.841229 0.814531 0.8502500000000001 0.729844 0.8231459999999999 0.699344 0.832187 0.6824060000000001 0.994812 0.694266 0.997062
53 1 0.750354 0.958687 0.731437 0.9622339999999999 0.745625 0.955141 0.745625 0.930312 0.736167 0.9149369999999999 0.733 0.899563 0.745625 0.885359 0.726708 0.8593439999999999 0.7172499999999999 0.812047 0.733 0.809672 0.761396 0.8037660000000001 0.844958 0.8085000000000001 0.844958 0.851062 0.8654580000000001 0.9054690000000001 0.912771 0.997719 0.862313 1 0.7929379999999999 1 0.750354
22 0.136969 0.847437 0.18462499999999998 0.8116040000000001 0.193172 0.7806460000000001 0.174844 0.749708 0.14918800000000002 0.743188 0.198063 0.699208 0.195609 0.676396 0.180953 0.648708 0.147969 0.630771 0.121094 0.518375 0.0074687500000000006 0.5574790000000001 0.016015599999999998 0.682917 0.011125 0.699208 0.0196875 0.7562080000000001 0.038 0.801833 0.0624375 0.8116040000000001 0.0612188 0.834417 0.102766 0.853958 0.136969 0.847437