40 0.30781200000000003 0.512312 0.312047 0.516458 0.326422 0.520208 0.342766 0.5266040000000001 0.373766 0.528479 0.390969 0.5359999999999999 0.40167200000000003 0.539 0.374047 0.519083 0.345297 0.516458 0.316547 0.495792 0.292594 0.49616699999999997 0.283859 0.49916699999999997 0.278781 0.496917 0.27625 0.5021669999999999 0.283578 0.508937 0.30781200000000003 0.512312
40 0.594266 0.166896 0.609109 0.162187 0.5985 0.161229 0.591437 0.165958 0.546188 0.134854 0.538422 0.14333300000000002 0.524984 0.13956200000000002 0.517922 0.14804199999999998 0.517922 0.148979 0.518625 0.155583 0.5214529999999999 0.158417 0.534875 0.158417 0.5391250000000001 0.169729 0.5560940000000001 0.163125 0.559625 0.172542 0.577297 0.165 0.5999220000000001 0.179146 0.594266 0.166896
40 0.442469 0.451583 0.43914099999999995 0.454688 0.44046900000000005 0.465375 0.442469 0.476938 0.445484 0.478271 0.465828 0.494271 0.47750000000000004 0.49472900000000003 0.48251600000000006 0.5013960000000001 0.491516 0.506292 0.508859 0.512083 0.554578 0.5285420000000001 0.5799369999999999 0.537438 0.613297 0.542333 0.641656 0.553 0.647328 0.553 0.649 0.553 0.655 0.553 0.6599999999999999 0.541438 0.655328 0.5365420000000001 0.642984 0.539646 0.634984 0.539208 0.617969 0.5365420000000001 0.605953 0.531646 0.587266 0.524979 0.545234 0.508062 0.56325 0.512958 0.5725939999999999 0.51475 0.5912810000000001 0.521417 0.602625 0.524083 0.625297 0.524083 0.639313 0.52675 0.65 0.528979 0.654 0.524979 0.646984 0.517417 0.6546719999999999 0.515625 0.655672 0.504958 0.646984 0.501833 0.616969 0.500062 0.627969 0.498729 0.637312 0.494271 0.649328 0.491604 0.6096250000000001 0.490271 0.593281 0.490271 0.589938 0.489396 0.574922 0.483604 0.531219 0.47470799999999996 0.48117200000000004 0.477375 0.44748400000000005 0.451583 0.442469 0.451583
40 0.36160899999999996 0.554979 0.359812 0.553771 0.348062 0.556188 0.352578 0.577854 0.364328 0.587479 0.42303100000000005 0.6127710000000001 0.473609 0.62 0.481734 0.628437 0.527797 0.644083 0.607281 0.6741879999999999 0.617219 0.672979 0.5783750000000001 0.654917 0.48445299999999997 0.6163959999999999 0.46096899999999996 0.605542 0.40135899999999997 0.564604 0.36974999999999997 0.567021 0.358906 0.558583 0.36160899999999996 0.554979
40 0.412937 0.278688 0.40678099999999995 0.2705 0.40801600000000005 0.260104 0.37645300000000004 0.263396 0.380563 0.269958 0.380563 0.28524999999999995 0.385062 0.28306200000000004 0.405141 0.28141700000000003 0.412937 0.278688
40 0.673813 0.0615833 0.673813 0.0857083 0.680063 0.09237500000000001 0.700016 0.0840625 0.703141 0.07158329999999999 0.673813 0.0615833
40 0.18415600000000001 0.389458 0.18575 0.389896 0.1935 0.391146 0.193172 0.39875 0.20125 0.398542 0.20709399999999997 0.396 0.21200000000000002 0.391583 0.213906 0.38841699999999996 0.209625 0.38122900000000004 0.20187499999999997 0.379125 0.194437 0.377229 0.18415600000000001 0.37174999999999997 0.181953 0.372167 0.18162499999999998 0.377021 0.183062 0.383563 0.18415600000000001 0.390521 0.18415600000000001 0.389458
40 0.368172 0.06283330000000001 0.370063 0.0587917 0.378781 0.058291699999999995 0.378781 0.051708300000000006 0.366656 0.042625 0.366656 0.0466667 0.363625 0.0532292 0.368172 0.06283330000000001
40 0.698766 0.503396 0.707953 0.490187 0.38418800000000003 0.386521 0.345313 0.374271 0.357328 0.39783300000000005 0.378531 0.402542 0.697344 0.503396 0.698766 0.503396
40 0.728141 0.527771 0.725187 0.5257919999999999 0.721625 0.530937 0.721625 0.5376460000000001 0.725187 0.551479 0.731109 0.5574169999999999 0.737937 0.558208 0.741484 0.5605829999999999 0.746828 0.556229 0.745047 0.552271 0.741484 0.54675 0.748016 0.54675 0.750391 0.541604 0.743563 0.534875 0.74 0.5344789999999999 0.7385309999999999 0.530937 0.734672 0.526583 0.7302190000000001 0.52975 0.728141 0.527771
40 0.798422 0.443271 0.8135 0.4465 0.816906 0.44845799999999997 0.8110630000000001 0.435479 0.8178750000000001 0.412792 0.796 0.406313 0.791625 0.414729 0.791625 0.43029199999999995 0.797453 0.44975 0.798422 0.443271
50 0.82875 0.804625 0.824906 0.8091670000000001 0.823203 0.8233750000000001 0.825766 0.847812 0.822781 0.8654379999999999 0.822359 0.884188 0.817672 0.923396 0.815109 0.941583 0.8159689999999999 0.954104 0.820219 0.963187 0.825344 0.9700000000000001 0.82875 0.997292 0.857734 0.999563 0.859437 0.988187 0.8607189999999999 0.999563 0.8884219999999999 1 0.886719 0.981375 0.8760619999999999 0.937042 0.8756410000000001 0.923396 0.8739380000000001 0.902938 0.8675470000000001 0.88475 0.8658440000000001 0.867708 0.8692500000000001 0.856333 0.8735160000000001 0.8614580000000001 0.8735160000000001 0.876229 0.8747809999999999 0.890438 0.8769220000000001 0.8966879999999999 0.879484 0.909188 0.879484 0.918854 0.8773440000000001 0.925667 0.8765000000000001 0.934208 0.8803280000000001 0.937042 0.8820309999999999 0.940458 0.8790469999999999 0.945562 0.8803280000000001 0.948417 0.8871560000000001 0.941021 0.886719 0.912042 0.8858750000000001 0.880208 0.8811880000000001 0.857479 0.8799060000000001 0.828479 0.8752190000000001 0.8154170000000001 0.8679690000000001 0.808021 0.8581559999999999 0.800062 0.857734 0.796667 0.8607189999999999 0.790979 0.859437 0.777333 0.8568910000000001 0.768812 0.8492190000000001 0.755167 0.842812 0.753458 0.8313119999999999 0.760292 0.8266249999999999 0.776771 0.82875 0.791542 0.834719 0.801208 0.836 0.80575 0.82875 0.804625
50 0.783 0.8496039999999999 0.789281 0.8599169999999999 0.789281 0.863125 0.791203 0.8766459999999999 0.7863749999999999 0.886958 0.782516 0.9043329999999999 0.7854059999999999 0.914 0.7854059999999999 0.9288120000000001 0.782516 0.936521 0.7863749999999999 0.943604 0.790719 0.9526249999999999 0.806656 0.996417 0.823078 0.996417 0.819703 0.9829380000000001 0.816328 0.95975 0.813906 0.937208 0.817766 0.920479 0.821625 0.890208 0.823078 0.8644580000000001 0.825016 0.8380620000000001 0.809562 0.833562 0.810047 0.8271040000000001 0.809562 0.815521 0.806656 0.8052290000000001 0.8018280000000001 0.796854 0.791203 0.7942710000000001 0.780578 0.7981459999999999 0.776719 0.8071459999999999 0.778656 0.820667 0.784453 0.8341879999999999 0.789281 0.841917 0.782516 0.8464379999999999 0.783 0.8496039999999999
50 0.735797 0.9990629999999999 0.757531 0.998229 0.787969 1 0.789219 0.9808330000000001 0.787969 0.956812 0.782375 0.931979 0.7854840000000001 0.883938 0.7904530000000001 0.864062 0.783 0.8400420000000001 0.773688 0.825958 0.7631249999999999 0.820167 0.777406 0.796146 0.774297 0.794479 0.768719 0.774604 0.756297 0.770458 0.745109 0.786208 0.745734 0.8085629999999999 0.746969 0.824313 0.731437 0.835896 0.725844 0.844187 0.722125 0.8599169999999999 0.711562 0.852458 0.706594 0.856604 0.713422 0.869021 0.719641 0.8897290000000001 0.734547 0.874 0.744484 0.916229 0.745109 0.935292 0.737031 0.9667709999999999 0.733313 0.981667 0.735797 0.9990629999999999
50 0.631953 0.821667 0.633172 0.8364170000000001 0.650391 0.8298749999999999 0.6487499999999999 0.841333 0.646703 0.862646 0.6454690000000001 0.945708 0.646297 0.996521 0.657359 1 0.658172 0.955 0.662687 0.953917 0.666375 0.995437 0.677438 1 0.679078 0.947896 0.682359 0.9369580000000001 0.684812 0.927687 0.685219 0.911292 0.6885 0.8402499999999999 0.683578 0.8222079999999999 0.681531 0.786146 0.6979219999999999 0.786146 0.712266 0.7817710000000001 0.715141 0.781229 0.6860470000000001 0.7227709999999999 0.6753910000000001 0.720583 0.6733439999999999 0.718937 0.6667810000000001 0.721125 0.658578 0.732604 0.656531 0.743521 0.656531 0.758833 0.654484 0.76375 0.645062 0.770854 0.635219 0.79325 0.631953 0.821667
50 0.546484 0.904896 0.547609 0.8968539999999999 0.547609 0.8822709999999999 0.545734 0.8666870000000001 0.538938 0.8470829999999999 0.532531 0.8350000000000001 0.52575 0.8174170000000001 0.515188 0.803333 0.510281 0.807354 0.503109 0.817917 0.5035000000000001 0.821438 0.502359 0.8254579999999999 0.5035000000000001 0.828979 0.506125 0.8309789999999999 0.505 0.837021 0.510281 0.8345 0.512172 0.8375210000000001 0.509156 0.842042 0.507266 0.850604 0.503109 0.874729 0.49896900000000005 0.8792500000000001 0.46950000000000003 0.8941870000000001 0.458547 0.893396 0.45914099999999997 0.901375 0.47029699999999997 0.901646 0.494219 0.8941870000000001 0.49028099999999997 0.907958 0.45884400000000003 0.910333 0.45864099999999997 0.926813 0.49378099999999997 0.9195 0.508672 0.917917 0.5475939999999999 0.9105000000000001 0.546484 0.904896
50 0.43289099999999997 0.9688960000000001 0.454703 0.9554790000000001 0.466437 0.957708 0.464766 0.942042 0.458047 0.915208 0.45301600000000003 0.8682289999999999 0.454703 0.7675630000000001 0.478188 0.7586040000000001 0.48154700000000006 0.7451880000000001 0.442953 0.756375 0.444625 0.725042 0.43623399999999996 0.711625 0.417781 0.720583 0.417781 0.7451880000000001 0.407719 0.760833 0.411078 0.861521 0.429531 0.8727079999999999 0.42617200000000005 0.877167 0.42785900000000004 0.879417 0.43623399999999996 0.9398129999999999 0.43289099999999997 0.9666669999999999 0.43289099999999997 0.9688960000000001
50 0.38843700000000003 0.960042 0.384328 0.9491040000000001 0.382281 0.9450000000000001 0.393562 0.906708 0.395609 0.8943960000000001 0.396641 0.865687 0.396641 0.845167 0.401766 0.8315 0.401766 0.801417 0.399719 0.789125 0.396641 0.7781870000000001 0.395609 0.754938 0.38843700000000003 0.739896 0.383313 0.7316870000000001 0.375109 0.728958 0.374078 0.709812 0.379203 0.700229 0.379203 0.6865629999999999 0.36689099999999997 0.682458 0.363828 0.682458 0.35562499999999997 0.683833 0.35356299999999996 0.6988749999999999 0.351516 0.715271 0.35356299999999996 0.723479 0.35459399999999996 0.727583 0.34023400000000004 0.7412500000000001 0.33614099999999997 0.7809170000000001 0.33614099999999997 0.816458 0.337156 0.842438 0.338187 0.846542 0.342281 0.856125 0.346391 0.860208 0.347406 0.883458 0.347406 0.902604 0.347406 0.903979 0.350484 0.9244789999999999 0.35562499999999997 0.9504579999999999 0.357672 0.958667 0.35562499999999997 0.980542 0.364844 0.980542 0.362797 0.962771 0.36075 0.9450000000000001 0.36075 0.9422499999999999 0.364844 0.9121670000000001 0.371 0.8875620000000001 0.38125 0.8861880000000001 0.378172 0.9121670000000001 0.369969 0.929958 0.368953 0.9545619999999999 0.385359 0.9778129999999999 0.38843700000000003 0.960042
50 0.0714063 0.8817710000000001 0.0714063 0.879458 0.06942190000000001 0.8771249999999999 0.0661875 0.873146 0.0661875 0.861208 0.0666875 0.850917 0.06992190000000001 0.820063 0.0746406 0.816083 0.0734062 0.787896 0.0823594 0.758042 0.0803594 0.7530629999999999 0.0743906 0.752729 0.06593750000000001 0.755708 0.0554844 0.755708 0.0462813 0.783583 0.0432969 0.7958540000000001 0.0450313 0.811125 0.047765600000000005 0.824708 0.048015600000000005 0.88575 0.0544844 0.889396 0.0577187 0.886083 0.05325 0.8721460000000001 0.0542344 0.8628750000000001 0.0599688 0.8263750000000001 0.058765599999999994 0.8792500000000001 0.069625 0.883813 0.0714063 0.8817710000000001
50 0.0649531 0.7566039999999999 0.0698125 0.7566039999999999 0.075625 0.755958 0.0804844 0.755958 0.0819375 0.759833 0.0780625 0.768896 0.0727187 0.794125 0.0746563 0.815458 0.0698125 0.8206249999999999 0.0722344 0.834854 0.0698125 0.843271 0.0688438 0.858146 0.0785469 0.863958 0.07951559999999999 0.859437 0.075625 0.849083 0.07707810000000001 0.842625 0.07951559999999999 0.830333 0.08339060000000001 0.812875 0.08532809999999999 0.788292 0.08532809999999999 0.777938 0.0858125 0.777292 0.0858125 0.786354 0.08532809999999999 0.793458 0.0930938 0.793458 0.0930938 0.786354 0.092125 0.7637079999999999 0.0887344 0.743021 0.08532809999999999 0.733313 0.0824219 0.729437 0.0824219 0.726208 0.0829063 0.718438 0.0824219 0.7119789999999999 0.0824219 0.711333 0.075625 0.706792 0.0707812 0.708083 0.0693281 0.711333 0.0683594 0.7119789999999999 0.0664062 0.7223120000000001 0.0693281 0.729437 0.0698125 0.732667 0.0625313 0.733958 0.05720309999999999 0.7385 0.055734399999999996 0.748833 0.0518594 0.769542 0.0649531 0.7566039999999999
50 0.24425 0.87525 0.252937 0.874417 0.261641 0.8711040000000001 0.269719 0.862833 0.274688 0.862833 0.280281 0.862833 0.290219 0.862833 0.294563 0.864479 0.298281 0.8661460000000001 0.299531 0.8661460000000001 0.30698400000000003 0.869458 0.315062 0.87525 0.31940599999999997 0.8661460000000001 0.320031 0.8537079999999999 0.318172 0.843771 0.32189100000000004 0.855375 0.325 0.864479 0.33431299999999997 0.862 0.333688 0.8520629999999999 0.330594 0.844604 0.328109 0.8355 0.325625 0.830521 0.32375 0.823063 0.323141 0.8164370000000001 0.320031 0.8114790000000001 0.315688 0.808167 0.308844 0.8098120000000001 0.30698400000000003 0.8089999999999999 0.30698400000000003 0.8048540000000001 0.30698400000000003 0.794917 0.302641 0.791604 0.295797 0.794083 0.292078 0.799875 0.289594 0.808167 0.286484 0.8089999999999999 0.279656 0.8098120000000001 0.274688 0.818937 0.270328 0.832187 0.265359 0.843771 0.259781 0.8537079999999999 0.251703 0.858688 0.250453 0.868625 0.241141 0.868625 0.24425 0.87525
50 0.172578 0.863563 0.174313 0.863563 0.187297 0.8693329999999999 0.187297 0.855458 0.182969 0.841604 0.1795 0.8300630000000001 0.176906 0.8219580000000001 0.175172 0.816187 0.16996899999999998 0.808104 0.171703 0.80925 0.184703 0.801167 0.184703 0.795396 0.176031 0.791937 0.173437 0.790771 0.16996899999999998 0.790771 0.166516 0.7873129999999999 0.170844 0.7838539999999999 0.171703 0.7792290000000001 0.161312 0.77575 0.157844 0.788458 0.15525 0.791937 0.15437499999999998 0.793083 0.147453 0.800021 0.144844 0.80925 0.144844 0.816187 0.15004699999999999 0.828896 0.153516 0.8381460000000001 0.158719 0.8439169999999999 0.168234 0.850854 0.169109 0.858938 0.172578 0.863563
18 0.917812 0.7398330000000001 0.9226559999999999 0.735958 0.923625 0.732104 0.925563 0.725 0.9275 0.721125 0.921203 0.719187 0.9144220000000001 0.719187 0.906203 0.717896 0.904266 0.726292 0.896031 0.727583 0.892156 0.727583 0.892156 0.740479 0.892641 0.741125 0.906203 0.743708 0.917812 0.7398330000000001
18 0.9414529999999999 0.72475 0.937703 0.729271 0.9393119999999999 0.736167 0.9491250000000001 0.7413959999999999 0.954641 0.7413959999999999 0.9608909999999999 0.7349789999999999 0.95875 0.725229 0.955359 0.7164370000000001 0.948766 0.717625 0.9414529999999999 0.72475
18 0.9635 0.718396 0.9635 0.7196870000000001 0.9628439999999999 0.731833 0.967609 0.735 0.973141 0.7274999999999999 0.9743280000000001 0.717667 0.9662029999999999 0.717958 0.9635 0.718396
40 0.509312 0.358333 0.514234 0.36487499999999995 0.523156 0.370833 0.531625 0.375583 0.537875 0.378563 0.54725 0.376188 0.563766 0.38272900000000004 0.603031 0.402354 0.681578 0.438063 0.712375 0.445792 0.728 0.448188 0.724875 0.43568799999999996 0.6873910000000001 0.42020799999999997 0.6507970000000001 0.40475 0.609281 0.381542 0.654813 0.383313 0.671312 0.397 0.679359 0.402354 0.699437 0.42020799999999997 0.712375 0.405938 0.712375 0.39939600000000003 0.698984 0.416042 0.684266 0.397 0.688281 0.391063 0.714609 0.391646 0.7105940000000001 0.387479 0.7003280000000001 0.387479 0.690953 0.385708 0.712828 0.37795799999999996 0.699437 0.375 0.694531 0.375 0.690063 0.375 0.685594 0.382125 0.6704220000000001 0.380937 0.663734 0.375 0.6365160000000001 0.368437 0.599469 0.36606299999999997 0.583406 0.360708 0.5606410000000001 0.358917 0.548594 0.357729 0.532078 0.342854 0.520922 0.338104 0.512891 0.333333 0.506641 0.344042 0.5061880000000001 0.35475 0.509312 0.358333
40 0.44759399999999994 0.220208 0.453578 0.215417 0.472047 0.212542 0.49050000000000005 0.206458 0.500812 0.200396 0.509922 0.19622900000000001 0.506563 0.192396 0.500563 0.195917 0.49314099999999994 0.200396 0.47828099999999996 0.207729 0.463172 0.21093800000000001 0.451672 0.210604 0.443281 0.2055 0.439687 0.20677099999999998 0.438 0.214458 0.446875 0.22243700000000002 0.44759399999999994 0.220208
18 0.750437 0.728437 0.742828 0.7358750000000001 0.743344 0.73925 0.759563 0.741271 0.763109 0.7311460000000001 0.769187 0.7277710000000001 0.7681720000000001 0.723708 0.757531 0.724396 0.750437 0.728437
18 0.8847970000000001 0.720354 0.876047 0.726958 0.873062 0.7342289999999999 0.876047 0.740854 0.891078 0.740854 0.8914059999999999 0.7311460000000001 0.901656 0.726521 0.8967029999999999 0.718812 0.8847970000000001 0.720354
18 0.7625 0.739896 0.766953 0.7404580000000001 0.7720469999999999 0.739896 0.773531 0.739042 0.773531 0.7331040000000001 0.775656 0.731125 0.776297 0.733396 0.779469 0.7336670000000001 0.7805310000000001 0.730271 0.780953 0.728854 0.7805310000000001 0.721792 0.777562 0.721792 0.775016 0.724896 0.773109 0.727458 0.7712030000000001 0.729437 0.7644059999999999 0.731125 0.761656 0.7370629999999999 0.7625 0.739896
18 0.737594 0.732313 0.737594 0.738563 0.742938 0.739437 0.7439530000000001 0.7349789999999999 0.753984 0.7260620000000001 0.754641 0.7256250000000001 0.743281 0.7256250000000001 0.737594 0.732313
50 0.100828 0.7920630000000001 0.0983125 0.797229 0.09712499999999999 0.803979 0.0979688 0.819708 0.09375 0.821271 0.0925781 0.823979 0.0934219 0.8275629999999999 0.104203 0.827125 0.107578 0.8291459999999999 0.110609 0.827125 0.11229700000000001 0.823521 0.112797 0.811833 0.11532800000000001 0.807562 0.118188 0.793188 0.12275 0.779479 0.129656 0.764875 0.130156 0.760146 0.125781 0.760146 0.122578 0.766667 0.119031 0.769813 0.119031 0.774083 0.118188 0.776104 0.114484 0.7803749999999999 0.103531 0.786667 0.100828 0.7920630000000001
18 0.6122340000000001 0.743667 0.618359 0.741521 0.618844 0.725417 0.607406 0.725187 0.603859 0.731854 0.603859 0.743021 0.6122340000000001 0.743667
18 0.631687 0.730563 0.632641 0.7312080000000001 0.632969 0.733563 0.6340939999999999 0.736333 0.6358590000000001 0.7391249999999999 0.636656 0.7399789999999999 0.6405160000000001 0.739563 0.6424529999999999 0.7361249999999999 0.6430939999999999 0.732708 0.645813 0.731625 0.648875 0.730563 0.652562 0.729917 0.654656 0.728625 0.655938 0.726917 0.6591560000000001 0.725208 0.659469 0.724125 0.658516 0.7226250000000001 0.6560940000000001 0.722854 0.653375 0.722854 0.648719 0.722854 0.645016 0.7226250000000001 0.642281 0.7234999999999999 0.640031 0.723917 0.639719 0.724771 0.637953 0.7265 0.635219 0.7273540000000001 0.6340939999999999 0.7273540000000001 0.631516 0.7301249999999999 0.631687 0.730563
50 0.22029700000000002 0.7851459999999999 0.21920299999999998 0.7925 0.221406 0.814604 0.230609 0.80675 0.23429700000000003 0.810667 0.240187 0.8155830000000001 0.240922 0.8248960000000001 0.23870300000000003 0.834229 0.23870300000000003 0.847979 0.262266 0.849938 0.270375 0.8307920000000001 0.270375 0.8244170000000001 0.263 0.8224579999999999 0.254172 0.8219580000000001 0.249391 0.817042 0.245703 0.811875 0.245703 0.799604 0.24459399999999998 0.7917500000000001 0.24239099999999997 0.782417 0.23943799999999998 0.780458 0.247172 0.768188 0.247172 0.7652289999999999 0.245328 0.7608130000000001 0.24239099999999997 0.751 0.239812 0.749521 0.23650000000000002 0.754938 0.233562 0.767208 0.22692199999999998 0.771625 0.219937 0.785854 0.22029700000000002 0.7851459999999999