76 0.342984 0.314042 0.37118799999999996 0.323411 0.422859 0.330444 0.573219 0.330444 0.6358590000000001 0.302336 0.670312 0.295304 0.681281 0.00023364485981308412 0.328891 0.002570091121495327 0.330453 0.28126199999999996 0.342984 0.314042
17 0.541016 0.82472 0.541016 0.986519 0.586094 0.988762 0.563547 0.842687 0.7123280000000001 0.748318 0.715344 0.6651640000000001 0.674766 0.6449529999999999 0.589094 0.631472 0.525984 0.6292059999999999 0.503437 0.597757 0.482406 0.620234 0.48090599999999994 0.642687 0.443328 0.671916 0.44032799999999994 0.8044859999999999 0.541016 0.82472
17 0.40876599999999996 0.586519 0.372703 0.566285 0.287031 0.546075 0.223922 0.566285 0.220906 0.530327 0.210391 0.532593 0.193859 0.530327 0.186344 0.570794 0.160797 0.595514 0.168313 0.878645 0.199875 0.885397 0.210391 0.826963 0.294547 0.802243 0.40275 0.7955139999999999 0.407266 0.6 0.40876599999999996 0.586519
17 0.664313 0.6459349999999999 0.689047 0.650374 0.705859 0.669603 0.711797 0.693271 0.713781 0.743575 0.7493909999999999 0.7199070000000001 0.7711560000000001 0.906285 0.812703 0.9077799999999999 0.8473280000000001 0.9033410000000001 0.8849220000000001 0.894463 0.8849220000000001 0.8855839999999999 0.8849220000000001 0.8826170000000001 0.881953 0.864883 0.885906 0.845654 0.877 0.8293689999999999 0.8740309999999999 0.817547 0.866125 0.737664 0.853266 0.5985980000000001 0.852266 0.571986 0.8592029999999999 0.563107 0.8443590000000001 0.5527569999999999 0.8196249999999999 0.5527569999999999 0.817656 0.543879 0.7731250000000001 0.54535 0.7355470000000001 0.529089 0.7296090000000001 0.539439 0.671234 0.54535 0.641563 0.569019 0.6435310000000001 0.640023 0.664313 0.6459349999999999
17 0.813016 0.469673 0.8415779999999999 0.471916 0.886656 0.469673 0.886656 0.38876200000000005 0.849094 0.379766 0.791984 0.377523 0.7529060000000001 0.377523 0.7318749999999999 0.39775699999999997 0.7273590000000001 0.39100500000000005 0.7318749999999999 0.467407 0.813016 0.469673
17 0.439813 0.40766399999999997 0.456375 0.40766399999999997 0.46993799999999997 0.416659 0.498547 0.42792100000000005 0.521141 0.42792100000000005 0.536203 0.418925 0.542234 0.418925 0.552766 0.391893 0.54825 0.369369 0.533188 0.35135500000000003 0.521141 0.344603 0.494031 0.34233600000000003 0.480469 0.34233600000000003 0.456375 0.346846 0.45487500000000003 0.346846 0.41270300000000004 0.35586399999999996 0.42023400000000005 0.382874 0.439813 0.40766399999999997
17 0.0060156296875 0.988762 0.162297 0.979766 0.156297 0.770794 0.151781 0.750561 0.144266 0.7280840000000001 0.138266 0.721355 0.12473399999999998 0.7191120000000001 0.112703 0.71236 0.10218799999999999 0.71236 0.08565629999999999 0.71236 0.069125 0.703364 0.0616094 0.703364 0.055609399999999996 0.703364 0.0420781 0.707874 0.0300625 0.721355 0.019531200000000002 0.725841 0.0015 0.725841 0.0060156296875 0.988762
17 0.405766 0.779766 0.44032799999999994 0.802243 0.443328 0.6831539999999999 0.486906 0.640444 0.48540599999999995 0.620234 0.506453 0.597757 0.5274840000000001 0.631472 0.644703 0.6449529999999999 0.635687 0.521355 0.571063 0.49887899999999996 0.47037500000000004 0.49663599999999997 0.42229700000000003 0.532593 0.416281 0.631472 0.40125 0.770794 0.405766 0.779766
17 0.715344 0.471916 0.6822809999999999 0.447196 0.637188 0.433715 0.614656 0.408995 0.581594 0.429206 0.584594 0.46067800000000003 0.553031 0.469673 0.539516 0.476402 0.538 0.505607 0.5500309999999999 0.5146029999999999 0.614656 0.516846 0.6311880000000001 0.530327 0.638687 0.552804 0.647703 0.552804 0.655219 0.550561 0.689797 0.530327 0.730359 0.525841 0.7198439999999999 0.485397 0.715344 0.471916
17 0.282938 0.414556 0.286781 0.421472 0.318328 0.421472 0.353703 0.42030399999999996 0.38753099999999996 0.422617 0.41445299999999996 0.42722 0.409844 0.326005 0.320625 0.320257 0.28525 0.328318 0.276016 0.342103 0.282938 0.414556
17 0.335125 0.46067800000000003 0.28403100000000003 0.45843500000000004 0.23895300000000003 0.45843500000000004 0.21490599999999999 0.467407 0.205891 0.48764 0.205891 0.525841 0.21640600000000002 0.534836 0.220906 0.541565 0.223922 0.566285 0.282531 0.543832 0.290047 0.543832 0.336625 0.552804 0.393734 0.568528 0.38923399999999997 0.485397 0.335125 0.46067800000000003
17 0 0.591005 0.0045156296875 0.705607 0.0736406 0.696636 0.126234 0.716846 0.153281 0.721355 0.163812 0.721355 0.159297 0.6134809999999999 0.160797 0.584276 0.169813 0.577523 0.171313 0.570794 0.171313 0.550561 0.171313 0.537079 0.15779700000000002 0.532593 0.13225 0.519112 0.0916719 0.519112 0.0375625 0.530327 0.0240469 0.521355 0.0090156203125 0.525841 0 0.541565 0 0.591005
17 0.0426875 0.430794 0.0268125 0.44079399999999996 0.0134375 0.453294 0.0117656 0.467033 0.0117656 0.487033 0.0134375 0.499533 0.0234688 0.507033 0.0376719 0.529509 0.08615629999999999 0.517033 0.16806300000000002 0.534509 0.172234 0.567009 0.158859 0.5857479999999999 0.163047 0.590748 0.184766 0.572009 0.19814099999999998 0.525771 0.198984 0.45453299999999996 0.196469 0.435794 0.187281 0.425794 0.166391 0.424533 0.14632799999999999 0.425794 0.112891 0.427033 0.0644219 0.429533 0.0426875 0.430794
17 0.41212499999999996 0.674369 0.419672 0.611168 0.424203 0.532173 0.48156299999999996 0.493785 0.5374220000000001 0.500561 0.540438 0.448645 0.48759399999999997 0.435093 0.413625 0.430584 0.368344 0.448645 0.36682800000000004 0.47121500000000005 0.394 0.498318 0.394 0.5773130000000001 0.40909399999999996 0.5931069999999999 0.40607800000000005 0.66986 0.41212499999999996 0.674369
17 0.771656 0.548131 0.8102499999999999 0.541262 0.820063 0.553995 0.839687 0.553995 0.859313 0.564743 0.9404220000000001 0.518785 0.902484 0.5128969999999999 0.8664999999999999 0.500187 0.878937 0.494322 0.8920159999999999 0.486495 0.8920159999999999 0.47965 0.855391 0.482593 0.8207190000000001 0.499206 0.803047 0.501168 0.800437 0.498224 0.7834380000000001 0.499206 0.7795 0.503131 0.771 0.503131 0.757266 0.506051 0.737641 0.510958 0.74025 0.52757 0.771656 0.548131