77 0.6156 0.49454800000000004 0.63122 0.503457 0.71484 0.500479 0.78508 0.503457 0.85754 0.491596 0.79288 0.438218 0.74048 0.423378 0.73602 0.41893600000000003 0.73602 0.429309 0.7048 0.430798 0.65352 0.45008 0.61226 0.491596 0.6156 0.49454800000000004
22 0.77078 0.717952 0.7685599999999999 0.726782 0.77078 0.725798 0.77888 0.7189359999999999 0.78552 0.7159840000000001 0.7943600000000001 0.713059 0.80174 0.710106 0.82312 0.7209040000000001 0.83048 0.7189359999999999 0.83712 0.717952 0.8400599999999999 0.72383 0.84376 0.736569 0.8474400000000001 0.739521 0.8467 0.727766 0.8445 0.7081379999999999 0.84596 0.6953990000000001 0.84596 0.6836439999999999 0.8445 0.667952 0.84302 0.650319 0.84154 0.63266 0.8393400000000001 0.630691 0.82238 0.63266 0.80026 0.634628 0.78846 0.634628 0.77666 0.634628 0.77224 0.6424730000000001 0.7685599999999999 0.6542290000000001 0.7685599999999999 0.659122 0.7693 0.676782 0.7693 0.6953990000000001 0.7693 0.704229 0.77004 0.7199199999999999 0.77078 0.717952
22 0.58512 0.598005 0.58068 0.59266 0.57978 0.6110369999999999 0.5789 0.67383 0.578 0.673245 0.578 0.6685110000000001 0.57488 0.6614099999999999 0.56908 0.663165 0.57132 0.739601 0.57532 0.7407980000000001 0.57666 0.7164889999999999 0.5793400000000001 0.7164889999999999 0.65998 0.709388 0.65998 0.7384310000000001 0.66534 0.737819 0.66712 0.6750269999999999 0.66488 0.6750269999999999 0.66132 0.67266 0.66354 0.6033240000000001 0.66534 0.59742 0.66534 0.590904 0.66354 0.586144 0.65998 0.58734 0.65954 0.59266 0.65864 0.598005 0.65464 0.601569 0.6417200000000001 0.6033240000000001 0.62612 0.603936 0.61542 0.606303 0.6083 0.606888 0.6002799999999999 0.606303 0.59004 0.602739 0.58512 0.596809 0.58512 0.598005
50 0.08954000000000001 0.590426 0.0978 0.589149 0.1046 0.590426 0.10898000000000001 0.593005 0.11142 0.59625 0.11481999999999999 0.597553 0.12844 0.59625 0.13184 0.594947 0.14254 0.5956119999999999 0.15713999999999997 0.5956119999999999 0.17172 0.5956119999999999 0.1766 0.5917290000000001 0.18292 0.583963 0.18730000000000002 0.5755589999999999 0.19508 0.567793 0.19702 0.5742550000000001 0.20238 0.580718 0.21453999999999998 0.5897870000000001 0.21403999999999998 0.59367 0.21794 0.597553 0.22378 0.598191 0.23642 0.596888 0.2374 0.592367 0.2335 0.59109 0.21988 0.585904 0.20188 0.56133 0.19604 0.5516220000000001 0.19168000000000002 0.5516220000000001 0.18242 0.560027 0.16346 0.573617 0.14837999999999998 0.572314 0.13526 0.572314 0.12891999999999998 0.572314 0.12212 0.572314 0.12066 0.568431 0.12018000000000001 0.55875 0.11628 0.5580849999999999 0.09974 0.5755589999999999 0.09828 0.5755589999999999 0.09002 0.5781379999999999 0.08612 0.584601 0.0871 0.590426 0.08954000000000001 0.590426
50 0.40434 0.487101 0.40564 0.492979 0.40746 0.49539900000000003 0.40772 0.50609 0.41162 0.505399 0.41162 0.493324 0.41318 0.491596 0.41396 0.505745 0.4181 0.505053 0.41706 0.499867 0.41784 0.491596 0.41914 0.48641 0.42122000000000004 0.482606 0.42096 0.459495 0.42096 0.446037 0.41731999999999997 0.438803 0.41344 0.43742000000000003 0.41396 0.433963 0.4142 0.426383 0.41266 0.42430900000000005 0.40772 0.42465400000000003 0.40616 0.426729 0.40616 0.43188800000000005 0.4085 0.434654 0.40694 0.43845700000000004 0.4046 0.438803 0.40046 0.441915 0.39994 0.447766 0.39733999999999997 0.46191499999999996 0.3989 0.473989 0.4002 0.480904 0.40408 0.485718 0.40434 0.487101
50 0.3635 0.496277 0.36507999999999996 0.493511 0.36482 0.486915 0.37004000000000004 0.48377699999999996 0.36926 0.48864399999999997 0.36874 0.493511 0.36794 0.49906900000000004 0.36926 0.508431 0.38074 0.508085 0.38101999999999997 0.504628 0.38074 0.496277 0.38074 0.487606 0.38572 0.5025270000000001 0.3912 0.498032 0.38858 0.48933499999999996 0.38572 0.482048 0.38336000000000003 0.47473400000000004 0.38180000000000003 0.46779299999999996 0.37918 0.45877700000000005 0.37683999999999995 0.457021 0.37186 0.461197 0.37186 0.468138 0.36978 0.470239 0.36586 0.475452 0.36063999999999996 0.48864399999999997 0.3635 0.496277
50 0.97774 0.538218 0.98776 0.545718 0.9952799999999999 0.544335 0.9887999999999999 0.539894 0.97796 0.503803 0.96376 0.5099199999999999 0.95582 0.503537 0.9545800000000001 0.507128 0.93976 0.502154 0.93976 0.507686 0.92452 0.499654 0.92306 0.490771 0.91826 0.479122 0.91514 0.47218099999999996 0.90784 0.47356400000000004 0.90428 0.47633 0.90408 0.481888 0.9093 0.48633000000000004 0.9191 0.5010370000000001 0.93204 0.521303 0.9412200000000001 0.530452 0.95166 0.528777 0.9604199999999999 0.5115689999999999 0.9739800000000001 0.522128 0.97754 0.53516 0.97774 0.538218
22 0.9556 0.5163030000000001 0.942 0.531888 0.9325399999999999 0.518324 0.90796 0.48412200000000005 0.90154 0.48513300000000004 0.9057000000000001 0.48864399999999997 0.91098 0.49619700000000005 0.91288 0.508777 0.9314 0.5313829999999999 0.94464 0.537926 0.95448 0.524362 0.9556 0.5163030000000001
50 0.14848 0.556011 0.14258 0.550532 0.13956 0.546516 0.13508 0.537261 0.12901999999999997 0.53133 0.1251 0.529654 0.11974 0.53109 0.11582 0.536543 0.11492 0.541995 0.11636 0.544601 0.11706 0.548165 0.11796 0.550532 0.11832 0.552926 0.11868 0.555053 0.1201 0.555293 0.12082 0.55766 0.12242 0.559309 0.12278 0.561702 0.12564 0.563112 0.12706 0.561463 0.12938 0.562633 0.12992 0.571649 0.13188 0.572606 0.14276 0.571649 0.15668 0.572846 0.16418000000000002 0.574043 0.16704 0.570718 0.16186 0.568803 0.15668 0.564309 0.14848 0.556011
36 0.9667 0.549415 0.98364 0.548005 0.98258 0.543085 0.97436 0.540266 0.97066 0.536037 0.96246 0.5371009999999999 0.9603400000000001 0.543085 0.95876 0.546968 0.9667 0.549415
36 0.02994 0.578245 0.030920000000000003 0.585319 0.03664 0.590293 0.04826 0.59109 0.06422 0.5876859999999999 0.06778 0.581117 0.06934 0.570372 0.06678 0.563564 0.05694 0.560691 0.044719999999999996 0.559654 0.03506 0.56016 0.031920000000000004 0.566729 0.02994 0.578245