0 0.04 0.679218 0.04 0.695844 0.08 0.718025 0.1 0.740206 0.123156 0.740206 0.14737499999999998 0.640412 0.19789099999999998 0.673704 0.209469 0.754074 0.286313 0.740206 0.441047 0.737449 0.45789099999999994 0.787366 0.486313 0.803992 0.502109 0.751317 0.515797 0.698642 0.545266 0.701399 0.552625 0.7928810000000001 0.526312 0.8372430000000001 0.524203 0.876049 0.581047 0.8899180000000001 0.635797 0.8899180000000001 0.675797 0.8511110000000001 0.682109 0.862222 0.694734 0.884403 0.702109 0.8372430000000001 0.752625 0.7928810000000001 0.753688 0.731893 0.808422 0.72358 0.8052659999999999 0.690329 0.844203 0.65428 0.970531 0.5794239999999999 0.773688 0.587737 0.7621089999999999 0.5544859999999999 0.727375 0.56 0.725266 0.540617 0.784203 0.529506 0.82 0.507325 0.8115780000000001 0.496255 0.743156 0.476831 0.727375 0.46851899999999996 0.723156 0.421399 0.735797 0.21345699999999998 0.726312 0.21345699999999998 0.716844 0.177449 0.715797 0.19963 0.713688 0.194074 0.7042029999999999 0.202387 0.664203 0.413086 0.650531 0.42971200000000004 0.588422 0.42971200000000004 0.512625 0.377037 0.449469 0.343786 0.369469 0.321605 0.290531 0.340988 0.236844 0.382593 0.204203 0.438025 0.151578 0.518436 0.14210899999999999 0.537819 0.1 0.571111 0.0557969 0.640412 0.0410469 0.673704 0.04 0.679218
50 0.911094 0.564979 0.902922 0.540494 0.9049060000000001 0.535309 0.906875 0.535309 0.906875 0.528601 0.9077189999999999 0.521934 0.9077189999999999 0.514527 0.906875 0.510823 0.904625 0.5093 0.903484 0.5093 0.8978590000000001 0.5093 0.897016 0.51749 0.8981410000000001 0.513786 0.897578 0.529342 0.897297 0.533827 0.895594 0.543457 0.894187 0.545679 0.890531 0.556091 0.889687 0.558313 0.881797 0.577613 0.8837659999999999 0.585761 0.889687 0.587243 0.9167340000000002 0.582798 0.911094 0.564979
50 0.8964529999999999 0.672593 0.896172 0.685967 0.895031 0.703786 0.895031 0.723827 0.898422 0.726049 0.9001090000000002 0.725309 0.904344 0.725309 0.9065939999999999 0.709712 0.908 0.684486 0.910531 0.650329 0.910812 0.643663 0.901234 0.644403 0.896734 0.647366 0.894469 0.643663 0.896172 0.664444 0.8964529999999999 0.672593
50 0.846438 0.507037 0.845938 0.513498 0.845703 0.5180250000000001 0.845203 0.519959 0.8437340000000001 0.5218929999999999 0.843 0.5296299999999999 0.8427659999999999 0.539959 0.8439840000000001 0.545761 0.845453 0.5528810000000001 0.845203 0.558683 0.8439840000000001 0.570288 0.8432499999999999 0.5844860000000001 0.8439840000000001 0.585144 0.8439840000000001 0.58321 0.845203 0.5748150000000001 0.845703 0.567695 0.847656 0.559342 0.8488910000000001 0.56642 0.849375 0.574156 0.8491250000000001 0.585144 0.851328 0.587078 0.851328 0.581276 0.851094 0.571605 0.850844 0.561893 0.8505940000000001 0.556749 0.851328 0.547078 0.852063 0.5432100000000001 0.851328 0.5367489999999999 0.8505940000000001 0.527695 0.849625 0.5218929999999999 0.8488910000000001 0.515432 0.848156 0.508971 0.846438 0.507037
50 0.882812 0.544444 0.884422 0.566872 0.886031 0.5680660000000001 0.8869529999999999 0.535967 0.888797 0.529918 0.89075 0.509918 0.887641 0.502058 0.8884529999999999 0.492346 0.888562 0.487819 0.8847659999999999 0.486914 0.883281 0.493251 0.8835000000000001 0.505679 0.8821249999999999 0.509918 0.878562 0.522346 0.8802809999999999 0.52749 0.8825939999999999 0.522634 0.882812 0.526872 0.882812 0.544444
50 0.9201560000000001 0.510082 0.919016 0.517119 0.9178750000000001 0.523128 0.914828 0.530165 0.9154059999999999 0.535679 0.9169219999999999 0.536708 0.918266 0.5462140000000001 0.917109 0.5562549999999999 0.9159689999999999 0.570288 0.9165469999999999 0.5738270000000001 0.9184530000000001 0.567778 0.9197810000000001 0.552757 0.9211090000000001 0.5392180000000001 0.921312 0.529671 0.9226409999999999 0.524156 0.922828 0.523663 0.922063 0.512099 0.9201560000000001 0.510082
50 0.916859 0.5601649999999999 0.917328 0.580947 0.932656 0.5834159999999999 0.9331250000000001 0.577284 0.932656 0.546708 0.934984 0.532016 0.929875 0.516091 0.929406 0.5051030000000001 0.927094 0.49284 0.9266249999999999 0.486749 0.923828 0.486749 0.921969 0.49041199999999996 0.921969 0.498971 0.9215159999999999 0.507531 0.9233750000000001 0.5234570000000001 0.918719 0.546708 0.916859 0.5601649999999999
50 0.874344 0.510864 0.8731880000000001 0.51642 0.870906 0.519465 0.868797 0.5234570000000001 0.869375 0.536049 0.869375 0.5511929999999999 0.870703 0.56428 0.870703 0.5743619999999999 0.877781 0.571811 0.877969 0.557737 0.8797029999999999 0.5506580000000001 0.881422 0.535556 0.879312 0.52749 0.877781 0.521975 0.878359 0.513416 0.874719 0.509877 0.874344 0.510864
50 0.895141 0.542716 0.895734 0.5395059999999999 0.896344 0.529136 0.8966559999999999 0.523539 0.8966559999999999 0.517942 0.895141 0.513128 0.894219 0.514733 0.893016 0.517942 0.8917970000000001 0.525926 0.891188 0.529136 0.887844 0.532346 0.890578 0.5403290000000001 0.889672 0.5395059999999999 0.8908910000000001 0.545103 0.8917970000000001 0.5475310000000001 0.892406 0.544321 0.893609 0.545926 0.895141 0.542716
50 0.9803279999999999 0.585844 0.981797 0.586461 0.9830159999999999 0.574856 0.982047 0.564527 0.980813 0.554856 0.9773910000000001 0.541276 0.979594 0.532263 0.978359 0.522593 0.974687 0.517407 0.968562 0.516132 0.965625 0.526461 0.9678280000000001 0.538724 0.962688 0.550329 0.962688 0.563868 0.9599840000000001 0.5690529999999999 0.9599840000000001 0.571646 0.9604839999999999 0.574198 0.964406 0.57679 0.969797 0.574856 0.973469 0.577449 0.978125 0.59679 0.979344 0.602593 0.9803279999999999 0.598724 0.9803279999999999 0.585844
50 0.968078 0.638107 0.962688 0.640041 0.966359 0.694239 0.9658750000000002 0.700041 0.966844 0.700041 0.970531 0.700041 0.970281 0.688436 0.969797 0.641317 0.973719 0.639383 0.972969 0.676831 0.9749380000000001 0.694239 0.9749380000000001 0.703292 0.9798440000000002 0.707778 0.980078 0.69358 0.980813 0.668436 0.980813 0.620658 0.975187 0.634239 0.968078 0.638107
50 1 0.612181 0.9998439999999998 0.575844 1 0.525103 0.9989839999999999 0.506914 0.996391 0.506914 0.992656 0.5107 0.9906409999999999 0.521317 0.992375 0.527366 0.9894999999999999 0.54177 0.986906 0.549342 0.9828750000000002 0.58037 0.9828750000000002 0.609136 0.98575 0.611399 0.987484 0.588683 0.987484 0.606132 0.989203 0.611399 0.9989839999999999 0.611399 1 0.612181
50 0.987484 0.669712 0.9912189999999999 0.682593 0.9906409999999999 0.703004 0.992078 0.72572 0.9981250000000002 0.724239 0.9984059999999999 0.717407 0.9981250000000002 0.704527 0.9989839999999999 0.681811 0.9998439999999998 0.684074 1 0.6242799999999998 0.987766 0.622016 0.98575 0.636379 0.987484 0.669712
0 0 0.553992 0.032171899999999996 0.5487650000000001 0.033875 0.5428810000000001 0.039843699999999996 0.544033 0.0424687 0.544033 0.0839375 0.524897 0.0887344 0.523745 0.0916406 0.531029 0.09223440000000001 0.572016 0.095 0.576996 0.09629689999999999 0.531029 0.10009399999999999 0.525638 0.10590599999999999 0.518354 0.104016 0.504198 0.120453 0.504198 0.12104699999999999 0.492305 0.134141 0.494979 0.141844 0.494239 0.155969 0.489259 0.160187 0.487695 0.15975 0.485802 0.157859 0.480412 0.145641 0.47967099999999996 0.13123400000000002 0.479259 0.126141 0.475062 0.124094 0.47197500000000003 0.113187 0.466626 0.113469 0.457449 0.1145 0.452058 0.11464099999999999 0.43864200000000003 0.110703 0.43213999999999997 0.104594 0.430617 0.10910899999999998 0.39497899999999997 0.120891 0.323292 0.13151600000000002 0.255062 0.135297 0.253909 0.138656 0.252016 0.13981300000000002 0.238189 0.13603099999999999 0.229794 0.137484 0.224033 0.14243699999999998 0.202963 0.140391 0.200247 0.110266 0.199877 0.105766 0.204486 0.10285899999999999 0.207942 0.0919375 0.232757 0.0782656 0.237407 0.07628120000000001 0.239136 0.0760625 0.250741 0.0769531 0.257737 0.0804688 0.260617 0.0784844 0.26761300000000005 0.058421900000000006 0.31057599999999996 0.0255625 0.38786 0.021140600000000002 0.398889 0.0092343703125 0.404115 0 0.399465 0 0.40526700000000004 0 0.451152 0 0.553992
50 0.916031 0.533663 0.915516 0.524156 0.918437 0.515103 0.916891 0.511029 0.915 0.502428 0.912937 0.502428 0.9127660000000001 0.510123 0.912422 0.51284 0.911562 0.516914 0.908984 0.531399 0.909844 0.5445270000000001 0.9119059999999999 0.564897 0.9119059999999999 0.5644440000000001 0.9151719999999999 0.560823 0.916031 0.533663
50 0.766625 0.506543 0.770312 0.506543 0.772578 0.502058 0.770031 0.49086399999999997 0.771719 0.481152 0.7680469999999999 0.482675 0.767469 0.48864199999999997 0.764641 0.496091 0.765203 0.505761 0.766625 0.506543
50 0.831641 0.514362 0.8275309999999999 0.516831 0.827583065625 0.5194533209876543 0.8271559999999999 0.516831 0.8260310000000001 0.516337 0.8230470000000001 0.5271600000000001 0.8226720000000001 0.535021 0.8237970000000001 0.546831 0.825469 0.5660489999999999 0.825297 0.589177 0.8260310000000001 0.589177 0.832203 0.587202 0.833891 0.58572 0.8342660000000001 0.574403 0.835 0.566543 0.8342660000000001 0.559136 0.8365 0.530123 0.834437 0.516831 0.831641 0.514362
50 0.854813 0.572016 0.8620469999999999 0.571317 0.8628439999999999 0.5667490000000001 0.8641880000000001 0.559342 0.8628439999999999 0.549095 0.8628439999999999 0.540288 0.863391 0.529671 0.8595 0.527942 0.859906 0.525473 0.860703 0.518765 0.858422 0.5141560000000001 0.855344 0.517695 0.854813 0.525103 0.855219 0.528971 0.852266 0.528971 0.852125 0.532881 0.852125 0.538848 0.852125 0.544486 0.8517340000000001 0.548025 0.853063 0.5511929999999999 0.853734 0.555103 0.853609 0.56214 0.854281 0.571687 0.854813 0.572016