18 0.17929699999999998 0.304054 0.180969 0.30982 0.180969 0.31655399999999995 0.195656 0.319459 0.196328 0.325225 0.2 0.325225 0.201672 0.320901 0.207016 0.320901 0.20734400000000003 0.324752 0.21068699999999999 0.323311 0.21068699999999999 0.319459 0.21068699999999999 0.291059 0.20934400000000003 0.283356 0.20934400000000003 0.26844599999999996 0.192328 0.26844599999999996 0.179641 0.285293 0.169625 0.296824 0.17929699999999998 0.304054
44 0.570594 0.988761 0.626719 0.9528150000000001 0.712453 0.910113 0.7810469999999999 0.889887 0.855891 0.838198 0.887063 0.804505 0.9182499999999999 0.786509 0.919797 0.786509 0.9182499999999999 0.7213510000000001 0.8808279999999999 0.739324 0.834062 0.750563 0.788844 0.7595500000000001 0.742078 0.773041 0.718687 0.773041 0.6547810000000001 0.741577 0.609563 0.719099 0.550328 0.698874 0.558125 0.6629280000000001 0.5846250000000001 0.631464 0.561234 0.6247299999999999 0.537844 0.665158 0.526938 0.687635 0.49887499999999996 0.741577 0.486406 0.7887609999999999 0.481734 0.82473 0.48951599999999995 0.865158 0.486406 0.865158 0.427156 0.97527 0.570594 0.988761
44 0.333625 0.6702250000000001 0.332063 0.69045 0.339859 0.701689 0.34453100000000003 0.712928 0.336734 0.7331529999999999 0.333625 0.7466219999999999 0.339859 0.7803380000000001 0.346094 0.827523 0.347656 0.832027 0.35232800000000003 0.847748 0.358563 0.8522519999999999 0.31492200000000004 0.960113 0.310234 0.9736039999999999 0.313359 0.9870720000000001 0.324266 0.980338 0.36948400000000003 0.915158 0.37728100000000003 0.903941 0.40534400000000004 0.838761 0.434953 0.814054 0.46770300000000004 0.775833 0.481734 0.7511260000000001 0.503547 0.7084229999999999 0.530062 0.679212 0.5191410000000001 0.65 0.472375 0.638761 0.433406 0.6477480000000001 0.411578 0.688198 0.402219 0.706171 0.355453 0.6971849999999999 0.342984 0.67473 0.333625 0.6702250000000001
44 0.331313 0.523761 0.307984 0.534977 0.325094 0.591036 0.269094 0.669505 0.227109 0.718829 0.197547 0.790586 0.163328 0.92286 0.160219 0.9699550000000001 0.172656 0.987883 0.205328 0.985653 0.227109 0.981171 0.251984 0.954257 0.275328 0.8825 0.301766 0.815248 0.301766 0.7861039999999999 0.272219 0.765923 0.290875 0.714347 0.315766 0.673986 0.345313 0.631396 0.374875 0.624662 0.382656 0.604482 0.365547 0.570856 0.331313 0.523761
44 0.12159400000000001 0.854505 0.127844 0.903941 0.152781 0.928649 0.155906 0.928649 0.163688 0.847748 0.243203 0.7353829999999999 0.293094 0.632027 0.296203 0.623041 0.364797 0.5646169999999999 0.391313 0.571351 0.38975 0.5353829999999999 0.381953 0.533153 0.361687 0.537635 0.336734 0.528649 0.322703 0.476959 0.310234 0.454505 0.291531 0.40955 0.26970299999999997 0.389324 0.24787499999999998 0.43650900000000004 0.24787499999999998 0.445495 0.243203 0.49045000000000005 0.238531 0.521914 0.2245 0.539887 0.199547 0.58259 0.194875 0.6252700000000001 0.19175 0.6477480000000001 0.179281 0.6814640000000001 0.15434399999999998 0.7353829999999999 0.116922 0.800563 0.12159400000000001 0.854505
50 0.520687 0.47894099999999995 0.541469 0.42371600000000004 0.523937 0.477995 0.525234 0.503266 0.5551090000000001 0.50982 0.579141 0.508896 0.5875779999999999 0.453671 0.572641 0.414347 0.567453 0.343198 0.551219 0.31700500000000004 0.547312 0.31418900000000005 0.5479689999999999 0.287973 0.534984 0.264572 0.510953 0.261779 0.500563 0.27955 0.499906 0.317928 0.523297 0.339459 0.516141 0.384392 0.5155000000000001 0.43682400000000005 0.497969 0.497658 0.496016 0.5004730000000001 0.510297 0.505158 0.520687 0.47894099999999995
50 0.5486869999999999 0.317658 0.550563 0.32756799999999997 0.564297 0.34195899999999996 0.570547 0.40945899999999996 0.586781 0.45536000000000004 0.581156 0.512973 0.587406 0.529167 0.590531 0.557973 0.5836560000000001 0.5813740000000001 0.596781 0.580473 0.594281 0.557072 0.600516 0.557072 0.622375 0.52018 0.614266 0.49587800000000004 0.6211249999999999 0.43916700000000003 0.6211249999999999 0.401374 0.634859 0.363559 0.634234 0.353671 0.622375 0.30774799999999997 0.601766 0.285248 0.6048910000000001 0.284347 0.603016 0.273559 0.600516 0.259144 0.599266 0.251959 0.595531 0.243851 0.591781 0.24024800000000002 0.584281 0.24024800000000002 0.577422 0.24295 0.575547 0.24565299999999998 0.573672 0.251959 0.572422 0.26455 0.576172 0.284347 0.572422 0.28704999999999997 0.569922 0.294257 0.564297 0.304167 0.557438 0.30774799999999997 0.552438 0.32036 0.5486869999999999 0.317658
50 0.518672 0.425833 0.5172030000000001 0.39394100000000004 0.5230940000000001 0.346104 0.500984 0.316351 0.505406 0.281261 0.5172030000000001 0.261081 0.509828 0.246194 0.48843800000000004 0.255766 0.484016 0.273829 0.497297 0.322725 0.48843800000000004 0.355676 0.490656 0.398198 0.481797 0.432207 0.48992199999999997 0.44815299999999997 0.495078 0.44177900000000003 0.48992199999999997 0.469414 0.493609 0.49279300000000004 0.518672 0.425833
50 0.6012190000000001 0.188536 0.599625 0.225878 0.607031 0.238086 0.614437 0.232748 0.612328 0.205315 0.621312 0.19844599999999998 0.648281 0.192342 0.648797 0.185495 0.64775 0.16491 0.646687 0.146622 0.636641 0.13747700000000002 0.637172 0.126802 0.628719 0.116892 0.620781 0.123761 0.621312 0.139009 0.613906 0.145856 0.609672 0.17405400000000001 0.6012190000000001 0.188536
50 0.215578 0.288671 0.215313 0.29297300000000004 0.21667200000000003 0.29806299999999997 0.21937500000000001 0.314099 0.22235900000000003 0.32074300000000006 0.222094 0.326599 0.223172 0.330518 0.227234 0.330901 0.227516 0.327387 0.22615599999999997 0.32074300000000006 0.228328 0.313311 0.22642199999999998 0.297275 0.227781 0.291802 0.225891 0.286734 0.22696900000000003 0.280856 0.227516 0.272658 0.22670300000000002 0.261712 0.222625 0.259369 0.22073399999999999 0.251937 0.21829700000000002 0.251937 0.21667200000000003 0.25427900000000003 0.216391 0.260135 0.219922 0.264437 0.21775000000000003 0.271486 0.21612499999999998 0.286329 0.215578 0.288671
50 0.510344 0.165135 0.509641 0.16011299999999998 0.5065000000000001 0.151059 0.502672 0.153581 0.49848400000000004 0.160608 0.497094 0.171689 0.49848400000000004 0.175203 0.5058119999999999 0.181734 0.511047 0.18626099999999998 0.513141 0.181734 0.512437 0.17369400000000002 0.510344 0.165135
50 0.486937 0.156644 0.482906 0.163649 0.48332800000000004 0.171284 0.484609 0.173108 0.481219 0.175563 0.475922 0.18045 0.472109 0.18349100000000002 0.46914100000000003 0.18441400000000002 0.47889099999999996 0.18716200000000002 0.488 0.18441400000000002 0.49265600000000004 0.181351 0.496891 0.180135 0.497094 0.177703 0.497094 0.17342300000000002 0.495188 0.166396 0.49243800000000004 0.157545 0.486937 0.156644
44 0.13781300000000002 0.428333 0.131547 0.432838 0.111187 0.453153 0.101797 0.462185 0.0923906 0.477995 0.08299999999999999 0.49605899999999997 0.0689063 0.518626 0.0689063 0.523131 0.0689063 0.532162 0.07203129999999999 0.545721 0.079875 0.545721 0.086125 0.5344140000000001 0.0923906 0.5118469999999999 0.0986563 0.49831099999999995 0.103359 0.48702700000000004 0.122156 0.462185 0.133109 0.441869 0.150344 0.41026999999999997 0.139375 0.41705 0.13781300000000002 0.428333
44 0.820453 0.492275 0.820453 0.531104 0.8247030000000001 0.559685 0.836031 0.5658110000000001 0.851625 0.574009 0.868641 0.56991 0.878562 0.559685 0.881391 0.557635 0.891328 0.5229280000000001 0.9097500000000001 0.539257 0.908328 0.574009 0.9111560000000001 0.5658110000000001 0.916828 0.5413060000000001 0.950844 0.5433560000000001 0.967844 0.516779 0.9933590000000001 0.537207 0.9990309999999999 0.549482 0.9990309999999999 0.43506799999999995 0.982016 0.412613 0.967844 0.398311 0.9848589999999999 0.37786 0.9990309999999999 0.355383 0.9791869999999999 0.35132899999999995 0.9848589999999999 0.326802 0.987703 0.306374 0.9763439999999999 0.34518 0.953688 0.35948199999999997 0.9366720000000001 0.37786 0.912562 0.353378 0.896984 0.361532 0.902656 0.367658 0.919656 0.365608 0.9281560000000001 0.381959 0.9054840000000001 0.392185 0.912562 0.39626100000000003 0.9366720000000001 0.39626100000000003 0.949422 0.410563 0.94375 0.437117 0.9352499999999999 0.46979699999999996 0.931 0.480023 0.912562 0.457545 0.9253439999999999 0.424865 0.9097500000000001 0.414662 0.8757339999999999 0.414662 0.827547 0.402387 0.813375 0.404437 0.806281 0.422815 0.8119529999999999 0.430991 0.837453 0.461644 0.820453 0.492275
44 0.721562 0.40482 0.727406 0.41565300000000005 0.73075 0.43009 0.740766 0.452973 0.743281 0.465023 0.7474529999999999 0.480676 0.745781 0.499955 0.745781 0.518018 0.757484 0.527635 0.790906 0.516802 0.800094 0.501149 0.8159689999999999 0.498739 0.822641 0.490315 0.8335000000000001 0.465023 0.809281 0.428896 0.8117810000000001 0.408423 0.823484 0.39999999999999997 0.845203 0.40482 0.8836410000000001 0.416847 0.897 0.41565300000000005 0.8878130000000001 0.39999999999999997 0.877781 0.380721 0.876953 0.35783800000000004 0.886141 0.344595 0.886969 0.33617100000000005 0.8878130000000001 0.33376100000000003 0.8852969999999999 0.31569800000000003 0.8878130000000001 0.291599 0.875281 0.291599 0.8736090000000001 0.302455 0.866922 0.326532 0.8627499999999999 0.337365 0.851891 0.348221 0.8410310000000001 0.366284 0.829328 0.362658 0.8268280000000001 0.344595 0.810109 0.33858099999999997 0.781703 0.33858099999999997 0.7708440000000001 0.350608 0.766672 0.373491 0.766672 0.374707 0.7625 0.383131 0.736594 0.38673399999999997 0.7140310000000001 0.389144 0.721562 0.40482
44 0.194188 0.412545 0.176969 0.41565300000000005 0.158656 0.41565300000000005 0.15326599999999999 0.440473 0.131719 0.49326600000000004 0.13387500000000002 0.508784 0.119875 0.524324 0.0907969 0.55536 0.0724844 0.636104 0.0811094 0.676464 0.08325 0.692005 0.0972656 0.6500680000000001 0.13603099999999999 0.5662389999999999 0.193109 0.479302 0.238359 0.42650899999999997 0.265281 0.404775 0.27067199999999997 0.38614899999999996 0.264203 0.381486 0.254516 0.381486 0.215734 0.407883 0.199578 0.393896 0.1985 0.38459499999999996 0.1985 0.401667 0.194188 0.412545
44 0.14514100000000002 0.416869 0.158578 0.412027 0.166125 0.409617 0.185422 0.407185 0.199687 0.387838 0.210609 0.374527 0.21815600000000002 0.35155400000000003 0.213125 0.34427900000000006 0.197172 0.34427900000000006 0.16696899999999998 0.381779 0.14682800000000001 0.385428 0.114094 0.410811 0.0931094 0.43380599999999997 0.0746563 0.485811 0.0754844 0.506396 0.07884379999999999 0.506396 0.0889219 0.48340099999999997 0.10149999999999999 0.466464 0.10990599999999999 0.459212 0.125844 0.441059 0.14514100000000002 0.416869
75 0.12548399999999998 0.286306 0.148141 0.294459 0.152281 0.25639599999999996 0.158328 0.260743 0.16209400000000002 0.268896 0.163984 0.25693699999999997 0.173047 0.254752 0.174922 0.266171 0.17907800000000001 0.287387 0.18662499999999999 0.267275 0.20285899999999998 0.261824 0.22134399999999999 0.248221 0.228891 0.25639599999999996 0.23907799999999998 0.275968 0.24360900000000002 0.274347 0.24625 0.259662 0.256062 0.261824 0.271156 0.25801799999999997 0.279469 0.21123899999999998 0.182469 0.21668900000000002 0.178328 0.242793 0.164734 0.243333 0.151531 0.243333 0.141344 0.267275 0.137563 0.278153 0.12548399999999998 0.286306
50 0.681984 0.192027 0.685484 0.17540499999999998 0.692828 0.163311 0.692828 0.149707 0.686188 0.134595 0.6785 0.126532 0.679188 0.11594600000000001 0.6742969999999999 0.106374 0.666266 0.103851 0.661719 0.119977 0.662406 0.1225 0.652625 0.134595 0.651922 0.145158 0.662406 0.144662 0.66975 0.17036 0.6711560000000001 0.17540499999999998 0.657875 0.16835599999999998 0.650875 0.18195899999999998 0.659969 0.186486 0.6561250000000001 0.210676 0.655422 0.22680199999999998 0.656469 0.236374 0.6610159999999999 0.235383 0.664156 0.19455 0.681984 0.192027
50 0.584156 0.166059 0.584516 0.174707 0.594734 0.17216199999999998 0.601094 0.171644 0.6032029999999999 0.165541 0.6028439999999999 0.156914 0.600375 0.150293 0.6025 0.137072 0.6025 0.12741 0.5989690000000001 0.122342 0.593687 0.122342 0.587688 0.13403199999999998 0.586625 0.14268 0.5859219999999999 0.150293 0.583094 0.160473 0.584156 0.166059
44 0.158922 0.524707 0.11775 0.568491 0.112594 0.58259 0.102297 0.6211709999999999 0.0971562 0.638986 0.0899375 0.659009 0.0863437 0.68277 0.0889219 0.7035359999999999 0.0945781 0.714662 0.10075 0.713919 0.118766 0.6375000000000001 0.165109 0.5729500000000001 0.218641 0.508378 0.2485 0.46015799999999996 0.261891 0.42898600000000003 0.264969 0.408941 0.250563 0.400788 0.24335900000000002 0.360721 0.231516 0.353288 0.22379699999999997 0.36441399999999996 0.223281 0.37556300000000004 0.231516 0.403018 0.233578 0.41042799999999996 0.228422 0.411914 0.217609 0.44159899999999996 0.205781 0.44159899999999996 0.196 0.464595 0.190328 0.48389600000000005 0.178484 0.499482 0.158922 0.524707
44 1 0.77777 0.9781090000000001 0.797523 0.854766 0.844437 0.7348589999999999 0.9259229999999999 0.695469 0.938266 0.661203 0.980248 0.664625 0.98518 1 0.98518 1 0.77777
44 0.48462500000000003 0.311014 0.48462500000000003 0.300968 0.477672 0.293671 0.467531 0.293671 0.45234399999999997 0.311014 0.45993700000000004 0.34202699999999997 0.463734 0.366644 0.470703 0.37304099999999996 0.461844 0.387635 0.467531 0.393108 0.47385900000000003 0.394032 0.480828 0.431419 0.48526600000000003 0.43964000000000003 0.49412500000000004 0.433243 0.496016 0.430518 0.49348400000000003 0.38673399999999997 0.491594 0.340203 0.491594 0.335631 0.489687 0.328333 0.48273400000000005 0.33198200000000005 0.48462500000000003 0.311014
27 0.279297 0.225968 0.275703 0.205203 0.24506299999999998 0.207793 0.192812 0.205203 0.191 0.228581 0.279297 0.225968
50 0.549609 0.19214 0.540188 0.206824 0.541766 0.24527 0.555094 0.24979700000000002 0.555094 0.22491 0.564516 0.20795000000000002 0.580203 0.20795000000000002 0.580203 0.17518 0.570781 0.15256799999999998 0.562937 0.13786 0.555094 0.141261 0.555094 0.15482 0.548031 0.161599 0.549609 0.19214
50 0.246875 0.298851 0.250984 0.298356 0.255078 0.29689200000000004 0.25678100000000004 0.288018 0.258141 0.283604 0.25951599999999997 0.285563 0.261563 0.281622 0.258141 0.275225 0.25678100000000004 0.271779 0.255766 0.26882900000000004 0.255766 0.265383 0.255078 0.262432 0.252 0.259482 0.24859399999999998 0.26096800000000003 0.247562 0.262928 0.246875 0.267365 0.246203 0.27031499999999997 0.245172 0.27277 0.243469 0.275721 0.24142199999999997 0.278176 0.240734 0.282117 0.24243800000000001 0.284572 0.243812 0.286554 0.24415599999999998 0.289505 0.24415599999999998 0.29491 0.246875 0.298851
44 0.711203 0.761622 0.783 0.7575679999999999 0.839297 0.7311939999999999 0.864641 0.7311939999999999 0.8519690000000001 0.70277 0.8730779999999999 0.688581 0.866047 0.5972749999999999 0.850562 0.56277 0.799891 0.6134909999999999 0.6886720000000001 0.6479950000000001 0.6281559999999999 0.650023 0.66475 0.68045 0.601406 0.712928 0.711203 0.761622
75 0.208047 0.319054 0.21248399999999998 0.318266 0.21248399999999998 0.289482 0.206937 0.286284 0.209422 0.273491 0.211922 0.264707 0.21164100000000002 0.256712 0.193906 0.264707 0.18668800000000002 0.267883 0.185578 0.270698 0.178375 0.285878 0.167828 0.293086 0.180031 0.310653 0.180313 0.314257 0.179203 0.31864899999999996 0.202766 0.319054 0.208047 0.319054