69 0.09202670133333334 0.30118 0.08943999999999999 0.31086 0.11352 0.3128 0.12127999999999999 0.2902 0.127307 0.24503999999999998 0.126427 0.22632 0.11437300000000002 0.23342 0.10837300000000001 0.25664 0.09202670133333334 0.30118
50 0.35848 0.49910000000000004 0.321387 0.57664 0.363787 0.79334 0.331973 0.79732 0.302827 0.86888 0.33464 0.8609199999999999 0.40618699999999996 0.84304 0.438 0.8152 0.411493 0.76152 0.41416000000000003 0.65218 0.39029299999999995 0.6104400000000001 0.483067 0.51102 0.51752 0.48916000000000004 0.51752 0.53688 0.5440269999999999 0.56072 0.61032 0.65416 0.642107 0.73966 0.660667 0.75954 0.644773 0.79532 0.65008 0.82116 0.6527200000000001 0.84104 0.6951200000000001 0.85894 0.7296 0.83508 0.708373 0.76748 0.6633330000000001 0.63628 0.61032 0.55874 0.6156 0.48718 0.607653 0.39572 0.620907 0.35198 0.567893 0.35398 0.559947 0.38577999999999996 0.448613 0.29431999999999997 0.313413 0.23668 0.188827 0.10348 0.164987 0.08159999999999999 0.130533 0.10348 0.170293 0.16312000000000001 0.25776 0.24662 0.170293 0.2327 0.106667 0.25456 0.16232 0.28836 0.23125300000000001 0.31024 0.2392 0.35 0.331973 0.42156 0.255093 0.39374000000000003 0.363787 0.45338 0.35848 0.49910000000000004
50 0.05072 0.2284 0.05965330133333333 0.2284 0.06861330133333333 0.22391999999999998 0.08352 0.21497999999999998 0.09247999999999999 0.2105 0.10439999999999999 0.2105 0.10439999999999999 0.20604 0.10439999999999999 0.19932 0.10439999999999999 0.1926 0.10439999999999999 0.17918 0.107387 0.17024 0.12229300000000001 0.16352 0.14616 0.16352 0.152133 0.1434 0.140187 0.13219999999999998 0.119307 0.12102 0.12229300000000001 0.12102 0.128267 0.10984000000000001 0.12229300000000001 0.09642 0.119307 0.08746 0.10439999999999999 0.08076 0.08949329866666667 0.07628 0.0716 0.08076 0.05965330133333333 0.09194 0.06861330133333333 0.1076 0.0716 0.12997999999999998 0.05666670133333333 0.14116 0.04176 0.14786000000000002 0.0328 0.15234 0.02984 0.17024 0.026853298666666664 0.1926 0.02984 0.21722 0.04176 0.2284 0.05072 0.2284
50 0.26096 0.16212000000000001 0.26096 0.1761 0.26096 0.18134 0.328507 0.24422 0.349467 0.25122 0.358773 0.24772 0.36111999999999994 0.232 0.358773 0.21628 0.36576 0.20056000000000002 0.377413 0.1761 0.386747 0.16386 0.39605300000000004 0.15164 0.386747 0.12368000000000001 0.36576 0.11494 0.370427 0.1097 0.372747 0.10272 0.375093 0.10272 0.377413 0.09573999999999999 0.375093 0.0835 0.337893 0.07204 0.327893 0.08220000000000001 0.32149300000000003 0.0906 0.313467 0.09542 0.313467 0.10502 0.316667 0.12546 0.29584 0.13146000000000002 0.28304 0.13146000000000002 0.273413 0.13746 0.26861300000000005 0.1591 0.26096 0.16212000000000001
50 0.399387 0.14302 0.375387 0.16104 0.37237299999999995 0.19256 0.37237299999999995 0.21058000000000002 0.3904 0.23762 0.40240000000000004 0.2241 0.43842699999999996 0.2241 0.44744 0.24436000000000002 0.465467 0.26238 0.48048 0.25112 0.489493 0.23086 0.501493 0.19708 0.51352 0.17454 0.501493 0.15202000000000002 0.48048 0.14302 0.471467 0.125 0.46848 0.09798 0.444453 0.09345999999999999 0.41741300000000003 0.10022 0.420427 0.13626 0.399387 0.14302
50 0.135707 0.25382 0.163333 0.22862000000000002 0.18373299999999998 0.22862000000000002 0.18373299999999998 0.21872 0.163333 0.21781999999999999 0.153733 0.20792 0.154933 0.19532 0.154933 0.18362 0.142907 0.16741999999999999 0.122507 0.16472 0.103307 0.17462 0.106907 0.20792 0.09610670133333334 0.20882 0.06730669866666666 0.22682 0.052906701333333334 0.25472 0.049306701333333335 0.27722 0.036106698666666666 0.29612 0.050506701333333334 0.31233999999999995 0.0037066693333333333 0.32764 0.0013066693333333335 0.40954 0.038506698666666665 0.41854 0.039706698666666665 0.40504 0.04210669866666667 0.37533999999999995 0.05530669866666667 0.36184 0.06490670133333333 0.36634 0.08290670133333333 0.36724 0.106907 0.37174 0.10810700000000001 0.42034 0.140507 0.42124 0.160933 0.36813999999999997 0.153733 0.35104 0.18253300000000003 0.34834 0.190933 0.30694 0.147733 0.29072000000000003 0.132107 0.26192000000000004 0.135707 0.25382
50 0.725387 0.22478 0.7262399999999999 0.19508 0.7262399999999999 0.17443999999999998 0.7262399999999999 0.16024000000000002 0.6858129999999999 0.14152 0.6858129999999999 0.13378 0.693547 0.12088 0.686667 0.11894 0.684933 0.10538 0.66688 0.09636 0.6488 0.10152 0.6298670000000001 0.10668000000000001 0.630747 0.11957999999999999 0.64192 0.14024 0.639333 0.14992 0.6074930000000001 0.15186000000000002 0.594587 0.16476 0.587707 0.19058 0.587707 0.21252000000000001 0.598027 0.2338 0.615253 0.2351 0.6221329999999999 0.2351 0.626427 0.24156 0.647093 0.23574 0.657413 0.23188 0.66344 0.23898 0.669467 0.25446 0.676347 0.2622 0.69528 0.25962 0.7262399999999999 0.24736000000000002 0.725387 0.22478
50 0.8542399999999999 0.16806 0.828773 0.1626 0.8306129999999999 0.15578 0.825147 0.12304 0.810587 0.10802 0.781493 0.11076 0.770587 0.12712 0.781493 0.16806 0.7487469999999999 0.17488 0.7360270000000001 0.18852 0.7269329999999999 0.2349 0.836053 0.23626 0.8542399999999999 0.16806
50 0.9948 0.18976 0.992587 0.1616 0.992587 0.1558 0.957253 0.13344 0.957253 0.1177 0.961653 0.10528 0.946187 0.08458 0.9119730000000001 0.08292 0.89872 0.08954 0.895413 0.11936 0.905333 0.1351 0.857867 0.16078 0.856747 0.179 0.8512270000000001 0.20798 0.857867 0.21046 0.88216 0.21876 0.8898670000000001 0.23033999999999996 0.89872 0.24112 0.962773 0.2378 0.9716 0.23614 0.9948 0.18976
50 0.442453 0.08744 0.475333 0.10538 0.48130700000000004 0.13452 0.490293 0.15022 0.5112 0.14798 0.532133 0.13228 0.585947 0.10538 0.585947 0.09642 0.576987 0.08744 0.538107 0.06054 0.538107 0.02914 0.520187 0.013460000000000001 0.47832 0.03364 0.490293 0.0583 0.48130700000000004 0.06278 0.44842699999999996 0.0852 0.442453 0.08744
50 0.743893 0.17438 0.78144 0.1661 0.771493 0.1338 0.77592 0.10812000000000001 0.81456 0.10812000000000001 0.8134669999999999 0.08162 0.785867 0.06588 0.78696 0.05096 0.7593599999999999 0.024460000000000003 0.73728 0.027780000000000003 0.726213 0.04104 0.7306400000000001 0.07498 0.7063470000000001 0.08742 0.704133 0.14538 0.7273329999999999 0.16112 0.7284269999999999 0.1984 0.743893 0.17438
50 0.352373 0.07374 0.348427 0.05298 0.310853 0.03816 0.310853 0.01 0.271333 0 0.257493 0.0174 0.257493 0.03964 0.26936 0.05744 0.231787 0.07374 0.229813 0.09598000000000001 0.2476 0.11526 0.26936 0.13008 0.2812 0.13454 0.299013 0.1286 0.312853 0.10784 0.35832 0.07078 0.352373 0.07374
50 0.7553599999999999 0.4556 0.7589600000000001 0.46098 0.760133 0.48524 0.768533 0.48792 0.781707 0.48254 0.781707 0.47804 0.7864800000000001 0.42866000000000004 0.7936799999999999 0.4098 0.7948799999999999 0.41248 0.8140270000000001 0.41698 0.8248 0.42416000000000004 0.841573 0.43224 0.847547 0.44482 0.86192 0.46188 0.86552 0.47804 0.855947 0.49242 0.86432 0.49512 0.882293 0.496 0.9002399999999999 0.49242 0.908613 0.48702 0.90384 0.47804 0.89904 0.46728 0.8894669999999999 0.45380000000000004 0.875093 0.42866000000000004 0.879893 0.42596 0.8942669999999999 0.42866000000000004 0.914613 0.42506 0.9301870000000001 0.42058 0.945733 0.4053 0.946933 0.39274000000000003 0.945733 0.38195999999999997 0.948133 0.30201999999999996 0.94456 0.29394 0.9229869999999999 0.2724 0.8942669999999999 0.2661 0.8894669999999999 0.24006 0.8894669999999999 0.22390000000000002 0.877493 0.21222 0.8571469999999999 0.20952 0.839173 0.21581999999999998 0.835573 0.22748 0.837973 0.24096 0.832 0.24634 0.8248 0.25174 0.8128270000000001 0.25712 0.8128270000000001 0.2724 0.800853 0.27777999999999997 0.782907 0.29934 0.776907 0.3137 0.781707 0.32358 0.808053 0.31910000000000005 0.834373 0.31189999999999996 0.837973 0.34782 0.837973 0.36668 0.8271999999999999 0.36668 0.778107 0.35769999999999996 0.7517600000000001 0.3613 0.74816 0.3658 0.739787 0.38195999999999997 0.731413 0.38914 0.739787 0.39452 0.7565599999999999 0.43494 0.745787 0.45289999999999997 0.7553599999999999 0.4556
68 0.112693 0.02718 0.007413330666666667 0.01402 0.00448 0.02718 0.00448 0.07981999999999999 0.019119999999999998 0.0886 0.0776 0.07981999999999999 0.08930669866666667 0.07981999999999999 0.1244 0.10176 0.130267 0.10614 0.153653 0.0864 0.112693 0.02718
50 0.535307 0.13894 0.5402669999999999 0.15009999999999998 0.53928 0.15159999999999998 0.521413 0.15308000000000002 0.5055470000000001 0.15308000000000002 0.5015999999999999 0.15753999999999999 0.5015999999999999 0.17094 0.493653 0.20218 0.48968 0.2312 0.592853 0.23566 0.587893 0.22376 0.591867 0.20218 0.59384 0.19028 0.591867 0.1754 0.5988 0.16126 0.59384 0.15753999999999999 0.586907 0.14936000000000002 0.580933 0.13374 0.580933 0.11068 0.56408 0.10132 0.53928 0.10578 0.535307 0.12662 0.535307 0.13894