76 0.09479689999999999 0.014811299528301887 0.0041875 0 0.0027031203125 0.20764200000000002 0.051718799999999995 0.214363 0.109656 0.20316 0.09479689999999999 0.014811299528301887
22 0.215219 0.44445799999999996 0.205563 0.44518899999999995 0.204594 0.44518899999999995 0.227781 0.45684 0.240828 0.45976399999999995 0.249531 0.45976399999999995 0.263063 0.461958 0.281906 0.535613 0.283344 0.534882 0.267891 0.45903299999999997 0.268375 0.44080199999999997 0.268375 0.384646 0.235516 0.389009 0.227781 0.398491 0.22149999999999997 0.433514 0.215219 0.44518899999999995 0.215219 0.44445799999999996
22 0.268766 0.445637 0.290859 0.45830200000000004 0.287047 0.449104 0.285531 0.422642 0.276391 0.418042 0.289328 0.412288 0.29009399999999996 0.398491 0.3 0.39733500000000005 0.311422 0.39620299999999997 0.325141 0.40195800000000004 0.346469 0.39620299999999997 0.346469 0.38125000000000003 0.358672 0.380094 0.354094 0.35365599999999997 0.32437499999999997 0.34790099999999996 0.309906 0.355943 0.306859 0.391604 0.271047 0.39504700000000004 0.268766 0.445637
22 0.158828 0.43790100000000004 0.16312500000000002 0.43790100000000004 0.171703 0.42926899999999996 0.178859 0.42926899999999996 0.19173400000000002 0.433585 0.21176599999999998 0.442217 0.21176599999999998 0.43790100000000004 0.21176599999999998 0.422783 0.21176599999999998 0.418467 0.21176599999999998 0.39903299999999997 0.21176599999999998 0.377429 0.207484 0.375259 0.20460899999999999 0.375259 0.193172 0.37959899999999996 0.16312500000000002 0.37959899999999996 0.154531 0.38391499999999995 0.154531 0.409835 0.154531 0.422783 0.155969 0.43790100000000004 0.158828 0.43790100000000004
22 0.372672 0.37908 0.35960899999999996 0.378137 0.34843799999999997 0.38193400000000005 0.34843799999999997 0.388514 0.34843799999999997 0.396958 0.347187 0.397901 0.37578100000000003 0.38945799999999997 0.372672 0.37908
27 1 0.983491 0.739062 0.884434 0.735938 0.891509 0.734375 0.92217 0.729688 0.95283 0.71875 0.962264 0.696875 0.96934 0.692187 0.9976419999999999 1 0.9976419999999999 1 0.983491
27 0.285141 0.577429 0.296 0.557972 0.296 0.5815330000000001 0.298719 0.5979249999999999 0.30074999999999996 0.5938209999999999 0.301437 0.564127 0.29668700000000003 0.546698 0.29735900000000004 0.509835 0.29735900000000004 0.47092 0.295328 0.44018900000000005 0.304141 0.424835 0.342141 0.43405699999999997 0.350969 0.433019 0.36385900000000004 0.42379700000000003 0.380141 0.415613 0.38420299999999996 0.415613 0.386922 0.402288 0.391 0.383868 0.28446899999999997 0.41971699999999995 0.287859 0.437123 0.288547 0.45452800000000004 0.290578 0.542618 0.283109 0.575377 0.285141 0.577429
27 0.037328099999999996 0.483561 0.060656299999999996 0.48592 0.0575469 0.5 0.05443750000000001 0.51408 0.0762031 0.51408 0.241047 0.462453 0.163297 0.43662700000000004 0.0311094 0.483561 0.037328099999999996 0.483561
27 0.298312 0.449481 0.300359 0.46035400000000004 0.312703 0.6140329999999999 0.314766 0.61092 0.310656 0.475873 0.379562 0.496061 0.379562 0.6186790000000001 0.382641 0.6186790000000001 0.38675000000000004 0.496061 0.425828 0.510024 0.42275 0.489835 0.38778100000000004 0.457241 0.383672 0.44016500000000003 0.384703 0.42000000000000004 0.374406 0.418443 0.298312 0.449481
50 0.537156 0.29167499999999996 0.525219 0.27816 0.511797 0.266887 0.502844 0.260142 0.499859 0.251132 0.501344 0.235354 0.507313 0.21959900000000002 0.5147809999999999 0.19481099999999998 0.51925 0.17455199999999998 0.525219 0.154269 0.516266 0.138514 0.510297 0.131745 0.504328 0.129505 0.49835900000000005 0.11825500000000001 0.49389099999999997 0.11374999999999999 0.483453 0.11374999999999999 0.471516 0.115991 0.458078 0.125 0.455094 0.131745 0.453609 0.147524 0.453609 0.16778300000000002 0.453609 0.183561 0.453609 0.199316 0.45957800000000004 0.21283 0.45957800000000004 0.21959900000000002 0.453609 0.23761800000000002 0.45062499999999994 0.251132 0.440172 0.257877 0.42525 0.273656 0.40884400000000004 0.296179 0.402875 0.307429 0.396906 0.343467 0.393922 0.372759 0.384969 0.408774 0.383469 0.42905699999999997 0.389437 0.444811 0.399891 0.467335 0.416297 0.485354 0.43271899999999996 0.494363 0.423766 0.54842 0.420781 0.602476 0.41928099999999996 0.658774 0.420781 0.670047 0.429734 0.6767920000000001 0.45062499999999994 0.681297 0.46554700000000004 0.6903070000000001 0.47598399999999996 0.70158 0.483453 0.7060850000000001 0.49539099999999997 0.708325 0.508813 0.708325 0.5177660000000001 0.708325 0.5177660000000001 0.688066 0.5177660000000001 0.654269 0.5177660000000001 0.640755 0.510297 0.658774 0.502844 0.6655420000000001 0.492406 0.658774 0.49389099999999997 0.640755 0.501344 0.6182550000000001 0.504328 0.6047410000000001 0.502844 0.582217 0.502844 0.5687030000000001 0.508813 0.5439149999999999 0.508813 0.523656 0.510297 0.489858 0.510297 0.45382100000000003 0.510297 0.426792 0.5147809999999999 0.39301899999999995 0.51925 0.361486 0.5207499999999999 0.35023600000000005 0.535672 0.338962 0.547609 0.329953 0.544625 0.307429 0.537156 0.29167499999999996
50 0.562969 0.304033 0.543672 0.321981 0.519906 0.355613 0.510984 0.411651 0.502078 0.57309 0.503562 0.602241 0.49315600000000004 0.649316 0.49910899999999997 0.662783 0.508016 0.662783 0.5184059999999999 0.642594 0.516922 0.712099 0.5347500000000001 0.707618 0.565953 0.725566 0.564469 0.743491 0.579313 0.736769 0.610516 0.7390089999999999 0.6327969999999999 0.754717 0.6417029999999999 0.6986559999999999 0.659531 0.642594 0.6610159999999999 0.591038 0.659531 0.5708489999999999 0.649125 0.5708489999999999 0.675875 0.521533 0.674391 0.48342 0.671406 0.398208 0.6550779999999999 0.33990600000000004 0.638734 0.326462 0.626844 0.312995 0.635766 0.26816 0.629828 0.22332500000000002 0.6134839999999999 0.185212 0.58675 0.180708 0.564469 0.196415 0.554063 0.232288 0.554063 0.26816 0.555547 0.299552 0.567438 0.301792 0.562969 0.304033
50 0.628266 0.328656 0.641656 0.342146 0.644641 0.364599 0.655062 0.512925 0.655062 0.544387 0.652078 0.562358 0.653562 0.5691039999999999 0.659516 0.571344 0.658031 0.6545049999999999 0.652078 0.706179 0.655062 0.733137 0.658031 0.7735850000000001 0.711625 0.7780900000000001 0.7295 0.766863 0.7458750000000001 0.706179 0.756297 0.634269 0.756297 0.566863 0.756297 0.50842 0.756297 0.463491 0.769688 0.39832500000000004 0.778625 0.360118 0.778625 0.294953 0.774156 0.267972 0.7518279999999999 0.225283 0.7265159999999999 0.20504699999999998 0.725031 0.20504699999999998 0.7295 0.151132 0.723547 0.10617900000000001 0.696734 0.07023579952830189 0.672922 0.08370279952830188 0.6625 0.10617900000000001 0.650594 0.153373 0.659516 0.169104 0.669937 0.202807 0.658031 0.22752399999999998 0.635703 0.252241 0.628266 0.328656
50 0.8547499999999999 0.891132 0.854547 0.879693 0.854656 0.870425 0.8553750000000001 0.8638440000000001 0.858187 0.85441 0.857766 0.849858 0.8557969999999999 0.8506600000000001 0.8512190000000001 0.861014 0.8510160000000001 0.8600709999999999 0.852688 0.85434 0.857953 0.829788 0.865422 0.800259 0.867625 0.790967 0.873344 0.768066 0.879937 0.767736 0.8810309999999999 0.762429 0.8832340000000001 0.7468400000000001 0.883453 0.730259 0.886531 0.714009 0.888062 0.6974060000000001 0.889375 0.680825 0.889375 0.662594 0.890922 0.6489860000000001 0.8920159999999999 0.62908 0.893781 0.618467 0.895312 0.609505 0.8962030000000001 0.600873 0.8992340000000001 0.580118 0.9010469999999999 0.572288 0.9012969999999999 0.558962 0.9018280000000001 0.549175 0.908047 0.515873 0.909094 0.495896 0.911687 0.467288 0.9135 0.45709900000000003 0.9147970000000001 0.407736 0.911422 0.40108499999999997 0.910906 0.389316 0.9072660000000001 0.37561300000000003 0.8993439999999999 0.35044800000000004 0.893609 0.341439 0.888828 0.333868 0.882625 0.323066 0.878078 0.314764 0.872594 0.308278 0.870922 0.299976 0.8714999999999999 0.276769 0.8694219999999999 0.254835 0.865531 0.22544799999999998 0.8637029999999999 0.217217 0.860328 0.20467 0.855922 0.19096700000000003 0.850469 0.17059000000000002 0.839828 0.160802 0.8387969999999999 0.152972 0.8291869999999999 0.14434 0.8271089999999999 0.147476 0.818547 0.148656 0.8175000000000001 0.15375 0.802187 0.161981 0.803234 0.167075 0.793625 0.180377 0.7890469999999999 0.190684 0.778813 0.217406 0.7784220000000001 0.23938700000000002 0.7760469999999999 0.287453 0.7760469999999999 0.308491 0.771875 0.34356099999999995 0.765359 0.377217 0.768625 0.38634399999999997 0.773266 0.37162700000000004 0.7737339999999999 0.37443400000000004 0.772797 0.381439 0.772797 0.390542 0.767219 0.41089600000000004 0.759328 0.43754699999999996 0.757 0.474009 0.757 0.485236 0.761656 0.5041749999999999 0.75825 0.516274 0.763891 0.5218160000000001 0.767563 0.5311790000000001 0.767563 0.549906 0.763328 0.571627 0.759844 0.587712 0.75325 0.6016509999999999 0.756766 0.6112740000000001 0.752375 0.625519 0.752594 0.63316 0.746656 0.651415 0.747984 0.653726 0.746875 0.6620280000000001 0.745937 0.672453 0.744125 0.677028 0.743719 0.687099 0.740688 0.689222 0.739266 0.701132 0.7368439999999999 0.703892 0.7352190000000001 0.7179249999999999 0.736891 0.725873 0.736891 0.73441 0.744281 0.732241 0.75125 0.733113 0.759938 0.736392 0.765172 0.737925 0.765313 0.7453540000000001 0.767188 0.758491 0.769 0.770142 0.774031 0.789033 0.774516 0.799976 0.774891 0.806274 0.775625 0.8098110000000001 0.77625 0.820118 0.777109 0.826061 0.777844 0.830495 0.777844 0.8329009999999999 0.778578 0.83717 0.781031 0.8414389999999999 0.780906 0.845684 0.779547 0.847807 0.778813 0.8620279999999999 0.779969 0.883703 0.777656 0.888066 0.7773749999999999 0.8958959999999999 0.778062 0.902618 0.848781 0.930802 0.864547 0.9383020000000001 0.867281 0.914009 0.8652340000000001 0.914009 0.864719 0.922783 0.8580310000000001 0.927193 0.857859 0.906769 0.854609 0.906769 0.8547499999999999 0.891132
51 0.331313 0.9756370000000001 0.339766 0.9756370000000001 0.35314100000000004 0.972429 0.363703 0.963939 0.419344 0.902288 0.420047 0.8948349999999999 0.415813 0.886344 0.415109 0.872524 0.403844 0.8459429999999999 0.393281 0.831061 0.378484 0.824693 0.366516 0.816179 0.34398399999999996 0.812995 0.327078 0.807665 0.309469 0.8087260000000001 0.283422 0.815118 0.267219 0.822547 0.251031 0.833184 0.237641 0.842759 0.22004700000000002 0.859764 0.209469 0.8757079999999999 0.203844 0.8948349999999999 0.201734 0.918231 0.205953 0.921415 0.310891 0.892712 0.329188 0.971368 0.331313 0.9756370000000001
51 0.26440600000000003 0.97533 0.303031 0.979811 0.328281 0.908066 0.259953 0.968608 0.26440600000000003 0.97533
51 0.132797 0.691439 0.10445299999999999 0.709458 0.0686406 0.711722 0.04775 0.67342 0.0208906 0.680189 0.013031165116778858 0.6909684220428752 0.00446875 0.702712 0.023875 0.7297410000000001 0.0417812 0.754505 0.0820625 0.7274759999999999 0.09749450208765235 0.7208865203777012 0.161156 0.693703 0.132797 0.691439
51 0.268578 0.7725240000000001 0.24470299999999998 0.7702589999999999 0.205906 0.75 0.171594 0.795047 0.125344 0.797288 0.0731094 0.768019 0.0537188 0.792783 0.05670309999999999 0.795047 0.0417812 0.8153070000000001 0.114891 0.867123 0.268578 0.7725240000000001
12 0.240672 0.13516499999999998 0.243031 0.133491 0.23900000000000002 0.09066040094339622 0.245688 0.08941040094339622 0.249578 0.08962259905660377 0.25290599999999996 0.09087259905660376 0.249578 0.08773579952830188 0.23635899999999999 0.08898579952830189 0.235391 0.08962259905660377 0.23900000000000002 0.134127 0.240672 0.13516499999999998
12 0.292047 0.18217000000000003 0.297266 0.18217000000000003 0.297266 0.139764 0.292234 0.140047 0.292047 0.18217000000000003
12 0.314844 0.18134399999999998 0.317656 0.181651 0.339 0.18073099999999998 0.339 0.133939 0.317453 0.134835 0.315844 0.134835 0.314844 0.18134399999999998
12 0.2725 0.182972 0.27743799999999996 0.18379700000000002 0.278531 0.144057 0.271406 0.140731 0.2725 0.182972
12 0.297672 0.18146199999999998 0.304016 0.180401 0.304719 0.138939 0.297672 0.138939 0.297672 0.18146199999999998
51 0.533094 1 0.557344 0.9469580000000001 0.558578 0.938514 0.549266 0.9216270000000001 0.5243909999999999 0.915991 0.48150000000000004 0.923514 0.434875 0.952594 0.409406 0.998184 0.533094 1
51 0.0371406 0.49745300000000003 0.0313125 0.480825 0.0228906 0.480825 0.0151094 0.47790099999999996 0.0138125 0.482783 0.00409375 0.487665 0.005390629687500001 0.496486 0.018343699999999998 0.505283 0.0371406 0.49745300000000003
41 0.662859 0.870236 0.656391 0.871792 0.6445000000000001 0.8635849999999999 0.641781 0.875896 0.6516409999999999 0.889222 0.636688 0.917453 0.641781 0.9225709999999999 0.662859 0.8943629999999999 0.681891 0.914882 0.683922 0.903066 0.677469 0.8861559999999999 0.707719 0.842547 0.699906 0.8297169999999999 0.693438 0.831769 0.662516 0.8707550000000001 0.662859 0.870236
27 0.16003099999999998 0.425967 0.156594 0.381816 0.20304700000000003 0.381816 0.213375 0.381816 0.220266 0.41559 0.263281 0.394811 0.271891 0.37662700000000005 0.21853099999999998 0.363632 0.14110899999999998 0.38441 0.0034375000000000005 0.407783 0.005156249999999999 0.464929 0.13078099999999998 0.431179 0.16003099999999998 0.425967
27 0.9068440000000001 0.529858 0.929219 0.537665 0.929219 0.579222 0.8948119999999999 0.579222 0.893078 0.618184 0.9808439999999999 0.641557 0.9498749999999999 0.919481 0.961922 0.919481 1 0.6233730000000001 0.992891 0.501297 0.9171720000000001 0.488302 0.9068440000000001 0.529858
12 0.30392199999999997 0.143656 0.30342199999999997 0.18478799999999998 0.308375 0.186274 0.309375 0.139906 0.305406 0.139906 0.30392199999999997 0.143656
12 0.324156 0.11742899999999999 0.32467199999999996 0.07469340094339623 0.324406 0.07261790094339622 0.31928100000000004 0.07299529952830189 0.319156 0.11837299999999999 0.324031 0.11837299999999999 0.324156 0.11742899999999999
12 0.967328 0.437217 0.9542809999999999 0.34750000000000003 0.9296409999999999 0.351887 0.9383440000000001 0.445967 0.967328 0.437217
12 0.23710900000000001 0.20391499999999999 0.240984 0.254245 0.263469 0.249552 0.263469 0.195731 0.24021900000000002 0.198066 0.23710900000000001 0.20391499999999999
12 0.309828 0.179505 0.31165600000000004 0.183113 0.314406 0.183373 0.314766 0.151604 0.316422 0.13889200000000002 0.314406 0.13667500000000002 0.309641 0.13889200000000002 0.31001599999999996 0.16570800000000002 0.309828 0.179505
12 0.23414100000000002 0.146887 0.23946900000000002 0.184693 0.256 0.185519 0.256 0.170212 0.260266 0.16540100000000002 0.258672 0.142854 0.237875 0.142854 0.23414100000000002 0.146887
12 0.996969 0.447759 0.985281 0.35174500000000003 0.9597810000000001 0.354929 0.9585779999999999 0.355825 0.9711719999999999 0.45499999999999996 0.996969 0.447759
51 0.637328 0.9732080000000001 0.635234 0.9714389999999999 0.628922 0.978514 0.538219 0.9993160000000001 0.557859 0.99967 0.652062 0.99967 0.651594 0.991557 0.647625 0.983797 0.6363909999999999 0.972854 0.637328 0.9732080000000001
22 0.312391 0.396604 0.292297 0.401769 0.292969 0.411014 0.325344 0.403821 0.312391 0.396604
22 0.293656 0.475825 0.299453 0.49382100000000007 0.303875 0.498467 0.304219 0.480448 0.299109 0.44033 0.294 0.439316 0.292969 0.442382 0.293656 0.475825
12 0.938813 0.446509 0.932266 0.370377 0.927641 0.347712 0.908781 0.351769 0.914547 0.444175 0.938813 0.446509