9 0.74584 0.9916799999999999 0.7538670000000001 0.97966 0.755467 0.97126 0.7682669999999999 0.96524 0.7714669999999999 0.96764 0.7730670000000001 0.9616399999999999 0.776293 0.96764 0.7826930000000001 0.98446 0.7826930000000001 0.99048 0.7874929999999999 0.9952799999999999 0.7906930000000001 0.97846 0.7826930000000001 0.9616399999999999 0.7714669999999999 0.95804 0.7698670000000001 0.9484199999999999 0.7666670000000001 0.9244 0.7714669999999999 0.91718 0.7874929999999999 0.91598 0.784293 0.91118 0.7682669999999999 0.9135800000000001 0.74584 0.91718 0.7586670000000001 0.9232 0.760267 0.9244 0.7634669999999999 0.9448200000000001 0.7586670000000001 0.95202 0.7538670000000001 0.94962 0.7442399999999999 0.9472200000000001 0.7362399999999999 0.94602 0.72984 0.9448200000000001 0.723413 0.95202 0.723413 0.95924 0.723413 0.96524 0.7218129999999999 0.9700599999999999 0.7218129999999999 0.97846 0.725013 0.9808600000000001 0.726613 0.98566 0.7314400000000001 0.99048 0.7378399999999999 0.9952799999999999 0.74584 0.9916799999999999
18 0.536907 0.92322 0.566667 0.91996 0.57536 0.9259400000000001 0.591307 0.93248 0.59568 0.9302999999999999 0.603653 0.9128999999999999 0.59784 0.89658 0.592773 0.88514 0.588427 0.87754 0.573173 0.87372 0.547067 0.87482 0.518773 0.8764400000000001 0.49848000000000003 0.87754 0.484693 0.87862 0.47381300000000004 0.88786 0.46656000000000003 0.89766 0.45858699999999997 0.90474 0.45858699999999997 0.91234 0.457867 0.92214 0.46002699999999996 0.92704 0.46656000000000003 0.93302 0.472373 0.9341 0.47816000000000003 0.9275800000000001 0.505733 0.93356 0.525307 0.9368200000000001 0.536907 0.92322
50 0.09266670133333334 0.90298 0.09685330133333334 0.8861 0.09266670133333334 0.87786 0.08898670133333333 0.87 0.0848 0.87276 0.08429329866666667 0.87864 0.07853329866666667 0.87786 0.07589330133333333 0.8806 0.07642670133333333 0.88414 0.07853329866666667 0.8865 0.07746670133333333 0.89318 0.07696 0.9022 0.078 0.91044 0.078 0.91988 0.08741329866666667 0.92106 0.09317330133333333 0.90026 0.09266670133333334 0.90298
50 0.09669330133333333 0.88802 0.09464 0.89504 0.09309329866666667 0.90028 0.09173330133333334 0.9054 0.09309329866666667 0.90744 0.09327999999999999 0.9195800000000001 0.09327999999999999 0.92226 0.09584 0.92264 0.09906669866666666 0.9215 0.103493 0.92174 0.105547 0.92008 0.107253 0.91818 0.107573 0.91562 0.105867 0.9066799999999999 0.108267 0.9034800000000001 0.107253 0.89466 0.10997299999999999 0.8931399999999999 0.11048 0.8917200000000001 0.111333 0.88918 0.110133 0.88586 0.108267 0.8836799999999999 0.106213 0.88278 0.1064 0.88126 0.10706700000000001 0.87794 0.105867 0.8770399999999999 0.10383999999999999 0.8769 0.100773 0.8769 0.09821330133333334 0.8787 0.09805329866666666 0.88164 0.09650670133333333 0.88228 0.09650670133333333 0.8842000000000001 0.09669330133333333 0.88802
8 0.17440000000000003 0.92216 0.16872 0.92948 0.16264 0.93222 0.14112 0.9328200000000001 0.143147 0.93952 0.143147 0.9501799999999999 0.1472 0.9517 0.15775999999999998 0.95414 0.166293 0.95202 0.172373 0.94866 0.174827 0.94774 0.17320000000000002 0.9441 0.17562699999999998 0.93922 0.174 0.93496 0.17562699999999998 0.9312999999999999 0.183333 0.92674 0.185787 0.9246 0.186587 0.9188200000000001 0.18698700000000001 0.91728 0.180907 0.91576 0.17440000000000003 0.92216
50 0.219333 1 0.220373 0.96174 0.21826700000000002 0.95586 0.212 0.95192 0.20728000000000002 0.94564 0.203093 0.9315 0.1968 0.9264 0.18581299999999998 0.92444 0.181093 0.9264 0.174827 0.92916 0.173787 0.93426 0.175867 0.94368 0.17325300000000002 0.9491799999999999 0.1544 0.9582 0.151253 0.9625199999999999 0.14602700000000002 0.96488 0.138693 0.97116 0.13136 0.9806 0.12456 0.99826 0.12402700000000001 1 0.144453 1 0.17325300000000002 1 0.219333 1
50 0.201787 0.93084 0.203813 0.93632 0.205867 0.9464 0.21359999999999998 0.9534199999999999 0.218053 0.9577 0.221333 0.96258 0.222533 0.9464 0.227013 0.9 0.22050699999999998 0.8984800000000001 0.22173299999999999 0.89512 0.222533 0.8908400000000001 0.222533 0.88748 0.21968 0.8859600000000001 0.216853 0.88352 0.212373 0.8850399999999999 0.207493 0.8881 0.207067 0.8908400000000001 0.207893 0.89328 0.20951999999999998 0.89664 0.206667 0.8957200000000001 0.20464 0.89664 0.202187 0.929 0.201787 0.93084
50 0.57944 0.86434 0.578293 0.86756 0.580293 0.8699199999999999 0.58656 0.8699199999999999 0.589147 0.86712 0.588853 0.8699199999999999 0.588293 0.87462 0.588853 0.87548 0.593707 0.87998 0.595707 0.8832000000000001 0.598 0.88534 0.601147 0.88598 0.600853 0.88062 0.600853 0.87056 0.6 0.8602799999999999 0.595147 0.85342 0.591413 0.8515 0.58856 0.85598 0.58144 0.86156 0.578 0.86456 0.57944 0.86434
50 0.51656 0.8730800000000001 0.516693 0.87286 0.516693 0.8720800000000001 0.517733 0.8701 0.5175730000000001 0.86702 0.516987 0.8647 0.5175730000000001 0.8615 0.519493 0.85754 0.51656 0.8571 0.51024 0.8581 0.508773 0.8613999999999999 0.509067 0.8720800000000001 0.51656 0.8730800000000001
9 0.76152 0.94022 0.75888 0.92492 0.7444 0.9165400000000001 0.729947 0.9165400000000001 0.735867 0.92098 0.7463729999999998 0.92048 0.74968 0.9343 0.74112 0.94318 0.733227 0.94514 0.758213 0.9486 0.76152 0.94022
9 0.70232 0.96538 0.70296 0.97722 0.706907 0.99004 0.7174399999999999 0.99448 0.72336 0.9935 0.727307 0.99152 0.72008 0.9782 0.72008 0.96488 0.722693 0.9555 0.722693 0.95254 0.709547 0.95994 0.70232 0.96538
8 0.366453 1 0.41186700000000004 0.9990399999999999 0.42381300000000005 0.95124 0.35648 0.94616 0.344533 0.96916 0.30272 0.97514 0.311467 0.99994 0.35130700000000004 1 0.35528 0.98648 0.36445299999999997 1 0.366453 1
9 0.9268270000000001 1 0.960293 0.99924 0.964213 0.99286 0.9655199999999999 0.9776 0.978 0.9874400000000001 0.982587 0.9490599999999999 0.9714400000000001 0.9480599999999999 0.951093 0.93774 0.9491200000000001 0.92986 0.9563470000000001 0.9279 0.9563470000000001 0.92396 0.93864 0.9234600000000001 0.9196000000000001 0.93232 0.9241870000000001 0.9338 0.93536 0.93084 0.9451999999999999 0.9313400000000001 0.941253 0.9426599999999999 0.93928 0.94856 0.9320799999999999 0.9495399999999999 0.918933 0.95102 0.910427 0.9554600000000001 0.9064800000000001 0.9642999999999999 0.907787 0.97612 0.9182929999999999 0.9943200000000001 0.92552 1 0.9268270000000001 1