76 0 0.462187 0.0067656203125 0.823354 0.0643281 0.800792 0.0727969 0.755646 0.11681299999999999 0.755646 0.150672 0.7624169999999999 0.15237499999999998 0.784979 0.228563 0.757896 0.228563 0.755646 0.218391 0.46670799999999996 0 0.462187
22 0.616609 1 0.616609 0.9916459999999999 0.635563 0.973854 0.637672 0.9448329999999999 0.6404690000000001 0.9307920000000001 0.628547 0.9167500000000001 0.618016 0.927042 0.618016 0.9336040000000001 0.593438 0.942021 0.572375 0.9644999999999999 0.547094 0.989771 0.507781 0.9916459999999999 0.497953 0.9991249999999999 0.616609 1
26 0.175922 0.8896040000000001 0.166469 0.8996879999999999 0.169875 0.913292 0.171766 0.961167 0.173656 0.999979 0.23526600000000003 1 0.237906 0.996958 0.23374999999999999 0.900687 0.237531 0.8971669999999999 0.235641 0.891625 0.232234 0.886583 0.223922 0.885083 0.204641 0.885083 0.202766 0.885083 0.191422 0.8845620000000001 0.175922 0.8896040000000001
12 0.6487809999999999 0.762271 0.614437 0.757229 0.614437 0.765521 0.6487809999999999 0.771271 0.6487809999999999 0.762271
54 0.203734 0.815458 0.218094 0.800854 0.219984 0.793792 0.22301599999999996 0.782208 0.22301599999999996 0.7721250000000001 0.218094 0.761542 0.210922 0.761042 0.192766 0.773125 0.167078 0.791271 0.134937 0.815458 0.133813 0.824542 0.153094 0.844187 0.154969 0.844187 0.163297 0.836625 0.203734 0.815458
54 0.102438 0.881479 0.150812 0.853771 0.153469 0.848229 0.15089555095184778 0.845805457081169 0.125109 0.821521 0.100922 0.841167 0.1009721858798515 0.8425014941877134 0.102438 0.881479
54 0.0646406 0.873417 0.0630938 0.882979 0.0622969 0.890354 0.063875 0.894354 0.0673438 0.896667 0.069875 0.8983329999999999 0.075875 0.898563 0.0795 0.898125 0.0825 0.896229 0.0842344 0.894354 0.0870781 0.89225 0.0990625 0.890146 0.0985938 0.888667 0.0979063 0.842167 0.0767344 0.858313 0.0714531 0.864854 0.0687969 0.868896 0.0646406 0.873417
12 0.534344 0.566167 0.591719 0.568854 0.590375 0.512146 0.568766 0.510354 0.530281 0.513958 0.534344 0.566167
54 0.183719 0.879021 0.222844 0.860812 0.22875 0.846542 0.224328 0.834229 0.170063 0.852438 0.171172 0.858354 0.183359 0.8795 0.183719 0.879021
54 0.102531 0.881479 0.10178099999999998 0.892792 0.10842199999999999 0.893292 0.153453 0.893292 0.166 0.886396 0.16675 0.885917 0.160844 0.8741040000000001 0.165266 0.868188 0.159 0.858833 0.102531 0.881479
12 0.653 0.6244379999999999 0.6155 0.618271 0.616719 0.6247710000000001 0.6172030000000001 0.625417 0.652766 0.628667 0.653 0.6244379999999999
12 0.6144999999999999 0.696937 0.6128910000000001 0.706792 0.651453 0.705937 0.6511250000000001 0.699063 0.6144999999999999 0.6965 0.6144999999999999 0.696937
12 0.6729689999999999 0.749354 0.666172 0.741437 0.635656 0.735792 0.6119060000000001 0.741437 0.611062 0.748229 0.6144529999999999 0.747104 0.650922 0.7538750000000001 0.6729689999999999 0.749354
12 0.545953 0.737125 0.572109 0.740333 0.600063 0.735917 0.600063 0.729104 0.574203 0.7315210000000001 0.5456559999999999 0.7295 0.545953 0.737125
12 0.532969 0.974313 0.5354059999999999 0.9797290000000001 0.532969 0.988375 0.548359 0.988375 0.5686410000000001 0.9710629999999999 0.585656 0.9516249999999999 0.605109 0.938646 0.618078 0.931083 0.615656 0.906229 0.582406 0.8965 0.549984 0.917042 0.531344 0.928917 0.532969 0.932167 0.532156 0.964583 0.532969 0.974313
12 0.675453 0.755375 0.675109 0.748583 0.662203 0.752667 0.660516 0.758104 0.675453 0.757188 0.675453 0.755375
12 0.648281 0.754479 0.615 0.747229 0.613984 0.755375 0.650328 0.762625 0.660172 0.760354 0.659156 0.754021 0.648281 0.754479
12 0.604391 0.735771 0.590406 0.738 0.589859 0.794687 0.604391 0.787979 0.604391 0.735771
12 0.545094 0.734271 0.543984 0.790229 0.575859 0.797687 0.588172 0.795438 0.588172 0.736521 0.545094 0.734271
12 0.611391 0.877896 0.645969 0.886229 0.670563 0.874563 0.670141 0.870125 0.638062 0.863458 0.636813 0.862333 0.611812 0.8717919999999999 0.611391 0.877896
12 0.530672 0.508687 0.5650470000000001 0.506771 0.587969 0.504854 0.590828 0.458062 0.584375 0.455208 0.5328280000000001 0.456167 0.529234 0.505812 0.530672 0.508687
12 0.333062 0.675729 0.334172 0.697875 0.341922 0.7008120000000001 0.341922 0.676208 0.333062 0.675729
12 0.334531 0.766271 0.340078 0.7707080000000001 0.341172 0.70575 0.334172 0.703771 0.334531 0.766271
50 1 0.28725 0.995781 0.294896 0.9804220000000001 0.278125 0.9804220000000001 0.26881299999999997 0.986016 0.22225 0.993 0.170125 0.9846090000000001 0.13472900000000002 0.9636720000000001 0.0974792 0.9455 0.0844583 0.9077970000000001 0.0918958 0.8896409999999999 0.0993542 0.868688 0.13472900000000002 0.8575160000000001 0.157083 0.867297 0.164333 0.867297 0.182958 0.867297 0.223917 0.875672 0.259313 0.8812659999999999 0.289104 0.8980159999999999 0.317042 0.903609 0.343104 0.886844 0.352417 0.863094 0.356146 0.8379530000000001 0.39525 0.8379530000000001 0.41575 0.8379530000000001 0.46975 0.839359 0.503271 0.825391 0.508854 0.819797 0.477188 0.793266 0.436229 0.766734 0.39525 0.763938 0.40643799999999997 0.7681250000000001 0.436229 0.784891 0.475333 0.7890780000000001 0.48837499999999995 0.7890780000000001 0.499542 0.7820940000000001 0.490229 0.765328 0.458583 0.748578 0.44927100000000003 0.731812 0.434354 0.729016 0.443667 0.720641 0.439958 0.715047 0.44927100000000003 0.731812 0.46787500000000004 0.744375 0.48837499999999995 0.766734 0.516313 0.772312 0.52375 0.765328 0.516313 0.7471720000000001 0.516313 0.738797 0.516313 0.7136560000000001 0.516313 0.708063 0.525625 0.710859 0.534917 0.723437 0.534917 0.7401869999999999 0.553542 0.772312 0.562854 0.766734 0.5703119999999999 0.748578 0.5796250000000001 0.706672 0.603833 0.706672 0.6168750000000001 0.765328 0.600104 0.797453 0.628042 0.797453 0.6652920000000001 0.8002499999999999 0.6895 0.8058439999999999 0.709979 0.811422 0.7267499999999999 0.821203 0.7434999999999999 0.830984 0.7453540000000001 0.8323750000000001 0.728604 0.828187 0.7192919999999999 0.807234 0.683917 0.807234 0.633625 0.8421559999999999 0.620583 0.867297 0.620583 0.877063 0.6131460000000001 0.8812659999999999 0.590792 0.8812659999999999 0.562854 0.8812659999999999 0.507 0.8980159999999999 0.547958 0.9077970000000001 0.572167 0.9217660000000001 0.6261880000000001 0.9273440000000001 0.655979 0.9301410000000001 0.691354 0.910594 0.721146 0.8938280000000001 0.747229 0.9999840000000001 0.778875 1 0.6690210000000001 1 0.28725