18 0.16866 0.909038 0.22802 0.8894710000000001 0.22938 0.91149 0.23446 0.9196150000000001 0.24328 0.917981 0.24566 0.9025 0.25006 0.887019 0.2548 0.887019 0.2521 0.8413459999999999 0.24938 0.8324040000000001 0.25074 0.812019 0.247 0.807933 0.24124 0.776154 0.23412 0.758221 0.22768 0.7525 0.21818 0.745962 0.1924 0.7475959999999999 0.17206 0.746779 0.17104 0.7565869999999999 0.1707 0.7590380000000001 0.1673 0.765529 0.16528 0.783462 0.16494 0.784279 0.1568 0.781827 0.15816 0.797356 0.16866 0.909038
18 0.10626 0.806298 0.08184 0.8258650000000001 0.07438 0.848702 0.07032 0.867452 0.07234 0.881298 0.07302 0.8984129999999999 0.07912 0.91149 0.1005 0.918798 0.11848 0.917163 0.12118 0.861731 0.12424 0.8201439999999999 0.1239 0.802212 0.12662 0.784279 0.11948 0.796538 0.10626 0.806298
18 0.30784 0.759471 0.30784 0.765 0.30839999999999995 0.7705289999999999 0.30754000000000004 0.8133170000000001 0.30668 0.827788 0.31386000000000003 0.850577 0.36872000000000005 0.8478370000000001 0.36813999999999997 0.810529 0.36728 0.789135 0.36492 0.775625 0.36442 0.7725960000000001 0.36454000000000003 0.770817 0.3673 0.770817 0.36818 0.7699039999999999 0.36818 0.763269 0.36804000000000003 0.758173 0.3658 0.757885 0.3628 0.758798 0.36104 0.752452 0.35818 0.741971 0.3563 0.735337 0.35504 0.729615 0.3543 0.7281249999999999 0.3148 0.726923 0.31192000000000003 0.744663 0.31192000000000003 0.749471 0.31186 0.7498079999999999 0.31214 0.758077 0.30784 0.759471
18 0.58 0.809712 0.583 0.831346 0.6 0.831346 0.608 0.814519 0.654 0.819327 0.661 0.83375 0.669 0.821731 0.679 0.7928850000000001 0.677 0.773654 0.671 0.737596 0.633 0.747212 0.619 0.7496149999999999 0.605 0.764038 0.601 0.77125 0.591 0.77125 0.576 0.783269 0.58 0.809712
18 0.9126599999999999 0.766923 0.91442 0.767981 0.89566 0.780721 0.89876 0.8099040000000001 0.93252 0.812019 0.93428 0.812019 0.9395800000000001 0.82476 0.9429 0.830577 0.94532 0.830577 0.9462 0.829519 0.9492999999999999 0.827404 0.95194 0.8242309999999999 0.95304 0.815721 0.9537 0.8114899999999999 0.9548 0.8040870000000001 0.9548 0.8025 0.95502 0.787644 0.95768 0.782837 0.95856 0.780721 0.95966 0.749952 0.95216 0.740433 0.93362 0.7409619999999999 0.9126599999999999 0.766923
16 0.31122000000000005 0.764904 0.31326 0.7281249999999999 0.34898 0.723221 0.35816000000000003 0.752644 0.3653 0.767356 0.36632 0.7943269999999999 0.4 0.7943269999999999 0.42552 0.784519 0.42346 0.6594230000000001 0.41224 0.607933 0.24592 0.632452 0.24387999999999999 0.77226 0.24897999999999998 0.7771629999999999 0.31122000000000005 0.767356 0.31122000000000005 0.764904
50 0.183 0.994231 0.163 0.837981 0.164 0.792308 0.174 0.768269 0.174 0.722596 0.166 0.705769 0.155 0.705769 0.143 0.720192 0.142 0.749038 0.135 0.7586539999999999 0.127 0.782692 0.122 0.825962 0.109 0.991827 0.183 0.994231
18 0.85472 0.782981 0.8529800000000001 0.8007690000000001 0.86038 0.814375 0.86822 0.814375 0.86822 0.811202 0.8791 0.810192 0.89128 0.8153849999999999 0.8965 0.808077 0.89738 0.785048 0.9078200000000001 0.774615 0.91304 0.754712 0.9017200000000001 0.744279 0.88126 0.744279 0.86212 0.765192 0.85472 0.782981
18 0.05028 0.734663 0.06074 0.7339899999999999 0.06916 0.74149 0.0773 0.7369230000000001 0.07854000000000001 0.737933 0.07608 0.7284619999999999 0.0735 0.718317 0.06548000000000001 0.715048 0.05706 0.711442 0.053939999999999995 0.7199519999999999 0.05 0.723221 0.05028 0.734663
18 0.8084 0.744808 0.8002 0.744808 0.79488 0.74 0.79068 0.742115 0.7878 0.74851 0.77872 0.747981 0.77474 0.758654 0.76698 0.760769 0.76432 0.768221 0.76278 0.779904 0.763 0.790048 0.76544 0.796442 0.7681 0.80226 0.76766 0.804952 0.76964 0.809712 0.81104 0.8038939999999999 0.81172 0.754904 0.8084 0.744808
18 0.49977999999999995 0.794663 0.504 0.8090379999999999 0.51012 0.803413 0.5191399999999999 0.7925960000000001 0.5191399999999999 0.7806730000000001 0.51798 0.7625 0.5142 0.760048 0.5075 0.761779 0.50488 0.764231 0.50256 0.768077 0.50124 0.775433 0.49933999999999995 0.786635 0.49977999999999995 0.794663
18 0.43818 0.799808 0.44086000000000003 0.8051440000000001 0.44264 0.8051440000000001 0.44488 0.795481 0.44712 0.7933650000000001 0.44756 0.79226 0.44889999999999997 0.7804329999999999 0.44488 0.7697120000000001 0.44042000000000003 0.756779 0.4337 0.7525000000000001 0.43012 0.7460579999999999 0.427 0.745 0.42432 0.750337 0.42744 0.7675479999999999 0.42566000000000004 0.786875 0.42118 0.7890379999999999 0.41806 0.797644 0.427 0.798702 0.43818 0.799808