10 0.596984 0.44207 0.641359 0.44207 0.66825 0.47638400000000003 0.7462340000000001 0.532195 0.730094 0.566534 0.750266 0.577257 0.7731250000000001 0.5407730000000001 0.793281 0.555786 0.758328 0.596559 0.786562 0.596559 0.8390000000000001 0.545062 0.8820309999999999 0.49785500000000005 0.941188 0.450648 1 0.403441 0.876656 0.37768100000000004 0.786562 0.35192 0.7489220000000001 0.358379 0.6830309999999999 0.339052 0.635969 0.356234 0.596984 0.429177 0.596984 0.44207
50 0.293922 0 0.242797 0.011571099750623441 0.24439099999999997 0.03197009975062344 0.249187 0.05236909975062344 0.253969 0.080399 0.260359 0.09825439900249376 0.249187 0.09825439900249376 0.233203 0.09825439900249376 0.217234 0.128853 0.206047 0.202793 0.225219 0.205337 0.357812 0.202793 0.400953 0.205337 0.4345 0.207905 0.424922 0.195137 0.40415599999999996 0.164539 0.380188 0.123766 0.36581199999999997 0.09316709975062346 0.341844 0.09571070074812967 0.311484 0.09059850124688279 0.311484 0.05745639900249377 0.317875 0.03451370074812968 0.32107800000000003 0.016658399002493763 0.32267199999999996 0.003915209476309227 0.30509400000000003 0 0.293922 0
10 0.8742339999999998 0.225037 0.828937 0.220948 0.8220940000000001 0.23184499999999997 0.8203910000000001 0.280973 0.816969 0.343716 0.814406 0.35192 0.958016 0.395561 0.9024529999999998 0.297332 0.8742339999999998 0.225037
32 0.137766 0.582045 0.162891 0.618254 0.183125 0.6202 0.1635 0.597706 0.167797 0.593791 0.1635 0.565411 0.169641 0.513591 0.184953 0.483267 0.210703 0.448055 0.205187 0.431421 0.186188 0.436309 0.174531 0.45000000000000007 0.1445 0.549776 0.132859 0.573242 0.142672 0.577157 0.137766 0.582045
32 0.10896900000000001 0.581072 0.125516 0.608454 0.124281 0.612369 0.107734 0.605536 0.0862813 0.57813 0.0844531 0.58596 0.103438 0.615312 0.0911875 0.607481 0.063 0.58793 0.063 0.594763 0.0734219 0.6202 0.0758594 0.625087 0.10406200000000002 0.630948 0.147578 0.623142 0.146953 0.6202 0.123672 0.583017 0.11264100000000002 0.575212 0.10896900000000001 0.581072
41 0.0084531296875 0.456185 0.074625 0.550574 0.0943438 0.5550619999999999 0.166141 0.65394 0.20274999999999999 0.701122 0.195719 0.67192 0.107016 0.537082 0.0999687 0.510125 0.0718125 0.460673 0.0168906 0.40673299999999996 0.0070468703125 0.45394 0.0084531296875 0.456185
50 0.0507969 0.206085 0.132656 0.19481300000000001 0.138297 0.158778 0.11571899999999999 0.131746 0.097375 0.10022400000000001 0.0818438 0.109227 0.0860781 0.158778 0.0719687 0.163292 0.0550312 0.199327 0.0507969 0.206085
26 0.310875 0.1901 0.31026600000000004 0.227257 0.343359 0.22922700000000001 0.343359 0.150973 0.328641 0.14803 0.32067199999999996 0.15 0.311484 0.149002 0.310875 0.1901
26 0.145375 0.233491 0.18326599999999998 0.23246899999999998 0.179172 0.146309 0.148531 0.146808 0.139063 0.14982499999999999 0.140016 0.155885 0.140328 0.187631 0.145375 0.233491
26 0.27506200000000003 0.14912699999999998 0.278391 0.204589 0.283953 0.229875 0.313984 0.228978 0.307031 0.14912699999999998 0.278391 0.14601 0.27506200000000003 0.14912699999999998
55 0.294266 0.678279 0.444937 0.653566 0.5434840000000001 0.6153620000000001 0.5589839999999999 0.534464 0.544891 0.43783 0.439297 0.40187 0.346375 0.38388999999999995 0.25907800000000003 0.40187 0.197125 0.485012 0.154875 0.5726680000000001 0.188672 0.644564 0.294266 0.678279
27 1 0.584464 0.9412499999999999 0.528155 0.807188 0.5596760000000001 0.781797 0.6114959999999999 0.7577969999999999 0.591222 0.736641 0.5731919999999999 0.736641 0.555187 0.756391 0.521397 0.6096250000000001 0.478603 0.540484 0.458329 0.49814100000000006 0.43356599999999995 0.433234 0.406534 0.362672 0.406534 0.282234 0.404289 0.238484 0.42005000000000003 0.220141 0.442569 0.204625 0.43805499999999997 0.18062499999999998 0.431297 0.14957800000000002 0.47409 0.0917188 0.478603 0.0225781 0.397531 0.00846875 0.456085 0.0366875 0.49212000000000006 0.007062499999999999 0.49212000000000006 0.00140625 0.987606 1 0.987606 1 0.584464
50 0.0697656 0.440499 0.0697656 0.423591 0.0712812 0.415162 0.0886719 0.411521 0.0932187 0.404289 0.0894375 0.383766 0.0697656 0.384988 0.0659844 0.34755600000000003 0.022875 0.365661 0.0145625 0.39945100000000006 0.0697656 0.463441 0.0697656 0.440499
22 0.0927656 0.23117200000000002 0.0699844 0.24416500000000002 0.07485939999999999 0.288304 0.081375 0.288304 0.0895156 0.30389 0.08787500000000001 0.31688299999999997 0.0683594 0.31947600000000004 0.0699844 0.376633 0.08462499999999999 0.38182000000000005 0.0895156 0.407781 0.07485939999999999 0.423367 0.07485939999999999 0.454539 0.07485939999999999 0.457132 0.081375 0.459751 0.08462499999999999 0.475337 0.104156 0.475337 0.104156 0.470125 0.10090600000000001 0.451945 0.12693700000000002 0.451945 0.14646900000000002 0.454539 0.16599999999999998 0.454539 0.179016 0.444165 0.187156 0.438953 0.195297 0.425985 0.208312 0.431172 0.21482800000000002 0.446758 0.21482800000000002 0.438953 0.222953 0.420773 0.242484 0.415586 0.260391 0.410399 0.283172 0.4 0.314094 0.397406 0.349906 0.407781 0.372688 0.407781 0.403609 0.41818 0.42314100000000004 0.420773 0.450797 0.415586 0.47846900000000003 0.425985 0.50125 0.425985 0.524031 0.436359 0.5337970000000001 0.451945 0.538687 0.451945 0.538687 0.412993 0.528922 0.4 0.514266 0.397406 0.514266 0.368828 0.537047 0.366234 0.537047 0.342868 0.532172 0.309102 0.509391 0.30648400000000003 0.509391 0.293516 0.532172 0.29611 0.5337970000000001 0.267531 0.528922 0.236359 0.50125 0.22336699999999998 0.0943906 0.23117200000000002 0.0927656 0.23117200000000002
22 0.070375 0.30194499999999996 0.0768906 0.298304 0.0752656 0.289476 0.070375 0.24329199999999998 0.0921719 0.230823 0.137703 0.2298 0.137047 0.203317 0.133469 0.19605999999999998 0.051843799999999995 0.199676 0.0489062 0.204364 0.0482656 0.210075 0.0531406 0.232893 0.06875 0.298828 0.070375 0.30194499999999996
50 0.046984399999999996 0.187282 0.047484399999999996 0.18486300000000003 0.0535937 0.177556 0.060187500000000005 0.188105 0.0662812 0.17917699999999998 0.0617188 0.170274 0.0657812 0.171072 0.07085939999999999 0.167032 0.0769531 0.161347 0.0820312 0.150823 0.0805 0.141097 0.07135939999999999 0.136234 0.0688281 0.136234 0.06526560000000001 0.133791 0.0667969 0.128928 0.0728906 0.12813 0.0794844 0.122444 0.08 0.11271799999999998 0.07673440000000001 0.10234399999999999 0.0568906 0.11167099999999999 0.0417187 0.20104699999999998 0.0424062 0.202693 0.0495156 0.19700700000000002 0.046984399999999996 0.187282