76 0.148453 0.7463960000000001 0.15618700000000002 0.8144380000000001 0.292266 0.7938120000000001 0.293812 0.62475 0.153094 0.6432920000000001 0.148453 0.7463960000000001
22 0.562906 0.9225829999999999 0.595156 0.911833 0.5935469999999999 0.873125 0.587094 0.870958 0.582266 0.858063 0.585484 0.849458 0.5919380000000001 0.8064579999999999 0.595156 0.782792 0.608063 0.772042 0.606453 0.729042 0.5 0.686021 0.480641 0.6580619999999999 0.453219 0.647312 0.30806300000000003 0.662375 0.304844 0.681729 0.320969 0.731188 0.322578 0.7698959999999999 0.322578 0.782792 0.335484 0.797854 0.332266 0.8881669999999999 0.332266 0.890313 0.422578 0.96775 0.562906 0.9225829999999999
24 0.00059375 0.999 0.111766 1 0.109453 0.99775 0.10806199999999999 0.9885 0.10851599999999999 0.965021 0.104813 0.887646 0.10157799999999999 0.8380620000000001 0.0992656 0.828812 0.0964844 0.808417 0.0969375 0.800396 0.0960156 0.786813 0.0895312 0.775687 0.0534063 0.756979 0.0534063 0.75575 0.054328100000000004 0.742167 0.055718699999999996 0.7310420000000001 0.0575781 0.721167 0.0589531 0.7051040000000001 0.05942190000000001 0.685958 0.0603437 0.679167 0.0622031 0.673604 0.0640625 0.663729 0.0617344 0.648292 0.0622031 0.6415000000000001 0.0659062 0.630375 0.0700781 0.6130829999999999 0.0672969 0.607542 0.0560156 0.6125 0.0518594 0.611917 0.0330156 0.606646 0.000359375 0.6081249999999999 0.00059375 0.999
12 0.688016 0.45383300000000004 0.6793440000000001 0.45383300000000004 0.678969 0.523229 0.689531 0.523729 0.688016 0.45383300000000004
12 0.544953 0.447375 0.541563 0.448896 0.541172 0.4625 0.538531 0.49624999999999997 0.538531 0.507354 0.541937 0.507854 0.544203 0.504833 0.546844 0.453937 0.544953 0.447375
12 0.559531 0.5096459999999999 0.566484 0.5105 0.568375 0.444208 0.561219 0.444208 0.559531 0.5096459999999999
12 0.665125 0.520771 0.6700630000000001 0.520771 0.671922 0.462229 0.6657339999999999 0.45975 0.665125 0.520771
12 0.659531 0.5168130000000001 0.663375 0.485479 0.65825 0.458125 0.652703 0.457 0.654406 0.518521 0.659531 0.5168130000000001
12 0.6793750000000001 0.521687 0.680375 0.45383300000000004 0.673422 0.45383300000000004 0.673422 0.455479 0.671188 0.522 0.6793750000000001 0.521687
12 0.7471409999999999 0.527896 0.752703 0.528729 0.753937 0.461938 0.7725 0.460292 0.7725 0.45781299999999997 0.7471409999999999 0.457 0.7471409999999999 0.527896
13 0.7468589999999999 0.791354 0.744688 0.806917 0.7422340000000001 0.812708 0.739797 0.818875 0.737078 0.879708 0.746312 0.882958 0.751734 0.882604 0.753922 0.827917 0.758266 0.822125 0.753375 0.8098120000000001 0.7528279999999999 0.786646 0.752281 0.78375 0.747125 0.7841039999999999 0.7468589999999999 0.791354
52 0.707766 0.267167 0.701453 0.266521 0.695141 0.263271 0.6917500000000001 0.26910399999999995 0.6912659999999999 0.273625 0.686906 0.275563 0.6883589999999999 0.27943799999999996 0.6839839999999999 0.28720799999999996 0.6796249999999999 0.292375 0.666531 0.295625 0.65925 0.294333 0.657797 0.2995 0.652937 0.298208 0.651969 0.29302100000000003 0.644219 0.304021 0.643734 0.313083 0.639844 0.324083 0.635969 0.32925 0.640328 0.34347900000000003 0.6461560000000001 0.34864599999999996 0.644219 0.355125 0.635484 0.364167 0.634031 0.370646 0.628688 0.37516700000000003 0.627234 0.38422900000000004 0.620922 0.38875 0.620437 0.393292 0.630141 0.390688 0.629656 0.397167 0.620922 0.405562 0.621406 0.41010399999999997 0.628688 0.41010399999999997 0.622391 0.452146 0.613656 0.458604 0.604437 0.467667 0.607828 0.468958 0.616078 0.467667 0.616563 0.476062 0.623359 0.474771 0.625297 0.457958 0.628688 0.437271 0.635484 0.41397900000000004 0.640328 0.427562 0.6461560000000001 0.435333 0.650031 0.434667 0.651969 0.41720799999999997 0.65925 0.419792 0.660703 0.417854 0.660703 0.407521 0.658766 0.40297900000000003 0.663609 0.392646 0.6650780000000001 0.396521 0.671859 0.38875 0.673797 0.391979 0.679141 0.37516700000000003 0.6830160000000001 0.362229 0.6849529999999999 0.370646 0.6849529999999999 0.383583 0.685937 0.393292 0.690781 0.394583 0.697578 0.41591700000000004 0.698547 0.416563 0.705813 0.402333 0.7072809999999999 0.392646 0.717953 0.393292 0.72425 0.407521 0.731047 0.395229 0.728141 0.38875 0.743656 0.39975 0.7834380000000001 0.397167 0.783922 0.368062 0.780516 0.36352100000000004 0.7790619999999999 0.35447900000000004 0.7815000000000001 0.35125 0.7863439999999999 0.359 0.7897339999999999 0.35641700000000004 0.7834380000000001 0.346063 0.7863439999999999 0.32795799999999997 0.783922 0.31695799999999996 0.791687 0.31695799999999996 0.796531 0.31372900000000004 0.792172 0.305958 0.793625 0.301437 0.7868280000000001 0.298208 0.7824690000000001 0.302729 0.7800309999999999 0.298208 0.775188 0.294979 0.7717970000000001 0.2995 0.768875 0.302083 0.763062 0.302083 0.759172 0.302083 0.754328 0.296271 0.751422 0.29108300000000004 0.746563 0.28591700000000003 0.7422030000000001 0.2885 0.740266 0.282687 0.735891 0.27943799999999996 0.730563 0.27620799999999995 0.727641 0.27039599999999997 0.721828 0.271687 0.715031 0.272333 0.707766 0.267167
12 0.752563 0.5648540000000001 0.749812 0.5589999999999999 0.732781 0.564125 0.7195940000000001 0.5648540000000001 0.70475 0.566333 0.702016 0.645458 0.774 0.65425 0.77675 0.5648540000000001 0.766859 0.5648540000000001 0.752563 0.5648540000000001
12 0.694734 0.518646 0.694734 0.48358300000000004 0.694734 0.457625 0.687906 0.457625 0.689484 0.511625 0.694734 0.518646
12 0.7341249999999999 0.526813 0.740719 0.526813 0.740719 0.469667 0.747312 0.467458 0.7464839999999999 0.457562 0.7341249999999999 0.457562 0.7341249999999999 0.526813
12 0.554094 0.702542 0.560156 0.704417 0.5603589999999999 0.6516040000000001 0.577937 0.6448750000000001 0.555094 0.647833 0.554094 0.702542
12 0.599109 0.515083 0.598547 0.450292 0.593969 0.451062 0.593969 0.512792 0.599109 0.515083
13 0.766734 0.794667 0.763781 0.794667 0.763031 0.799083 0.761188 0.814833 0.7586090000000001 0.8197500000000001 0.755281 0.8325619999999999 0.752703 0.8847079999999999 0.762297 0.889646 0.766734 0.794667
12 0.609594 0.664583 0.609359 0.7253120000000001 0.6341249999999999 0.7331040000000001 0.636 0.7147290000000001 0.636703 0.6630210000000001 0.635062 0.6611670000000001 0.612641 0.662708 0.609594 0.664583