13 0.539625 0.6794399999999999 0.547891 0.6798489999999999 0.557641 0.6765950000000001 0.560594 0.615884 0.5523279999999999 0.6024349999999999 0.542875 0.603664 0.534609 0.617112 0.5328280000000001 0.676185 0.539625 0.6794399999999999
53 0 0.882522 0.0016250000000000001 0.8959699999999999 0.0487656 0.8937280000000001 0.0617656 0.871293 0.0845313 0.848879 0.08615629999999999 0.48116400000000004 0.0747812 0.454267 0.0487656 0.445302 0.0373906 0.452026 0 0.452026 0 0.460991 0 0.882522
53 1 0.467414 0.9872970000000001 0.467414 0.9498279999999999 0.462931 0.8977029999999999 0.460668 0.8977029999999999 0.487651 0.899328 0.5932540000000001 0.904219 0.694375 0.912359 0.7370690000000001 0.9025779999999999 0.791013 0.9025779999999999 0.817974 0.9205 0.829224 0.944937 0.84944 0.992188 0.851681 0.9987030000000001 0.84944 1 0.820216 1 0.467414
14 0.620141 0.675754 0.623891 0.659569 0.629531 0.647931 0.630469 0.6382329999999999 0.62625 0.635 0.6159220000000001 0.633707 0.593891 0.631767 0.5723130000000001 0.634353 0.573719 0.6427590000000001 0.576531 0.6505169999999999 0.583109 0.663448 0.584047 0.664741 0.589672 0.678987 0.588734 0.6809270000000001 0.617797 0.6809270000000001 0.620141 0.675754
3 0.45306199999999996 0.664138 0.45185899999999996 0.672478 0.45401600000000003 0.6774779999999999 0.458047 0.6817460000000001 0.46287500000000004 0.682112 0.46543799999999996 0.68194 0.46784400000000004 0.6769179999999999 0.466906 0.671185 0.46435899999999997 0.671746 0.46179699999999996 0.671185 0.46032799999999996 0.664332 0.46059400000000006 0.659504 0.460062 0.657651 0.454953 0.663405 0.45306199999999996 0.664138
1 0.49924999999999997 0.673836 0.501047 0.675431 0.505047 0.675151 0.5081089999999999 0.6720910000000001 0.5081089999999999 0.667586 0.506516 0.661918 0.503578 0.661207 0.49978100000000003 0.662069 0.49924999999999997 0.673836
1 0.479406 0.659849 0.47885900000000003 0.6633410000000001 0.479406 0.675043 0.47976599999999997 0.680022 0.48734400000000005 0.679784 0.49042199999999997 0.6795260000000001 0.492938 0.6755389999999999 0.493297 0.671573 0.49312500000000004 0.664591 0.491141 0.6615949999999999 0.48825 0.6596120000000001 0.48282800000000003 0.6588579999999999 0.479406 0.659849
48 0.312406 0.7964870000000001 0.412594 0.803513 0.415984 0.60444 0.314109 0.602091 0.315812 0.648944 0.314109 0.794138 0.312406 0.7964870000000001
58 0.548531 0.597241 0.546687 0.581056 0.400672 0.581056 0.400063 0.5985130000000001 0.548531 0.597241
26 0.512328 0.650086 0.516609 0.673944 0.527344 0.6737719999999999 0.5315000000000001 0.653987 0.5315000000000001 0.6506470000000001 0.530016 0.647694 0.5131249999999999 0.6484270000000001 0.5127189999999999 0.649914 0.512328 0.650086
27 0.496891 0.662241 0.492828 0.658491 0.477219 0.661315 0.478578 0.642586 0.465672 0.643513 0.453453 0.6453879999999999 0.44531200000000004 0.632284 0.42834399999999995 0.641659 0.424266 0.6659909999999999 0.418156 0.667866 0.415453 0.690323 0.415453 0.696875 0.414766 0.70625 0.418156 0.708125 0.41951599999999994 0.742759 0.42290600000000006 0.744634 0.420875 0.924375 0.42834399999999995 0.924375 0.430375 0.743685 0.49824999999999997 0.74556 0.497578 0.699698 0.496891 0.662241
27 0.622469 0.7474350000000001 0.620422 0.881315 0.634687 0.91222 0.63875 0.925323 0.640797 0.916897 0.642828 0.8700859999999999 0.638078 0.864461 0.636047 0.905647 0.627891 0.88694 0.625172 0.865409 0.628578 0.838254 0.626531 0.806422 0.627891 0.748384 0.639437 0.743685 0.633328 0.726853 0.625172 0.708125 0.639437 0.679095 0.628578 0.66319 0.620422 0.666918 0.609563 0.672543 0.581734 0.671616 0.572234 0.660366 0.558656 0.66319 0.552547 0.67722 0.532875 0.67722 0.530828 0.662241 0.522687 0.6734700000000001 0.515219 0.666918 0.50775 0.664116 0.500297 0.662241 0.500297 0.690323 0.498937 0.744634 0.503688 0.744634 0.622469 0.7474350000000001
48 0.12690600000000002 0.598168 0.124281 0.622241 0.119922 0.808901 0.119922 0.820948 0.132141 0.819741 0.131266 0.7667670000000001 0.27184400000000003 0.77278 0.277078 0.826961 0.289297 0.825776 0.307625 0.813728 0.307625 0.534332 0.13739099999999999 0.530733 0.14350000000000002 0.556013 0.128656 0.576487 0.12690600000000002 0.598168
78 0.628937 0.403233 0.630156 0.379914 0.612031 0.382996 0.611422 0.402392 0.628937 0.403233
1 0.477094 0.658427 0.47253100000000003 0.65722 0.46989099999999995 0.657457 0.46795299999999995 0.658427 0.46725000000000005 0.6608620000000001 0.465844 0.664741 0.465484 0.668621 0.46725000000000005 0.671056 0.467781 0.675172 0.469359 0.678103 0.470937 0.681013 0.47534400000000004 0.681013 0.477984 0.6805169999999999 0.479563 0.675905 0.479922 0.6666810000000001 0.47921899999999995 0.6608620000000001 0.47657800000000006 0.658685 0.477094 0.658427
14 0.597813 0.572047 0.602797 0.5875 0.617734 0.5875 0.6264529999999999 0.580647 0.622719 0.568621 0.605281 0.5703229999999999 0.597813 0.572047
14 0.139672 0.598901 0.16528099999999998 0.596185 0.171516 0.5943750000000001 0.171844 0.582155 0.17381200000000002 0.574009 0.176766 0.569935 0.174797 0.568556 0.171516 0.567198 0.17053100000000002 0.564935 0.165609 0.561767 0.16003099999999998 0.5599569999999999 0.15903099999999998 0.557241 0.158375 0.552716 0.152141 0.5531680000000001 0.146562 0.554978 0.144922 0.557694 0.144594 0.561767 0.141641 0.5626720000000001 0.137375 0.56403 0.135406 0.5681029999999999 0.13442199999999999 0.572198 0.13442199999999999 0.5744610000000001 0.131125 0.578987 0.131453 0.597543 0.139672 0.598901
14 0.200359 0.59875 0.22768700000000003 0.598448 0.232875 0.591272 0.23332799999999998 0.586595 0.23265600000000003 0.582241 0.19517199999999998 0.5841160000000001 0.19517199999999998 0.5844180000000001 0.197656 0.595022 0.200359 0.59875
14 1 0.454138 0.982734 0.45338399999999995 0.9761559999999999 0.45243500000000003 0.97575 0.45301699999999995 0.977125 0.45508600000000005 0.982734 0.46284499999999995 1 0.463599 1 0.454138
14 0.027625 0.438793 0.033687499999999995 0.43387899999999996 0.039031300000000005 0.42993499999999996 0.0433125 0.426487 0.0461719 0.42306 0.0468906 0.417155 0.04725 0.415172 0.039031300000000005 0.414203 0.028328100000000002 0.41467699999999996 0.0187031 0.411228 0.0101406 0.410754 0.00621875 0.410754 0 0.412716 0.0008593750000000001 0.423534 0.0019375 0.42993499999999996 0.0026406203125 0.434375 0.0051406296875 0.439784 0.003 0.44765099999999997 0.0033593703125 0.44913800000000004 0.0204844 0.450603 0.0272656 0.450108 0.027625 0.44963400000000003 0.030125000000000002 0.448147 0.0279844 0.442737 0.027625 0.438793
78 0.315688 0.40077599999999997 0.315688 0.39618499999999995 0.317469 0.388534 0.316359 0.38976299999999997 0.308812 0.388836 0.303359 0.387306 0.303812 0.394353 0.305141 0.399397 0.305031 0.402328 0.310359 0.403233 0.31457799999999997 0.40277999999999997 0.315688 0.40077599999999997
78 0.305625 0.332069 0.307547 0.34172399999999997 0.31673399999999996 0.34153 0.318516 0.333405 0.319875 0.329246 0.319469 0.32413800000000004 0.318094 0.32357800000000003 0.317828 0.322629 0.308641 0.322629 0.3085 0.32394399999999995 0.30781200000000003 0.325086 0.305078 0.327155 0.305625 0.332069
78 0.623609 0.341099 0.624625 0.33387900000000004 0.622766 0.329009 0.620578 0.33202600000000004 0.616703 0.334353 0.6104529999999999 0.328772 0.608938 0.335043 0.610109 0.33948300000000003 0.623609 0.341099
14 0.24937499999999999 0.600948 0.297031 0.600539 0.299984 0.589504 0.2985 0.5711419999999999 0.294656 0.562349 0.288141 0.554591 0.279703 0.551121 0.269344 0.549289 0.262094 0.554181 0.25884399999999996 0.556638 0.25054699999999996 0.5652159999999999 0.24493700000000002 0.579914 0.246563 0.598901 0.24937499999999999 0.600948