18 0.8593999999999999 0.34805300000000006 0.85596 0.35264 0.85252 0.36719999999999997 0.85482 0.37408 0.85998 0.387093 0.9018999999999999 0.393227 0.91398 0.40930700000000003 0.91972 0.412373 0.9381 0.413147 0.94326 0.364133 0.94614 0.337333 0.9559 0.3136 0.87606 0.325067 0.85884 0.349573 0.8593999999999999 0.34805300000000006
31 0.63534 0.8563470000000001 0.6648200000000001 0.849973 0.6807799999999999 0.836133 0.68476 0.798933 0.6704 0.784053 0.66962 0.69584 0.6767799999999999 0.694773 0.6767799999999999 0.688373 0.6807799999999999 0.683067 0.68236 0.691573 0.69274 0.6905070000000001 0.69352 0.682 0.7047 0.6798930000000001 0.70548 0.665013 0.69352 0.657547 0.69114 0.654373 0.69592 0.648 0.69194 0.6416270000000001 0.68476 0.605467 0.66244 0.5714670000000001 0.65208 0.550187 0.6457 0.532133 0.6441 0.50448 0.64888 0.494933 0.6441 0.487493 0.6409199999999999 0.47792 0.63054 0.47685299999999997 0.63054 0.490667 0.6281599999999999 0.49173300000000003 0.62178 0.5098130000000001 0.63454 0.512987 0.63054 0.539573 0.6281599999999999 0.54064 0.6241599999999999 0.5533870000000001 0.5882999999999999 0.572533 0.5867 0.591653 0.59388 0.620347 0.60424 0.6373599999999999 0.6050399999999999 0.6448 0.5891000000000001 0.6458670000000001 0.56996 0.658613 0.56756 0.673493 0.5891000000000001 0.688373 0.59468 0.683067 0.60742 0.694773 0.6050399999999999 0.7861870000000001 0.59148 0.790427 0.5875 0.805307 0.59308 0.841467 0.63534 0.8563470000000001
50 0.19506 0.36088000000000003 0.21691999999999997 0.345173 0.22366 0.32949300000000004 0.2287 0.28016 0.2018 0.2712 0.18497999999999998 0.26669299999999996 0.16312000000000001 0.23530700000000002 0.16144 0.215147 0.15808000000000003 0.185973 0.1564 0.177013 0.11772 0.159093 0.09586 0.168053 0.08576 0.20392 0.08744 0.22858699999999998 0.08912 0.246533 0.0723 0.264453 0.06222 0.28912 0.06054 0.325013 0.06222 0.35864 0.19506 0.36088000000000003
50 0.66328 0.37602699999999994 0.67468 0.37602699999999994 0.67526 0.36704 0.682 0.34402699999999997 0.6910599999999999 0.341307 0.69224 0.317893 0.69048 0.2984 0.68726 0.28240000000000004 0.6861 0.271893 0.6817000000000001 0.2676 0.6755599999999999 0.269547 0.67118 0.27344 0.67352 0.2832 0.6703 0.2832 0.6665 0.315173 0.66708 0.34832 0.6618200000000001 0.36978700000000003 0.66328 0.37602699999999994
50 0.53746 0.380587 0.53746 0.379307 0.5397000000000001 0.37802699999999995 0.5381 0.365253 0.5381 0.341413 0.5397000000000001 0.322693 0.5425800000000001 0.316293 0.54384 0.298827 0.54384 0.278827 0.53522 0.277547 0.53522 0.268187 0.53364 0.259253 0.5282 0.257973 0.52564 0.26264 0.525 0.273707 0.52564 0.27968 0.51958 0.29159999999999997 0.5189400000000001 0.298 0.5215 0.30224 0.52406 0.30863999999999997 0.52438 0.346533 0.5266000000000001 0.3708 0.5314 0.386107 0.53396 0.38653299999999996 0.53714 0.38442699999999996 0.53746 0.380587
50 0.75974 0.272613 0.75482 0.283867 0.75482 0.29701299999999997 0.75412 0.30920000000000003 0.75412 0.325147 0.7639600000000001 0.35048 0.7639600000000001 0.375813 0.76538 0.38802699999999996 0.7759400000000001 0.390827 0.78296 0.37864000000000003 0.7815599999999999 0.357067 0.7815599999999999 0.332667 0.78718 0.312027 0.7893 0.289493 0.7857799999999999 0.280107 0.78016 0.272613 0.77734 0.263227 0.77242 0.256667 0.7639600000000001 0.2576 0.76186 0.262293 0.75974 0.266027 0.75974 0.26698700000000003 0.7625599999999999 0.273547 0.75974 0.272613
8 0.0927 0.8584269999999999 0.0691 0.6 0.27978 0.591013 0.27808 0.85168 0.30338 0.8494400000000001 0.31854000000000005 0.559547 0.3455 0.541573 0.34214 0.519093 0.3337 0.5236 0.32527999999999996 0.5236 0.32192000000000004 0.4764 0.34214 0.48090700000000003 0.34382 0.440453 0 0.44944 0.053939999999999995 0.862933 0.0927 0.8584269999999999
8 0.03412 0.44216 0.27346 0.43856 0.30238 0.428933 0.30598000000000003 0.401227 0.30328 0.374747 0.29424 0.35546700000000003 0.06394 0.360293 0.0242 0.360293 0.03412 0.44216
2 0.15678 0.32784 0.1457 0.35610699999999995 0.14762 0.359333 0.22762000000000002 0.358693 0.22424000000000002 0.338773 0.22663999999999998 0.319493 0.22858 0.297653 0.22712000000000002 0.291867 0.22134 0.289947 0.2069 0.289947 0.191 0.293787 0.18328 0.29250699999999996 0.18087999999999999 0.289947 0.17942 0.274533 0.17942 0.267467 0.1751 0.26167999999999997 0.16016 0.258453 0.164 0.30663999999999997 0.15678 0.32784
73 0.48856 0.17704 0.48856 0.13968 0.46798 0.13816 0.47428 0.176267 0.48856 0.17704
73 0.42528 0.04024 0.42263999999999996 0.08488 0.44466 0.08645329866666666 0.45172 0.04885329866666667 0.43174 0.03826670133333333 0.42998000000000003 0.03826670133333333 0.42528 0.04024
50 0.50714 0.377493 0.5084 0.377067 0.51064 0.37578700000000004 0.51096 0.369813 0.5116 0.360027 0.51576 0.368987 0.5170399999999999 0.37237299999999995 0.5231 0.37664000000000003 0.52724 0.37322700000000003 0.5231 0.36472000000000004 0.5215 0.34768 0.52054 0.332347 0.5199 0.32255999999999996 0.5189400000000001 0.31277299999999997 0.5189400000000001 0.303413 0.51862 0.2932 0.52022 0.28424 0.52278 0.279573 0.5215 0.27488 0.52022 0.274453 0.51544 0.2736 0.51416 0.268933 0.51416 0.263387 0.5138400000000001 0.25656 0.51032 0.25232 0.5033 0.25656 0.50042 0.261253 0.49945999999999996 0.2668 0.49595999999999996 0.27488 0.49372000000000005 0.28085299999999996 0.49724 0.305547 0.49692000000000003 0.325547 0.49977999999999995 0.338747 0.5017 0.34554700000000005 0.50202 0.3596 0.50522 0.37877299999999997 0.50714 0.377493
50 0.60678 0.295707 0.6081 0.28464 0.60446 0.279333 0.59582 0.28376 0.59382 0.295707 0.59382 0.31120000000000003 0.59416 0.328933 0.59416 0.341333 0.5978 0.359493 0.59914 0.38872 0.6081 0.387813 0.6091 0.355493 0.6111 0.325387 0.6101 0.31608 0.60578 0.29528 0.60678 0.295707
75 0.08486 0.220747 0.08854 0.199227 0.08854 0.18749299999999997 0.03058 0.18943999999999997 0.02984 0.19728 0.0181 0.19728 0.01518 0.18749299999999997 0.00124 0.18749299999999997 0.00124 0.3664799999999999 0.0269 0.36746700000000004 0.02764 0.359653 0.05918 0.359653 0.06358 0.308773 0.07166 0.281387 0.07826 0.269653 0.0878 0.259867 0.08486 0.237387 0.08486 0.220747
75 0.18024 0.2716 0.18244 0.298987 0.17876 0.326373 0.16482 0.354747 0.22352 0.358667 0.22498 0.350827 0.23232 0.341067 0.23232 0.330293 0.22938 0.30976 0.23378 0.295093 0.23158 0.2804 0.2037 0.268667 0.1905 0.226613 0.1707 0.226613 0.1685 0.226613 0.16702 0.2452 0.17436 0.254987 0.18024 0.2716
75 1 0.33352 0.95126 0.30504 0.93844 0.394267 0.94272 0.437947 0.9299 0.470213 0.9171 0.47970700000000005 0.92564 0.521493 0.93132 0.551867 0.9299 0.56704 0.9598 0.568933 1 0.624 1 0.33352
73 0.5988600000000001 0.12783999999999998 0.59712 0.130133 0.59972 0.149787 0.60578 0.15554700000000002 0.60146 0.161333 0.59972 0.178667 0.6040599999999999 0.189067 0.62312 0.189067 0.62312 0.09778669866666667 0.61358 0.103573 0.5988600000000001 0.111653 0.5988600000000001 0.12783999999999998
36 0.59866 0.3096 0.60148 0.31896 0.60782 0.317093 0.61556 0.3124 0.61556 0.304907 0.61414 0.301147 0.61134 0.301147 0.61134 0.29552 0.60922 0.29928 0.6071 0.30677299999999996 0.59866 0.3096
50 0.67484 0.24930700000000003 0.66898 0.250293 0.6675 0.263973 0.67118 0.26888 0.67044 0.28159999999999996 0.67704 0.267893 0.67484 0.24930700000000003
50 0.71524 0.273733 0.71292 0.27759999999999996 0.71262 0.28146699999999997 0.71262 0.288427 0.71204 0.30832000000000004 0.71262 0.31061300000000003 0.7142200000000001 0.31216 0.7194400000000001 0.315067 0.7221799999999999 0.335333 0.7221799999999999 0.346933 0.7216 0.354667 0.72378 0.358533 0.7317400000000001 0.35735999999999996 0.73248 0.32336000000000004 0.7311599999999999 0.283973 0.72972 0.276827 0.72972 0.27026700000000003 0.72726 0.266 0.72464 0.26504 0.71972 0.26658699999999996 0.7182799999999999 0.26968 0.71668 0.274133 0.71524 0.273733
50 0.9708600000000001 0.280267 0.96678 0.274853 0.96484 0.2684 0.96484 0.255973 0.96212 0.249253 0.9565 0.24824000000000002 0.95204 0.252107 0.95166 0.2596 0.9502999999999999 0.27072 0.9474 0.291147 0.94372 0.300693 0.94584 0.307413 0.95282 0.305867 0.96388 0.30432000000000003 0.97338 0.305867 0.9708600000000001 0.280267
50 0.433 0.329733 0.43483999999999995 0.330027 0.43782 0.333093 0.44286000000000003 0.359653 0.44422 0.36728 0.44422 0.328827 0.44538 0.32272 0.4495 0.31904 0.45316 0.31661300000000003 0.46026 0.316293 0.46232 0.31477299999999997 0.46254 0.309893 0.46186 0.301947 0.46026 0.29616 0.45774000000000004 0.290347 0.45338 0.283627 0.45246 0.27936 0.45202 0.27448 0.44995999999999997 0.270507 0.44422 0.271733 0.44262 0.27296 0.44126 0.275093 0.44033999999999995 0.27968 0.43895999999999996 0.285173 0.43668 0.28792 0.43483999999999995 0.290053 0.43392000000000003 0.294613 0.433 0.305013 0.43210000000000004 0.32424000000000003 0.433 0.329733
50 0.48812 0.266453 0.48308 0.273787 0.48674 0.282373 0.48148 0.284213 0.48078 0.30072 0.48102 0.308987 0.48238 0.31754699999999997 0.49662 0.32 0.49776 0.312053 0.49683999999999995 0.2992 0.49478 0.291547 0.495 0.28359999999999996 0.49683999999999995 0.279307 0.50006 0.270133 0.49638 0.266773 0.48812 0.266453
18 0.2463 0.2924 0.23234 0.309067 0.23382 0.33944 0.24484 0.337493 0.24704 0.32376 0.26542 0.32768 0.26174 0.294347 0.2463 0.2924
18 0.28232 0.334533 0.29704 0.336507 0.30586 0.328667 0.30586 0.309067 0.2985 0.303173 0.27866 0.301227 0.27866 0.329653 0.28454 0.3316 0.28232 0.334533
50 0.5698799999999999 0.38656 0.5823400000000001 0.38656 0.58358 0.38613299999999995 0.5854600000000001 0.365387 0.58888 0.361653 0.59076 0.339227 0.5864 0.32512 0.58858 0.30768 0.5895 0.30144000000000004 0.59138 0.295627 0.58794 0.288987 0.5876399999999999 0.283173 0.58484 0.27736 0.58048 0.277787 0.5786 0.284 0.57736 0.28608 0.5698799999999999 0.291893 0.5664600000000001 0.301867 0.5683400000000001 0.31016 0.57268 0.31679999999999997 0.5695800000000001 0.324267 0.5683400000000001 0.326773 0.56428 0.353333 0.56802 0.35541300000000003 0.57176 0.35997300000000004 0.5705 0.384907 0.5698799999999999 0.38656