50 0.24221900000000002 0.777049 0.237891 0.7965340000000001 0.289031 0.799133 0.287297 0.7913349999999999 0.302906 0.7666510000000001 0.341906 0.695176 0.358375 0.7224820000000001 0.40692199999999995 0.754941 0.42079700000000003 0.77185 0.419922 0.795222 0.43292200000000003 0.795222 0.44073399999999996 0.741944 0.429453 0.734169 0.40778100000000006 0.719859 0.366187 0.6704920000000001 0.37657799999999997 0.6133259999999999 0.40778100000000006 0.49119399999999996 0.40171900000000005 0.45999999999999996 0.413 0.42362999999999995 0.399984 0.40023400000000003 0.38178100000000004 0.40023400000000003 0.377453 0.408033 0.366187 0.408033 0.366187 0.422342 0.366187 0.436628 0.36878099999999997 0.4574 0.352312 0.4626 0.316766 0.47039800000000004 0.2925 0.47171 0.271687 0.484684 0.275156 0.500281 0.286422 0.514567 0.306375 0.514567 0.34017200000000003 0.5158780000000001 0.327172 0.567845 0.308969 0.652319 0.279484 0.7445670000000001 0.24828100000000003 0.779625 0.24221900000000002 0.777049
50 0.667188 0.712014 0.668703 0.770984 0.6717190000000001 0.8117800000000001 0.7035 0.78911 0.701984 0.7256210000000001 0.714094 0.6893440000000001 0.735266 0.6893440000000001 0.770062 0.757377 0.771578 0.793653 0.7897339999999999 0.777775 0.7897339999999999 0.7596489999999999 0.774609 0.723349 0.774609 0.712014 0.794266 0.705222 0.794266 0.662131 0.783687 0.616792 0.751906 0.560094 0.73375 0.523817 0.720141 0.478454 0.692906 0.496604 0.668703 0.521546 0.6717190000000001 0.560094 0.683828 0.566885 0.683828 0.6077049999999999 0.685344 0.625855 0.697453 0.6507959999999999 0.679297 0.666674 0.667188 0.712014
50 0.14918800000000002 0.152389 0.14918800000000002 0.14285699999999998 0.148203 0.124543 0.136969 0.11793899999999999 0.126703 0.139204 0.132078 0.15166300000000002 0.121812 0.158244 0.1135 0.189766 0.118875 0.196347 0.115453 0.227119 0.118875 0.250562 0.115937 0.283536 0.113984 0.305527 0.111047 0.317986 0.103234 0.321639 0.10225 0.32897 0.125234 0.326768 0.12229699999999999 0.306253 0.131094 0.292342 0.132078 0.270351 0.13403099999999998 0.261569 0.14135899999999998 0.242506 0.151625 0.27548 0.1575 0.28428600000000004 0.166297 0.318712 0.161406 0.32459 0.161406 0.33117100000000005 0.172156 0.332646 0.1795 0.32897 0.170687 0.281358 0.163844 0.266698 0.162875 0.258642 0.162875 0.246909 0.163844 0.238852 0.162391 0.19927399999999998 0.168734 0.19341899999999998 0.160922 0.162646 0.14625 0.153115 0.14918800000000002 0.152389
50 0.534438 0.500562 0.535141 0.51548 0.543672 0.532529 0.555047 0.576206 0.570688 0.599649 0.594141 0.624145 0.594141 0.647588 0.604094 0.656112 0.6168910000000001 0.6774 0.604094 0.669953 0.588453 0.66356 0.579922 0.674215 0.5792029999999999 0.714707 0.586313 0.7679630000000001 0.5792029999999999 0.777564 0.571391 0.7818269999999999 0.572109 0.792482 0.613328 0.792482 0.610484 0.7722249999999999 0.619734 0.7679630000000001 0.617594 0.733888 0.625406 0.749859 0.633938 0.7594380000000001 0.636781 0.7733019999999999 0.650297 0.7573070000000001 0.663094 0.7594380000000001 0.667344 0.776487 0.665219 0.754122 0.668063 0.724286 0.669484 0.68274 0.670188 0.6678219999999999 0.6780160000000001 0.655035 0.671609 0.634801 0.659531 0.629461 0.659531 0.6209370000000001 0.653844 0.6134890000000001 0.653844 0.608173 0.66025 0.6060420000000001 0.643188 0.5953860000000001 0.643188 0.572998 0.644609 0.555948 0.6268279999999999 0.544239 0.602672 0.549555 0.593422 0.55808 0.594141 0.581522 0.576375 0.572998 0.554328 0.537845 0.554328 0.522927 0.5514840000000001 0.518665 0.54225 0.5080089999999999 0.534438 0.500562
50 0.820828 0.116674 0.8135160000000001 0.0951288 0.8069690000000002 0.106089 0.803844 0.112365 0.800703 0.124122 0.798609 0.135082 0.799391 0.136651 0.810109 0.154684 0.823438 0.132342 0.820828 0.116674
50 0.798875 0.159368 0.797828 0.179742 0.797828 0.182108 0.8019999999999999 0.18014100000000002 0.803312 0.170726 0.8069690000000002 0.166815 0.8074999999999999 0.168782 0.808016 0.163302 0.79625 0.146042 0.794687 0.15271699999999996 0.798875 0.159368
50 0.825797 0.16761099999999998 0.823188 0.147237 0.815078 0.163302 0.819 0.180913 0.8229219999999999 0.18445 0.825797 0.16761099999999998
4 0.272891 0.49302100000000004 0.19673400000000002 0.472389 0.197078 0.488993 0.202109 0.48798600000000003 0.272891 0.499555 0.272891 0.49302100000000004
5 0.552641 0.521265 0.560469 0.49540999999999996 0.559422 0.471897 0.531719 0.484824 0.530422 0.515785 0.533547 0.5283140000000001 0.539562 0.53185 0.541922 0.529883 0.548969 0.5279159999999999 0.552641 0.521265
63 0.5792189999999999 0.15049200000000001 0.578562 0.15231899999999998 0.5793280000000001 0.155433 0.5802660000000001 0.15756399999999998 0.581672 0.15826700000000002 0.583375 0.15826700000000002 0.5849840000000001 0.156557 0.585453 0.15274000000000001 0.584891 0.15007 0.584125 0.14822 0.583469 0.146534 0.581766 0.146253 0.579422 0.147939 0.5792189999999999 0.15049200000000001
63 0.577672 0.156932 0.578672 0.156604 0.578828 0.15613600000000002 0.578828 0.15519899999999998 0.578672 0.15363 0.578313 0.152248 0.5789690000000001 0.150422 0.579078 0.148759 0.57975 0.147283 0.5809529999999999 0.146276 0.583391 0.146768 0.5842660000000001 0.148431 0.585375 0.152904 0.585703 0.15571400000000002 0.5865940000000001 0.153888 0.586703 0.150749 0.584719 0.146768 0.5842660000000001 0.145293 0.581063 0.139977 0.578641 0.13733 0.5749839999999999 0.135504 0.571781 0.137494 0.569141 0.141311 0.567812 0.144286 0.567484 0.148923 0.5690310000000001 0.156557 0.5776410000000001 0.156721 0.577672 0.156932