22 0.11131200000000001 0.850211 0.125438 0.8463470000000001 0.126281 0.839953 0.21867200000000003 0.825199 0.222516 0.83096 0.234063 0.827119 0.234484 0.8245669999999999 0.240469 0.789953 0.23834399999999997 0.780984 0.22549999999999998 0.789953 0.11901600000000001 0.804052 0.11131200000000001 0.795714 0.10190600000000001 0.80726 0.10832800000000001 0.8463470000000001 0.11131200000000001 0.850211
22 1 0.805902 0.976187 0.807377 0.9613440000000001 0.807377 0.9376089999999999 0.7940280000000001 0.932656 0.905222 0.9158440000000001 0.884473 0.8416560000000001 0.914122 0.839672 0.963044 0.847594 0.991218 0.851547 0.985293 0.8545159999999999 0.963044 0.8545159999999999 0.951194 0.861438 0.9482200000000001 0.8881410000000001 0.9778690000000001 0.932656 0.9986179999999999 0.984094 0.9986179999999999 0.997937 1 1 0.979344 1 0.805902
22 0.839641 0.8039109999999999 0.8193590000000001 0.81274 0.796469 0.808806 0.779469 0.802927 0.772922 0.798033 0.765719 0.798033 0.765719 0.8137 0.763109 0.8529270000000001 0.750031 0.857822 0.738906 0.87548 0.728437 0.908806 0.719281 0.9039109999999999 0.713406 0.906838 0.713406 0.933326 0.716672 0.960773 0.727781 0.9686180000000001 0.747406 0.9627169999999999 0.765719 0.958806 0.792547 0.964684 0.810859 0.972529 0.8350630000000001 0.990164 0.837016 0.984286 0.838328 0.9411480000000001 0.8429059999999999 0.885269 0.850094 0.847049 0.857953 0.787237 0.848141 0.790187 0.839641 0.8039109999999999
27 0.0075156203125000005 0.989859 0.147266 0.989859 0.150266 0.953817 0.183328 0.953817 0.208875 0.953817 0.262969 0.953817 0.300531 0.93356 0.339609 0.91555 0.268984 0.825457 0.0045156296875 0.859227 0.0075156203125000005 0.989859
27 0.761641 0.8449409999999999 0.7691410000000001 0.820234 0.842609 0.804496 0.872594 0.8584309999999999 0.8890779999999999 0.829204 0.9550470000000001 0.829204 0.962547 0.817986 0.973047 0.791007 0.9070779999999999 0.782014 0.731656 0.7056209999999999 0.697172 0.7842619999999999 0.736156 0.856183 0.761641 0.8449409999999999
50 0.35232800000000003 0.606745 0.337344 0.678642 0.353828 0.782014 0.340344 0.9955040000000001 0.470781 0.9887589999999999 0.463281 0.817986 0.467781 0.8157380000000001 0.5007659999999999 0.8337 0.5337500000000001 0.817986 0.48876600000000003 0.8 0.452781 0.75281 0.45428100000000005 0.723607 0.48128099999999996 0.689883 0.48426600000000003 0.642693 0.47828099999999996 0.608993 0.463281 0.582014 0.463281 0.5685479999999999 0.467781 0.534824 0.463281 0.476393 0.45728099999999994 0.429204 0.436297 0.406745 0.394313 0.429204 0.368828 0.541569 0.361328 0.5955039999999999 0.35232800000000003 0.606745
50 0.719656 0.827518 0.715172 0.757869 0.727156 0.712927 0.739156 0.647752 0.742156 0.582576 0.719656 0.5443790000000001 0.688172 0.49943800000000005 0.680688 0.476956 0.686672 0.44325499999999995 0.686672 0.409555 0.683688 0.375831 0.671687 0.346628 0.644703 0.344379 0.632703 0.364614 0.6222030000000001 0.38932100000000003 0.616219 0.420796 0.616219 0.454496 0.623703 0.481452 0.581734 0.533138 0.574234 0.57808 0.569734 0.6207959999999999 0.5667340000000001 0.638759 0.559234 0.672482 0.581734 0.688197 0.589219 0.69719 0.608719 0.719672 0.619203 0.755621 0.613219 0.780328 0.551734 0.825269 0.574234 0.827518 0.572734 0.858993 0.551734 0.926393 0.559234 0.9556209999999999 0.553234 0.966862 0.559234 0.998314 0.715172 1 0.718156 0.982576 0.7091719999999999 0.9443790000000001 0.719656 0.827518
51 0.506766 0.7932549999999999 0.53525 0.797752 0.565234 0.797752 0.5922189999999999 0.797752 0.6102190000000001 0.7663 0.616219 0.737073 0.616219 0.7123649999999999 0.596719 0.6988759999999999 0.5787340000000001 0.687635 0.54725 0.68089 0.51875 0.676393 0.496266 0.689883 0.472281 0.6988759999999999 0.455781 0.725831 0.452781 0.75281 0.463281 0.730328 0.47828099999999996 0.786511 0.506766 0.7932549999999999
27 0.12654700000000002 0.7604679999999999 0.12734399999999998 0.7474470000000001 0.127734 0.7391570000000001 0.137219 0.7391570000000001 0.143156 0.7415219999999999 0.147109 0.7415219999999999 0.15579700000000002 0.7415219999999999 0.16212500000000002 0.7415219999999999 0.167656 0.7415219999999999 0.175953 0.742108 0.181891 0.743302 0.187812 0.743888 0.194938 0.743888 0.204031 0.7415219999999999 0.207187 0.740937 0.207984 0.739742 0.207984 0.7391570000000001 0.1985 0.724918 0.19295299999999999 0.722553 0.175172 0.723162 0.160938 0.7284780000000001 0.143156 0.7284780000000001 0.12654700000000002 0.729087 0.10796900000000001 0.730258 0.0878125 0.732623 0.0779219 0.732623 0.07673440000000001 0.7385480000000001 0.07673440000000001 0.743888 0.0791094 0.7486179999999999 0.07990620000000001 0.751007 0.07673440000000001 0.756932 0.072 0.7581030000000001 0.0700156 0.7581030000000001 0.06725 0.7581030000000001 0.064875 0.7581030000000001 0.0625 0.756932 0.061328099999999997 0.7563230000000001 0.060531299999999996 0.751593 0.060921899999999994 0.7474470000000001 0.0621094 0.743302 0.0625 0.7391570000000001 0.0625 0.736768 0.0451094 0.735597 0.0376094 0.736183 0.030093799999999997 0.7391570000000001 0.018625 0.740328 0.0122969 0.7415219999999999 0.000046875 0.739742 0 0.752787 0.0008437500000000001 0.762857 0.0091406203125 0.7604679999999999 0.0182344 0.755738 0.026140600000000003 0.752787 0.0328594 0.749813 0.0466875 0.745082 0.053015599999999996 0.743888 0.0565781 0.7533719999999999 0.0545937 0.762857 0.0534219 0.769953 0.0534219 0.774707 0.12298400000000001 0.769953 0.12654700000000002 0.7604679999999999
11 0.740203 0.604707 0.773844 0.555785 0.791641 0.527611 0.8094529999999999 0.484614 0.8193439999999999 0.432717 0.8302189999999999 0.385269 0.841109 0.367494 0.844078 0.34377 0.8302189999999999 0.34377 0.820328 0.354145 0.794609 0.4030679999999999 0.772859 0.434215 0.744172 0.453489 0.714484 0.47719 0.714484 0.530562 0.729328 0.560234 0.740203 0.604707
69 0.413609 0.603513 0.414328 0.603864 0.41865600000000003 0.60171 0.426109 0.594848 0.43140600000000007 0.59089 0.433812 0.591241 0.4415 0.600258 0.445109 0.602787 0.44703100000000007 0.599906 0.451844 0.578618 0.44992200000000004 0.57719 0.444625 0.579719 0.43765599999999993 0.580796 0.43453099999999995 0.582225 0.4354839999999999 0.582225 0.43067200000000005 0.582951 0.418891 0.574309 0.41624999999999995 0.574309 0.413844 0.59089 0.413609 0.603513
41 0.171094 0.83733 0.166047 0.841288 0.174703 0.861475 0.18143800000000002 0.86904 0.18840600000000002 0.870117 0.191547 0.866511 0.190344 0.861827 0.18143800000000002 0.8517330000000001 0.182641 0.8499300000000001 0.173266 0.837681 0.171094 0.83733
41 0.19475 0.9307030000000001 0.200344 0.9319909999999999 0.20637500000000003 0.93007 0.207672 0.919087 0.20335899999999998 0.899087 0.199063 0.881663 0.19001600000000002 0.8822949999999999 0.18743700000000002 0.900375 0.19173400000000002 0.900375 0.193453 0.9081260000000001 0.196906 0.917799 0.199922 0.929415 0.19475 0.9307030000000001
22 0.219953 0.726768 0.211109 0.7358779999999999 0.201172 0.7391800000000001 0.182375 0.7433259999999999 0.169109 0.744169 0.15254700000000002 0.7433259999999999 0.13928100000000002 0.7416630000000001 0.13320300000000002 0.740023 0.126016 0.740843 0.129891 0.8021309999999999 0.13928100000000002 0.802974 0.143703 0.797986 0.14204699999999998 0.793841 0.20890599999999998 0.786393 0.20945299999999997 0.791358 0.22326600000000002 0.791358 0.22271899999999997 0.788056 0.23045300000000002 0.726768 0.219953 0.726768
22 0 0.8602339999999999 0.0070781296874999995 0.8581030000000001 0.0283594 0.8570490000000001 0.046093800000000004 0.8517330000000001 0.050343700000000005 0.753934 0.0496406 0.747541 0.048921900000000004 0.747541 0.048218699999999996 0.7486179999999999 0.0382969 0.751803 0.000703125 0.767752 0 0.770937 0 0.8602339999999999
22 0.000765625 0.71377 0.000296875 0.738314 0.063 0.733396 0.0657969 0.703232 0.0615938 0.70185 0.0498906 0.71096 0.010125 0.7130679999999999 0.000765625 0.71377
22 0.330328 1 0.342047 0.9064399999999999 0.329156 0.899415 0.324469 0.913466 0.302781 0.927541 0.26349999999999996 0.9503750000000001 0.196672 0.956534 0.16853100000000001 0.943349 0.149766 0.939836 0.142734 0.9451050000000001 0.143906 1 0.330328 1
22 0.264484 0.730913 0.267109 0.730422 0.26907800000000004 0.712201 0.273344 0.7097420000000001 0.273344 0.694426 0.270391 0.693934 0.264484 0.6580090000000001 0.255938 0.61815 0.251344 0.6225759999999999 0.251344 0.629461 0.254953 0.659485 0.257906 0.698361 0.251344 0.744122 0.256922 0.7593909999999999 0.264484 0.730913
22 0.724391 0.73815 0.719047 0.7385480000000001 0.718781 0.7525759999999999 0.749531 0.7501639999999999 0.750063 0.7593909999999999 0.7570159999999999 0.755386 0.756484 0.716909 0.725734 0.7257140000000001 0.724391 0.73815
22 0.317078 0.779063 0.323547 0.778337 0.322047 0.752225 0.326031 0.7455040000000001 0.326031 0.7276109999999999 0.330016 0.7223890000000001 0.33151600000000003 0.6358550000000001 0.32503099999999996 0.644075 0.31657799999999997 0.6582439999999999 0.315078 0.681358 0.31607799999999997 0.70822 0.305125 0.708946 0.304641 0.761171 0.307125 0.7589229999999999 0.31110899999999997 0.733583 0.317578 0.731335 0.315578 0.771616 0.317078 0.779063
22 0.29965600000000003 0.713185 0.309469 0.709813 0.297391 0.69623 0.287594 0.69623 0.284578 0.680398 0.27703099999999997 0.636323 0.2725 0.619368 0.268734 0.621616 0.265719 0.625012 0.271 0.649883 0.274016 0.6837939999999999 0.27325 0.707541 0.271 0.722248 0.2725 0.726768 0.27175 0.7312879999999999 0.27175 0.749368 0.271 0.761803 0.271 0.7651990000000001 0.275516 0.7697189999999999 0.28532799999999997 0.719977 0.29965600000000003 0.713185
52 0.0680469 0.507026 0.06920309999999999 0.522155 0.07192190000000001 0.540749 0.0734687 0.550047 0.07618749999999999 0.567471 0.07657810000000001 0.577939 0.0882031 0.577939 0.0963437 0.575035 0.101 0.562834 0.09984370000000001 0.539578 0.1045 0.512857 0.103719 0.504707 0.09984370000000001 0.49948499999999996 0.10139100000000001 0.49540999999999996 0.11264099999999999 0.484379 0.127766 0.484941 0.130094 0.479719 0.123109 0.465761 0.113406 0.462295 0.102172 0.46751800000000004 0.0986719 0.45007 0.09131249999999999 0.44135800000000003 0.08704690000000001 0.45822 0.08432809999999999 0.46751800000000004 0.0769688 0.4774 0.06726560000000001 0.479719 0.0544687 0.48669799999999996 0.063 0.49831400000000003 0.07270309999999999 0.5012179999999999 0.0680469 0.507026
27 0.264328 0.6321779999999999 0.263672 0.6474470000000001 0.295953 0.667588 0.329531 0.662061 0.32867199999999996 0.628618 0.271484 0.6305620000000001 0.264328 0.6321779999999999
22 0.488687 0.924684 0.488687 0.8805149999999999 0.530281 0.8805149999999999 0.5354840000000001 0.916885 0.552813 0.922084 0.538953 0.812998 0.504297 0.823372 0.4835 0.812998 0.47482800000000003 0.924684 0.488687 0.924684
22 0.177062 0.7272369999999999 0.181188 0.7000230000000001 0.165781 0.701265 0.141016 0.7049650000000001 0.115422 0.704145 0.09314059999999999 0.702506 0.0961562 0.733841 0.177062 0.7272369999999999