55 0.37621899999999997 0.403911 0.40232799999999996 0.343255 0.428422 0.31196700000000005 0.430375 0.266956 0.406234 0.241522 0.417984 0.230773 0.400359 0.204356 0.344891 0.184801 0.322703 0.209251 0.319437 0.221967 0.29268700000000003 0.21903999999999998 0.256141 0.268923 0.22349999999999998 0.357939 0.228734 0.385316 0.239172 0.43618300000000004 0.267891 0.45477799999999996 0.278984 0.44302100000000005 0.325969 0.44302100000000005 0.325313 0.431288 0.350766 0.36477800000000005 0.37621899999999997 0.403911
50 0 0.513864 0.0006562499999999999 0.587213 0.0044218796875 0.676557 0.0339219 0.6276349999999999 0.056499999999999995 0.600375 0.0652812 0.578735 0.056499999999999995 0.575925 0.0514844 0.568407 0.054625 0.552412 0.0659219 0.542998 0.0822344 0.540187 0.086625 0.524192 0.0954062 0.49599499999999996 0.0947812 0.493162 0.0941562 0.479063 0.0885 0.467775 0.0797188 0.460258 0.0753281 0.45742400000000005 0.06717189999999999 0.44145199999999996 0.044578099999999996 0.42452 0.0376875 0.436745 0.0314063 0.448033 0.015718799999999998 0.460258 0.0044218796875 0.468712 0 0.47812600000000005 0 0.513864
26 0.49874999999999997 0.246838 0.49896900000000005 0.30758800000000003 0.493719 0.34641700000000003 0.48371899999999995 0.37426200000000004 0.499688 0.40875900000000004 0.548375 0.421991 0.563781 0.41702599999999995 0.5770470000000001 0.40376999999999996 0.5837030000000001 0.384309 0.5775 0.34800899999999996 0.575812 0.319836 0.579688 0.295363 0.580203 0.26751800000000003 0.595125 0.173255 0.604234 0.11276299999999999 0.6118439999999999 0.035339599531615924 0.612063 0.0000468384074941452 0.48564100000000004 0 0.486422 0.12784500000000001 0.49874999999999997 0.246838
26 0.42762500000000003 0 0.433453 0.02646370023419204 0.44075 0.110609 0.438563 0.15815 0.43418799999999996 0.20077299999999998 0.44887499999999997 0.21644000000000002 0.46892199999999995 0.224637 0.471469 0.185831 0.47329699999999997 0.129016 0.487047 0 0.42762500000000003 0
32 0.745906 0.995667 0.736297 0.9822719999999999 0.694266 0.924684 0.624609 0.831967 0.630016 0.813958 0.566953 0.711358 0.604187 0.799555 0.601781 0.799555 0.55975 0.725761 0.592781 0.807658 0.5915779999999999 0.807658 0.549547 0.736557 0.580766 0.805855 0.5363279999999999 0.739251 0.533922 0.741054 0.5783590000000001 0.8220609999999999 0.593375 0.8418739999999999 0.594578 0.844567 0.6222030000000001 0.8508669999999999 0.6360159999999999 0.8778689999999999 0.709281 0.999391 0.745906 0.995667
41 0.8527340000000001 0.815808 0.863875 0.8093680000000001 0.869453 0.781756 0.867313 0.7688989999999999 0.6782809999999999 0.678946 0.657281 0.672529 0.645281 0.658407 0.530828 0.60829 0.509828 0.627564 0.8527340000000001 0.815808
29 0.378 0.674871 0.367406 0.716136 0.36881200000000003 0.7986890000000001 0.399891 0.8685250000000001 0.46414099999999997 0.904496 0.512141 0.89815 0.5509839999999999 0.832553 0.5509839999999999 0.8124359999999999 0.548156 0.7881029999999999 0.524141 0.780679 0.505797 0.789157 0.47754700000000005 0.8050350000000001 0.466953 0.795504 0.476141 0.770117 0.516375 0.7521080000000001 0.522734 0.744707 0.523438 0.729883 0.519203 0.6928570000000001 0.513563 0.6537000000000001 0.500141 0.63466 0.460609 0.607143 0.424594 0.612436 0.39917199999999997 0.637822 0.378 0.674871
27 1 0.379625 1 0.00257611 0.801562 0.00491803 0.60625 0.103279 0.596875 0.164169 0.679688 0.194614 0.675 0.199297 0.759375 0.194614 0.815625 0.20632300000000003 0.882812 0.234426 0.93125 0.276581 0.979688 0.33278700000000005 1 0.379625
27 1 0.986183 1 0.510773 0.954688 0.564637 0.890625 0.590398 0.826562 0.583372 0.764062 0.569321 0.6875 0.524824 0.684375 0.522482 0.739062 0.634895 0.764062 0.723888 0.867188 0.770726 0.8625 0.817564 0.764062 0.77541 0.746875 0.922951 0.723437 0.9721310000000001 0.7375 0.988525 1 0.986183
14 0.363406 0.420867 0.391813 0.420867 0.417063 0.414567 0.43600000000000005 0.408244 0.439156 0.394052 0.465453 0.364098 0.481234 0.304169 0.478078 0.274215 0.470719 0.255293 0.454938 0.222178 0.450719 0.219016 0.440203 0.211148 0.4317810000000001 0.204824 0.42337499999999995 0.19852500000000003 0.4117970000000001 0.190632 0.397062 0.187494 0.348672 0.168571 0.317109 0.170141 0.312906 0.187494 0.326578 0.209555 0.345516 0.190632 0.361297 0.187494 0.399172 0.204824 0.409687 0.214286 0.418109 0.23007 0.418109 0.245831 0.41284399999999993 0.260023 0.4317810000000001 0.291569 0.42968799999999996 0.312061 0.427578 0.316792 0.421266 0.327822 0.4117970000000001 0.342014 0.400219 0.354637 0.381281 0.37356 0.373922 0.405105 0.370766 0.411405 0.3655 0.395644 0.363406 0.38459 0.362344 0.37829 0.353938 0.387752 0.332891 0.41770500000000005 0.310797 0.460281 0.321313 0.4539810000000001 0.363406 0.420867
14 0.308688 0.44452 0.301328 0.44452 0.287656 0.45082 0.268719 0.4539810000000001 0.258188 0.4539810000000001 0.237156 0.447681 0.21400000000000002 0.43821999999999994 0.195078 0.428759 0.174031 0.414567 0.143516 0.40037500000000004 0.134047 0.375129 0.135109 0.356206 0.140359 0.334145 0.145625 0.31995300000000004 0.162453 0.31995300000000004 0.177187 0.291569 0.180344 0.286838 0.20454699999999998 0.272646 0.21610899999999997 0.275785 0.229781 0.275785 0.230844 0.272646 0.229781 0.244262 0.22453099999999998 0.237939 0.218219 0.23007 0.21084399999999998 0.215878 0.226625 0.201686 0.24978099999999998 0.195363 0.253984 0.184333 0.261344 0.179602 0.248719 0.179602 0.211906 0.20009399999999997 0.156141 0.245831 0.129844 0.285246 0.11826600000000001 0.312061 0.10248399999999999 0.37356 0.10670300000000002 0.398782 0.125641 0.436628 0.135109 0.45082 0.148781 0.463443 0.168766 0.476066 0.1835 0.485527 0.212953 0.491827 0.266609 0.50445 0.295016 0.476066 0.304484 0.463443 0.317109 0.44452 0.308688 0.44452
14 0.918469 0.5792269999999999 0.923672 0.576628 0.944453 0.568829 0.9756560000000001 0.550656 0.9860469999999999 0.5272830000000001 0.9929840000000001 0.509087 1 0.4026 0.9895160000000001 0.36882899999999996 0.9687189999999999 0.332459 0.953125 0.301288 0.942734 0.283115 0.923672 0.25974200000000003 0.8855470000000001 0.23637 0.866484 0.21817299999999998 0.8092969999999999 0.1974 0.7365 0.184426 0.684516 0.194801 0.6481250000000001 0.205199 0.606531 0.22337200000000001 0.587469 0.244145 0.5753440000000001 0.298712 0.577078 0.332459 0.585734 0.384426 0.61 0.446745 0.642922 0.49091300000000004 0.674125 0.5298590000000001 0.7053130000000001 0.548056 0.8110160000000001 0.584426 0.918469 0.5792269999999999
14 0.685125 0.529461 0.656047 0.492412 0.626953 0.472787 0.565891 0.435738 0.4800940000000001 0.413958 0.40737499999999993 0.418314 0.248875 0.516276 0.193625 0.581663 0.160172 0.694988 0.15 0.817049 0.155812 0.904215 0.181984 0.9935829999999999 0.41901599999999994 1 0.376844 0.982693 0.333219 0.93623 0.312859 0.907892 0.293953 0.835972 0.296859 0.828735 0.293953 0.756815 0.312859 0.701639 0.325953 0.668946 0.336125 0.6558779999999999 0.346312 0.642787 0.365219 0.612295 0.398656 0.597026 0.44664099999999995 0.573044 0.507719 0.60356 0.549891 0.612295 0.573156 0.623185 0.621141 0.649344 0.666219 0.67548 0.759281 0.721265 0.731656 0.621007 0.685125 0.529461