57 0.934812 0.8841249999999999 0.9366559999999999 0.8859790000000001 0.9385 0.878583 0.9422029999999999 0.879208 0.940359 0.892771 0.943594 0.893375 0.9445159999999999 0.88475 0.948203 0.882292 0.949141 0.892771 0.9519059999999999 0.893375 0.950984 0.880437 0.9630000000000001 0.878583 0.963922 0.8896879999999999 0.967625 0.887833 0.968547 0.882292 0.974562 0.887833 0.975938 0.877979 0.9694689999999999 0.861333 0.956984 0.85825 0.9445159999999999 0.860708 0.9338749999999999 0.8668750000000001 0.931109 0.8755000000000001 0.933422 0.885375 0.934812 0.8841249999999999
57 0.740641 0.875083 0.7451559999999999 0.875083 0.751594 0.875083 0.753531 0.873375 0.751594 0.868208 0.750953 0.863042 0.750953 0.855313 0.752891 0.8510209999999999 0.750312 0.8441460000000001 0.745797 0.841562 0.739344 0.843292 0.735484 0.849292 0.73225 0.861333 0.734844 0.866479 0.738063 0.870792 0.740641 0.875083
57 0.8425940000000001 0.8598960000000001 0.844125 0.864771 0.847469 0.864771 0.849594 0.86275 0.850812 0.861938 0.8517340000000001 0.865187 0.852641 0.861521 0.8535470000000001 0.858292 0.856297 0.856667 0.8605470000000001 0.857479 0.861766 0.8611249999999999 0.862688 0.8655830000000001 0.86725 0.864375 0.866938 0.858688 0.866938 0.8526039999999999 0.86725 0.847333 0.866328 0.842063 0.8572029999999999 0.84125 0.8538589999999999 0.841646 0.8480779999999999 0.8440829999999999 0.845641 0.847333 0.844125 0.8513959999999999 0.844125 0.856667 0.8425940000000001 0.8598960000000001
57 0.775406 0.866042 0.780984 0.871979 0.785438 0.869021 0.788781 0.8704999999999999 0.792125 0.8704999999999999 0.796578 0.864563 0.796578 0.861583 0.796578 0.855646 0.794359 0.849708 0.794359 0.84375 0.774766 0.839208 0.767969 0.844125 0.765062 0.849292 0.763891 0.853437 0.763891 0.857854 0.764078 0.860958 0.764078 0.863292 0.764281 0.865625 0.767 0.8663959999999999 0.767969 0.8658750000000001 0.769719 0.864313 0.771469 0.8625 0.773406 0.8625 0.774578 0.8625 0.775406 0.866042
57 0.6551720000000001 1 0.656172 0.9953540000000001 0.660156 0.999 0.661406 0.9926879999999999 0.661406 0.9840420000000001 0.6644059999999999 0.986042 0.666641 0.985042 0.668141 0.978729 0.669391 0.9720829999999999 0.669391 0.9637709999999999 0.668141 0.949146 0.661406 0.937521 0.647953 0.937188 0.636984 0.9358540000000001 0.628 0.931188 0.619531 0.930854 0.6155470000000001 0.9358540000000001 0.613297 0.9435 0.614047 0.9484790000000001 0.615047 0.948813 0.617031 0.955458 0.621531 0.9637709999999999 0.625266 0.970417 0.62825 0.974083 0.6292500000000001 0.9767290000000001 0.63075 0.9890209999999999 0.63125 0.9926879999999999 0.6325000000000001 0.9926879999999999 0.634234 0.990687 0.634234 0.9877079999999999 0.632984 0.982375 0.632984 0.975062 0.635234 0.973417 0.636984 0.980729 0.636984 0.9877079999999999 0.638719 0.990354 0.6404690000000001 0.990354 0.640719 0.988708 0.639469 0.983708 0.639219 0.978729 0.6404690000000001 0.975396 0.644953 0.9770629999999999 0.651938 0.980396 0.6551720000000001 0.985042 0.655422 0.985708 0.654922 1 0.6551720000000001 1
57 0.5733590000000001 0.9042709999999999 0.568359 0.9065 0.5707340000000001 0.9192079999999999 0.578125 0.930312 0.597237228125 0.9301147708333333 0.604547 0.9280830000000001 0.6043543515625001 0.9300413249999999 0.608359 0.9299999999999999 0.607172 0.9112709999999999 0.600984 0.9033329999999999 0.588125 0.9058539999999999 0.580734 0.9055420000000001 0.5733590000000001 0.9042709999999999
57 0.582406 0.948396 0.587172 0.946813 0.5859840000000001 0.936333 0.590031 0.935708 0.5905 0.950313 0.594078 0.949042 0.594781 0.935063 0.600734 0.9328540000000001 0.599313 0.948396 0.602641 0.9474579999999999 0.6043543515625001 0.9300413249999999 0.597237228125 0.9301147708333333 0.581687 0.9344370000000001 0.582406 0.948396
57 0.381766 0.915125 0.37389100000000003 0.9138959999999999 0.370641 0.926875 0.37342200000000003 0.9410620000000001 0.376672 0.9435420000000001 0.37851599999999996 0.939208 0.378984 0.947854 0.38639100000000004 0.937979 0.397516 0.939833 0.40075000000000005 0.9491040000000001 0.418813 0.9521879999999999 0.420672 0.9466249999999999 0.415578 0.925625 0.41696900000000003 0.925625 0.39982799999999996 0.914521 0.381766 0.915125
57 0.893656 0.891687 0.896047 0.891687 0.897828 0.8948750000000001 0.898438 0.8948750000000001 0.898438 0.889292 0.898438 0.8853120000000001 0.902016 0.8797499999999999 0.905594 0.8877079999999999 0.908578 0.8948750000000001 0.911562 0.893271 0.914547 0.8885000000000001 0.917531 0.884521 0.9193279999999999 0.884521 0.9193279999999999 0.8797499999999999 0.917531 0.8693960000000001 0.910969 0.855063 0.9067970000000001 0.853479 0.897828 0.8574579999999999 0.890672 0.859833 0.885891 0.863833 0.8835000000000001 0.8686039999999999 0.8841089999999999 0.8773540000000001 0.887687 0.8853120000000001 0.891859 0.890896 0.893656 0.892479 0.893656 0.891687
57 0.280547 0.981125 0.282656 0.974562 0.28546900000000003 0.961458 0.28967200000000004 0.951167 0.288266 0.9390000000000001 0.28125 0.932438 0.268609 0.922146 0.260188 0.923083 0.253172 0.915604 0.241234 0.921208 0.240531 0.930583 0.23912499999999998 0.939937 0.241234 0.950229 0.24825 0.971771 0.246844 0.977375 0.254578 0.981125 0.26790600000000003 0.981125 0.280547 0.981125
57 0.202141 0.973646 0.205 0.982125 0.205953 0.9918750000000001 0.20976599999999998 0.991458 0.20976599999999998 0.976625 0.21676600000000001 0.980854 0.218031 0.9918750000000001 0.22312500000000002 0.9927290000000001 0.220266 0.9804379999999999 0.224391 0.982542 0.224078 0.994833 0.22853099999999998 0.995688 0.228844 0.988062 0.236797 0.993146 0.236797 0.985521 0.236797 0.967292 0.235516 0.949063 0.233297 0.941854 0.224078 0.938896 0.21612499999999998 0.938896 0.2085 0.9380419999999999 0.20340600000000003 0.9401670000000001 0.202453 0.9465210000000001 0.201187 0.957958 0.202453 0.968563 0.202141 0.973646
57 0.394188 0.999542 0.397297 0.9982500000000001 0.397297 0.9806670000000001 0.400781 0.9827290000000001 0.400594 0.989708 0.40175 0.999021 0.40679699999999996 0.996958 0.405047 0.9834999999999999 0.404469 0.976271 0.40679699999999996 0.973938 0.4095 0.9778330000000001 0.41143799999999997 0.984021 0.412031 0.988938 0.413766 0.999792 0.420937 0.999792 0.42326600000000003 0.996688 0.42326600000000003 0.987125 0.42074999999999996 0.9713539999999999 0.423469 0.9630829999999999 0.424437 0.9568960000000001 0.42171900000000007 0.9481040000000001 0.417063 0.947583 0.411828 0.950417 0.40834400000000004 0.9512079999999999 0.401938 0.9512079999999999 0.396906 0.951458 0.397297 0.947583 0.398266 0.943958 0.395937 0.939833 0.390125 0.939042 0.3845 0.939042 0.38275000000000003 0.9413750000000001 0.38178100000000004 0.944479 0.379656 0.946021 0.379453 0.947583 0.381203 0.948354 0.381984 0.9512079999999999 0.3845 0.951979 0.384687 0.9556039999999999 0.3845 0.959979 0.386234 0.9654170000000001 0.388375 0.971875 0.39225 0.9806670000000001 0.393609 0.9925630000000001 0.394188 0.999542
57 0.373406 0.998125 0.37728100000000003 0.9897290000000001 0.375828 0.9787710000000001 0.371953 0.968438 0.364687 0.962625 0.35550000000000004 0.9619789999999999 0.342422 0.960042 0.342422 0.959396 0.33517199999999997 0.956167 0.32451599999999997 0.9581040000000001 0.323547 0.959396 0.31918799999999997 0.9716670000000001 0.326937 0.980708 0.33517199999999997 0.998125 0.373406 0.998125
57 0.42824999999999996 0.957083 0.432516 0.9558129999999999 0.42967199999999994 0.940021 0.424922 0.928021 0.42871899999999996 0.928021 0.426344 0.9185420000000001 0.400297 0.914125 0.414984 0.924854 0.42209399999999997 0.945708 0.42824999999999996 0.957083