76 0.303641 0.643263 0.5654060000000001 0.658991 0.5609219999999999 0.400563 0.303641 0.317418 0.303641 0.643263
76 0.782516 0.852277 0.755016 0.6518539999999999 0.607859 0.664249 0.63125 0.8935919999999999 0.782516 0.852277
12 0.429828 0.926878 0.43042199999999997 0.827465 0.427172 0.8283330000000001 0.426578 0.927324 0.429828 0.926878
12 0.518078 0.745141 0.48515600000000003 0.743615 0.44025 0.745751 0.44025 0.751244 0.472156 0.751244 0.472969 0.760704 0.48942199999999997 0.758568 0.519703 0.757958 0.518078 0.745141
12 0.49979699999999994 0.94716 0.5014689999999999 0.971291 0.5158590000000001 0.969765 0.514516 0.945141 0.503812 0.946643 0.49979699999999994 0.94716
12 0.49175 0.818192 0.489219 0.817887 0.484734 0.818192 0.483766 0.819648 0.486688 0.879085 0.48687500000000006 0.915657 0.488828 0.917723 0.49292199999999997 0.917136 0.492344 0.871455 0.492344 0.826667 0.49175 0.818192
12 0.480984 0.827183 0.480984 0.826244 0.47971899999999995 0.824343 0.47576599999999997 0.825282 0.473219 0.825047 0.474172 0.9206570000000001 0.482719 0.9194599999999999 0.481844 0.831995 0.480984 0.827183
12 0.5640310000000001 0.904085 0.563234 0.8168080000000001 0.552562 0.818592 0.554938 0.905869 0.5640310000000001 0.904085
12 0.44575 0.927723 0.46518800000000005 0.9187320000000001 0.463687 0.833333 0.44125 0.82885 0.44575 0.927723
24 0.847297 1 0.997391 0.999413 0.999188 0.9644130000000001 0.987266 0.9644130000000001 0.959891 0.984085 0.966422 0.915211 0.9432029999999999 0.9205869999999999 0.910719 0.8082630000000001 0.818984 0.843568 0.823469 0.910728 0.839844 0.926385 0.841344 0.939812 0.8278909999999999 0.947465 0.8353440000000001 0.996268 0.847297 1
12 0.541609 0.816995 0.534422 0.81338 0.532625 0.905188 0.543406 0.907887 0.541609 0.816995
12 0.542094 0.9666899999999999 0.542531 0.937887 0.537234 0.938216 0.538125 0.968333 0.542094 0.9666899999999999
12 0.5162340000000001 0.820845 0.5067809999999999 0.821385 0.5067809999999999 0.8230280000000001 0.510062 0.9137320000000001 0.518062 0.9137320000000001 0.5187809999999999 0.90007 0.5184219999999999 0.824108 0.5162340000000001 0.820845
12 0.39649999999999996 0.947465 0.37820299999999996 0.9540609999999999 0.378938 0.963944 0.378938 0.9760329999999999 0.41698399999999997 0.968357 0.41551600000000005 0.9551639999999999 0.394297 0.946362 0.39649999999999996 0.947465
12 0.531203 0.908967 0.529094 0.8208920000000001 0.523656 0.8227 0.525469 0.907606 0.531203 0.908967
12 0.4725 0.917066 0.472 0.825305 0.464047 0.827559 0.46554700000000004 0.920047 0.4725 0.917066