65 0.0516875 0.7700940000000001 0.0674219 0.938641 0.46517200000000003 0.967859 0.831453 0.963359 0.966297 0.884703 0.961797 0.7700940000000001 0.9752810000000001 0.662234 0.921344 0.5543750000000001 0.885391 0.47571899999999995 0.921344 0.345375 0.968547 0.161109 0.979781 0.051000000000000004 0.0786563 0.05325 0.029218699999999997 0.194812 0.0359531 0.286953 0.053937500000000006 0.399313 0.107859 0.540891 0.0696563 0.6082970000000001 0.0516875 0.7700940000000001
12 0.575063 0.613875 0.529875 0.627688 0.587625 0.854906 0.750828 0.839844 0.784719 0.836078 0.816109 0.823516 0.7068909999999999 0.544828 0.571297 0.603828 0.575063 0.613875
12 0.545078 0.8498910000000001 0.588938 0.848141 0.557359 0.697219 0.522266 0.697219 0.545078 0.8498910000000001
12 0.472844 0.866141 0.547766 0.8615309999999999 0.518953 0.6494530000000001 0.499359 0.621797 0.441734 0.6494530000000001 0.455562 0.680578 0.467094 0.8707499999999999 0.472844 0.866141
12 0.42176600000000003 0.509656 0.419234 0.633391 0.426813 0.648547 0.5 0.6247499999999999 0.505047 0.632328 0.570703 0.607078 0.563125 0.586875 0.5505 0.458078 0.42676600000000003 0.506062 0.42176600000000003 0.509656
12 0.271906 0.660828 0.319094 0.694531 0.422469 0.658578 0.42471899999999996 0.501266 0.40898399999999996 0.47654699999999994 0.280906 0.532734 0.271906 0.660828
12 0.143891 0.6470309999999999 0.13974999999999999 0.654484 0.147203 0.663594 0.15631299999999998 0.649516 0.165422 0.668562 0.18198399999999998 0.6519999999999999 0.209313 0.669391 0.209313 0.677672 0.259016 0.689266 0.275578 0.663594 0.272266 0.6569689999999999 0.28137500000000004 0.5476409999999999 0.23912499999999998 0.545156 0.207656 0.545156 0.17039100000000001 0.538531 0.143891 0.6470309999999999
12 0.112375 0.8729060000000001 0.250875 0.8761089999999999 0.267922 0.8654529999999999 0.214656 0.6630309999999999 0.180563 0.649172 0.16564099999999998 0.6630309999999999 0.16245300000000001 0.645984 0.116641 0.712031 0.112375 0.8729060000000001
12 0.261687 0.692641 0.28125 0.681875 0.296891 0.689703 0.317437 0.873594 0.35362499999999997 0.873594 0.423078 0.794359 0.329172 0.695578 0.28125 0.659375 0.25875 0.6887190000000001 0.261687 0.692641
12 0.699781 0.5444060000000001 0.703406 0.545609 0.757719 0.677172 0.862719 0.690438 0.869969 0.6650940000000001 0.869969 0.654234 0.871172 0.650609 0.853063 0.484063 0.814438 0.487672 0.795125 0.48526600000000003 0.703406 0.47681300000000004 0.698578 0.496125 0.699781 0.5444060000000001
12 0.661078 0.5640310000000001 0.700437 0.547891 0.699156 0.49885900000000005 0.6501089999999999 0.505953 0.659141 0.563391 0.661078 0.5640310000000001
12 0.109766 0.674219 0.117859 0.700313 0.14217200000000002 0.674219 0.14217200000000002 0.655312 0.15476600000000001 0.593203 0.165563 0.551797 0.166469 0.547297 0.152062 0.547297 0.153859 0.556297 0.110656 0.6607190000000001 0.109766 0.674219
12 0.555562 0.47706299999999996 0.565813 0.605297 0.579734 0.603094 0.647875 0.569391 0.624437 0.49539099999999997 0.555562 0.47706299999999996
12 0.34225 0.681219 0.319719 0.6883589999999999 0.341156 0.710359 0.34720300000000004 0.714203 0.394219 0.763969 0.399719 0.769187 0.42335900000000004 0.792 0.406859 0.8123440000000001 0.395859 0.823063 0.36259399999999997 0.860453 0.353531 0.872547 0.465969 0.8667809999999999 0.46459400000000006 0.8315939999999999 0.454969 0.6777029999999999 0.440203 0.647687 0.440125 0.6457499999999999 0.38184399999999996 0.666359 0.34225 0.681219