15 0.7132320000000001 0.763172 0.7132320000000001 0.762437 0.714333 0.758031 0.724239 0.733812 0.728642 0.7301409999999999 0.735246 0.726469 0.752857 0.720594 0.767166 0.7029690000000001 0.760562 0.686813 0.74185 0.678 0.716534 0.665516 0.702225 0.650828 0.684614 0.652297 0.655995 0.6545 0.639485 0.658906 0.63178 0.6677190000000001 0.6218739999999999 0.679469 0.606464 0.689016 0.596557 0.699297 0.591054 0.710313 0.5877519999999999 0.722063 0.589953 0.736016 0.596557 0.748484 0.607564 0.764641 0.6163700000000001 0.779328 0.624075 0.793281 0.637283 0.796219 0.664801 0.786672 0.708829 0.7697809999999999 0.7132320000000001 0.763172
15 0.9522010000000001 0.887063 0.959251 0.887063 0.973349 0.872937 0.990984 0.854125 1 0.635297 0.9028339999999999 0.635297 0.8534430000000001 0.637641 0.832295 0.6517660000000001 0.832295 0.670594 0.832295 0.698828 0.835808 0.724703 0.9310299999999999 0.7411719999999999 0.934567 0.764703 0.9028339999999999 0.781172 0.8922479999999999 0.785875 0.8675640000000001 0.7952969999999999 0.846393 0.8 0.8217099999999999 0.807063 0.7793910000000001 0.823531 0.775855 0.8329380000000001 0.7829269999999999 0.856469 0.842881 0.898828 0.9522010000000001 0.887063
15 0.236276 0.8957499999999999 0.260984 0.8839840000000001 0.264496 0.867516 0.23276300000000003 0.860453 0.21512900000000001 0.851047 0.197494 0.8345779999999999 0.197494 0.820453 0.197494 0.811047 0.169274 0.8086869999999999 0.12695599999999999 0.825156 0.112857 0.836922 0.09873540046838407 0.858109 0.09522249882903981 0.879281 0.09522249882903981 0.886344 0.09873540046838407 0.902812 0.14459 0.902812 0.183396 0.8957499999999999 0.218642 0.898109 0.22922700000000001 0.9004530000000001 0.236276 0.8957499999999999
15 0.167354 0.627609 0.19517600000000002 0.5719369999999999 0.20782199999999998 0.551703 0.126909 0.541578 0.106674 0.536516 0.104145 0.565188 0.101616 0.565188 0.119321 0.620859 0.167354 0.627609
19 0.7284539999999999 0.6006090000000001 0.766511 0.572781 0.755644 0.538922 0.737518 0.526828 0.666815 0.5365 0.645059 0.5546409999999999 0.655925 0.588516 0.654122 0.576406 0.683115 0.610281 0.7284539999999999 0.6006090000000001
19 0.507775 0.539031 0.535714 0.549891 0.6194609999999999 0.577828 0.6474 0.5576559999999999 0.6311009999999999 0.539031 0.56829 0.511078 0.556651 0.45675 0.48452 0.45209400000000005 0.48918 0.5250619999999999 0.507775 0.539031
15 0.557963 0.379641 0.566511 0.358719 0.549391 0.316859 0.495199 0.320656 0.489508 0.370125 0.506628 0.396766 0.526581 0.40437500000000004 0.5437 0.400578 0.557963 0.379641
15 0.93733 0.159562 0.9303039999999999 0.14643699999999998 0.9092039999999999 0.137984 0.895152 0.132359 0.883888 0.132359 0.865621 0.140797 0.84733 0.141734 0.831874 0.141734 0.810773 0.15018800000000002 0.810773 0.158625 0.807963 0.168016 0.7995080000000001 0.174578 0.786862 0.175516 0.7699769999999999 0.176453 0.771382 0.17926599999999998 0.788267 0.199922 0.789672 0.205547 0.803747 0.21023399999999998 0.8093680000000001 0.21585899999999997 0.810773 0.218688 0.8206089999999999 0.231813 0.810773 0.241203 0.803747 0.25151599999999996 0.789672 0.258094 0.7995080000000001 0.26090599999999997 0.8403039999999999 0.276859 0.8459249999999999 0.282484 0.852951 0.29375 0.872646 0.30125 0.8895320000000001 0.308766 0.903583 0.31907800000000003 0.912014 0.32564099999999996 0.9303039999999999 0.324703 0.951405 0.313453 0.962646 0.305 0.9640519999999999 0.291875 0.9598359999999999 0.280609 0.958431 0.264656 0.9556209999999999 0.245891 0.951405 0.226187 0.9485950000000001 0.21023399999999998 0.9485950000000001 0.197094 0.942974 0.19428099999999998 0.93733 0.178328 0.93733 0.159562
15 0.461499 0.45439100000000004 0.450328 0.46409399999999995 0.43690900000000005 0.470797 0.431311 0.475281 0.424614 0.481984 0.43356 0.502125 0.476042 0.514813 0.487213 0.5088440000000001 0.486089 0.500641 0.49168599999999996 0.48348399999999997 0.489461 0.46856200000000003 0.503981 0.46035899999999996 0.5397660000000001 0.45887500000000003 0.556534 0.46035899999999996 0.568829 0.465578 0.583372 0.469313 0.5867209999999999 0.46482799999999996 0.588946 0.45960900000000005 0.584473 0.45065600000000006 0.574426 0.446188 0.561007 0.430516 0.564356 0.426797 0.572178 0.415609 0.56548 0.40740600000000005 0.5621309999999999 0.405156 0.550937 0.39770300000000003 0.5174 0.399187 0.49168599999999996 0.405906 0.48273999999999995 0.41187500000000005 0.474918 0.42231199999999997 0.472693 0.429781 0.467096 0.437984 0.472693 0.45290600000000003 0.461499 0.45439100000000004
15 0.10081999999999999 0.442016 0.12356 0.45381299999999997 0.126089 0.479094 0.108407 0.47993800000000003 0.08819670023419203 0.488375 0.10081999999999999 0.511125 0.139977 0.535562 0.163981 0.540625 0.200609 0.538938 0.224614 0.532203 0.22967200000000002 0.5145 0.256206 0.516188 0.285269 0.510281 0.30548000000000003 0.506062 0.33072599999999996 0.49257799999999996 0.323162 0.465609 0.25494100000000003 0.442016 0.24735400000000002 0.414203 0.20566700000000002 0.41757799999999995 0.14376999999999998 0.41673400000000005 0.10081999999999999 0.442016
15 0.14868900000000002 0.720953 0.22304400000000002 0.722016 0.23264600000000002 0.720953 0.240632 0.7172189999999999 0.22864199999999998 0.703344 0.221452 0.670281 0.216651 0.662281 0.263021 0.6590779999999999 0.2974 0.6574690000000001 0.307799 0.646281 0.31658099999999995 0.6441410000000001 0.3126 0.628672 0.298993 0.61 0.282201 0.597203 0.269415 0.592406 0.254239 0.588125 0.21185 0.588125 0.183864 0.5993280000000001 0.18306799999999998 0.606797 0.186276 0.6212030000000001 0.157494 0.631344 0.144707 0.6361410000000001 0.175082 0.664937 0.14868900000000002 0.720953
15 0.48273999999999995 0.787016 0.478852 0.732469 0.467166 0.6961090000000001 0.400984 0.6779219999999999 0.338689 0.7038909999999999 0.323115 0.740266 0.369836 0.761031 0.459391 0.784422 0.48273999999999995 0.787016
15 0.764801 0.509516 0.784333 0.500578 0.777143 0.48 0.768923 0.46626599999999996 0.76993 0.455281 0.755527 0.42645299999999997 0.7277520000000001 0.42165600000000003 0.7102809999999999 0.422344 0.679415 0.43126600000000004 0.6454570000000001 0.45185899999999996 0.639297 0.472438 0.650609 0.498531 0.655738 0.507453 0.6660419999999999 0.509516 0.722623 0.51225 0.764801 0.509516
15 0.40747099999999997 0.188344 0.34482399999999996 0.14217200000000002 0.27231900000000003 0.15315600000000001 0.216276 0.177359 0.239344 0.19934400000000002 0.334941 0.20375000000000001 0.40747099999999997 0.188344
19 0.793185 0.53325 0.813841 0.537687 0.83082 0.5470309999999999 0.842623 0.551469 0.855152 0.549984 0.866956 0.557859 0.878009 0.56525 0.909742 0.529813 0.918595 0.509141 0.9075179999999999 0.49389099999999997 0.858852 0.48503100000000005 0.83377 0.48650000000000004 0.812365 0.496844 0.8013110000000001 0.509141 0.788033 0.525875 0.789508 0.532266 0.793185 0.53325
19 0.646417 0.656656 0.6087819999999999 0.656656 0.5941219999999999 0.638516 0.5251049999999999 0.6315310000000001 0.504192 0.644094 0.470726 0.648281 0.466534 0.6734060000000001 0.516745 0.732016 0.562763 0.732016 0.598314 0.7278279999999999 0.6087819999999999 0.716656 0.610867 0.712484 0.6568849999999999 0.665031 0.646417 0.656656
15 0.554496 0.15054700000000001 0.594333 0.15718700000000002 0.642108 0.147891 0.6580330000000001 0.122641 0.6500699999999999 0.0974062 0.6241920000000001 0.0934219 0.5604680000000001 0.0761563 0.524637 0.08279689999999999 0.540562 0.11732800000000002 0.5584779999999999 0.149219 0.554496 0.15054700000000001