55 0.47939600000000004 0.8809060000000001 0.506375 0.928094 0.542312 0.968547 0.59625 0.9640470000000001 0.6651670000000001 0.896625 0.707125 0.842703 0.707125 0.784266 0.6591670000000001 0.766297 0.560292 0.737078 0.503375 0.7438119999999999 0.47939600000000004 0.768547 0.47939600000000004 0.784266 0.461417 0.793266 0.410479 0.748313 0.374542 0.728094 0.32360399999999995 0.721344 0.314604 0.741578 0.242688 0.7640469999999999 0.185771 0.791016 0.218729 0.824719 0.236708 0.835953 0.263667 0.878656 0.29662499999999997 0.925844 0.3955 0.9775309999999999 0.413479 0.973031 0.464417 0.8809060000000001 0.47939600000000004 0.8809060000000001
18 0.897562 0.205672 0.811083 0.205172 0.7493959999999998 0.21271899999999996 0.705833 0.22931200000000002 0.784937 0.252937 0.811083 0.271047 0.843937 0.24740599999999996 0.890188 0.221766 0.897562 0.205672
18 0.851313 0.284625 0.882812 0.286625 0.901583 0.270547 0.921708 0.2625 0.910312 0.254453 0.901583 0.252937 0.902938 0.24740599999999996 0.880146 0.24792200000000003 0.860021 0.266016 0.845271 0.285125 0.851313 0.284625
22 0.21620799999999998 0.424547 0.225229 0.36825 0.24025 0.31868799999999997 0.24925 0.293922 0.19518700000000003 0.29167200000000004 0.180188 0.334453 0.19518700000000003 0.390766 0.19820800000000002 0.44707800000000003 0.201208 0.516891 0.21620799999999998 0.516891 0.222229 0.514641 0.231229 0.45607800000000004 0.21620799999999998 0.424547
27 0 0.9836410000000001 0.9962289999999999 0.985891 0.9902080000000001 0.557 0.972167 0.5976250000000001 0.854771 0.5998910000000001 0.800604 0.566031 0.761479 0.55925 0.719333 0.5547340000000001 0.6651670000000001 0.543453 0.601958 0.541203 0.5568120000000001 0.545719 0.484583 0.586344 0.45145799999999997 0.568281 0.406313 0.566031 0.316021 0.570547 0.26787500000000003 0.588594 0.22874999999999998 0.588594 0.210687 0.588594 0.003 0.823359 0 0.9836410000000001
50 0.4015 0.565922 0.44045799999999996 0.579406 0.47939600000000004 0.5816410000000001 0.584271 0.554688 0.620229 0.534453 0.725083 0.545687 0.803 0.577156 0.803 0.554688 0.782021 0.50075 0.7910210000000001 0.48053100000000004 0.853938 0.458047 0.850938 0.370406 0.7850210000000001 0.251312 0.6921250000000001 0.219844 0.6651670000000001 0.208609 0.6681670000000001 0.159172 0.698125 0.0580469 0.6501870000000001 0.0355781 0.584271 0.0108594 0.500375 0.0086093703125 0.431458 0.0355781 0.4075 0.07153129999999999 0.380521 0.136703 0.3955 0.183891 0.419479 0.20187499999999997 0.452437 0.215359 0.374542 0.228844 0.347563 0.246813 0.314604 0.307484 0.299625 0.33670300000000003 0.266667 0.395125 0.25768800000000003 0.426594 0.25768800000000003 0.49400000000000005 0.32360399999999995 0.50525 0.353563 0.50075 0.368542 0.529969 0.33858299999999997 0.565922 0.4015 0.565922
50 0.254688 0.458422 0.266667 0.4 0.28764599999999996 0.37528100000000003 0.386521 0.238203 0.371542 0.182016 0.33858299999999997 0.182016 0.311604 0.19775 0.317604 0.238203 0.266667 0.251688 0.25168799999999997 0.294375 0.233708 0.32584399999999997 0.22472899999999998 0.350562 0.20675 0.364047 0.20675 0.388766 0.20675 0.40449999999999997 0.19475 0.41348399999999996 0.188771 0.42471899999999996 0.20375 0.438203 0.22472899999999998 0.43145300000000003 0.227708 0.462922 0.302625 0.539328 0.254688 0.458422
19 0.6684789999999999 0.5832029999999999 0.6711670000000001 0.584703 0.6771879999999999 0.5872189999999999 0.693292 0.5912499999999999 0.7080420000000001 0.59225 0.732833 0.59175 0.7449169999999999 0.59225 0.7388750000000001 0.582703 0.7334999999999999 0.579172 0.7147290000000001 0.5766720000000001 0.701333 0.5756560000000001 0.703333 0.5666089999999999 0.689937 0.564094 0.685229 0.572641 0.6818960000000001 0.5766720000000001 0.667813 0.579172 0.6684789999999999 0.5832029999999999
19 0.7048749999999999 0.562188 0.7087289999999999 0.5520780000000001 0.7137290000000001 0.544125 0.7170000000000001 0.536188 0.7050630000000001 0.543547 0.696396 0.548609 0.7048749999999999 0.562188
50 1 0.347375 0.974229 0.350891 0.9212710000000001 0.454828 0.902583 0.577469 0.908813 0.599656 0.975792 0.602 0.977333 0.5564530000000001 0.991354 0.544766 1 0.545937 1 0.347375
50 1 0.246438 0.977479 0.196219 0.961896 0.179875 0.915188 0.179875 0.8887079999999999 0.21840600000000002 0.8700209999999999 0.22774999999999998 0.813958 0.270969 0.840438 0.344547 0.8887079999999999 0.344547 0.902729 0.37492200000000003 0.960333 0.37374999999999997 0.977479 0.353891 1 0.345719 1 0.246438
18 0 0.333562 0.127521 0.333562 0.135583 0.337016 0.14479199999999998 0.349953 0.17125 0.350813 0.17125 0.349094 0.173563 0.293844 0.172396 0.263641 0.15629200000000001 0.265359 0.151688 0.24465599999999998 0.147083 0.232563 0.130979 0.208391 0.121771 0.207531 0.032 0.20407799999999998 0.012401058333333333 0.19641063593750002 0.004847379166666666 0.1963511640625 0 0.215297 0 0.333562
32 0.480479 0.670281 0.48785399999999995 0.670937 0.49174999999999996 0.671906 0.489583 0.668328 0.464417 0.656609 0.44575000000000004 0.645219 0.441417 0.633172 0.427083 0.606156 0.420146 0.595078 0.417542 0.593781 0.433604 0.628281 0.44097899999999995 0.642281 0.442708 0.645219 0.440542 0.6510779999999999 0.44575000000000004 0.660844 0.454854 0.6650780000000001 0.45660399999999995 0.6660470000000001 0.468312 0.6667029999999999 0.480479 0.670281
41 0.453688 0.680516 0.453688 0.657141 0.425979 0.628578 0.425979 0.6935 0.453688 0.680516
17 0.669625 0.6122340000000001 0.682292 0.617578 0.6965629999999999 0.624109 0.712417 0.6262030000000001 0.732229 0.627391 0.755208 0.630656 0.767896 0.624719 0.775833 0.616688 0.7766249999999999 0.607172 0.773042 0.602719 0.7635419999999999 0.597969 0.752437 0.594094 0.732229 0.592313 0.72075 0.5896410000000001 0.68825 0.583984 0.66525 0.601531 0.6486249999999999 0.602422 0.625625 0.59975 0.615729 0.597672 0.6113540000000001 0.597359 0.602646 0.598266 0.591542 0.602125 0.5903539999999999 0.6086560000000001 0.600271 0.619062 0.6089789999999999 0.6125309999999999 0.6216670000000001 0.607469 0.63 0.616094 0.635938 0.617578 0.635146 0.6163909999999999 0.658521 0.611938 0.669625 0.6122340000000001
22 0.853437 0.5466409999999999 0.8579380000000001 0.516219 0.859063 0.475656 0.868083 0.45960900000000005 0.913146 0.45031299999999996 0.925542 0.455375 0.928917 0.442703 0.914271 0.438484 0.9198959999999999 0.408906 0.923292 0.399609 0.946937 0.402141 0.954833 0.392 0.934542 0.38523399999999997 0.889479 0.38439100000000004 0.847792 0.397922 0.847792 0.416516 0.872583 0.404672 0.908646 0.399609 0.899625 0.441859 0.8545630000000001 0.45706199999999997 0.859063 0.462141 0.81625 0.477344 0.809479 0.538188 0.853437 0.5466409999999999
22 0.879521 0.34556200000000004 0.859437 0.344484 0.8536870000000001 0.344484 0.8551249999999999 0.35525 0.858 0.366016 0.860854 0.368172 0.901062 0.373563 0.8881460000000001 0.353094 0.879521 0.34556200000000004
23 0.530229 0.41779700000000003 0.531062 0.425891 0.5372920000000001 0.433375 0.552646 0.434609 0.556792 0.42870299999999995 0.5538959999999999 0.421844 0.543521 0.41406200000000004 0.536042 0.41375 0.530229 0.41779700000000003
26 0.999958 0.545578 0.996083 0.546734 0.982125 0.5490630000000001 0.97825 0.561844 0.977479 0.575797 0.967417 0.709469 0.975938 0.721094 1 0.732141 0.999958 0.545578
19 0.625646 0.580063 0.626042 0.569594 0.628812 0.563922 0.630417 0.558547 0.632 0.553766 0.620062 0.560937 0.6168750000000001 0.568703 0.619271 0.570203 0.622854 0.578266 0.625646 0.584844 0.625646 0.580063
27 0.961271 0.386484 0.962479 0.380109 0.947937 0.373734 0.906667 0.370094 0.839938 0.368281 0.8375 0.39375 0.883625 0.387391 0.932146 0.387391 0.961271 0.386484
27 0.841146 0.42834399999999995 0.855708 0.447453 0.901813 0.440172 0.912729 0.43015600000000004 0.910312 0.40376599999999996 0.882396 0.40376599999999996 0.859354 0.410141 0.841146 0.42834399999999995