73 0.762773 0.21509999999999999 0.8288270000000001 0.21058000000000002 0.87688 0.20158 0.8798670000000001 0.14528 0.861867 0.13176 0.8738670000000001 0.10923999999999999 0.87688 0.0687 0.8648530000000001 0.05068 0.87688 0.00788 0.6997070000000001 0.0033799999999999998 0.696693 0.22184 0.762773 0.21509999999999999
36 0.899627 0.7044600000000001 0.872773 0.7622599999999999 0.8691469999999999 0.76498 0.858267 0.76824 0.838693 0.78796 0.8314400000000001 0.7934 0.8285330000000001 0.81298 0.82056 0.8429 0.823467 0.84562 0.823467 0.83746 0.835067 0.8352999999999999 0.8568270000000001 0.85378 0.8517600000000001 0.87446 0.849573 0.8820800000000001 0.851013 0.8886000000000001 0.8488530000000001 0.91798 0.858267 0.9217799999999999 0.86552 0.89786 0.86408 0.89132 0.86336 0.86412 0.8771469999999999 0.87066 0.923547 0.8837 0.932267 0.85814 0.93952 0.84712 0.95184 0.8313400000000001 0.95328 0.82374 0.993173 0.78892 0.990293 0.7856599999999999 0.976507 0.7911 0.9656269999999999 0.7856599999999999 0.9423999999999999 0.81068 0.899627 0.79164 0.8952800000000001 0.78076 0.8923730000000001 0.76934 0.8836529999999999 0.76444 0.901787 0.71602 0.899627 0.7044600000000001
50 1 0.60256 0.9976529999999999 0.5972799999999999 0.985947 0.59376 0.959387 0.5955199999999999 0.940267 0.60226 0.9269869999999999 0.6125 0.92152 0.6309400000000001 0.9160799999999999 0.64354 0.9160799999999999 0.65876 0.930107 0.6655 0.9211469999999999 0.66724 0.9188000000000001 0.67018 0.90552 0.68862 0.898907 0.70092 0.9035730000000001 0.7231599999999999 0.9152800000000001 0.7647200000000001 0.90944 0.7902 0.92896 0.8036599999999999 0.9351999999999999 0.8062999999999999 0.9488530000000001 0.83 0.9359729999999999 0.859 0.9262130000000001 0.87188 0.916453 0.87802 0.886 0.86924 0.8832800000000001 0.88182 0.874693 0.9107999999999999 0.8770399999999999 0.91374 0.88992 0.92222 0.88992 0.92252 0.88992 0.92632 0.900053 0.93364 0.8883470000000001 0.9679 0.8879729999999999 0.97726 0.892267 1 0.913333 1 0.9648530000000001 1 0.9660270000000001 0.9857400000000001 0.9726670000000001 0.95384 1 0.9567599999999999 0.9992 0.93744 1 0.86866 1 0.8036599999999999 1 0.75712 1 0.6924199999999999 0.98632 0.67838 0.992187 0.6731 1 0.66724 1 0.6614 1 0.62978 1 0.60256
50 0 0.49213999999999997 0.006 0.5438200000000001 0.0029866693333333335 0.6539400000000001 0.0029866693333333335 0.77528 0.044933301333333335 0.77078 0.04194670133333333 0.73258 0.04194670133333333 0.68988 0.05093330133333333 0.6516799999999999 0.06591999999999999 0.6067400000000001 0.08989329866666666 0.59776 0.08090670133333333 0.5528 0.044933301333333335 0.51686 0.020986701333333333 0.50112 0.04194670133333333 0.47416 0.0029866693333333335 0.45168 0 0.45842 0 0.49213999999999997
50 0.850453 0.61314 0.850453 0.62522 0.85416 0.6261599999999999 0.8566400000000001 0.63544 0.847973 0.64242 0.848587 0.6517200000000001 0.8535470000000001 0.65032 0.8535470000000001 0.6466000000000001 0.857867 0.64334 0.857867 0.6494 0.858507 0.65264 0.86656 0.6531 0.8690399999999999 0.65218 0.8653069999999999 0.648 0.8659469999999999 0.6401 0.868427 0.63312 0.870267 0.61964 0.875227 0.61964 0.875227 0.61222 0.8721329999999999 0.6043200000000001 0.8659469999999999 0.6006 0.86408 0.5912999999999999 0.85912 0.5885199999999999 0.8529329999999999 0.5899 0.851067 0.59502 0.850453 0.60012 0.850453 0.6019800000000001 0.850453 0.60384 0.850453 0.61082 0.850453 0.61314
50 0.828933 0.6451399999999999 0.8280799999999999 0.6425599999999999 0.826373 0.62902 0.8323999999999999 0.6264400000000001 0.830667 0.6174 0.830667 0.59804 0.827227 0.59158 0.827227 0.59094 0.8280799999999999 0.58256 0.8254929999999999 0.57998 0.816907 0.5819 0.81776 0.5870599999999999 0.809147 0.5935199999999999 0.8134669999999999 0.60578 0.812587 0.62062 0.8108799999999999 0.6303 0.8211999999999999 0.62902 0.8211999999999999 0.63998 0.822933 0.6451399999999999 0.8194929999999999 0.6451399999999999 0.8280799999999999 0.64708 0.828933 0.6451399999999999
50 0.8085330000000001 0.6425 0.81024 0.63612 0.813093 0.6280399999999999 0.8142130000000001 0.6122799999999999 0.806267 0.58972 0.8057070000000001 0.5829 0.801733 0.5790599999999999 0.796053 0.57992 0.793227 0.59354 0.7954929999999999 0.61314 0.802853 0.6263200000000001 0.79776 0.64464 0.8068270000000001 0.64974 0.8085330000000001 0.6425
50 0.786347 0.6317999999999999 0.786933 0.6428400000000001 0.79032 0.64454 0.7914669999999999 0.6407200000000001 0.7942929999999999 0.64242 0.7988270000000001 0.642 0.79768 0.63264 0.7988270000000001 0.6267 0.7965599999999999 0.6131 0.792587 0.60462 0.794853 0.5872 0.792027 0.5838 0.794853 0.58168 0.793733 0.5765800000000001 0.7892 0.57402 0.785787 0.5752999999999999 0.7824 0.577 0.78296 0.5825199999999999 0.7806930000000001 0.58294 0.781253 0.62118 0.785227 0.6241599999999999 0.786347 0.6317999999999999
50 0.9130130000000001 0.6508999999999999 0.9096000000000001 0.6394 0.9033599999999999 0.62194 0.9096000000000001 0.61598 0.91416 0.62366 0.91984 0.62194 0.913573 0.6040599999999999 0.907333 0.59726 0.903947 0.593 0.900533 0.59258 0.894293 0.5981000000000001 0.886907 0.5981000000000001 0.883493 0.6062000000000001 0.8863470000000001 0.62024 0.883493 0.64878 0.89144 0.6526000000000001 0.8982669999999999 0.6398400000000001 0.900533 0.64238 0.905627 0.65644 0.913573 0.65218 0.9130130000000001 0.6508999999999999
50 0.578053 0.58802 0.5848 0.58858 0.5848 0.5998 0.588907 0.60094 0.5908 0.5922200000000001 0.585173 0.5692 0.590027 0.55684 0.587413 0.5501 0.581413 0.5456 0.578053 0.5475599999999999 0.579173 0.55234 0.57544 0.56048 0.573947 0.58576 0.573947 0.5911000000000001 0.57168 0.59672 0.57544 0.59784 0.57992 0.59476 0.578053 0.58802
50 0.565387 0.54522 0.564187 0.5442 0.5611470000000001 0.54446 0.560107 0.54688 0.5602929999999999 0.5507000000000001 0.553333 0.55874 0.552987 0.5622999999999999 0.553147 0.566 0.559093 0.57798 0.559093 0.5804 0.55792 0.58792 0.5560269999999999 0.59136 0.554 0.5942799999999999 0.561467 0.5952999999999999 0.564533 0.5942799999999999 0.564533 0.5897 0.5664 0.573 0.56776 0.5561799999999999 0.566053 0.54904 0.565387 0.54522
50 0.735227 0.56328 0.730187 0.56568 0.72696 0.57396 0.7283470000000001 0.5826 0.730187 0.62814 0.73248 0.62538 0.738907 0.60882 0.744427 0.60848 0.74352 0.59882 0.741227 0.57984 0.740747 0.56776 0.737067 0.565 0.735227 0.56328
50 0.5533870000000001 0.56472 0.55392 0.5606599999999999 0.55824 0.5541799999999999 0.557973 0.5456799999999999 0.555547 0.54506 0.554987 0.54142 0.55392 0.53898 0.550667 0.5385800000000001 0.547707 0.54 0.54608 0.54264 0.541227 0.54506 0.54096 0.5499400000000001 0.540667 0.5541799999999999 0.540667 0.55804 0.5420269999999999 0.55986 0.542853 0.5604600000000001 0.543653 0.56472 0.5420269999999999 0.57324 0.541227 0.57688 0.5420269999999999 0.58094 0.5420269999999999 0.58296 0.547707 0.58174 0.548507 0.57404 0.550667 0.57566 0.55256 0.58276 0.55688 0.58356 0.558773 0.56574 0.5533870000000001 0.56472
75 0.02784 0.4452 0.05541330133333333 0.48448 0.03888 0.50722 0.11466699999999999 0.51032 0.11053299999999999 0.50102 0.139467 0.41006 0.02784 0.3925 0.02784 0.4452
50 0.476267 0.5431 0.478133 0.54918 0.477067 0.55708 0.474907 0.56052 0.48434699999999997 0.56274 0.4884 0.56314 0.4884 0.56092 0.4876 0.551 0.488133 0.54938 0.48919999999999997 0.53906 0.488933 0.5334 0.485147 0.53076 0.485147 0.5281399999999999 0.48328 0.52712 0.478133 0.52834 0.47786700000000004 0.5305599999999999 0.47597300000000003 0.5305599999999999 0.474907 0.53946 0.476267 0.5431
50 0.43821299999999996 0.56012 0.44136 0.5614 0.448613 0.5595800000000001 0.454667 0.55396 0.45367999999999997 0.52876 0.45080000000000003 0.52422 0.449813 0.52058 0.447653 0.51732 0.444507 0.5169600000000001 0.44136 0.51806 0.4404 0.5249400000000001 0.43821299999999996 0.53184 0.44064000000000003 0.54852 0.438933 0.55614 0.43821299999999996 0.56012