57 0.828781 0.7124900000000001 0.830438 0.705879 0.833719 0.679477 0.839469 0.6981799999999999 0.8435779999999999 0.709184 0.8509840000000001 0.72569 0.853453 0.694874 0.855922 0.686067 0.8575630000000001 0.682762 0.8583909999999999 0.6585559999999999 0.8477029999999999 0.632134 0.8427659999999999 0.6266320000000001 0.839469 0.625523 0.81975 0.623326 0.814813 0.64864 0.818922 0.671757 0.823031 0.679477 0.823031 0.687176 0.823031 0.700377 0.828781 0.7124900000000001
57 0.634891 0.629142 0.631641 0.622301 0.627938 0.6148739999999999 0.621453 0.611757 0.614031 0.6148739999999999 0.613578 0.623556 0.607094 0.6285149999999999 0.602 0.642782 0.602922 0.6688280000000001 0.61125 0.688054 0.613109 0.709142 0.616359 0.7134940000000001 0.619125 0.718452 0.623766 0.718452 0.6251559999999999 0.707908 0.632562 0.685586 0.638594 0.6601459999999999 0.636266 0.629142 0.634891 0.629142
57 0.6420939999999999 0.650544 0.6435 0.6591629999999999 0.64825 0.67228 0.651891 0.6839120000000001 0.6524530000000001 0.697029 0.654687 0.701904 0.6563749999999999 0.702657 0.6580619999999999 0.698536 0.661141 0.682029 0.661969 0.6981590000000001 0.663938 0.704519 0.665891 0.704142 0.667297 0.703787 0.6706559999999999 0.690272 0.6770940000000001 0.662531 0.679063 0.64228 0.677375 0.6276569999999999 0.668703 0.6194139999999999 0.663656 0.6164229999999999 0.6577810000000001 0.616799 0.653859 0.618285 0.6527339999999999 0.6201669999999999 0.653016 0.6194139999999999 0.644609 0.634791 0.6420939999999999 0.650544
57 0.7184999999999999 0.6997700000000001 0.730484 0.709247 0.742469 0.704874 0.743016 0.677887 0.746281 0.663305 0.746828 0.64069 0.739734 0.6195400000000001 0.732656 0.6195400000000001 0.722312 0.6159 0.711422 0.636318 0.716313 0.669142 0.716313 0.69613 0.7184999999999999 0.6997700000000001
57 0.678484 0.635565 0.678484 0.636527 0.682078 0.6558160000000001 0.682438 0.665941 0.683875 0.679456 0.6853119999999999 0.690544 0.688562 0.684749 0.692891 0.662092 0.6990000000000001 0.62931 0.694688 0.609038 0.691078 0.598912 0.683875 0.5941000000000001 0.677031 0.596506 0.675234 0.597469 0.670906 0.600858 0.669828 0.6119460000000001 0.6712659999999999 0.622552 0.667672 0.6162759999999999 0.668391 0.6186820000000001 0.678484 0.635565
57 0.48289099999999996 0.593117 0.48289099999999996 0.593452 0.48289099999999996 0.594833 0.48289099999999996 0.5955229999999999 0.484687 0.596548 0.48674999999999996 0.596904 0.489844 0.597594 0.491641 0.5996649999999999 0.49473399999999995 0.606213 0.496281 0.6072590000000001 0.502219 0.608975 0.501188 0.60795 0.500672 0.6027619999999999 0.500672 0.600356 0.501437 0.597929 0.501953 0.594833 0.501953 0.591736 0.49860899999999997 0.59 0.49215600000000004 0.5879289999999999 0.48881199999999997 0.5875940000000001 0.487016 0.588619 0.485203 0.589665 0.48417199999999994 0.59069 0.481594 0.5944980000000001 0.48289099999999996 0.593117
57 0.553266 0.685879 0.5565 0.706569 0.5618909999999999 0.7104180000000001 0.565484 0.70272 0.569078 0.711381 0.5719529999999999 0.7109 0.5715939999999999 0.700314 0.57375 0.6796230000000001 0.580219 0.658933 0.580937 0.6401669999999999 0.576984 0.631506 0.57375 0.623808 0.569438 0.620921 0.5622499999999999 0.618515 0.5622499999999999 0.6122380000000001 0.556141 0.603577 0.5496719999999999 0.6030960000000001 0.548594 0.6127199999999999 0.547156 0.623326 0.546078 0.639205 0.545359 0.663745 0.551469 0.674812 0.553266 0.689728 0.553266 0.685879
57 0.595688 0.658264 0.594984 0.632992 0.5928910000000001 0.624561 0.590094 0.618954 0.5802970000000001 0.608661 0.575406 0.621757 0.575406 0.646088 0.576813 0.665753 0.578203 0.688222 0.579609 0.697573 0.583094 0.705063 0.585187 0.708808 0.591484 0.7106899999999999 0.597781 0.708808 0.600578 0.702259 0.600578 0.699456 0.599172 0.68728 0.599172 0.685418 0.597078 0.6666949999999999 0.595688 0.658264
50 0.502609 0.620941 0.505703 0.6103559999999999 0.520156 0.611276 0.529094 0.601611 0.524281 0.5665899999999999 0.5187660000000001 0.554163 0.516359 0.550021 0.5184219999999999 0.5426359999999999 0.516359 0.537113 0.5081089999999999 0.540335 0.5094839999999999 0.550021 0.503984 0.552322 0.496406 0.575356 0.501234 0.579958 0.500891 0.591004 0.497438 0.6011510000000001 0.502266 0.5974480000000001 0.503641 0.609895 0.502609 0.620941
50 0.451656 0.579456 0.453594 0.582469 0.455094 0.5830540000000001 0.454453 0.586527 0.452187 0.589414 0.45185899999999996 0.5941839999999999 0.45467199999999997 0.595188 0.45499999999999996 0.59749 0.45489100000000005 0.599519 0.454563 0.600669 0.455312 0.6070289999999999 0.45693700000000004 0.615397 0.45682799999999996 0.620021 0.455203 0.625084 0.45564099999999996 0.6263810000000001 0.45575 0.6273850000000001 0.458328 0.628828 0.45962500000000006 0.627824 0.4605 0.624937 0.46189099999999994 0.614686 0.462219 0.614686 0.463406 0.61728 0.463406 0.619435 0.466203 0.6257950000000001 0.466313 0.625649 0.46857800000000005 0.624059 0.47051600000000005 0.599059 0.47084400000000004 0.5983259999999999 0.47170300000000004 0.593556 0.472469 0.591109 0.47300000000000003 0.589665 0.47451600000000005 0.585753 0.474406 0.5825940000000001 0.473219 0.578682 0.47084400000000004 0.5709 0.469016 0.5656899999999999 0.46760900000000005 0.5640999999999999 0.465344 0.562218 0.463734 0.5606490000000001 0.462547 0.556297 0.46275000000000005 0.553996 0.463078 0.552845 0.461359 0.5501050000000001 0.45995299999999995 0.549226 0.459312 0.549519 0.45779699999999995 0.552845 0.457578 0.5551459999999999 0.45779699999999995 0.555586 0.458125 0.556172 0.458125 0.559184 0.458125 0.559477 0.457578 0.560063 0.45693700000000004 0.5605020000000001 0.45607800000000004 0.5609209999999999 0.454125 0.562657 0.452297 0.5682849999999999 0.452187 0.5704600000000001 0.452187 0.573787 0.452187 0.5762339999999999 0.451438 0.579121 0.45240600000000003 0.580711 0.451656 0.579456
57 0.713734 0.630418 0.714578 0.624498 0.714797 0.618305 0.713594 0.617741 0.709734 0.613347 0.706828 0.613598 0.703531 0.613849 0.699469 0.615669 0.698125 0.618787 0.6979219999999999 0.623452 0.698125 0.629665 0.6988909999999999 0.6371760000000001 0.6965779999999999 0.647803 0.694063 0.6555650000000001 0.694063 0.668515 0.694438 0.6721550000000001 0.6965779999999999 0.6747489999999999 0.699469 0.675523 0.699031 0.686946 0.701344 0.690607 0.706609 0.68864 0.706391 0.67569 0.708922 0.680188 0.711656 0.6838489999999999 0.71375 0.684142 0.714391 0.6768200000000001 0.715641 0.654854 0.7127030000000001 0.643305 0.712266 0.6439330000000001 0.711219 0.635753 0.713734 0.630418
57 0.753172 0.706109 0.765094 0.706695 0.7695000000000001 0.685418 0.7708280000000001 0.645816 0.765969 0.62749 0.757578 0.612699 0.7434529999999999 0.608577 0.742578 0.619205 0.7447809999999999 0.62749 0.748313 0.66887 0.751844 0.7043309999999999 0.753172 0.706109
57 0.773438 0.638159 0.773438 0.645146 0.775516 0.655607 0.780219 0.674456 0.78125 0.6975100000000001 0.784906 0.701004 0.789594 0.7002929999999999 0.789594 0.689121 0.7890780000000001 0.673075 0.798469 0.66818 0.797937 0.688431 0.797422 0.701004 0.798469 0.7051879999999999 0.8031560000000001 0.7002929999999999 0.80525 0.679351 0.807844 0.663285 0.8104530000000001 0.652113 0.813063 0.638849 0.809422 0.623494 0.7880309999999999 0.616506 0.777078 0.6193099999999999 0.771875 0.629079 0.773438 0.638159
57 0.504594 0.622134 0.506266 0.633326 0.512953 0.640042 0.519641 0.65569 0.519641 0.664644 0.521312 0.682552 0.526328 0.673598 0.526328 0.65569 0.526328 0.646757 0.526328 0.633326 0.526328 0.622134 0.519641 0.615418 0.507937 0.610962 0.504594 0.622134
57 0.5393749999999999 0.6087659999999999 0.535797 0.6084940000000001 0.532859 0.6076360000000001 0.532219 0.605962 0.530547 0.6053970000000001 0.528234 0.606234 0.5273909999999999 0.607071 0.5244530000000001 0.609059 0.522344 0.61159 0.522344 0.613828 0.531391 0.621715 0.5320159999999999 0.6276360000000001 0.534328 0.640858 0.536438 0.650146 0.537484 0.661423 0.536219 0.672678 0.537266 0.679163 0.540422 0.679707 0.540422 0.679163 0.541266 0.663389 0.542312 0.660565 0.545469 0.6580330000000001 0.546531 0.6445190000000001 0.5461090000000001 0.628201 0.548422 0.613556 0.544844 0.61159 0.5393749999999999 0.6087659999999999
75 0.25357799999999997 0.5706279999999999 0.25707800000000003 0.59251 0.26437499999999997 0.594854 0.26817199999999997 0.594079 0.27604700000000004 0.594456 0.28276599999999996 0.598766 0.311969 0.597594 0.314297 0.58977 0.313125 0.563975 0.308453 0.5510670000000001 0.297078 0.544038 0.283359 0.5412969999999999 0.26349999999999996 0.539749 0.252984 0.542469 0.252109 0.56749 0.25357799999999997 0.5706279999999999
25 0.579375 0.654205 0.582781 0.6657740000000001 0.585938 0.672092 0.589344 0.680879 0.591703 0.693159 0.5922189999999999 0.7050839999999999 0.597469 0.706841 0.59825 0.6629710000000001 0.6029690000000001 0.681925 0.606125 0.7050839999999999 0.607953 0.699833 0.607953 0.686841 0.608219 0.676234 0.6042810000000001 0.6639539999999999 0.603766 0.647803 0.606125 0.632343 0.606125 0.6239330000000001 0.6029690000000001 0.619017 0.593531 0.616904 0.596422 0.614456 0.594328 0.6112970000000001 0.5851409999999999 0.6102299999999999 0.581219 0.6091840000000001 0.577016 0.6021759999999999 0.575969 0.603912 0.575969 0.6141 0.573078 0.624979 0.5851409999999999 0.618661 0.581469 0.6263810000000001 0.580422 0.6334099999999999 0.580156 0.640774 0.579375 0.654205
25 0.7422030000000001 0.623891 0.740375 0.623891 0.734516 0.619456 0.7198439999999999 0.615042 0.714344 0.621423 0.715453 0.683264 0.715812 0.700941 0.726438 0.707322 0.739641 0.703389 0.743672 0.690146 0.7447809999999999 0.674937 0.747703 0.647929 0.749547 0.625356 0.740734 0.623389 0.7422030000000001 0.623891
25 0.712406 0.5768829999999999 0.712984 0.575356 0.714703 0.571904 0.714703 0.5673009999999999 0.711266 0.567678 0.708391 0.5692050000000001 0.702953 0.574582 0.700375 0.571506 0.697797 0.5696030000000001 0.695516 0.570753 0.695219 0.577636 0.693219 0.577259 0.688641 0.570753 0.686063 0.5642259999999999 0.681484 0.5638489999999999 0.682625 0.566527 0.686063 0.575356 0.687781 0.5803349999999999 0.6883440000000001 0.584937 0.687484 0.594142 0.687484 0.602573 0.6883440000000001 0.6056279999999999 0.701234 0.614456 0.706969 0.615983 0.7149840000000001 0.614833 0.7212810000000001 0.614833 0.723578 0.614456 0.737031 0.619833 0.742766 0.623285 0.744484 0.618285 0.744484 0.612929 0.744484 0.609477 0.745062 0.602573 0.743906 0.597594 0.7424839999999999 0.591067 0.741625 0.5860879999999999 0.739047 0.581088 0.735609 0.575732 0.726719 0.571506 0.711828 0.579561 0.712406 0.5768829999999999
25 0.783547 0.619456 0.796141 0.613556 0.791109 0.5983890000000001 0.786062 0.578996 0.769062 0.5722590000000001 0.7678130000000001 0.56636 0.759625 0.564665 0.743891 0.570565 0.7325630000000001 0.557929 0.746406 0.584059 0.759625 0.6101880000000001 0.783547 0.619456
25 0.659141 0.572364 0.656781 0.571464 0.662188 0.584142 0.662859 0.588661 0.665906 0.599079 0.6733439999999999 0.600439 0.682484 0.603619 0.686875 0.6009000000000001 0.687547 0.591841 0.685859 0.582782 0.680453 0.578703 0.67775 0.5814229999999999 0.679094 0.5791630000000001 0.681125 0.572364 0.67775 0.574184 0.674359 0.576444 0.671656 0.575523 0.669297 0.573264 0.6702969999999999 0.576444 0.663203 0.575983 0.659141 0.572364