13 0.308531 0.486167 0.304312 0.498125 0.303797 0.5002289999999999 0.30062500000000003 0.500937 0.30062500000000003 0.508667 0.30062500000000003 0.521312 0.30062500000000003 0.5318539999999999 0.301156 0.5360619999999999 0.302734 0.555042 0.313812 0.555042 0.318547 0.555042 0.32170299999999996 0.550125 0.323813 0.542396 0.324344 0.532542 0.324344 0.519896 0.324344 0.509354 0.31907800000000003 0.500937 0.314859 0.479146 0.313812 0.479146 0.31221899999999997 0.477042 0.30959400000000004 0.47985399999999995 0.310641 0.47985399999999995 0.30959400000000004 0.480562 0.308531 0.486167
13 0.369937 0.3765 0.36348400000000003 0.379083 0.365422 0.390292 0.367359 0.426458 0.36476600000000003 0.447146 0.36282800000000004 0.47470799999999996 0.369297 0.5082920000000001 0.375109 0.524667 0.371234 0.547917 0.390609 0.549646 0.388672 0.5418959999999999 0.386734 0.522937 0.391906 0.49795799999999996 0.391906 0.47125 0.388672 0.448854 0.381562 0.435937 0.373172 0.379083 0.369937 0.3765
23 0.868609 0.35850000000000004 0.864937 0.368875 0.865859 0.382 0.872734 0.394208 0.8834839999999999 0.399708 0.892188 0.393292 0.897687 0.378333 0.8956250000000001 0.363979 0.8859999999999999 0.353313 0.873422 0.356042 0.868609 0.35850000000000004
50 0.507844 0.728583 0.492719 0.6658120000000001 0.47926599999999997 0.656833 0.433859 0.699438 0.388453 0.690479 0.346406 0.697187 0.321188 0.751 0.26737500000000003 0.703917 0.23542200000000002 0.571646 0.240469 0.546979 0.279141 0.499896 0.284187 0.437104 0.240469 0.277917 0.19675 0.228583 0.0538125 0.230833 0.0050468796875 0.325 0.0033593703125 0.789125 0.0454062 0.813792 0.0571719 0.802583 0.0824063 0.986437 0.405266 0.986437 0.45403099999999996 0.8272499999999999 0.499437 0.7734380000000001 0.507844 0.728583
50 0.49218799999999996 0.638396 0.530687 0.654021 0.557484 0.774563 0.5625 0.984396 0.781813 0.986625 0.8420780000000001 0.984396 0.848766 0.955375 0.857141 0.846 0.8454219999999999 0.745542 0.8270160000000001 0.667417 0.8270160000000001 0.596 0.8186410000000001 0.56475 0.8069219999999999 0.50225 0.800219 0.453146 0.758375 0.40850000000000003 0.7315780000000001 0.404021 0.6780160000000001 0.388396 0.65625 0.366083 0.644531 0.35491700000000004 0.626109 0.35268700000000003 0.622766 0.343771 0.6277969999999999 0.287958 0.6311410000000001 0.285729 0.6277969999999999 0.25225 0.614391 0.21652100000000002 0.612719 0.20983300000000002 0.5993280000000001 0.20089600000000002 0.592641 0.196438 0.550781 0.18527100000000002 0.539062 0.187521 0.524 0.196438 0.50725 0.19866699999999998 0.49385899999999994 0.20760399999999998 0.49218799999999996 0.24108300000000002 0.488844 0.27456200000000003 0.488844 0.30804200000000004 0.49218799999999996 0.319208 0.500563 0.343771 0.502234 0.363854 0.503906 0.37725000000000003 0.530687 0.406271 0.5524530000000001 0.421896 0.508922 0.426354 0.495531 0.441979 0.477125 0.475458 0.473766 0.50225 0.470422 0.546896 0.460375 0.589292 0.49218799999999996 0.638396
32 0.476281 0.688875 0.487422 0.6901670000000001 0.497094 0.661771 0.5101720000000001 0.643062 0.517906 0.624979 0.512594 0.5752919999999999 0.514516 0.61725 0.509687 0.574 0.506297 0.630792 0.5077499999999999 0.574 0.5033909999999999 0.623688 0.5004839999999999 0.572708 0.494187 0.618542 0.496609 0.645 0.482094 0.666937 0.476281 0.688875
17 0.33793799999999996 0.6785 0.341656 0.6785 0.345375 0.6793119999999999 0.368922 0.6842710000000001 0.401781 0.6859369999999999 0.44887499999999997 0.690063 0.453828 0.6842710000000001 0.458797 0.677667 0.464984 0.6702290000000001 0.47428100000000006 0.666917 0.47862499999999997 0.661958 0.487922 0.657833 0.487922 0.653708 0.482344 0.623958 0.476766 0.611563 0.471812 0.6049380000000001 0.461266 0.600812 0.455078 0.5950209999999999 0.443922 0.593375 0.43151599999999996 0.5908960000000001 0.416641 0.583458 0.401156 0.5785 0.39681299999999997 0.585104 0.391859 0.5950209999999999 0.37078099999999997 0.620646 0.33731300000000003 0.6644380000000001 0.33793799999999996 0.6785
13 0.9407030000000001 0.434896 0.9400470000000001 0.430479 0.9378439999999999 0.426083 0.93475 0.426375 0.933641 0.429312 0.932328 0.43224999999999997 0.9305619999999999 0.438437 0.932109 0.45695800000000003 0.9413750000000001 0.455792 0.9407030000000001 0.433438 0.9407030000000001 0.434896
78 0.364391 0.450583 0.362531 0.47543799999999997 0.372469 0.516021 0.381797 0.535062 0.386766 0.526792 0.39234399999999997 0.490354 0.388 0.44231200000000004 0.376203 0.37854200000000005 0.363781 0.376042 0.370609 0.43402100000000005 0.364391 0.450583
50 0.458453 0.30581200000000003 0.45575 0.310583 0.45365599999999995 0.318958 0.452766 0.326125 0.452172 0.337688 0.452172 0.348458 0.45365599999999995 0.354833 0.454859 0.366396 0.45575 0.38075 0.452172 0.408667 0.453953 0.417042 0.454563 0.422208 0.460234 0.41106200000000004 0.461141 0.40308299999999997 0.462328 0.391917 0.466219 0.38114600000000004 0.46831300000000003 0.37279199999999996 0.470703 0.368792 0.47609399999999996 0.373979 0.47728099999999996 0.383146 0.47728099999999996 0.385146 0.481766 0.387125 0.482672 0.38593700000000003 0.481766 0.37795799999999996 0.483563 0.365208 0.482672 0.35404199999999997 0.479375 0.34924999999999995 0.47548399999999996 0.348458 0.471 0.35006200000000004 0.471906 0.338104 0.47548399999999996 0.342479 0.480875 0.350854 0.485359 0.34924999999999995 0.485359 0.345667 0.480875 0.34047900000000003 0.479078 0.334104 0.47489100000000006 0.32891699999999996 0.471 0.322542 0.466812 0.31735399999999997 0.467422 0.31416700000000003 0.46951599999999993 0.309792 0.470109 0.306208 0.470109 0.299812 0.46712499999999996 0.295833 0.464719 0.293833 0.46143799999999996 0.293833 0.457844 0.30102100000000004 0.458453 0.30581200000000003
26 0.9576560000000001 0.600667 0.958422 0.5848329999999999 0.957359 0.572229 0.9567500000000001 0.572229 0.943344 0.5724370000000001 0.9421250000000001 0.573458 0.946688 0.600271 0.9576560000000001 0.600667