73 0.8921250000000001 0.7142499999999999 0.8852499999999999 0.6501669999999999 0.863359 0.6553129999999999 0.8723750000000001 0.718833 0.8921250000000001 0.7142499999999999
73 0.471906 0.678646 0.46348400000000006 0.680896 0.46854699999999994 0.703375 0.493813 0.707875 0.4904529999999999 0.685396 0.471906 0.678646
73 0.466859 0.761792 0.475281 0.777521 0.493813 0.779771 0.4904529999999999 0.725833 0.46517200000000003 0.732583 0.466859 0.761792
73 0.43889100000000003 0.702583 0.40240599999999993 0.707104 0.40156200000000003 0.718417 0.4011410000000001 0.720104 0.43889100000000003 0.712188 0.43889100000000003 0.702583
73 0.401984 0.766479 0.440578 0.764792 0.442703 0.730292 0.4011410000000001 0.7365 0.40071899999999994 0.763083 0.401984 0.766479
73 0.660953 0.692562 0.660953 0.7461040000000001 0.681031 0.744958 0.6788909999999999 0.686854 0.660516 0.690271 0.660953 0.692562
73 0.515188 0.897854 0.518203 0.897354 0.525734 0.892333 0.527609 0.8858130000000001 0.526109 0.8823120000000001 0.524594 0.8802920000000001 0.527984 0.8747710000000001 0.524594 0.86825 0.5264840000000001 0.86425 0.526859 0.8567079999999999 0.5230940000000001 0.8532080000000001 0.5204690000000001 0.852208 0.512563 0.852208 0.514062 0.894354 0.515188 0.897854
73 0.9790940000000001 0.883479 0.978313 0.854771 0.978313 0.8433539999999999 0.9759840000000001 0.8412710000000001 0.9658749999999999 0.846458 0.9707969999999999 0.8831249999999999 0.9790940000000001 0.883479
73 0.8814529999999999 0.891458 0.869656 0.85775 0.862922 0.8510000000000001 0.869656 0.9026879999999999 0.8814529999999999 0.891458
73 0.546484 0.9072709999999999 0.556203 0.898479 0.554109 0.892 0.556203 0.887375 0.553078 0.878583 0.556891 0.8730209999999999 0.5513440000000001 0.864229 0.549609 0.864229 0.541969 0.8660829999999999 0.5433589999999999 0.9081880000000001 0.546484 0.9072709999999999
73 0.618563 0.997062 0.6318590000000001 0.995688 0.630844 0.962958 0.6144689999999999 0.967042 0.6144689999999999 0.995688 0.618563 0.997062
73 0.315672 0.978396 0.330094 0.977396 0.32934399999999997 0.903479 0.314906 0.9024789999999999 0.315672 0.963229 0.315672 0.978396