27 1 0.329 1 0.229687 0.995484 0.00620833 0.760156 0.00395833 0.751687 0.00620833 0.795719 0.0807083 0.880359 0.116812 0.936234 0.1755 0.961625 0.261292 1 0.329
27 0.233641 0.10327100000000002 0.157453 0.157458 0.140516 0.182271 0.150672 0.184542 0.4198589999999999 0.0107292 0.179453 0.0016875 0.233641 0.10327100000000002
27 0.9904059999999999 0.839167 0.8431089999999999 0.958813 0.8363440000000001 0.974604 0.9904059999999999 0.988146 0.9904059999999999 0.839167
27 0.0050625 0.139333 0.0050625 0.352812 0.0033750000000000004 0.833708 0.0033750000000000004 0.988771 0.07584379999999999 0.979771 0.11965600000000001 0.988771 0.165172 0.988771 0.235953 0.988771 0.35562499999999997 0.986521 0.412922 0.988771 0.235953 0.521354 0.136516 0.184271 0.13820300000000002 0.173042 0.225844 0.08989580000000001 0.17865599999999998 0 0 0.0022500000000000003 0.0050625 0.139333
29 0.35729700000000003 0.350562 0.350562 0.350562 0.335391 0.36629199999999995 0.318547 0.36629199999999995 0.311797 0.373042 0.291578 0.38427100000000003 0.27640600000000004 0.38877100000000003 0.257859 0.40897900000000004 0.251125 0.424729 0.24101599999999998 0.447188 0.229219 0.47416699999999995 0.234266 0.516854 0.249437 0.5550630000000001 0.264609 0.5685420000000001 0.283141 0.5887709999999999 0.303375 0.60675 0.338766 0.611229 0.347187 0.6045 0.364047 0.5820209999999999 0.385953 0.5820209999999999 0.391016 0.557312 0.417984 0.5370830000000001 0.42303100000000005 0.521354 0.439891 0.48314599999999996 0.42471899999999996 0.467417 0.436516 0.435958 0.411234 0.41572899999999996 0.412922 0.38427100000000003 0.39775 0.36629199999999995 0.380906 0.36404200000000003 0.37415600000000004 0.348312 0.365734 0.350562 0.35729700000000003 0.350562
29 0.563328 0.44277099999999997 0.571125 0.43387499999999996 0.5766720000000001 0.420542 0.5833440000000001 0.411646 0.5889059999999999 0.410167 0.597797 0.395333 0.604469 0.374583 0.618938 0.34789600000000004 0.607812 0.31231200000000003 0.615594 0.27375 0.608922 0.257458 0.5889059999999999 0.25893700000000003 0.59225 0.23225 0.5766720000000001 0.223354 0.563328 0.233729 0.529969 0.201104 0.509953 0.20556300000000002 0.48660899999999996 0.201104 0.47437500000000005 0.214458 0.464375 0.22927099999999997 0.458812 0.23668699999999998 0.45103099999999996 0.241146 0.44435900000000006 0.245583 0.441016 0.253 0.441016 0.263375 0.439906 0.264854 0.429906 0.27449999999999997 0.428781 0.288583 0.42212500000000003 0.291917 0.416563 0.306375 0.414328 0.315271 0.414328 0.327125 0.416563 0.341958 0.416563 0.35679200000000005 0.41989099999999996 0.376062 0.42212500000000003 0.393854 0.43101599999999995 0.404229 0.438797 0.419063 0.45325 0.430917 0.462141 0.44425000000000003 0.47993800000000003 0.453146 0.49328099999999997 0.456125 0.5021720000000001 0.46945800000000004 0.5511090000000001 0.456125 0.563328 0.44277099999999997
29 0.613406 0.20902099999999998 0.606812 0.240396 0.606812 0.257979 0.6115160000000001 0.27806200000000003 0.616219 0.315729 0.625641 0.343333 0.653891 0.362167 0.684016 0.37975 0.731094 0.370958 0.766875 0.343333 0.794172 0.294375 0.803594 0.22031199999999998 0.796063 0.16883299999999998 0.762156 0.137458 0.733922 0.128667 0.7056720000000001 0.12239599999999999 0.6849529999999999 0.121146 0.66425 0.127417 0.650125 0.136208 0.633172 0.16633299999999998 0.628469 0.167583 0.613406 0.195208 0.613406 0.20902099999999998
29 0.8660310000000001 0.5841670000000001 0.8834690000000001 0.583333 0.8977809999999999 0.577542 0.913969 0.5667500000000001 0.9245469999999999 0.555125 0.934516 0.544333 0.946969 0.526896 0.955688 0.509458 0.960656 0.490375 0.9619059999999999 0.464646 0.965016 0.433083 0.9619059999999999 0.41150000000000003 0.959422 0.408188 0.9494529999999999 0.402375 0.9457190000000001 0.395729 0.946969 0.37831200000000004 0.9401249999999999 0.35672899999999996 0.931406 0.355063 0.930156 0.350917 0.927047 0.331 0.9202030000000001 0.320208 0.90525 0.33264600000000005 0.900891 0.3285 0.8984059999999999 0.306917 0.8872030000000001 0.297792 0.871016 0.297792 0.862922 0.29862500000000003 0.850469 0.292813 0.838641 0.292813 0.816219 0.299437 0.806891 0.30525 0.800656 0.31604200000000005 0.7795 0.32185400000000003 0.765797 0.34260399999999996 0.7502340000000001 0.35920799999999997 0.74525 0.37333299999999997 0.738406 0.409854 0.7371559999999999 0.443062 0.740891 0.467125 0.749609 0.497833 0.763312 0.519417 0.774516 0.5351870000000001 0.795687 0.5667500000000001 0.8131090000000001 0.5750419999999999 0.825562 0.580021 0.851094 0.586667 0.8660310000000001 0.5841670000000001
29 0.311797 0.7973750000000001 0.343812 0.8423130000000001 0.380906 0.864792 0.429781 0.882771 0.46179699999999996 0.869292 0.476969 0.8468129999999999 0.508984 0.833333 0.532578 0.8041250000000001 0.537641 0.770417 0.546063 0.723229 0.54775 0.6782710000000001 0.535953 0.655813 0.532578 0.635583 0.49887499999999996 0.604125 0.485391 0.5591670000000001 0.44157799999999997 0.577146 0.402813 0.552438 0.389328 0.565917 0.365734 0.586146 0.340453 0.615354 0.30842200000000003 0.7075 0.311797 0.7973750000000001
29 0.417375 0.291917 0.426938 0.28660399999999997 0.428531 0.273854 0.439687 0.26429199999999997 0.445266 0.245146 0.45564099999999996 0.24089600000000003 0.487531 0.20049999999999998 0.506656 0.209 0.528984 0.20156300000000002 0.532969 0.17818699999999998 0.5273909999999999 0.154792 0.536156 0.134604 0.517828 0.123958 0.510641 0.0942083 0.4955 0.09845830000000001 0.481953 0.0665625 0.450859 0.0644375 0.438094 0.07933330000000001 0.42215600000000003 0.06125 0.41018699999999997 0.059125 0.39982799999999996 0.0729375 0.39982799999999996 0.08464580000000001 0.391062 0.08464580000000001 0.384687 0.07933330000000001 0.365547 0.10270800000000001 0.36076600000000003 0.10695800000000001 0.340828 0.134604 0.349609 0.165417 0.344813 0.165417 0.334453 0.1835 0.334453 0.203687 0.367937 0.261083 0.41178100000000006 0.294042 0.417375 0.291917
29 0.657297 0.6988749999999999 0.630344 0.764042 0.633703 0.847187 0.674156 0.9483130000000001 0.716297 0.977521 0.775281 0.988771 0.866297 0.9213539999999999 0.8679840000000001 0.9011250000000001 0.874719 0.813479 0.8393280000000001 0.7078749999999999 0.773594 0.658417 0.7045 0.669667 0.657297 0.6988749999999999
29 0.36475 0.297271 0.363141 0.255729 0.339969 0.2195 0.323203 0.20564600000000002 0.303219 0.190729 0.282438 0.18754200000000001 0.252875 0.172625 0.23131200000000002 0.201396 0.204141 0.21631199999999998 0.183359 0.246146 0.176172 0.29302100000000003 0.176172 0.318583 0.18415600000000001 0.35693800000000003 0.21212499999999998 0.397417 0.24009399999999997 0.40808300000000003 0.260078 0.393167 0.29443800000000003 0.365458 0.329594 0.349479 0.348766 0.35693800000000003 0.354359 0.347354 0.34796900000000003 0.317521 0.36475 0.297271
29 0.653937 0.986521 0.658984 0.977521 0.667422 0.9348329999999999 0.640453 0.8719169999999999 0.596625 0.826958 0.532578 0.822479 0.5157339999999999 0.826958 0.433141 0.883146 0.417984 0.9820209999999999 0.653937 0.986521
29 0.523219 0.0687083 0.534188 0.118375 0.549516 0.161208 0.5765469999999999 0.17387499999999997 0.607219 0.181667 0.639344 0.154396 0.663453 0.131021 0.679516 0.123229 0.6985 0.11252100000000001 0.699234 0.08525 0.699234 0.0628542 0.702156 0.036562500000000005 0.688281 0.0024791708333333335 0.539297 0.0015208291666666668 0.54075 0.003458329166666667 0.526141 0.040458299999999996 0.523219 0.0687083
29 0.563844 0.447542 0.549687 0.464854 0.542609 0.488437 0.536719 0.504167 0.5284530000000001 0.548208 0.542609 0.5969580000000001 0.5520470000000001 0.625271 0.579172 0.658312 0.601594 0.674021 0.649953 0.6850419999999999 0.658219 0.680312 0.67 0.680312 0.697141 0.667729 0.727812 0.647292 0.738422 0.628417 0.757297 0.579667 0.751406 0.5655 0.757297 0.551354 0.763188 0.524625 0.751406 0.486875 0.744328 0.46641699999999997 0.7266250000000001 0.45541699999999996 0.723094 0.433396 0.6995 0.408229 0.681797 0.390937 0.651141 0.401938 0.633437 0.401938 0.6051249999999999 0.411375 0.5780000000000001 0.41608300000000004 0.563844 0.447542