50 0.8106 0.279173 0.8146 0.272293 0.8209 0.27992 0.82604 0.29744000000000004 0.84548 0.3028 0.8660399999999999 0.30432000000000003 0.87634 0.298213 0.8649 0.295173 0.8489 0.285253 0.8369 0.277627 0.8254600000000001 0.25554699999999997 0.8174600000000001 0.23951999999999998 0.81004 0.22658699999999998 0.8111799999999999 0.215893 0.81404 0.21133300000000002 0.81174 0.19 0.8094600000000001 0.17551999999999998 0.7884800000000001 0.171973 0.7804800000000001 0.18264 0.7804800000000001 0.1956 0.77018 0.206267 0.76676 0.23522700000000002 0.7639 0.265733 0.7650399999999999 0.280213 0.7679 0.29544000000000004 0.77018 0.312987 0.80888 0.32032 0.81004 0.29744000000000004 0.8106 0.279173
50 0.6958200000000001 0.19808 0.68398 0.27258699999999997 0.68228 0.27032 0.68228 0.283867 0.6958200000000001 0.288373 0.6958200000000001 0.295147 0.6789 0.31096 0.68398 0.32224 0.70428 0.32224 0.7195199999999999 0.326747 0.728 0.31096 0.728 0.29741300000000004 0.71784 0.263547 0.73646 0.24773299999999998 0.7517 0.25 0.76186 0.25 0.7517 0.22968 0.73646 0.23194700000000001 0.72122 0.216133 0.73646 0.19357300000000002 0.74322 0.184533 0.75338 0.168747 0.74662 0.150667 0.74322 0.148427 0.73814 0.14616 0.7330599999999999 0.14616 0.72122 0.14616 0.71276 0.150667 0.71614 0.15293299999999999 0.7110599999999999 0.180027 0.6958200000000001 0.19808
50 0.58862 0.14831999999999998 0.58072 0.150827 0.58186 0.16488 0.57396 0.17792 0.58298 0.18042699999999998 0.58862 0.187947 0.5792200000000001 0.202987 0.58148 0.221067 0.5765800000000001 0.22306700000000002 0.57884 0.234107 0.57998 0.242133 0.58374 0.24264 0.59088 0.242133 0.59992 0.250667 0.60368 0.260693 0.6127 0.26570699999999997 0.61384 0.24816000000000002 0.61836 0.243147 0.62362 0.229093 0.62174 0.19848000000000002 0.61422 0.188453 0.6112000000000001 0.173893 0.6040599999999999 0.15885300000000002 0.60142 0.148827 0.59142 0.14877300000000002 0.58862 0.14831999999999998
50 0.30874 0.196933 0.31156 0.193173 0.29960000000000003 0.182853 0.30804000000000004 0.17066699999999999 0.30592 0.143467 0.31860000000000005 0.143467 0.31860000000000005 0.138773 0.28834 0.124693 0.27496 0.138773 0.27708 0.15848 0.27214 0.18381299999999998 0.25174 0.20069299999999998 0.24681999999999998 0.235413 0.25877999999999995 0.23728000000000002 0.27496 0.2692 0.27496 0.26167999999999997 0.3024 0.196933 0.30874 0.196933
50 0.9028200000000001 0.182053 0.90428 0.189147 0.8975 0.19624 0.89218 0.2072 0.89024 0.22463999999999998 0.91928 0.22592 0.95994 0.23496 0.9536399999999999 0.21042699999999998 0.95074 0.19237300000000002 0.93138 0.17882699999999999 0.92992 0.172373 0.9304199999999999 0.161387 0.9304199999999999 0.152347 0.92848 0.14848 0.92218 0.143973 0.91298 0.14333300000000002 0.90234 0.152347 0.9004 0.162027 0.90138 0.174293 0.9067000000000001 0.180747 0.9028200000000001 0.182053
69 0.91114 0.191307 0.90698 0.20144 0.89662 0.24104 0.9076799999999999 0.24104 0.9208 0.19589299999999998 0.91114 0.191307
29 0.12758 0.57816 0.13096000000000002 0.591093 0.14262 0.598213 0.15619999999999998 0.595627 0.16978000000000001 0.5897870000000001 0.18238 0.5704 0.19888 0.551627 0.19741999999999998 0.536773 0.17656 0.534187 0.15231999999999998 0.538693 0.13047999999999998 0.567813 0.12758 0.57816
29 0.1692 0.603893 0.1773 0.6146929999999999 0.18832 0.61568 0.20156 0.61568 0.217 0.605867 0.23758 0.590187 0.2464 0.576453 0.24494 0.5754670000000001 0.24052 0.55392 0.21994 0.54704 0.19788 0.55096 0.18244 0.567627 0.17142 0.579387 0.16774 0.5921329999999999 0.1692 0.603893
29 0.1029 0.633013 0.10737999999999999 0.630027 0.11248000000000001 0.627493 0.11664 0.623653 0.11982 0.62024 0.12078 0.614293 0.12046 0.6070399999999999 0.1179 0.60024 0.11248000000000001 0.59512 0.10514 0.59256 0.0997 0.5921329999999999 0.09587999999999999 0.592987 0.09364 0.594267 0.09268000000000001 0.594693 0.09108 0.595547 0.09364 0.641093 0.1029 0.633013
29 0.09944 0.63448 0.09301999999999999 0.642533 0.09454000000000001 0.686267 0.11528000000000001 0.686267 0.13188 0.686773 0.14582 0.6712 0.15713999999999997 0.646053 0.15825999999999998 0.632987 0.1545 0.623413 0.14318 0.61688 0.13602 0.614373 0.12734 0.614373 0.12244 0.615867 0.1198 0.619893 0.10622 0.6259469999999999 0.09944 0.63448
29 0.27758 0.49178700000000003 0.27118000000000003 0.48424 0.24780000000000002 0.48024 0.21988 0.4948 0.20668 0.51392 0.20932 0.53152 0.21838 0.539573 0.24062 0.536053 0.24478 0.5199469999999999 0.26136000000000004 0.50336 0.27948 0.498827 0.27758 0.49178700000000003
29 0.24562 0.53728 0.24562 0.5480269999999999 0.25436000000000003 0.5551999999999999 0.25972 0.5551999999999999 0.28593999999999997 0.5551999999999999 0.29602 0.548933 0.30610000000000004 0.539067 0.31013999999999997 0.527413 0.30812 0.515787 0.30006 0.5068 0.28998 0.50144 0.28392 0.5041329999999999 0.2651 0.5041329999999999 0.25838 0.507707 0.24562 0.521147 0.24428 0.535493 0.24562 0.53728
29 0.28924 0.49911999999999995 0.30004000000000003 0.49968 0.31001999999999996 0.509573 0.31510000000000005 0.516907 0.32676 0.518907 0.32464 0.510987 0.32868 0.502507 0.33652 0.49711999999999995 0.35326 0.49797300000000005 0.35348 0.494293 0.34882 0.48808 0.33906000000000003 0.482133 0.33333999999999997 0.48130700000000004 0.32252 0.47930700000000004 0.30216000000000004 0.47930700000000004 0.29602 0.48045299999999996 0.29008 0.484693 0.28774 0.48978700000000003 0.2888 0.499387 0.28924 0.49911999999999995
29 0.33154 0.52392 0.33566 0.5262669999999999 0.35746 0.5364800000000001 0.37718 0.538053 0.38866 0.534107 0.39132 0.529787 0.39132 0.526667 0.39132 0.5231199999999999 0.39102 0.515653 0.39014 0.512133 0.38926 0.5101600000000001 0.38395999999999997 0.507013 0.37512 0.502693 0.37363999999999997 0.50192 0.36422000000000004 0.499947 0.35156 0.494853 0.3392 0.494453 0.32652 0.503093 0.32476 0.5109600000000001 0.32594 0.5192 0.33154 0.52392
29 0.35738 0.49391999999999997 0.37674 0.5035999999999999 0.38544 0.507467 0.38883999999999996 0.512613 0.38932 0.518427 0.39368000000000003 0.526187 0.399 0.526827 0.4048 0.52424 0.4048 0.519733 0.40432 0.5165069999999999 0.40626 0.509387 0.40868 0.50616 0.41448 0.501013 0.41448 0.498427 0.41256 0.493253 0.41062 0.491333 0.4053 0.488747 0.40046 0.48552 0.39416 0.48229299999999997 0.38836000000000004 0.47970700000000005 0.37964 0.481653 0.37092 0.481653 0.36366000000000004 0.482933 0.35834 0.48424 0.3535 0.48616 0.35254 0.49456 0.35738 0.49391999999999997
29 0.40442 0.524107 0.42234 0.533787 0.46154 0.538933 0.46492 0.517013 0.45766 0.508613 0.41702 0.498293 0.41508 0.500213 0.40394 0.5112 0.40442 0.524107
29 0.46614 0.5219469999999999 0.46614 0.508667 0.46912 0.502693 0.47534 0.499707 0.48256 0.49872000000000005 0.48056 0.49408 0.47534 0.490427 0.4649 0.48810699999999996 0.44872 0.48610699999999996 0.43627999999999995 0.488773 0.42832 0.49408 0.42832 0.499387 0.44624 0.5053599999999999 0.45718000000000003 0.512 0.46327999999999997 0.514027 0.46486 0.522107 0.46614 0.5219469999999999
29 0.48078 0.53152 0.48562 0.5328 0.50206 0.536667 0.5136799999999999 0.5353870000000001 0.51804 0.53344 0.51998 0.521813 0.51998 0.5153599999999999 0.5175599999999999 0.508907 0.5127200000000001 0.507627 0.5069 0.506347 0.49432 0.501173 0.49142 0.49989300000000003 0.48463999999999996 0.497947 0.47594 0.500533 0.4711 0.501173 0.46916 0.50376 0.46576 0.510853 0.46626 0.516027 0.46964 0.520533 0.47254 0.5244 0.47302 0.52504 0.47786 0.5302129999999999 0.48562 0.53216 0.48078 0.53152
50 0.6498200000000001 0.242773 0.6505599999999999 0.22469299999999998 0.65208 0.223707 0.6603600000000001 0.22269299999999997 0.66086 0.22269299999999997 0.6603600000000001 0.217333 0.6616000000000001 0.21365299999999998 0.6616000000000001 0.20965299999999998 0.6581 0.20464 0.6528200000000001 0.20530700000000002 0.6485599999999999 0.20832 0.64606 0.212987 0.6437999999999999 0.21432 0.64228 0.21968 0.64002 0.223707 0.63752 0.23071999999999998 0.63852 0.240773 0.6498200000000001 0.242773
29 0.57368 0.51568 0.56364 0.511627 0.5529 0.507573 0.54192 0.506027 0.52744 0.506347 0.52346 0.507573 0.5223 0.514427 0.52324 0.523467 0.5307000000000001 0.53 0.5522 0.53592 0.57228 0.534373 0.57416 0.531573 0.5758 0.525333 0.57462 0.5178670000000001 0.57368 0.51568