1 0.31419800000000003 0.5406869999999999 0.31535399999999997 0.549125 0.307241 0.552187 0.31766500000000003 0.558328 0.318821 0.5667500000000001 0.28872600000000004 0.570594 0.271368 0.567531 0.22738200000000003 0.586688 0.24011800000000003 0.591297 0.250542 0.591297 0.255165 0.5958910000000001 0.248231 0.597422 0.242429 0.5935940000000001 0.225071 0.589 0.144057 0.630406 0.144057 0.638828 0.168349 0.657234 0.186887 0.658 0.237807 0.662609 0.28988200000000003 0.651875 0.331557 0.631938 0.335024 0.635 0.34660399999999997 0.624266 0.357028 0.6058589999999999 0.373231 0.583625 0.363962 0.571359 0.37207500000000004 0.556016 0.357028 0.534547 0.33733500000000005 0.527656 0.31419800000000003 0.5406869999999999
15 0.42426899999999995 0.693875 0.41662699999999997 0.7006249999999999 0.41662699999999997 0.709047 0.42426899999999995 0.7225469999999999 0.429363 0.7309840000000001 0.44974099999999995 0.737734 0.475189 0.734359 0.503208 0.734359 0.533774 0.7309840000000001 0.538868 0.724234 0.5515800000000001 0.712422 0.559222 0.7006249999999999 0.556675 0.688812 0.554127 0.680375 0.554127 0.675312 0.574505 0.668562 0.584693 0.6584380000000001 0.577052 0.643266 0.566863 0.644953 0.546486 0.648313 0.5235850000000001 0.653375 0.513396 0.661813 0.5057550000000001 0.673625 0.490472 0.673625 0.457382 0.673625 0.439552 0.678687 0.429363 0.693875 0.42426899999999995 0.693875
15 0.24778299999999998 0.507375 0.246203 0.512094 0.22717 0.514719 0.223208 0.518922 0.20815999999999998 0.524172 0.205778 0.522078 0.19228800000000001 0.519969 0.176439 0.534687 0.17563700000000002 0.544141 0.185943 0.5530630000000001 0.181981 0.550969 0.180401 0.5514840000000001 0.167712 0.560937 0.168514 0.564094 0.187547 0.573547 0.19863199999999998 0.5793280000000001 0.204976 0.581422 0.216863 0.583531 0.23908 0.5966560000000001 0.247005 0.600344 0.261274 0.5935159999999999 0.260472 0.5935159999999999 0.235896 0.591406 0.222429 0.584063 0.22481099999999998 0.57775 0.23908 0.574078 0.256509 0.570406 0.277123 0.568828 0.296156 0.557797 0.29931599999999997 0.560422 0.315967 0.562516 0.312807 0.5514840000000001 0.31438699999999997 0.544656 0.312807 0.5367810000000001 0.31360800000000005 0.52575 0.312807 0.516297 0.308844 0.514203 0.243821 0.502109 0.24778299999999998 0.507375
15 0.590165 0.817937 0.597877 0.8302189999999999 0.617995 0.8322660000000001 0.647358 0.8210000000000001 0.6535380000000001 0.7800309999999999 0.682925 0.7462340000000001 0.701462 0.7216560000000001 0.7138209999999999 0.699125 0.7370279999999999 0.703219 0.752476 0.673516 0.74783 0.645875 0.752476 0.634609 0.7787499999999999 0.622312 0.780307 0.6069530000000001 0.757123 0.612078 0.733939 0.622312 0.729292 0.634609 0.709198 0.641766 0.690637 0.644844 0.664363 0.6520159999999999 0.6488919999999999 0.6520159999999999 0.6318870000000001 0.658156 0.588608 0.6540619999999999 0.585519 0.657141 0.585519 0.661234 0.5638679999999999 0.66225 0.5638679999999999 0.688891 0.551509 0.703219 0.532948 0.7319060000000001 0.543774 0.762625 0.571604 0.797453 0.594788 0.8158749999999999 0.590165 0.817937
15 0.413302 0.331891 0.43040100000000003 0.311766 0.466486 0.294156 0.47217000000000003 0.27906200000000003 0.462689 0.267734 0.43419800000000003 0.277813 0.407618 0.28912499999999997 0.390519 0.291641 0.377241 0.274031 0.352547 0.275281 0.32405700000000004 0.282844 0.301274 0.296672 0.32596699999999995 0.316797 0.367736 0.335672 0.40191 0.335672 0.413302 0.331891
15 0.107665 0.309703 0.06457550000000001 0.30129700000000004 0.05950470047169811 0.304656 0.039221700471698116 0.343281 0.09245279952830189 0.371828 0.18115599999999998 0.405406 0.145684 0.336562 0.148208 0.319781 0.15327800000000003 0.297953 0.193821 0.262688 0.214104 0.235812 0.203962 0.229109 0.150755 0.250937 0.07724059905660377 0.267719 0.107665 0.309703
26 0.194646 0.186578 0.33499999999999996 0.17771900000000002 0.355047 0.15706199999999998 0.35280700000000004 0.00946875 0.143396 0.0168437 0.14785399999999999 0.0788281 0.170118 0.146734 0.194646 0.186578
14 0.32620299999999997 0.873172 0.43004699999999996 0.8915940000000001 0.595094 0.86825 0.7249289999999999 0.787156 0.732335 0.7724219999999999 0.6841269999999999 0.740469 0.6804250000000001 0.722047 0.691533 0.693781 0.726769 0.741703 0.754599 0.761359 0.795401 0.688875 0.793538 0.6065470000000001 0.762005 0.548797 0.672995 0.497203 0.6099289999999999 0.46771900000000005 0.46158000000000005 0.450516 0.339175 0.45787500000000003 0.194528 0.504578 0.118491 0.573375 0.0943632004716981 0.6520159999999999 0.11106099999999999 0.708875 0.13889200000000002 0.747297 0.131462 0.7453909999999999 0.174127 0.8117340000000001 0.32620299999999997 0.873172
1 0.37429199999999996 0.537031 0.366958 0.511094 0.342476 0.492453 0.366958 0.47785900000000003 0.387759 0.48759399999999997 0.44648600000000005 0.503 0.502783 0.5208280000000001 0.550495 0.539469 0.552948 0.537031 0.58842 0.5443279999999999 0.593325 0.551625 0.603113 0.5565 0.601887 0.567844 0.626344 0.5783750000000001 0.627571 0.5654060000000001 0.61533 0.532984 0.538255 0.49082800000000004 0.459953 0.467328 0.36327800000000005 0.469766 0.32169800000000004 0.489219 0.305778 0.5127189999999999 0.37429199999999996 0.537031
1 0.444175 0.824781 0.41280700000000004 0.818844 0.398231 0.816609 0.366887 0.802516 0.33999999999999997 0.789156 0.323208 0.792859 0.312005 0.7817339999999999 0.290708 0.7876719999999999 0.27839600000000003 0.8084530000000001 0.323208 0.825516 0.41615599999999997 0.831453 0.44193400000000005 0.825516 0.444175 0.824781
47 0.9333250000000001 0.46165599999999996 0.921392 0.44357800000000003 0.885542 0.398344 0.829245 0.353125 0.7473110000000001 0.29659399999999997 0.6534669999999999 0.370078 0.752453 0.440188 0.829245 0.469578 0.8872639999999999 0.477484 0.9333250000000001 0.46165599999999996
62 0.8671930000000001 0.918313 0.889599 0.911234 0.899222 0.9041560000000001 0.914151 0.885063 0.905613 0.8617190000000001 0.8671930000000001 0.824234 0.798844 0.787453 0.7860379999999999 0.7917029999999999 0.739057 0.754922 0.692075 0.711062 0.6878070000000001 0.711766 0.667524 0.716719 0.6771459999999999 0.729453 0.686745 0.741937 0.716651 0.765984 0.7572169999999999 0.8098280000000001 0.754009 0.8275159999999999 0.789245 0.865719 0.82875 0.9060309999999999 0.856509 0.922297 0.8671930000000001 0.918313