50 0.522984 0.988762 0.524484 0.9820329999999999 0.528984 0.9685280000000001 0.532 0.952804 0.539516 0.9191119999999999 0.541016 0.878645 0.547016 0.878645 0.556047 0.874159 0.583094 0.8539249999999999 0.592109 0.8471960000000001 0.604125 0.8359580000000001 0.598125 0.8067519999999999 0.587594 0.782033 0.577078 0.761799 0.566563 0.739322 0.563547 0.7191120000000001 0.560547 0.707874 0.541016 0.705607 0.524484 0.714603 0.513953 0.7370789999999999 0.507953 0.734836 0.507953 0.6943929999999999 0.504938 0.6651640000000001 0.49292199999999997 0.6247199999999999 0.48540599999999995 0.593248 0.482406 0.564042 0.491422 0.550561 0.500437 0.534836 0.5094529999999999 0.521355 0.519969 0.489883 0.528984 0.467407 0.528984 0.444953 0.5304840000000001 0.413481 0.5335 0.413481 0.551531 0.411238 0.541016 0.39775699999999997 0.5365 0.377523 0.5365 0.35731300000000005 0.5274840000000001 0.330327 0.513953 0.310117 0.491422 0.289883 0.46587500000000004 0.28764 0.441828 0.292126 0.42529700000000004 0.307874 0.417781 0.334836 0.41176599999999997 0.36179900000000004 0.41176599999999997 0.39100500000000005 0.407266 0.408995 0.405766 0.438201 0.41326599999999997 0.462921 0.42529700000000004 0.474159 0.42529700000000004 0.48764 0.416281 0.5101169999999999 0.410266 0.523598 0.392234 0.534836 0.369688 0.568528 0.359172 0.604486 0.345641 0.6449529999999999 0.341141 0.6831539999999999 0.341141 0.714603 0.34264100000000003 0.7573129999999999 0.347156 0.7999999999999999 0.357672 0.833715 0.359172 0.8584350000000001 0.34865599999999997 0.903364 0.35315599999999997 0.934836 0.35315599999999997 0.943832 0.35315599999999997 0.9595560000000001 0.34264100000000003 0.984276 0.522984 0.988762
4 0.40546899999999997 0.394206 0.410344 0.394206 0.415234 0.333995 0.346891 0.158808 0.337125 0.153341 0.329813 0.155164 0.327359 0.158808 0.323703 0.162453 0.315156 0.167944 0.3115 0.171589 0.309063 0.175234 0.307844 0.178879 0.307844 0.193481 0.307844 0.195304 0.368859 0.343107 0.40668699999999997 0.427056 0.40303100000000003 0.399673 0.40546899999999997 0.394206
4 0.494547 0.62229 0.525047 0.708061 0.529938 0.708061 0.543359 0.711706 0.543359 0.708061 0.543359 0.702593 0.534812 0.682523 0.517734 0.631425 0.48599999999999993 0.549299 0.478688 0.547477 0.47625 0.556612 0.494547 0.62229
18 0.270453 0.498341 0.24710899999999997 0.509533 0.246172 0.514416 0.253172 0.524883 0.270453 0.526285 0.293797 0.526285 0.294734 0.500444 0.286328 0.498341 0.270453 0.498341
18 0.298 0.529065 0.326016 0.526986 0.326016 0.520701 0.310609 0.512313 0.297531 0.503248 0.297531 0.526986 0.298 0.529065
18 0.344625 0.507056 0.334234 0.515047 0.325641 0.518598 0.327406 0.526145 0.355609 0.527033 0.355906 0.506168 0.344625 0.507056
18 0.401922 0.523481 0.387078 0.520374 0.373719 0.506612 0.360953 0.507056 0.359766 0.506168 0.358875 0.526589 0.401328 0.527921 0.401922 0.523481
18 0.8309219999999999 0.515234 0.8122810000000001 0.515911 0.809531 0.520724 0.8058440000000001 0.52278 0.8359690000000001 0.52486 0.833437 0.520724 0.8309219999999999 0.515234
18 0.805156 0.533458 0.806531 0.547196 0.811828 0.548575 0.8122810000000001 0.546869 0.829766 0.546168 0.830688 0.549276 0.833672 0.549276 0.8343589999999999 0.530701 0.805391 0.531379 0.805156 0.533458
18 0.908516 0.54986 0.908984 0.545888 0.911406 0.536893 0.911406 0.531121 0.910922 0.527523 0.908984 0.523178 0.9075469999999999 0.516706 0.883437 0.51743 0.880547 0.518855 0.8764369999999999 0.528598 0.869453 0.531846 0.859563 0.531846 0.8612500000000001 0.548411 0.908516 0.54986
73 0.942844 0.368224 0.941344 0.344346 0.908469 0.34490699999999996 0.909406 0.34686900000000004 0.908094 0.36850499999999997 0.942844 0.368224
73 0.822906 0.367243 0.8535470000000001 0.368528 0.854406 0.352407 0.823344 0.354346 0.822906 0.367243
73 0.775047 0.369813 0.775453 0.357617 0.729625 0.359136 0.731453 0.37011700000000003 0.775047 0.369813
18 0.545828 0.505537 0.532141 0.506799 0.524016 0.51479 0.523375 0.517033 0.560578 0.516075 0.560359 0.507126 0.555234 0.506495 0.545828 0.505537
18 0.935516 0.517079 0.914391 0.517734 0.910484 0.523925 0.9100470000000002 0.525864 0.911141 0.527827 0.9385619999999999 0.528154 0.935516 0.517079
18 0.911562 0.542804 0.911344 0.550607 0.935297 0.552874 0.9418279999999999 0.550607 0.940078 0.535631 0.911562 0.530421 0.9117809999999998 0.536612 0.911562 0.542804
18 0.835094 0.516121 0.833531 0.520607 0.835953 0.525117 0.8537190000000001 0.525981 0.847281 0.515257 0.835094 0.516121
18 0.834094 0.544393 0.8518589999999999 0.544393 0.852 0.538178 0.853438 0.532617 0.8345309999999999 0.532617 0.834094 0.544393
18 0.7860159999999999 0.540678 0.793922 0.540678 0.7966249999999999 0.546285 0.8009999999999999 0.545958 0.803094 0.533505 0.79975 0.521682 0.7966249999999999 0.518248 0.7847660000000001 0.517009 0.779547 0.5241589999999999 0.7780940000000001 0.532897 0.778297 0.540047 0.7787189999999999 0.545958 0.779547 0.545654 0.782891 0.54535 0.7860159999999999 0.540678