76 0.166313 0.39845200000000003 0.46660899999999994 0.406695 0.46660899999999994 0.130418 0.150922 0.120105 0.166313 0.39845200000000003
12 0.542016 0.824519 0.5509839999999999 0.8228449999999999 0.541359 0.731444 0.536359 0.687531 0.529094 0.6878869999999999 0.541203 0.815146 0.542016 0.824519
12 0.932609 0.7334940000000001 0.9293440000000001 0.7482639999999999 0.9472970000000001 0.756444 0.999125 0.7537240000000001 0.999125 0.7356900000000001 0.976281 0.729665 0.934234 0.734038 0.932609 0.7334940000000001
12 0.8713749999999999 0.7040590000000001 0.8587809999999999 0.6956279999999999 0.8511559999999999 0.694749 0.849844 0.696506 0.8432029999999999 0.701841 0.8852969999999999 0.726234 0.923406 0.720481 0.923406 0.719142 0.923406 0.7040590000000001 0.911484 0.7040590000000001 0.882312 0.707155 0.8713749999999999 0.7040590000000001
12 0.525312 0.901736 0.582875 0.905167 0.582875 0.891464 0.524031 0.889749 0.52275 0.889163 0.518922 0.884038 0.518062 0.889749 0.525312 0.901736
12 0.483453 0.674121 0.469734 0.676485 0.463547 0.681234 0.475047 0.783138 0.48079700000000003 0.828766 0.497609 0.828766 0.483453 0.674121
12 0.924563 0.7028030000000001 0.922672 0.703891 0.924563 0.721151 0.9221410000000001 0.720418 0.924016 0.733368 0.9288589999999999 0.733368 0.973984 0.7297910000000001 0.9742660000000001 0.691297 0.9455159999999999 0.684456 0.924016 0.6876990000000001 0.926703 0.6970500000000001 0.924563 0.7028030000000001
12 0.999297 0.516695 0.9372809999999999 0.514582 0.9461869999999999 0.6452720000000001 0.9989839999999999 0.641883 0.999297 0.516695
12 1 0.856192 0.9957499999999999 0.849351 0.9702189999999999 0.8356690000000001 0.96 0.83682 0.961703 0.900628 0.968094 0.900628 1 0.894351 1 0.856192
12 0.491891 0.686632 0.509359 0.825879 0.521266 0.820565 0.5037969999999999 0.683431 0.49268799999999996 0.683431 0.491891 0.686632
12 0.849391 0.6797700000000001 0.879234 0.697008 0.924578 0.69113 0.9242969999999999 0.688389 0.9 0.6676359999999999 0.8531869999999999 0.671151 0.849391 0.6797700000000001
12 0.498328 0.8271339999999999 0.507281 0.8271339999999999 0.4915 0.687824 0.49193699999999996 0.682678 0.48553100000000005 0.683264 0.498328 0.8271339999999999
12 0.542125 0.818849 0.5261560000000001 0.6882010000000001 0.519062 0.689393 0.533703 0.8206279999999999 0.542125 0.818849
20 0.308797 0.22546 0.300656 0.218326 0.295578 0.217971 0.293281 0.22207100000000002 0.294813 0.23364 0.295578 0.24046 0.296078 0.261904 0.29659399999999997 0.272803 0.30625 0.294958 0.33296899999999996 0.29734299999999997 0.338313 0.308577 0.343656 0.31163199999999996 0.35459399999999996 0.31129700000000005 0.356875 0.30483299999999997 0.36298400000000003 0.30211299999999996 0.361203 0.297678 0.36425 0.294268 0.368828 0.288138 0.371641 0.276213 0.370609 0.267699 0.361969 0.23841 0.352047 0.222741 0.34085899999999997 0.214561 0.331437 0.212531 0.326359 0.213201 0.321516 0.216611 0.308031 0.227845 0.308797 0.22546
12 0.419672 0.860126 0.350203 0.8655229999999999 0.343953 0.903431 0.345062 0.919163 0.418938 0.913264 0.419672 0.860126