22 0.07701999999999999 0.9069670000000001 0.06956 0.981772 0.08076 0.895766 0.12436 0.9481080000000001 0.11938 0.987387 0.13058 0.987387 0.1418 0.856486 0.15052000000000001 0.86021 0.17418 0.9163359999999999 0.17665999999999998 0.905105 0.15922 0.858348 0.18414 0.8508709999999999 0.19784000000000002 0.8863960000000001 0.20158 0.8733029999999999 0.1916 0.8471469999999999 0.24144 0.826547 0.2464 0.8078679999999999 0.22025999999999998 0.817207 0.18166 0.820961 0.1804 0.820961 0.12686 0.682583 0.1119 0.6376879999999999 0.060840000000000005 0.617117 0.060840000000000005 0.618979 0.07328 0.80039 0.07701999999999999 0.9069670000000001
9 0.65278 0.486997 0.64742 0.48948900000000006 0.64742 0.49936899999999995 0.64824 0.507417 0.65608 0.5061859999999999 0.65732 0.512372 0.65526 0.521652 0.6532 0.524745 0.64412 0.519189 0.64248 0.514865 0.60538 0.514865 0.6062000000000001 0.519189 0.60868 0.521652 0.6090800000000001 0.527237 0.59796 0.537748 0.58682 0.551381 0.5806399999999999 0.5761259999999999 0.5806399999999999 0.586036 0.58312 0.586036 0.58354 0.605225 0.59342 0.627508 0.6132000000000001 0.646066 0.62928 0.645435 0.64 0.639249 0.647 0.633694 0.6503 0.628108 0.6511399999999999 0.624414 0.64908 0.6231530000000001 0.64578 0.6169669999999999 0.6466000000000001 0.612012 0.6494800000000001 0.608318 0.6532 0.603363 0.65732 0.601502 0.66226 0.59964 0.6585599999999999 0.582943 0.65814 0.5724020000000001 0.65938 0.564985 0.66184 0.561261 0.6635 0.558168 0.6771 0.53961 0.67586 0.534054 0.67132 0.5253749999999999 0.66926 0.514865 0.66762 0.5105109999999999 0.6635 0.507417 0.66144 0.5 0.65896 0.492583 0.6568999999999999 0.49072099999999996 0.65278 0.486997
18 0.28787999999999997 0.594084 0.29218 0.624204 0.31510000000000005 0.624204 0.32082 0.617748 0.32082 0.598378 0.41966000000000003 0.606997 0.42682 0.617748 0.44830000000000003 0.628498 0.45976 0.613453 0.46262000000000003 0.594084 0.46692 0.581171 0.48410000000000003 0.579039 0.49986 0.587628 0.50558 0.544625 0.50702 0.5037539999999999 0.48410000000000003 0.46936900000000004 0.46262000000000003 0.422042 0.44830000000000003 0.417748 0.40532 0.409129 0.35664 0.415586 0.32656 0.434955 0.2979 0.475796 0.2793 0.484414 0.26926 0.542462 0.28072 0.585495 0.28787999999999997 0.594084
18 0.44742000000000004 0.41846799999999995 0.45698 0.41846799999999995 0.48748 0.466066 0.49345999999999995 0.482222 0.50902 0.502883 0.50304 0.543303 0.51678 0.547778 0.52158 0.563063 0.53174 0.567538 0.53234 0.5387989999999999 0.53234 0.531622 0.53054 0.5217419999999999 0.53054 0.485826 0.53652 0.433754 0.52874 0.391532 0.45339999999999997 0.39693700000000004 0.44862 0.41039000000000003 0.44742000000000004 0.41846799999999995
50 0.28074 0.846637 0.3315 0.857838 0.31357999999999997 0.792823 0.34046 0.7838440000000001 0.3554 0.8197300000000001 0.36436 0.8399099999999999 0.4017 0.806276 0.42557999999999996 0.765916 0.3778 0.77039 0.32852 0.721081 0.27924 0.638108 0.21802000000000002 0.665015 0.20608 0.662793 0.2449 0.606727 0.22698 0.588799 0.19263999999999998 0.505826 0.19412000000000001 0.487898 0.221 0.409429 0.224 0.373544 0.18218 0.333183 0.16128 0.344384 0.14336000000000002 0.395976 0.12544 0.443063 0.11498 0.46997 0.09706000000000001 0.505826 0.08214 0.541712 0.07615999999999999 0.57982 0.08064 0.615706 0.09408 0.64036 0.109 0.649339 0.16426 0.756937 0.18218 0.8152550000000001 0.19712000000000002 0.821982 0.26580000000000004 0.801802 0.28074 0.846637
50 0.7449600000000001 0.880691 0.79562 0.831471 0.77774 0.592102 0.7241000000000001 0.507087 0.72112 0.44666700000000004 0.71814 0.435495 0.7062200000000001 0.417598 0.6883400000000001 0.417598 0.6674800000000001 0.426547 0.65558 0.46009 0.6674800000000001 0.531682 0.6526000000000001 0.560781 0.6704600000000001 0.699489 0.6511 0.7621319999999999 0.5468 0.775556 0.51552 0.8650150000000001 0.7449600000000001 0.880691
77 0.5357999999999999 0.32964000000000004 0.54926 0.327417 0.69892 0.29819799999999996 0.7992 0.284715 0.90996 0.289189 0.91444 0.21054099999999998 0.8845 0.145375 0.90098 0.0734834984984985 0.8396 0.0038138108108108112 0.23198 0.006066069069069069 0.12572 0.125165 0.12872 0.217297 0.24994 0.29819799999999996 0.36518 0.307177 0.47592 0.316156 0.52532 0.334144 0.5357999999999999 0.32964000000000004
50 0.56152 0.397387 0.56152 0.40979 0.55034 0.43021 0.5518 0.474715 0.5552 0.493694 0.5566599999999999 0.522132 0.5566599999999999 0.5520419999999999 0.5595800000000001 0.573904 0.5639400000000001 0.584865 0.56978 0.576847 0.56978 0.561532 0.56978 0.544024 0.56928 0.533063 0.57172 0.522132 0.57074 0.37988 0.5639400000000001 0.383544 0.56152 0.397387
9 0.26326 0.482943 0.25382 0.503183 0.25112 0.5388890000000001 0.25472 0.553724 0.26774000000000003 0.543604 0.27716 0.522042 0.27627999999999997 0.50048 0.27582 0.498438 0.27133999999999997 0.482943 0.2601 0.47081100000000004 0.26326 0.482943
18 0.5415599999999999 0.431141 0.5487799999999999 0.43144099999999996 0.55368 0.418679 0.56092 0.40973 0.56008 0.38991000000000003 0.54304 0.387658 0.5415599999999999 0.431141
13 0.35982 0.8831229999999999 0.35462 0.8441439999999999 0.31310000000000004 0.880511 0.3183 0.9064860000000001 0.32868 0.909099 0.35982 0.8831229999999999