50 0.5051869999999999 0.9207190000000001 0.5354909999999999 0.893688 0.5119159999999999 0.832891 0.501799 0.751797 0.498435 0.718016 0.51528 0.7225159999999999 0.5422199999999999 0.803609 0.586005 0.8509059999999999 0.626425 0.898203 0.6769390000000001 0.886937 0.653364 0.839641 0.643271 0.7788280000000001 0.656729 0.69775 0.653364 0.614422 0.656729 0.5828909999999999 0.656729 0.535578 0.740935 0.380188 0.734182 0.303609 0.687033 0.24954700000000002 0.6398830000000001 0.222516 0.572547 0.18198399999999998 0.555701 0.143687 0.555701 0.116672 0.5354909999999999 0.06937499999999999 0.484977 0.055859400000000003 0.441192 0.051343799999999995 0.40413600000000005 0.073875 0.39740699999999995 0.130187 0.37383200000000005 0.184234 0.33341099999999996 0.211266 0.296379 0.267563 0.252593 0.330625 0.249229 0.371172 0.282897 0.42748400000000003 0.336776 0.49279700000000004 0.336776 0.542344 0.38056100000000004 0.607656 0.39067799999999997 0.7 0.40413600000000005 0.8351409999999999 0.481612 0.9207190000000001 0.5051869999999999 0.9207190000000001
50 0.65 0.132891 0.596121 0.157656 0.589369 0.180188 0.5994860000000001 0.186938 0.69715 0.24775 0.740935 0.326578 0.730818 0.42792199999999997 0.7274529999999999 0.529281 0.7510279999999999 0.614859 0.781332 0.623875 0.804907 0.619375 0.818388 0.610359 0.8352339999999999 0.599094 0.828481 0.578828 0.804907 0.565312 0.821752 0.436937 0.8150229999999999 0.378375 0.818388 0.340094 0.862173 0.290547 0.889112 0.25675 0.889112 0.22071900000000003 0.879019 0.193687 0.8520559999999999 0.166672 0.8150229999999999 0.148656 0.771238 0.11937500000000001 0.777967 0.07657810000000001 0.744299 0.058562499999999997 0.690421 0.058562499999999997 0.673575 0.105859 0.643271 0.130625 0.65 0.132891
50 0.940888 0.164047 0.907266 0.134828 0.863598 0.143813 0.856869 0.173031 0.856869 0.292141 0.860234 0.332578 0.8501639999999999 0.346062 0.8703040000000001 0.388766 0.8501639999999999 0.393266 0.84007 0.426969 0.853505 0.43370300000000006 0.887126 0.43370300000000006 0.9173600000000001 0.3955 0.9039250000000001 0.352813 0.937523 0.323594 0.9475929999999999 0.220219 0.92743 0.20224999999999999 0.92743 0.175281 0.940888 0.164047
50 0.301565 0.202875 0.29486 0.188563 0.29486 0.186172 0.298879 0.183484 0.293528 0.178109 0.293084 0.177516 0.285491 0.173641 0.277921 0.173937 0.270771 0.178719 0.270327 0.181703 0.274346 0.184984 0.275678 0.186469 0.272103 0.188859 0.263201 0.193938 0.264089 0.196609 0.266752 0.199297 0.268107 0.199297 0.266308 0.20139100000000001 0.266752 0.20407800000000004 0.268995 0.206766 0.268995 0.210047 0.269883 0.211234 0.270771 0.212141 0.271659 0.212141 0.3046960000000001 0.21303100000000003 0.30736 0.207063 0.3046960000000001 0.203484 0.301565 0.202875
50 0.275678 0.215984 0.275678 0.216578 0.273902 0.222844 0.277033 0.233891 0.276565 0.237172 0.29004904125693565 0.237172 0.293084 0.237172 0.293084 0.233594 0.297547 0.237172 0.30289699999999997 0.236875 0.310491 0.230609 0.3028589487995976 0.21923442048243308 0.30067799999999995 0.215984 0.275678 0.215984
50 0.280584 0.25 0.294416 0.24225 0.294416 0.241047 0.274346 0.241641 0.274346 0.241937 0.273902 0.261937 0.280584 0.25
50 0.103949 0.193719 0.100771 0.191453 0.0956075 0.188812 0.0932243 0.183641 0.0860981 0.180594 0.0791822 0.178141 0.07738320000000001 0.175359 0.0771963 0.173375 0.07542059999999999 0.169797 0.0674766 0.169531 0.0643224 0.171656 0.057570100000000006 0.177875 0.056588799999999995 0.181062 0.057570100000000006 0.184516 0.0625234 0.188359 0.0650935 0.189422 0.0680841 0.189812 0.0696729 0.191672 0.0648364 0.195406 0.0638318 0.200516 0.05974299999999999 0.20510900000000004 0.05974299999999999 0.210047 0.0628037 0.210219 0.075771 0.211063 0.101986 0.21242200000000003 0.103318 0.20879700000000004 0.103972 0.205484 0.103949 0.193719
50 0.0627336 0.21829700000000002 0.0651402 0.229953 0.0651402 0.250453 0.0699533 0.257484 0.0705374 0.258094 0.07388457048087133 0.25741295392784364 0.105093 0.251063 0.10119199999999999 0.236781 0.10268699999999999 0.229953 0.10028000000000001 0.222922 0.09752272307137415 0.21870071471832656 0.0960748 0.21648399999999998 0.0648364 0.216688 0.0627336 0.21829700000000002
50 0.0720561 0.279594 0.08257010000000001 0.279391 0.0870794 0.274562 0.088271 0.268734 0.08647200000000001 0.259297 0.091285 0.257891 0.0942757 0.260703 0.096986 0.268344 0.0972897 0.273563 0.0954907 0.276578 0.098785 0.281 0.105093 0.282203 0.109603 0.281203 0.11021 0.272156 0.108995 0.262109 0.1075 0.256484 0.107196 0.255672 0.102103 0.255672 0.0873598 0.257687 0.0714486 0.261906 0.074743 0.27075 0.0657243 0.274156 0.0606308 0.277781 0.0720561 0.279594
60 0.488435 0.9899530000000001 0.556051 0.9849219999999999 0.578598 0.9849219999999999 0.503458 0.856781 0.462126 0.8693440000000001 0.454603 0.874375 0.488435 0.9899530000000001
60 0.830327 0.992469 0.826565 0.979906 0.672523 0.8643280000000001 0.653738 0.8894529999999999 0.608645 0.8693440000000001 0.743902 0.997484 0.796495 1 0.830327 0.992469
60 0.826332 0.565156 0.820864 0.560266 0.809907 0.5615 0.805794 0.570953 0.808995 0.576453 0.820864 0.574313 0.823598 0.593547 0.8222429999999998 0.599656 0.778411 0.619188 0.778411 0.626812 0.923575 0.577063 0.9176400000000001 0.564234 0.9153825208636251 0.5616767725965545 0.9130610000000001 0.559047 0.9024782740446704 0.5621809449328634 0.826332 0.565156
60 0.678435 0.599953 0.620023 0.614 0.621846 0.617656 0.729579 0.594156 0.722734 0.582859 0.720444 0.583172 0.681192 0.592016 0.678435 0.599953
60 0.693061 0.645141 0.646495 0.660094 0.6880369999999999 0.664672 0.758318 0.636594 0.7487379999999999 0.628953 0.736869 0.630172 0.7346284894092965 0.6289291847583217 0.734136 0.628656 0.734136 0.628953 0.7015030217980184 0.6418139288164012 0.693061 0.645141
50 0.049602799999999996 0.21635900000000002 0.0585981 0.209797 0.0585981 0.199406 0.0520561 0.192859 0.0430841 0.185203 0.0439019 0.177563 0.039813100000000004 0.169359 0.0357243 0.167719 0.0259112 0.167719 0.0169393 0.170453 0.0136682 0.177016 0.0193692 0.184109 0.000584112 0.191766 0 0.206516 0.0046729 0.21143799999999996 0.0161215 0.211984 0.04471959999999999 0.21143799999999996 0.04799069999999999 0.21471900000000002 0.00794393 0.21581299999999998 0.017757 0.265531 0.0602336 0.26225 0.0430841 0.245859 0.049602799999999996 0.21635900000000002
50 0.0137617 0.275656 0.0175467 0.278906 0.0224065 0.2825 0.0358645 0.280703 0.048271 0.285031 0.0509579 0.278172 0.0633645 0.276375 0.0568925 0.264125 0.0218692 0.268078 0.0137617 0.275656
50 1 0.11729700000000001 0.985958 0.124719 0.992617 0.181047 0.9394159999999999 0.213672 0.932757 0.314484 0.948271 0.34265599999999996 0.921682 0.390094 0.8773359999999999 0.43901599999999996 0.901729 0.501297 0.937196 0.49981200000000003 0.923879 0.47460899999999995 1 0.397516 1 0.11729700000000001
50 0.931215 0.169641 0.9226169999999999 0.155281 0.895421 0.139016 0.8725229999999999 0.139969 0.85965 0.155281 0.851051 0.163906 0.849626 0.169641 0.871098 0.184969 0.8882709999999999 0.198359 0.893995 0.20315599999999998 0.911168 0.1955 0.931215 0.169641
60 1 0.490328 1 0.4868910000000001 0.931332 0.4868910000000001 0.931332 0.488422 0.9376169999999999 0.490703 1 0.490328
60 0.8623129999999999 0.487656 0.853762 0.48651600000000006 0.8149770000000001 0.48879700000000004 0.8092760000000001 0.493375 0.810421 0.499484 0.824673 0.49910899999999997 0.842921 0.496812 0.8771499999999999 0.494906 0.8737379999999999 0.489953 0.8623129999999999 0.487656
60 0.35014000000000006 0.601844 0.389182 0.595141 0.371332 0.575 0.342336 0.560078 0.344556 0.580219 0.341215 0.584688 0.343458 0.598859 0.35014000000000006 0.601844
60 0.272056 0.593641 0.323364 0.598859 0.32670599999999994 0.583953 0.272056 0.592156 0.272056 0.593641