80 0.266547 0.611816 0.27087500000000003 0.618413 0.275203 0.617599 0.275203 0.604384 0.278906 0.591148 0.288187 0.5952820000000001 0.298703 0.618413 0.307359 0.614301 0.29500000000000004 0.584551 0.307984 0.565532 0.31540599999999996 0.5713149999999999 0.320344 0.5862 0.329625 0.587015 0.333344 0.5688310000000001 0.330859 0.5581 0.331484 0.536618 0.327156 0.525031 0.320344 0.519248 0.30365600000000004 0.519248 0.285094 0.525031 0.27953100000000003 0.529165 0.274578 0.53 0.254797 0.53 0.24489100000000003 0.53 0.215828 0.53 0.205922 0.538267 0.200984 0.555616 0.202219 0.5671820000000001 0.20964100000000002 0.581232 0.21273399999999998 0.594468 0.21829700000000002 0.5952820000000001 0.222625 0.583716 0.222625 0.59858 0.22385899999999997 0.61263 0.228187 0.621733 0.233766 0.623382 0.23685900000000001 0.603549 0.233766 0.592797 0.24551599999999998 0.594468 0.266547 0.592797 0.266547 0.611816
80 0.544359 0.544509 0.546609 0.548998 0.548859 0.557516 0.545484 0.5650310000000001 0.542125 0.5650310000000001 0.5417500000000001 0.572025 0.54025 0.597557 0.54025 0.606576 0.563469 0.604071 0.563094 0.600564 0.566094 0.589061 0.569844 0.588058 0.574344 0.590564 0.594187 0.598058 0.6039380000000001 0.592067 0.608812 0.590564 0.610297 0.604071 0.629031 0.605073 0.621547 0.593549 0.6234219999999999 0.585553 0.6305310000000001 0.571524 0.645516 0.560021 0.647391 0.565532 0.654516 0.575031 0.654516 0.582046 0.661625 0.583048 0.666875 0.57904 0.6653749999999999 0.567035 0.663125 0.552004 0.6597500000000001 0.53499 0.661625 0.5249900000000001 0.6601250000000001 0.518476 0.654141 0.5249900000000001 0.6440159999999999 0.52048 0.6237969999999999 0.5249900000000001 0.616672 0.533486 0.605063 0.533486 0.592703 0.54 0.576578 0.53499 0.568344 0.529979 0.553359 0.53499 0.543609 0.543006 0.544359 0.544509
80 0.825469 0.603987 0.832797 0.605073 0.8340159999999999 0.597453 0.8340159999999999 0.584948 0.8401249999999999 0.569165 0.856016 0.573507 0.8584530000000001 0.5838409999999999 0.853969 0.59691 0.854781 0.606701 0.8584530000000001 0.60453 0.866187 0.5871190000000001 0.8665940000000001 0.57405 0.874328 0.568079 0.8771720000000001 0.5746140000000001 0.8763590000000001 0.5838409999999999 0.8755470000000001 0.5958249999999999 0.8836869999999999 0.60453 0.8906090000000001 0.562088 0.892656 0.557203 0.896312 0.5338 0.895094 0.514217 0.8975310000000001 0.502255 0.896312 0.493549 0.89225 0.487557 0.886141 0.49246300000000004 0.880844 0.496806 0.8755470000000001 0.511503 0.8747339999999999 0.512046 0.853969 0.509332 0.8364689999999999 0.508246 0.8275159999999999 0.509332 0.818547 0.513674 0.8128439999999999 0.527286 0.809594 0.5381630000000001 0.8136720000000001 0.578956 0.820172 0.5952820000000001 0.8193590000000001 0.57405 0.823438 0.603987 0.825469 0.603987
80 0.440984 0.610313 0.45075000000000004 0.582589 0.45196899999999995 0.585303 0.46989099999999995 0.59238 0.475187 0.592923 0.474781 0.596722 0.47314100000000003 0.602171 0.47314100000000003 0.607599 0.476 0.6081420000000001 0.482109 0.6081420000000001 0.48332800000000004 0.598894 0.486578 0.59238 0.49024999999999996 0.589645 0.494719 0.589645 0.49717200000000006 0.594008 0.497578 0.604342 0.498391 0.604342 0.503281 0.606514 0.509375 0.604342 0.5065310000000001 0.593466 0.510203 0.577683 0.511422 0.5689770000000001 0.5167029999999999 0.555929 0.523219 0.551566 0.527297 0.5543009999999999 0.535438 0.564635 0.539922 0.567891 0.543984 0.568434 0.54725 0.5629850000000001 0.548063 0.553737 0.544797 0.544509 0.5427660000000001 0.537975 0.541953 0.531983 0.536656 0.524363 0.536656 0.517307 0.533813 0.511858 0.530141 0.507516 0.524859 0.51023 0.518344 0.514572 0.508969 0.517307 0.49920299999999995 0.527098 0.487391 0.535261 0.476 0.535261 0.465 0.534697 0.46093799999999996 0.526013 0.44749999999999995 0.52547 0.438953 0.529812 0.43324999999999997 0.530898 0.42510899999999996 0.537432 0.416141 0.56572 0.41085900000000003 0.6092280000000001 0.440984 0.610313
10 0.763703 0.45893500000000004 0.760391 0.46261 0.76125 0.469562 0.762984 0.475532 0.771953 0.474196 0.777594 0.47129400000000005 0.778172 0.46801699999999996 0.777875 0.462025 0.770656 0.45739 0.765437 0.45853900000000003 0.763703 0.45893500000000004
10 0.647188 0.418998 0.641422 0.414843 0.636531 0.416033 0.636531 0.42135700000000004 0.636094 0.427286 0.637422 0.430835 0.647625 0.423132 0.647188 0.418998
10 0.610687 0.477996 0.616219 0.478664 0.617469 0.475094 0.6155470000000001 0.47263 0.6155470000000001 0.468142 0.614625 0.465344 0.613281 0.465344 0.609672 0.466242 0.6081719999999999 0.468601 0.6085 0.472505 0.610437 0.475094 0.610938 0.477557 0.610687 0.477996
10 0.66125 0.464509 0.663531 0.46359100000000003 0.662156 0.45995800000000003 0.658969 0.458434 0.658516 0.45386200000000004 0.658203 0.453549 0.65625 0.45964499999999997 0.66125 0.464509
10 0.693266 0.508497 0.694187 0.5074110000000001 0.694094 0.50643 0.694094 0.505699 0.694547 0.504342 0.696281 0.504113 0.695641 0.503361 0.6940000000000001 0.503132 0.693625 0.502276 0.692906 0.50215 0.692438 0.50263 0.690797 0.503862 0.690063 0.505324 0.690063 0.50618 0.690703 0.508747 0.6927190000000001 0.508747 0.693266 0.508497
10 0.725844 0.451461 0.726891 0.449228 0.727938 0.447537 0.727094 0.446138 0.725 0.445282 0.723109 0.446138 0.721641 0.448664 0.721641 0.45062599999999997 0.720797 0.45428 0.720375 0.457933 0.721844 0.459332 0.722687 0.458768 0.723531 0.457098 0.723109 0.45737 0.725625 0.45231699999999997 0.725844 0.451461
10 0.796 0.47411299999999995 0.7966409999999999 0.47158700000000003 0.7966409999999999 0.46933199999999997 0.794953 0.470188 0.7917970000000001 0.47158700000000003 0.79075 0.47215 0.789703 0.47524 0.790953 0.47720300000000004 0.7926409999999999 0.47833 0.794953 0.48114799999999996 0.7957970000000001 0.478058 0.7957970000000001 0.47580399999999995 0.796 0.47411299999999995
10 0.8153750000000001 0.435616 0.814953 0.43217099999999997 0.8133279999999999 0.43 0.810422 0.429582 0.81075 0.431023 0.811078 0.434175 0.8153750000000001 0.435616
10 0.5723130000000001 0.488706 0.573766 0.486117 0.576172 0.482902 0.579562 0.480313 0.579562 0.477098 0.579562 0.470647 0.581 0.464823 0.580516 0.464823 0.578109 0.464175 0.5766560000000001 0.467411 0.575203 0.475157 0.5698909999999999 0.482255 0.571828 0.486117 0.5723130000000001 0.488706
10 0.522219 0.438664 0.520406 0.439749 0.520203 0.44377900000000003 0.5260469999999999 0.443236 0.5284530000000001 0.443236 0.5290619999999999 0.438935 0.535703 0.436514 0.532484 0.43221299999999996 0.52725 0.434635 0.523828 0.439478 0.522219 0.438664
10 0.6275470000000001 0.46904 0.6268279999999999 0.46325700000000003 0.63 0.460731 0.630141 0.45881 0.624359 0.45977 0.6237809999999999 0.463048 0.623062 0.46691 0.619734 0.468852 0.617 0.472526 0.6178589999999999 0.47618 0.6222030000000001 0.47580399999999995 0.622922 0.47889400000000004 0.6235 0.483132 0.624219 0.48544899999999996 0.6247969999999999 0.484113 0.6247969999999999 0.480042 0.6247969999999999 0.476388 0.625094 0.475219 0.626672 0.47308999999999996 0.628266 0.470209 0.6275470000000001 0.46904
10 0.826 0.427912 0.822313 0.425344 0.820547 0.426639 0.8203910000000001 0.429624 0.821359 0.432422 0.8280939999999999 0.428998 0.826 0.427912
10 0.736484 0.522046 0.736969 0.516785 0.735016 0.513507 0.732062 0.511524 0.729109 0.510209 0.730094 0.51547 0.7325470000000001 0.5200629999999999 0.736484 0.5200629999999999 0.736484 0.522046