28 0.483875 0.507073 0.497359 0.505059 0.508141 0.486862 0.5162340000000001 0.525246 0.541844 0.513138 0.524312 0.511101 0.522969 0.47475399999999995 0.532406 0.446464 0.532406 0.426253 0.541844 0.40606600000000004 0.539141 0.375761 0.5364530000000001 0.351522 0.551266 0.341405 0.551266 0.325246 0.5364530000000001 0.31918 0.514875 0.31515200000000004 0.498703 0.321218 0.490625 0.333326 0.491969 0.343443 0.494656 0.33536299999999997 0.500047 0.347471 0.497359 0.367681 0.490625 0.383841 0.475797 0.4 0.454234 0.42829 0.444797 0.442436 0.434016 0.46060900000000005 0.42726600000000003 0.478782 0.419187 0.478782 0.40570300000000004 0.46667400000000003 0.404359 0.472717 0.40704700000000005 0.486862 0.412437 0.488899 0.423219 0.49899299999999996 0.434016 0.492927 0.44748400000000005 0.509087 0.46904700000000005 0.509087 0.45962500000000006 0.496979 0.46770300000000004 0.505059 0.483875 0.501007 0.483875 0.507073
76 0 0.46564399999999995 0.16095299999999998 0.43264600000000003 0.156828 0.245012 0.001375 0.263583 0 0.46564399999999995
76 0.290266 0.564333 0.409938 0.578759 0.401687 0.44267 0.28337500000000004 0.42824399999999996 0.290266 0.564333
20 0.767844 0.756464 0.7592190000000001 0.782319 0.769281 0.810351 0.782219 0.840515 0.786531 0.8663700000000001 0.7937190000000001 0.911639 0.795156 0.939649 0.812422 0.909485 0.8627499999999999 0.8814749999999999 0.865625 0.909485 0.867062 0.9331849999999999 0.89725 0.90733 0.89725 0.9267209999999999 0.905875 0.943958 0.9116250000000001 0.939649 0.9461410000000001 0.8232790000000001 0.961953 0.831897 0.967703 0.8232790000000001 0.9835309999999999 0.754309 0.957641 0.793115 0.9217029999999999 0.784473 0.9044380000000001 0.786628 0.8066720000000001 0.765082 0.800906 0.745691 0.780781 0.760773 0.767844 0.75 0.769281 0.765082 0.767844 0.756464
24 0.413766 0.538618 0.531172 0.64808 0.541188 0.731756 0.657172 0.811148 0.730187 0.7939809999999999 0.8003439999999999 0.751077 0.8132189999999999 0.7210300000000001 0.8604689999999999 0.70815 0.853313 0.615878 0.830406 0.5837 0.867625 0.540773 0.8705 0.420609 0.849016 0.39913299999999996 0.846156 0.381967 0.525453 0.289696 0.49824999999999997 0.304731 0.476766 0.39484800000000003 0.406609 0.4163 0.39371900000000004 0.43346599999999996 0.413766 0.538618
13 0.851625 0.560164 0.8533440000000001 0.547869 0.849469 0.534941 0.8481719999999999 0.49356 0.8365159999999999 0.48772800000000005 0.833062 0.5401170000000001 0.832203 0.542693 0.8339219999999999 0.5582199999999999 0.851625 0.558876 0.851625 0.560164
13 0.600031 0.9261590000000001 0.613797 0.940351 0.633172 0.940351 0.643078 0.928103 0.646953 0.844215 0.647813 0.815176 0.631031 0.8029040000000001 0.615531 0.8029040000000001 0.602172 0.815176 0.600031 0.922927 0.600031 0.9261590000000001
12 0.418344 0.253279 0.417734 0.218806 0.41142200000000007 0.217564 0.410203 0.217869 0.412437 0.220632 0.41284400000000004 0.252365 0.418344 0.253279
12 0.413922 0.296651 0.415344 0.296651 0.414875 0.263981 0.409781 0.26470699999999997 0.41025 0.296651 0.413922 0.296651
12 0.41270300000000004 0.30791599999999997 0.413859 0.339766 0.417609 0.339766 0.416906 0.30791599999999997 0.41270300000000004 0.30791599999999997
12 0.412953 0.35948499999999994 0.41565599999999997 0.362319 0.41565599999999997 0.38215499999999997 0.422687 0.38215499999999997 0.42242199999999996 0.349344 0.417016 0.34772800000000004 0.412953 0.350164 0.412953 0.35948499999999994
12 0.422359 0.336089 0.42603099999999994 0.336089 0.425031 0.307073 0.421359 0.308056 0.422359 0.336089
12 0.388359 0.318782 0.391766 0.31496500000000005 0.397734 0.31451999999999997 0.398578 0.313677 0.397156 0.310703 0.396594 0.30815 0.396875 0.30559699999999995 0.394313 0.30175599999999997 0.39290600000000003 0.300047 0.366484 0.30133499999999996 0.371031 0.32433300000000004 0.388359 0.318782
12 0.416547 0.297658 0.423438 0.29636999999999997 0.42215600000000003 0.262178 0.415266 0.262178 0.416547 0.297658
12 0.40715599999999996 0.297963 0.41032799999999997 0.298454 0.41017200000000004 0.265386 0.40525 0.265152 0.40715599999999996 0.297963
12 0.435562 0.216206 0.430109 0.217471 0.430813 0.250422 0.43739100000000003 0.249578 0.436266 0.216838 0.435562 0.216206
12 0.409375 0.30911 0.41017200000000004 0.341218 0.41381199999999996 0.338829 0.412859 0.308407 0.409375 0.30911
12 0.17685900000000002 0.538665 0.173141 0.535667 0.172719 0.537377 0.166563 0.539508 0.157422 0.541241 0.146562 0.542084 0.139266 0.539508 0.137984 0.541874 0.13784400000000002 0.543162 0.138844 0.5504450000000001 0.14156200000000002 0.558595 0.146 0.563817 0.158141 0.562248 0.179313 0.555878 0.18026599999999998 0.554333 0.180797 0.551335 0.180875 0.546393 0.178453 0.540281 0.17685900000000002 0.538665
54 0.900813 0.596651 0.9075469999999999 0.593724 0.913625 0.5888289999999999 0.9227339999999999 0.587213 0.926437 0.5888289999999999 0.926219 0.585574 0.9236090000000001 0.581991 0.906453 0.583958 0.899938 0.580703 0.894516 0.581991 0.893641 0.583302 0.895594 0.5933959999999999 0.900813 0.596651