52 0.771859 0.7735420000000001 0.7937190000000001 0.769062 0.820625 0.7757919999999999 0.855937 0.762333 0.852578 0.695063 0.896297 0.753354 0.881172 0.674896 0.9114380000000001 0.7331869999999999 0.89125 0.6435 0.948438 0.730938 0.9383440000000001 0.639021 0.982062 0.688333 0.94675 0.578479 0.966922 0.457396 0.918156 0.38564600000000004 0.879484 0.405833 0.8508910000000001 0.43272900000000003 0.820625 0.44843700000000003 0.758406 0.508958 0.726453 0.587438 0.707953 0.634521 0.699547 0.708521 0.755047 0.757854 0.755047 0.695063 0.758406 0.683854 0.773547 0.7174790000000001 0.771859 0.7735420000000001
76 0.582141 0.47775 0.592922 0.329917 0.46201600000000004 0.313479 0.45585899999999996 0.321688 0.451234 0.461333 0.582141 0.47775
22 0.42742199999999997 0.767875 0.446781 0.795833 0.354844 0.8302499999999999 0.346781 0.881854 0.364516 0.886167 0.37257799999999996 0.860354 0.46129699999999996 0.8195 0.49354699999999996 0.8904580000000001 0.498391 0.927021 0.519359 0.935625 0.520969 0.9162710000000001 0.520969 0.896917 0.488703 0.823792 0.558063 0.80875 0.558063 0.834542 0.574188 0.834542 0.574188 0.793688 0.474188 0.791542 0.47742199999999996 0.770042 0.588703 0.707667 0.6016090000000001 0.7141249999999999 0.603219 0.7012079999999999 0.5919380000000001 0.673271 0.582266 0.6625 0.583875 0.6195 0.5354840000000001 0.60875 0.537094 0.615187 0.508063 0.602292 0.490328 0.6001460000000001 0.490328 0.552833 0.479031 0.5399379999999999 0.458063 0.535625 0.437094 0.535625 0.40967200000000004 0.542083 0.390328 0.544229 0.374188 0.518417 0.353219 0.48831199999999997 0.34193799999999996 0.494771 0.327422 0.499063 0.395156 0.7184170000000001 0.42742199999999997 0.767875
22 0.967875 0.530438 0.971453 0.5344169999999999 0.9999840000000001 0.497146 0.9999840000000001 0.416313 0.99225 0.407583 0.989875 0.39808299999999996 0.9857189999999999 0.3735 0.980359 0.34497900000000004 0.9720470000000001 0.32675 0.963125 0.323563 0.96075 0.3315 0.969063 0.37033299999999997 0.972641 0.41868700000000003 0.9791719999999999 0.436125 0.989875 0.448021 0.964906 0.5312290000000001 0.967875 0.530438
42 0.586516 0.503375 0.660672 0.528083 0.702813 0.5011249999999999 0.7095469999999999 0.40897900000000004 0.6387660000000001 0.38877100000000003 0.630344 0.47191700000000003 0.583141 0.5011249999999999 0.586516 0.503375
45 0.567828 0.5247499999999999 0.562281 0.530562 0.562672 0.541646 0.572187 0.547979 0.582484 0.543229 0.591594 0.53425 0.589219 0.5268539999999999 0.584859 0.524208 0.584469 0.523687 0.5753440000000001 0.521583 0.567828 0.5247499999999999
39 0.439719 0.49916699999999997 0.453578 0.501479 0.456172 0.501479 0.471766 0.504938 0.48043800000000003 0.506083 0.489969 0.5107079999999999 0.509891 0.521104 0.531547 0.521104 0.540219 0.519958 0.548016 0.519958 0.564469 0.511875 0.575734 0.498 0.571406 0.486458 0.543672 0.47952100000000003 0.522891 0.47258300000000003 0.495156 0.470271 0.47437500000000005 0.469125 0.45790600000000004 0.465667 0.444906 0.4645 0.43624999999999997 0.463354 0.431922 0.47258300000000003 0.424984 0.484146 0.425844 0.493375 0.434516 0.492229 0.439719 0.49916699999999997
24 0.0016718796875 0.9129579999999999 0.0033593703125 0.980083 0.00503125 0.9890209999999999 0.10234399999999999 0.984562 0.21812499999999999 0.977854 0.21812499999999999 0.859271 0.10906199999999999 0.740708 0.00503125 0.6892499999999999 0.0016718796875 0.9129579999999999
12 0.9797499999999999 0.299854 0.981984 0.299854 0.989047 0.283958 0.990672 0.254583 0.9930939999999999 0.25268799999999997 0.9930939999999999 0.243271 0.983187 0.2465 0.9781409999999999 0.297167 0.9797499999999999 0.299854
12 0.992078 0.0936042 0.9914999999999999 0.08627080000000001 0.990047 0.08627080000000001 0.986 0.08664580000000001 0.9844060000000001 0.0883958 0.9825160000000001 0.0951458 0.9825160000000001 0.10074999999999999 0.980203 0.142479 0.9878750000000001 0.14479199999999998 0.989766 0.14285399999999998 0.989766 0.142083 0.9916410000000001 0.09554170000000001 0.992078 0.0936042
12 0.9680160000000001 0.29810400000000004 0.9785780000000001 0.29660400000000003 0.983094 0.24179199999999998 0.970656 0.240792 0.9664999999999999 0.245312 0.9672660000000001 0.297104 0.9680160000000001 0.29810400000000004
12 0.964656 0.29370799999999997 0.968125 0.240958 0.965687 0.240042 0.9604839999999999 0.242812 0.956672 0.29556299999999996 0.964656 0.29370799999999997
12 0.970203 0.372833 0.970203 0.371437 0.961984 0.33070799999999995 0.959672 0.331542 0.9649369999999999 0.372833 0.9687340000000001 0.373958 0.970203 0.372833
12 0.971453 0.221417 0.988844 0.22687500000000002 0.994984 0.170937 0.993953 0.16956300000000002 0.9775940000000001 0.16956300000000002 0.971453 0.221417
12 0.9560470000000001 0.219937 0.9710000000000001 0.221625 0.978375 0.16741699999999998 0.962359 0.165458 0.9560470000000001 0.219937
12 0.996359 0.224333 0.998547 0.179021 0.9941720000000001 0.179229 0.993688 0.187583 0.993844 0.185708 0.9914999999999999 0.224542 0.996359 0.224333
12 0.98375 0.298354 0.995969 0.296396 0.999563 0.252 0.999563 0.248354 0.9938750000000001 0.248354 0.992188 0.255375 0.9892340000000001 0.28739600000000004 0.98375 0.298354
12 0.963156 0.0893333 0.962016 0.143125 0.972203 0.144625 0.971078 0.143125 0.974469 0.0883125 0.963156 0.0893333
12 0.996922 0.09754170000000001 0.994078 0.14024999999999999 0.999062 0.141917 1 0.09824999999999999 0.997109 0.09777079999999999 0.996922 0.09754170000000001
12 0.978828 0.142833 0.982344 0.0875 0.974672 0.0875 0.971484 0.142417 0.9778589999999999 0.142833 0.978828 0.142833
39 0.689141 0.499875 0.626328 0.477146 0.608547 0.485917 0.607094 0.488188 0.668453 0.510583 0.689141 0.499875
12 0.9632189999999999 0.402063 0.960047 0.403125 0.9412499999999999 0.43277099999999996 0.9454840000000001 0.43383299999999997 0.946016 0.439125 0.9650779999999999 0.409125 0.9632189999999999 0.402063