9 0.43065600000000004 0.596958 0.435344 0.579146 0.433531 0.569542 0.433531 0.57675 0.424875 0.588771 0.417656 0.590229 0.416937 0.567125 0.41189099999999995 0.567125 0.397094 0.564729 0.395641 0.569542 0.41079699999999997 0.575792 0.41332800000000003 0.585896 0.41332800000000003 0.597437 0.419109 0.599854 0.419109 0.603687 0.418016 0.610437 0.4154999999999999 0.616687 0.413687 0.617646 0.407922 0.619583 0.403937 0.6215 0.398891 0.632083 0.398531 0.645563 0.399969 0.657583 0.402141 0.670104 0.408641 0.678292 0.414766 0.683583 0.421266 0.680208 0.43065600000000004 0.668188 0.43209400000000003 0.652292 0.42956300000000003 0.637375 0.422344 0.622458 0.423078 0.616208 0.441484 0.644604 0.44075 0.626312 0.437516 0.610437 0.427766 0.601771 0.43065600000000004 0.596958
9 0.455187 0.655188 0.458078 0.660479 0.458078 0.66625 0.4515779999999999 0.668188 0.454109 0.679729 0.459156 0.686938 0.467469 0.69175 0.475406 0.689833 0.474313 0.685021 0.471438 0.677792 0.472875 0.6725 0.475406 0.667208 0.479734 0.662875 0.48875 0.663375 0.48875 0.646042 0.48370300000000005 0.637375 0.474313 0.624875 0.46529699999999996 0.622458 0.46493799999999996 0.617646 0.458797 0.614771 0.44832799999999995 0.606583 0.452313 0.627271 0.455187 0.655188
50 0.359594 0.5390619999999999 0.360359 0.5335420000000001 0.362609 0.522479 0.363 0.5310210000000001 0.3645 0.5390619999999999 0.369406 0.540083 0.371297 0.531521 0.37015600000000004 0.516937 0.37015600000000004 0.505875 0.368656 0.497833 0.36676600000000004 0.490792 0.365641 0.48175 0.364125 0.479229 0.360359 0.477729 0.358844 0.48175 0.356578 0.487271 0.355828 0.490292 0.35356299999999996 0.49381200000000003 0.35318700000000003 0.500854 0.356578 0.506375 0.356203 0.511417 0.356578 0.540083 0.360734 0.541083 0.359594 0.5390619999999999
50 0.454453 0.644917 0.45817199999999997 0.615083 0.454453 0.5927290000000001 0.45257800000000004 0.577813 0.47184400000000004 0.554625 0.468734 0.5339170000000001 0.45196899999999995 0.499146 0.445125 0.485896 0.438922 0.467667 0.427109 0.470146 0.421531 0.47760400000000003 0.42276600000000003 0.495833 0.412203 0.516542 0.402891 0.565396 0.40848399999999996 0.576167 0.417172 0.548833 0.4265 0.524813 0.43706300000000003 0.541375 0.435813 0.584437 0.440156 0.634146 0.441406 0.649875 0.435813 0.667271 0.434578 0.6697500000000001 0.45320299999999997 0.666438 0.454453 0.644917
50 0.12357800000000001 0.585167 0.127688 0.57225 0.11829700000000001 0.560875 0.11740600000000001 0.5549999999999999 0.130047 0.541292 0.13181199999999998 0.536583 0.12593700000000002 0.523667 0.12681199999999998 0.519354 0.12417199999999999 0.508771 0.118 0.50525 0.118 0.498208 0.109766 0.496229 0.10682799999999999 0.502896 0.110953 0.509958 0.10918699999999999 0.527979 0.10771900000000001 0.5538329999999999 0.108016 0.5651879999999999 0.11329700000000001 0.573417 0.106531 0.584396 0.108891 0.5855619999999999 0.118875 0.585167 0.12357800000000001 0.585167
50 0.14314100000000002 0.483875 0.137688 0.488021 0.13871899999999998 0.498042 0.142094 0.5015 0.142094 0.510146 0.137953 0.529875 0.140016 0.5385209999999999 0.140281 0.5440419999999999 0.13925 0.561688 0.1325 0.577938 0.12368699999999999 0.578979 0.126797 0.584854 0.13639099999999998 0.590375 0.13820300000000002 0.583125 0.141578 0.5765619999999999 0.150141 0.5533750000000001 0.159469 0.5775830000000001 0.15687500000000001 0.585896 0.167781 0.5838129999999999 0.165187 0.56825 0.159219 0.546458 0.16 0.541979 0.158438 0.509458 0.154547 0.498042 0.154281 0.493208 0.147031 0.48491700000000004 0.14314100000000002 0.483875
50 0.160047 0.488083 0.154234 0.488083 0.15375 0.499688 0.158109 0.507437 0.159562 0.530021 0.160047 0.543583 0.160047 0.552604 0.166828 0.572625 0.169734 0.562937 0.176016 0.571979 0.178437 0.584875 0.181828 0.584229 0.18425 0.573271 0.180859 0.565521 0.170703 0.5513119999999999 0.176016 0.539708 0.176984 0.5255 0.171187 0.506146 0.16392199999999998 0.500333 0.160047 0.495813 0.160047 0.488083
50 0.522391 0.465875 0.514609 0.465542 0.516422 0.475917 0.510719 0.48074999999999996 0.5127970000000001 0.49458300000000005 0.514344 0.512229 0.515125 0.519479 0.51875 0.520167 0.519531 0.514979 0.5221250000000001 0.517417 0.521875 0.5374580000000001 0.5255 0.546104 0.528609 0.5429999999999999 0.5265310000000001 0.535729 0.5265310000000001 0.514292 0.528609 0.507729 0.531203 0.48524999999999996 0.522906 0.475208 0.5221250000000001 0.466229 0.522391 0.465875
9 0.256656 0.52675 0.256656 0.530625 0.257141 0.5312709999999999 0.256172 0.538375 0.253266 0.546104 0.252297 0.553208 0.250359 0.5545000000000001 0.247938 0.548042 0.248422 0.5422499999999999 0.248906 0.5409579999999999 0.246484 0.5345 0.243094 0.5435420000000001 0.242609 0.5525629999999999 0.245031 0.557083 0.24987499999999999 0.557729 0.25423399999999996 0.557083 0.256172 0.5493330000000001 0.259063 0.557729 0.259063 0.559021 0.264875 0.5564370000000001 0.264875 0.550625 0.265844 0.544167 0.262453 0.5351459999999999 0.265844 0.515146 0.265359 0.513208 0.257625 0.5177080000000001 0.25375000000000003 0.521583 0.256656 0.52675
59 0.480406 0.660104 0.466578 0.667271 0.466578 0.679562 0.479641 0.699021 0.518813 0.727688 0.5533750000000001 0.756375 0.564891 0.758417 0.566437 0.7379370000000001 0.564891 0.7195 0.541078 0.699021 0.495766 0.667271 0.480406 0.660104
50 0.631609 0.38677100000000003 0.596313 0.434812 0.580141 0.427937 0.565438 0.428917 0.560297 0.441667 0.564703 0.466188 0.576469 0.479896 0.583812 0.486771 0.5875 0.492646 0.596313 0.529896 0.586766 0.543625 0.561766 0.557354 0.5610310000000001 0.5916669999999999 0.547063 0.592646 0.539703 0.6014579999999999 0.546328 0.609313 0.558828 0.613229 0.569844 0.6181249999999999 0.577203 0.6181249999999999 0.580875 0.577938 0.602938 0.575979 0.604406 0.584792 0.591906 0.626958 0.579406 0.708333 0.566906 0.732833 0.563234 0.743625 0.5713280000000001 0.7475419999999999 0.584562 0.743625 0.594109 0.7230209999999999 0.600734 0.7043959999999999 0.6125 0.6367499999999999 0.643375 0.575979 0.649266 0.556375 0.644844 0.526958 0.640437 0.515188 0.6375 0.509312 0.6375 0.49166699999999997 0.6264689999999999 0.475979 0.619109 0.447542 0.634547 0.418146 0.640437 0.395583 0.6477809999999999 0.380896 0.653672 0.361271 0.631609 0.37010400000000004 0.631609 0.38677100000000003
50 0.38651599999999997 0.500542 0.390734 0.495292 0.391188 0.488104 0.38849999999999996 0.480917 0.385344 0.478521 0.384 0.47312499999999996 0.381312 0.46954199999999996 0.376359 0.47133299999999995 0.377719 0.47912499999999997 0.379516 0.47970799999999997 0.376359 0.4845 0.375016 0.495896 0.376359 0.507271 0.375016 0.516854 0.374563 0.532417 0.376359 0.538417 0.378156 0.536021 0.379953 0.513854 0.38310900000000003 0.51325 0.38310900000000003 0.521646 0.38354699999999997 0.535417 0.38354699999999997 0.5378120000000001 0.384906 0.537208 0.38651599999999997 0.537687 0.38651599999999997 0.5115419999999999 0.38651599999999997 0.500542
50 0.260969 0.565542 0.26334399999999997 0.565146 0.26720299999999997 0.56475 0.269297 0.562771 0.269297 0.559208 0.270781 0.547729 0.271672 0.5485209999999999 0.275828 0.551292 0.279094 0.5568329999999999 0.280281 0.559604 0.28235899999999997 0.562771 0.283844 0.560396 0.285625 0.556042 0.285031 0.551292 0.277906 0.546146 0.274641 0.541771 0.276125 0.533062 0.277609 0.525937 0.277312 0.5077079999999999 0.276422 0.500188 0.274938 0.497021 0.27404700000000004 0.493458 0.27375 0.48910400000000004 0.26840600000000003 0.4875 0.26453099999999996 0.48791700000000005 0.263937 0.489896 0.265125 0.493458 0.26810900000000004 0.498604 0.26781299999999997 0.502958 0.265422 0.510479 0.264828 0.514833 0.26423399999999997 0.52 0.264828 0.527521 0.264828 0.533458 0.263937 0.5374169999999999 0.263047 0.540979 0.26275 0.547729 0.26275 0.555646 0.261563 0.5619789999999999 0.260969 0.565542
50 0.330375 0.550687 0.330375 0.5516869999999999 0.332641 0.552354 0.334641 0.5516869999999999 0.336406 0.553354 0.339922 0.553354 0.341172 0.5516869999999999 0.340922 0.547333 0.341422 0.545 0.340922 0.5372920000000001 0.340672 0.523583 0.340922 0.514875 0.340922 0.5105419999999999 0.341922 0.5035000000000001 0.340922 0.492458 0.338406 0.490458 0.33865599999999996 0.486438 0.337656 0.48410400000000003 0.335656 0.48141700000000004 0.332391 0.48141700000000004 0.331125 0.485104 0.332391 0.487771 0.332391 0.49112500000000003 0.330875 0.493479 0.328625 0.496479 0.327625 0.500833 0.328625 0.506521 0.328875 0.511875 0.328625 0.517896 0.328375 0.527937 0.329125 0.5349579999999999 0.330875 0.544333 0.330875 0.549687 0.330375 0.550687
50 0.655781 0.5523330000000001 0.656937 0.530083 0.657219 0.5331670000000001 0.658656 0.5435 0.663844 0.55425 0.664703 0.546958 0.662687 0.539667 0.660094 0.519729 0.659812 0.506313 0.66125 0.492521 0.659234 0.490979 0.659234 0.486771 0.656641 0.481771 0.651188 0.48216699999999996 0.650312 0.486771 0.6497499999999999 0.490208 0.646875 0.496354 0.6448590000000001 0.501333 0.637953 0.504021 0.642266 0.509 0.6480159999999999 0.5082289999999999 0.652047 0.540063 0.652047 0.551562 0.655781 0.554625 0.655781 0.5523330000000001
50 0.318969 0.549458 0.31934399999999996 0.5499580000000001 0.323766 0.5499580000000001 0.327469 0.549458 0.330422 0.548479 0.330047 0.5415829999999999 0.330047 0.514521 0.330047 0.500729 0.330047 0.496312 0.330047 0.492375 0.330047 0.488437 0.329672 0.485479 0.327828 0.480562 0.32525 0.47760400000000003 0.32267199999999996 0.477125 0.320453 0.480562 0.320453 0.483521 0.320453 0.487458 0.320453 0.489917 0.320453 0.491875 0.320078 0.495813 0.320078 0.50025 0.320453 0.506646 0.321563 0.515 0.32267199999999996 0.520917 0.32267199999999996 0.534687 0.321188 0.547 0.318969 0.549458
50 0.32071900000000003 0.478083 0.315906 0.475125 0.312953 0.479063 0.31110899999999997 0.486458 0.306656 0.487938 0.305188 0.507687 0.305547 0.5205 0.306297 0.532354 0.308141 0.551583 0.316281 0.552583 0.319984 0.524937 0.321828 0.517062 0.319984 0.488437 0.321094 0.488937 0.318875 0.48350000000000004 0.32071900000000003 0.478083