27 1 0.906542 0.9966250000000001 0.856979 0.998312 0.818688 0.994938 0.760125 0.9966250000000001 0.706083 0.994938 0.661042 0.994938 0.61825 0.984797 0.597979 0.981422 0.597979 0.947641 0.611479 0.918922 0.63175 0.8716250000000001 0.661042 0.814188 0.679063 0.758453 0.681312 0.729734 0.681312 0.6993280000000001 0.6745420000000001 0.711156 0.672292 0.706078 0.667792 0.69425 0.672292 0.69425 0.730854 0.69425 0.764646 0.692562 0.7961670000000001 0.673984 0.836708 0.665547 0.8457290000000001 0.625 0.863729 0.597969 0.86825 0.5506719999999999 0.888521 0.479734 0.931312 0.457766 0.958333 0.459453 0.980854 0.478047 0.989875 0.508453 0.9876039999999999 0.56925 0.980854 0.660469 0.9831040000000001 0.7162189999999999 0.9876039999999999 0.790547 0.9876039999999999 0.8496560000000001 0.9831040000000001 0.9070940000000001 0.9831040000000001 0.908781 0.9831040000000001 0.972969 0.978604 0.994938 0.9831040000000001 1 0.971854 1 0.935813 1 0.906542
50 0.677531 0.0045000000000000005 0.369094 0.0112292 0.434828 0.0494375 0.460109 0.16179200000000002 0.49718799999999996 0.294375 0.510672 0.292125 0.584828 0.233708 0.623594 0.2 0.684266 0.18202100000000002 0.684266 0.15731299999999998 0.679219 0.125833 0.684266 0.008979170833333333 0.677531 0.0045000000000000005
29 0.278844 0.885687 0.311219 0.846688 0.3025 0.828417 0.263281 0.802687 0.226547 0.803521 0.199766 0.8176249999999999 0.177984 0.830083 0.15370299999999998 0.859958 0.130047 0.9164169999999999 0.13378099999999998 0.9164169999999999 0.13999999999999999 0.933833 0.278844 0.885687
29 0.308109 0.82675 0.306375 0.814042 0.30378099999999997 0.801333 0.29771899999999996 0.778229 0.29598399999999997 0.769 0.290781 0.763208 0.280391 0.75975 0.261328 0.7551249999999999 0.24659399999999998 0.7551249999999999 0.22667199999999998 0.752812 0.214547 0.753979 0.197219 0.75975 0.17468699999999998 0.772458 0.160828 0.7874789999999999 0.150422 0.800187 0.136563 0.8302080000000001 0.12790600000000002 0.8579380000000001 0.11923399999999999 0.887979 0.121828 0.898375 0.131359 0.909917 0.134828 0.9053129999999999 0.138297 0.899521 0.141766 0.891437 0.146094 0.885667 0.15476600000000001 0.876417 0.164281 0.864875 0.172094 0.852167 0.179891 0.8371460000000001 0.191141 0.824438 0.205016 0.816354 0.237937 0.811729 0.256984 0.8105829999999999 0.27604700000000004 0.8128960000000001 0.29425 0.820979 0.308969 0.8371460000000001 0.308109 0.82675
29 0.35225 0.8 0.369094 0.788771 0.414609 0.779771 0.438203 0.755062 0.436516 0.7460629999999999 0.434828 0.743812 0.416297 0.737083 0.387641 0.7573120000000001 0.364047 0.761792 0.348875 0.7955 0.35225 0.8
29 0.558469 0.687625 0.556828 0.691458 0.558469 0.691458 0.560109 0.691458 0.564203 0.690375 0.569953 0.687625 0.571172 0.686542 0.585109 0.683813 0.593313 0.681625 0.602734 0.6805420000000001 0.605187 0.6805420000000001 0.618719 0.6805420000000001 0.623219 0.6805420000000001 0.629375 0.682708 0.637156 0.6859999999999999 0.643719 0.684354 0.6441250000000001 0.681625 0.642891 0.675604 0.642891 0.670146 0.645359 0.660312 0.644937 0.657583 0.640437 0.6543119999999999 0.631016 0.645563 0.627734 0.643917 0.618313 0.637917 0.616672 0.635188 0.6121559999999999 0.629708 0.608063 0.6269790000000001 0.6019059999999999 0.622604 0.5965779999999999 0.622604 0.590437 0.623146 0.587156 0.623146 0.5789690000000001 0.623146 0.558469 0.687625
29 0.52925 0.7254579999999999 0.5364690000000001 0.7266670000000001 0.5915619999999999 0.7579790000000001 0.672859 0.708604 0.671953 0.7013750000000001 0.655687 0.690542 0.639437 0.688125 0.606016 0.6785 0.577109 0.688125 0.547312 0.700167 0.524734 0.72425 0.52925 0.7254579999999999
29 0.698937 0.480125 0.693125 0.496271 0.68925 0.514979 0.690219 0.5395 0.700875 0.597583 0.724094 0.613708 0.752656 0.616292 0.784125 0.609188 0.813156 0.603396 0.838328 0.5846669999999999 0.851875 0.562083 0.8542970000000001 0.535625 0.8494529999999999 0.516271 0.841719 0.493042 0.838328 0.47818700000000003 0.815094 0.458188 0.796219 0.450437 0.778797 0.444646 0.7575000000000001 0.444646 0.733781 0.447208 0.713938 0.45625 0.703297 0.47175 0.698937 0.480125
29 0.794562 0.45075000000000004 0.815281 0.45845800000000003 0.8388909999999999 0.47964599999999996 0.848531 0.512417 0.854313 0.530417 0.8687659999999999 0.549687 0.886109 0.563167 0.9102029999999999 0.540917 0.9256249999999999 0.522292 0.940563 0.49787499999999996 0.942 0.481813 0.945375 0.458042 0.940078 0.436208 0.928031 0.413062 0.9155 0.398938 0.901531 0.389937 0.8904529999999999 0.386729 0.870703 0.384167 0.848531 0.382229 0.832156 0.385437 0.8066090000000001 0.396375 0.78975 0.41370799999999996 0.771922 0.441979 0.794562 0.45075000000000004
50 0.542703 0.38427100000000003 0.510672 0.43370800000000004 0.396062 0.523604 0.310109 0.5752710000000001 0.267984 0.6179790000000001 0.274719 0.631458 0.283141 0.635958 0.279781 0.658417 0.28482799999999997 0.669667 0.29326599999999997 0.671917 0.301687 0.667417 0.332016 0.642687 0.35562499999999997 0.620229 0.29326599999999997 0.730333 0.294937 0.7573120000000001 0.313484 0.7573120000000001 0.316859 0.748313 0.37584399999999996 0.6786460000000001 0.40112500000000006 0.669667 0.37584399999999996 0.743812 0.37584399999999996 0.755062 0.42640599999999995 0.737083 0.429781 0.714604 0.46179699999999996 0.6808960000000001 0.475281 0.683146 0.456734 0.737083 0.44326600000000005 0.7595419999999999 0.527531 0.725833 0.556187 0.689896 0.603375 0.552813 0.628656 0.525833 0.8140470000000001 0.37527099999999997 0.830906 0.377521 0.9977499999999999 0.24045799999999998 0.999437 0.0045000000000000005 0.8595470000000001 0.0022500000000000003 0.716297 0.175271 0.542703 0.38427100000000003
29 0.459547 0.740104 0.47735900000000003 0.701667 0.48329700000000003 0.673417 0.456156 0.6869789999999999 0.442594 0.702813 0.436656 0.735583 0.459547 0.740104