53 0.928364 0.9722500000000001 0.988107 0.984844 1 0.356 0.968201 0.356 0.928364 0.9722500000000001
26 0.721589 0.42473400000000006 0.7121959999999999 0.426719 0.7062379999999999 0.43068799999999996 0.7047659999999999 0.440297 0.6973360000000001 0.442938 0.6963550000000001 0.44790599999999997 0.701308 0.459812 0.713668 0.46710900000000005 0.754743 0.453859 0.754252 0.44757800000000003 0.745841 0.43631200000000003 0.737921 0.43201599999999996 0.729019 0.432672 0.7270329999999999 0.425391 0.721589 0.42473400000000006
26 0.636776 0.44326600000000005 0.6338320000000001 0.449437 0.6338320000000001 0.4545 0.6392990000000001 0.46151600000000004 0.647266 0.466859 0.6577799999999999 0.46517200000000003 0.689696 0.452531 0.6917989999999999 0.450563 0.690117 0.44409400000000004 0.6850700000000001 0.436516 0.676682 0.432859 0.668692 0.43342200000000003 0.66785 0.42725 0.664065 0.42471899999999996 0.653575 0.426687 0.643925 0.43201599999999996 0.643084 0.44045300000000004 0.636776 0.44326600000000005
26 0.41894899999999996 0.455875 0.457804 0.468766 0.459299 0.46835899999999997 0.46170599999999995 0.46796899999999997 0.465023 0.46675000000000005 0.46864500000000003 0.46414099999999997 0.476168 0.458094 0.476776 0.455672 0.47887900000000005 0.451453 0.476168 0.445406 0.467126 0.440781 0.46231300000000003 0.439156 0.462921 0.43815600000000005 0.462921 0.43332800000000005 0.46020999999999995 0.430094 0.45567799999999997 0.423656 0.451168 0.421641 0.446963 0.42204699999999995 0.444556 0.42385900000000004 0.44303699999999996 0.425469 0.44273399999999996 0.429094 0.442126 0.433125 0.439136 0.434328 0.431285 0.43573399999999995 0.425584 0.43876600000000004 0.42105099999999995 0.441984 0.418645 0.446016 0.41894899999999996 0.453469 0.41894899999999996 0.455875
26 0.48565400000000003 0.45521900000000004 0.529159 0.470078 0.533598 0.46651600000000004 0.53715 0.46175 0.543364 0.457 0.544252 0.44631299999999996 0.530935 0.439781 0.530047 0.42968799999999996 0.522056 0.424937 0.515841 0.425531 0.513178 0.42612500000000003 0.510514 0.430875 0.50785 0.434438 0.5042989999999999 0.434438 0.497196 0.43562500000000004 0.49275699999999995 0.44096900000000006 0.48476600000000003 0.45284399999999997 0.48565400000000003 0.45521900000000004
58 0.814089 0.617969 0.6722199999999999 0.601187 0.625911 0.605703 0.42422899999999997 0.6121559999999999 0.399136 0.616672 0.41747700000000004 0.623125 0.5323129999999999 0.645078 0.5323129999999999 0.646359 0.814089 0.626359 0.814089 0.617969
13 0.501706 0.614563 0.5069859999999999 0.613094 0.505234 0.583094 0.49556100000000003 0.578672 0.49467300000000003 0.567797 0.493364 0.567797 0.493785 0.565141 0.488949 0.561906 0.485888 0.566031 0.485444 0.570141 0.48324799999999996 0.581328 0.473995 0.587797 0.473131 0.612797 0.501706 0.614563
41 0.7350230000000001 0.556531 0.753902 0.538781 0.751098 0.5370779999999999 0.747009 0.537594 0.729673 0.554484 0.7350230000000001 0.556531
41 0.7426870000000001 0.559531 0.7628739999999999 0.541516 0.763551 0.5382659999999999 0.76035 0.537578 0.75479 0.538938 0.7376400000000001 0.555469 0.7426870000000001 0.559531
41 0.7578739999999999 0.555297 0.764276 0.549719 0.771215 0.548984 0.778715 0.544156 0.779276 0.536906 0.7709349999999999 0.537281 0.7542760000000001 0.5543750000000001 0.7578739999999999 0.555297
41 0.787243 0.551656 0.786402 0.549141 0.779673 0.548016 0.7595090000000001 0.5676720000000001 0.769579 0.568797 0.7876639999999999 0.552781 0.787243 0.551656
41 0.774206 0.553797 0.773645 0.547781 0.76979 0.5494060000000001 0.7648130000000001 0.549891 0.7600929999999999 0.554359 0.762664 0.5547500000000001 0.749416 0.565609 0.755678 0.567406 0.7692289999999999 0.554938 0.774206 0.553797
41 0.736168 0.585094 0.736449 0.587875 0.742547 0.589172 0.744206 0.586391 0.7444860000000001 0.583609 0.751402 0.579531 0.753902 0.575469 0.7572200000000001 0.574531 0.758061 0.571016 0.756659 0.569531 0.753902 0.569719 0.7383879999999999 0.582688 0.736168 0.585094
48 0 0.9770160000000001 0.0331075 0.996281 0.402266 0.9445 0.402266 0.6494530000000001 0.28521 0.610922 0.28521 0.588047 0.278014 0.5495 0.0007009345794392523 0.554328 0 0.9770160000000001
43 0.9500230000000001 0.614187 0.954136 0.557906 0.857664 0.547609 0.839182 0.5496719999999999 0.8371259999999999 0.6025159999999999 0.9418219999999999 0.61625 0.9500230000000001 0.614187
41 0.759393 0.5699690000000001 0.749673 0.581 0.7448130000000001 0.5849059999999999 0.7448130000000001 0.588156 0.749673 0.5875 0.7647200000000001 0.571922 0.759393 0.5699690000000001
41 0.7637619999999999 0.573937 0.76257 0.576094 0.750794 0.587141 0.763458 0.5873280000000001 0.7761450000000001 0.575313 0.7790889999999999 0.574516 0.780864 0.571766 0.777897 0.568609 0.770841 0.5690000000000001 0.7714249999999999 0.5690000000000001 0.765818 0.571562 0.7637619999999999 0.573937