24 0.86612 0.74408 0.7742 0.703227 0.7290400000000001 0.698933 0.7629 0.623653 0.79678 0.50968 0.84838 0.40645299999999995 0.66774 0.427947 0.66936 0.481733 0.69354 0.51184 0.70484 0.574187 0.71774 0.623653 0.68388 0.67096 0.6758 0.694613 0.63388 0.696773 0.55646 0.754827 0.5742 0.8516 0.85162 0.894613 0.86612 0.74408
24 0.28064 0.664507 0.21452 0.70968 0.18064 0.705387 0.16774 0.784933 0.3129 0.810747 0.3129 0.722587 0.327482209701061 0.6798459470676522 0.32904 0.67528 0.28064 0.664507
50 0.36656 0.282667 0.36318 0.356987 0.38682 0.431307 0.39696 0.435813 0.41722000000000004 0.4268 0.4375 0.438053 0.4223 0.458347 0.38344 0.51688 0.36994 0.58672 0.34966 0.61824 0.32094 0.652027 0.31418 0.789413 0.30406 0.9673329999999999 0.38176 0.9808530000000001 0.40372 0.8367199999999999 0.40878 0.739867 0.44088 0.72184 0.44426 0.757893 0.48648 0.98312 0.5979800000000001 0.978613 0.5608200000000001 0.8682399999999999 0.56926 0.7443730000000001 0.6419 0.7196 0.67398 0.69256 0.6875 0.6565329999999999 0.6604800000000001 0.625013 0.47466 0.616 0.43244 0.60472 0.42398 0.58896 0.42398 0.566453 0.42906 0.539413 0.44088 0.5304 0.4527 0.5304 0.47636 0.5416799999999999 0.50676 0.570933 0.5118199999999999 0.570933 0.5354800000000001 0.5416799999999999 0.5456 0.523653 0.5625 0.510133 0.61824 0.503387 0.6554 0.49437299999999995 0.67736 0.480853 0.6604800000000001 0.40202699999999997 0.6081 0.302933 0.58614 0.28941300000000003 0.56588 0.298427 0.5270199999999999 0.31645300000000004 0.5169 0.31645300000000004 0.50338 0.29392 0.47972000000000004 0.271387 0.43582 0.255627 0.36656 0.282667
50 0.28314 0.683147 0.30674 0.665173 0.32192000000000004 0.642693 0.3455 0.617973 0.36404000000000003 0.595493 0.37922 0.568533 0.38595999999999997 0.512347 0.38595999999999997 0.45392 0.38089999999999996 0.4 0.37416000000000005 0.34832 0.36742 0.334827 0.35224 0.3236 0.3472 0.316853 0.3337 0.307867 0.32696 0.285387 0.33033999999999997 0.28314700000000004 0.34044 0.220213 0.3236 0.17528000000000002 0.29494 0.157307 0.28314 0.155067 0.24438 0.155067 0.23596 0.17751999999999998 0.2191 0.22922700000000001 0.22247999999999998 0.265173 0.22416 0.28314700000000004 0.22922 0.29663999999999996 0.23764 0.31461300000000003 0.24606 0.32584 0.25956 0.34381300000000004 0.25956 0.35280000000000006 0.2427 0.33258699999999997 0.2309 0.316853 0.1955 0.29888 0.18875999999999998 0.29663999999999996 0.17865999999999999 0.29888 0.17528 0.310107 0.1736 0.32584 0.18034 0.35056000000000004 0.18875999999999998 0.364053 0.20224 0.37527999999999995 0.20224 0.38202699999999995 0.19888 0.40674699999999997 0.1972 0.42248 0.1854 0.45618699999999995 0.17192 0.4764 0.14326 0.49437299999999995 0.11292 0.510107 0.0927 0.5236 0.07751999999999999 0.52808 0.05224 0.534827 0.018539999999999997 0.54608 0.00674 0.54832 0.0033799999999999998 0.7236 0.021920000000000002 0.70336 0.0354 0.69664 0.07415999999999999 0.689893 0.005059999999999999 0.865173 0.005059999999999999 0.9325869999999999 0.12134 0.97304 0.1837 0.694373 0.28314 0.683147
36 0.57796 0.5029600000000001 0.5217200000000001 0.566693 0.49545999999999996 0.569173 0.5011 0.552933 0.47578 0.5554399999999999 0.46548 0.53544 0.48328 0.5029600000000001 0.46828 0.497947 0.4486 0.4992 0.44016000000000005 0.50544 0.42610000000000003 0.53544 0.42048 0.564187 0.41768 0.59544 0.4786 0.622933 0.5535800000000001 0.6104269999999999 0.6829400000000001 0.622933 0.69794 0.612933 0.697 0.560427 0.68856 0.514187 0.66138 0.5029600000000001 0.57796 0.5029600000000001
36 0.10278 0.559467 0.1253 0.543307 0.12444 0.52368 0.13658 0.506347 0.15563999999999997 0.49594699999999997 0.17815999999999999 0.485547 0.18596000000000001 0.4532 0.18422 0.4428 0.16256 0.43472000000000005 0.13918 0.402373 0.13224 0.402373 0.11058 0.42432000000000003 0.09498000000000001 0.46013299999999996 0.08978 0.468213 0.06812 0.5225069999999999 0.06812 0.546773 0.06552 0.559467 0.10278 0.559467
50 0.09101999999999999 0.45408 0.1045 0.442853 0.08932 0.35296000000000005 0.06236 0.35296000000000005 0.07922 0.292293 0.06573999999999999 0.24285299999999999 0.047200000000000006 0.220373 0.02528 0.21362699999999998 0 0.233867 0.0016799999999999999 0.548453 0.07078 0.548453 0.09101999999999999 0.45408
50 1 0.70528 1 0.636293 0.87498 0.636293 0.86558 0.701093 0.86244 0.7345330000000001 0.85774 0.761733 0.8499 0.997973 1 0.991707 1 0.70528
50 0.99652 0.197813 0.96136 0.232293 0.95102 0.265387 0.90136 0.352293 0.90948 0.39794699999999994 0.92046 0.416747 0.91732 0.460667 0.97376 0.4794669999999999 0.99728 0.4794669999999999 0.9986 0.30952 0.99652 0.197813
36 1 0.47216 0.98092 0.470933 0.9515 0.458667 0.9138200000000001 0.443973 0.9064800000000001 0.46234699999999995 0.8936000000000001 0.56896 0.8908400000000001 0.6118399999999999 0.89544 0.635147 0.9074 0.64616 0.9055599999999999 0.64616 0.9993 0.65352 1 0.47216
36 0.8473999999999999 0.40440000000000004 0.82402 0.44856 0.8065 0.503093 0.77338 0.573227 0.75974 0.619973 0.74806 0.679733 0.7422000000000001 0.6953069999999999 0.7441599999999999 0.7057070000000001 0.8123400000000001 0.72128 0.82988 0.72128 0.83962 0.718693 0.8435 0.7160799999999999 0.8513 0.68232 0.87272 0.617387 0.8922 0.552453 0.9155800000000001 0.44856 0.92922 0.406987 0.9409 0.37842699999999996 0.9409 0.36544 0.92922 0.33946699999999996 0.91948 0.347253 0.9155800000000001 0.35503999999999997 0.89806 0.37584 0.86298 0.394 0.8473999999999999 0.40440000000000004
21 0.15852000000000002 0.34845299999999996 0.1641 0.34992 0.18975999999999998 0.34472 0.19478 0.32688 0.19032 0.32464 0.17302 0.32165299999999997 0.16688 0.3172 0.1719 0.309013 0.17358 0.30157300000000004 0.17915999999999999 0.291147 0.19646 0.296373 0.21152 0.29784 0.2132 0.28968 0.2065 0.283707 0.14568 0.28968 0.15852000000000002 0.34845299999999996
36 0.018539999999999997 0.491893 0.04204 0.474747 0.04818 0.442667 0.05602 0.408373 0.06664 0.385973 0.07672 0.37778700000000004 0.08902 0.37853299999999995 0.09126000000000001 0.37032000000000004 0.07112 0.367333 0.05266 0.38226699999999997 0.038119999999999994 0.438933 0.0342 0.468773 0.0258 0.47848 0.01686 0.48519999999999996 0.01294 0.472507 0.00008 0.471013 0.00008 0.512053 0.01294 0.514293 0.01686 0.502347 0.018539999999999997 0.491893
36 0.00216 0.988613 0.0081 0.971653 0.05134 0.788507 0.00386 0.835973 0.00216 0.988613
36 0.13106 0.9331999999999999 0.1302 0.960347 0.12428 0.996533 0.215 0.995387 0.21246 0.980693 0.2379 0.859733 0.24638 0.832587 0.24722 0.797547 0.19804 0.7839729999999999 0.16412 0.78624 0.14716 0.865387 0.14378 0.912853 0.13106 0.9331999999999999