27 0.741344 1 0.749125 0.969811 0.740234 0.942948 0.742453 0.9211320000000001 0.477703 0.9312029999999999 0.0438594 0.90434 0.0027031203125 0.9345519999999999 0.0015937500000000001 1 0.741344 1
18 0.351797 0.08398579952830189 0.343812 0.08490570047169811 0.343812 0.09287740094339622 0.34290600000000004 0.09377359905660376 0.343812 0.09879720047169813 0.35225 0.09879720047169813 0.353609 0.102193 0.36025 0.101981 0.361141 0.101061 0.386031 0.101061 0.386484 0.0969575 0.38542200000000004 0.09469340094339623 0.392672 0.09308959905660379 0.397187 0.08627359905660377 0.38557800000000003 0.0844575 0.378031 0.076934 0.359641 0.07785379952830189 0.351797 0.08398579952830189
23 0.31892200000000004 0.422948 0.32140599999999997 0.42804200000000003 0.324578 0.43214600000000003 0.328422 0.43334900000000004 0.33056199999999997 0.431297 0.334063 0.428396 0.335766 0.423608 0.33587500000000003 0.419693 0.336094 0.411509 0.333281 0.408962 0.332266 0.405212 0.326156 0.407241 0.319484 0.41509399999999996 0.31892200000000004 0.422948
17 0.738797 1 0.748734 0.976958 0.740031 0.9534910000000001 0.7412810000000001 0.940354 0.743766 0.918774 0.738797 0.92066 0.736313 0.915024 0.7332029999999999 0.9131600000000001 0.716422 0.921604 0.686578 0.922524 0.682844 0.915967 0.682219 0.91033 0.677875 0.91033 0.664813 0.918774 0.659844 0.92066 0.659844 0.91408 0.657984 0.911274 0.65425 0.91033 0.641813 0.917854 0.610109 0.918774 0.6051409999999999 0.91033 0.6001719999999999 0.91033 0.588359 0.91691 0.58525 0.9084669999999999 0.569703 0.9131600000000001 0.561016 0.918774 0.542359 0.915967 0.539875 0.911274 0.533656 0.9084669999999999 0.535516 0.917854 0.535516 0.9281600000000001 0.535516 0.9291039999999999 0.533656 0.93191 0.528687 0.9328540000000001 0.534281 0.950684 0.51625 0.9525710000000001 0.508797 0.950684 0.506922 0.9431839999999999 0.511281 0.9347409999999999 0.515625 0.9356599999999999 0.512516 0.930047 0.511281 0.92066 0.511281 0.9075239999999999 0.502578 0.90283 0.49946900000000005 0.9094099999999999 0.49946900000000005 0.9131600000000001 0.49014100000000005 0.9122170000000001 0.481438 0.91408 0.47521899999999995 0.921604 0.47521899999999995 0.9291039999999999 0.477094 0.941297 0.477703 0.9534910000000001 0.472109 0.983514 0.47024999999999995 0.995731 0.738797 1
50 1 0.406745 0.985563 0.346061 0.9632339999999999 0.312358 0.975141 0.256179 0.943875 0.202241 0.908141 0.222476 0.8992190000000001 0.25842 0.897719 0.319104 0.853063 0.348325 0.847109 0.36405699999999996 0.839656 0.406745 0.848594 0.474151 0.905172 0.474151 0.942391 0.512358 1 0.505613 1 0.49214600000000003 1 0.406745
50 0.6803589999999999 0.42023599999999994 0.489797 0.361792 0.28137500000000004 0.633703 0.355812 0.923585 0.699719 0.903373 0.6803589999999999 0.42471699999999996 0.6803589999999999 0.42023599999999994
50 1 0.7168629999999999 0.9945 0.698868 0.952812 0.6808960000000001 0.9170780000000001 0.676415 0.823281 0.714599 0.787563 0.797759 0.775641 0.815731 0.7667189999999999 0.820236 0.7458750000000001 0.856179 0.7354529999999999 0.9438209999999999 0.742891 0.977524 0.7458750000000001 0.988774 1 0.986509 1 0.7168629999999999
50 0.688469 0.536297 0.658484 0.601156 0.687469 0.6464150000000001 0.688797 0.650943 0.692469 0.667524 0.692797 0.704222 0.692125 0.747476 0.699125 0.754009 0.694125 0.8465330000000001 0.711125 0.85559 0.728766 0.873184 0.729437 0.885755 0.744437 0.905354 0.7600939999999999 0.832948 0.7697499999999999 0.825401 0.783734 0.831439 0.788062 0.8148580000000001 0.795391 0.801274 0.820047 0.748986 0.8327030000000001 0.714788 0.834375 0.69467 0.833375 0.6368630000000001 0.8407030000000001 0.6132310000000001 0.847031 0.576014 0.8580310000000001 0.547358 0.8523590000000001 0.508632 0.854031 0.474434 0.846359 0.431203 0.834375 0.41059 0.825375 0.39900899999999995 0.815719 0.393491 0.819047 0.38141499999999995 0.830703 0.36533000000000004 0.837703 0.342712 0.844703 0.288396 0.834047 0.267288 0.812047 0.25169800000000003 0.7950630000000001 0.25068399999999996 0.77675 0.263255 0.7644219999999999 0.29191 0.763422 0.307005 0.757781 0.301132 0.760766 0.33931599999999995 0.728 0.415731 0.684828 0.539316 0.688469 0.536297
50 0.118828 0.109127 0.130719 0.151722 0.130719 0.223467 0.139625 0.266061 0.153 0.458892 0.138141 0.537358 0.130719 0.7840090000000001 0.161906 0.817642 0.24954700000000002 0.9230189999999999 0.338672 0.9275 0.256984 0.801934 0.273312 0.631533 0.307484 0.48804200000000003 0.328281 0.46337300000000003 0.393641 0.23467 0.353531 0.16292500000000001 0.291141 0.082217 0.22429700000000002 0.06202829952830188 0.207953 0.0059905707547169805 0.089125 0.0037264198113207544 0.121812 0.09341979952830189 0.118828 0.109127
50 0.08621870000000001 0.140637 0.0800312 0.14191 0.07834379999999999 0.14490599999999998 0.080875 0.15721700000000002 0.0791875 0.164434 0.07975 0.189929 0.08509370000000001 0.19375 0.0848125 0.20690999999999998 0.0845313 0.225613 0.08678129999999999 0.22603800000000002 0.0915625 0.221368 0.0955156 0.225189 0.0986094 0.21030700000000002 0.0949531 0.20860800000000002 0.0895937 0.199693 0.09214059999999999 0.188231 0.0946719 0.184835 0.0938281 0.159764 0.0907188 0.152972 0.091 0.147028 0.08621870000000001 0.140212 0.08621870000000001 0.140637
50 0.061859399999999995 0.172712 0.0596094 0.194882 0.061859399999999995 0.219882 0.0675156 0.219882 0.0675156 0.20908 0.0678906 0.189764 0.0701406 0.19033000000000003 0.0731563 0.202264 0.0780469 0.21533 0.0803125 0.223302 0.0821875 0.219882 0.0818125 0.208514 0.0746563 0.194316 0.0754219 0.173844 0.0780469 0.18577800000000003 0.0803125 0.18351399999999998 0.0803125 0.176698 0.0761719 0.15110800000000002 0.07165629999999999 0.142594 0.0712812 0.132925 0.065625 0.127807 0.061484399999999995 0.134623 0.06260940000000001 0.142594 0.060359399999999994 0.147712 0.05998440000000001 0.156226 0.061859399999999995 0.162476 0.061859399999999995 0.172712
50 0.0417187 0.223396 0.0456875 0.223396 0.0478438 0.217948 0.0496406 0.211415 0.05217190000000001 0.221226 0.0539687 0.221226 0.0572187 0.21033 0.0597344 0.19183999999999998 0.062625 0.17443399999999998 0.060812500000000005 0.16356099999999998 0.0539687 0.153208 0.045328099999999996 0.14724099999999998 0.035593799999999995 0.146698 0.0301875 0.15158 0.0341562 0.166816 0.041359400000000004 0.168986 0.041359400000000004 0.183679 0.041359400000000004 0.211958 0.0384688 0.220118 0.0417187 0.223396
50 0.45240600000000003 0.470165 0.45110900000000004 0.42615600000000003 0.470547 0.389953 0.47896900000000003 0.373325 0.463422 0.364528 0.44785899999999995 0.37040100000000004 0.4375 0.393868 0.433609 0.439835 0.436203 0.45842 0.41417200000000004 0.467241 0.45240600000000003 0.470165
8 0.12056200000000002 0.778184 0.0979688 0.758915 0.0861875 0.739646 0.0714531 0.7604010000000001 0.05475 0.782642 0.05475 0.803396 0.151 0.8137739999999999 0.136266 0.787075 0.12056200000000002 0.778184
8 0.277719 0.822665 0.371031 0.828585 0.357266 0.8137739999999999 0.339594 0.810802 0.337625 0.7930190000000001 0.320937 0.778184 0.322891 0.750024 0.287531 0.74408 0.268875 0.787075 0.251188 0.787075 0.251188 0.794481 0.264937 0.815259 0.277719 0.822665
50 0.5429999999999999 0.38342 0.555094 0.406769 0.556531 0.42426899999999995 0.557984 0.441769 0.556531 0.454906 0.556531 0.46438700000000005 0.555562 0.48919799999999997 0.547844 0.5059670000000001 0.5420309999999999 0.510354 0.540109 0.514717 0.53575 0.510354 0.53575 0.522028 0.532859 0.535142 0.53575 0.546085 0.545906 0.5562969999999999 0.553156 0.5562969999999999 0.5575 0.554104 0.558953 0.538066 0.562328 0.52566 0.557016 0.520566 0.557016 0.5016039999999999 0.5575 0.488467 0.562812 0.470967 0.566688 0.465849 0.572484 0.467311 0.575859 0.435943 0.583109 0.414057 0.5952029999999999 0.39801899999999996 0.613563 0.38853800000000005 0.627578 0.387075 0.632891 0.38415099999999996 0.629516 0.373939 0.614047 0.35570799999999997 0.611625 0.33309000000000005 0.603406 0.310472 0.601484 0.297358 0.5952029999999999 0.282759 0.5922970000000001 0.26816 0.583594 0.249198 0.573453 0.241179 0.555562 0.247005 0.540594 0.262335 0.53575 0.282759 0.535266 0.301722 0.536234 0.319222 0.539625 0.33309000000000005 0.541078 0.34037700000000004 0.536234 0.35424500000000003 0.529953 0.36299499999999996 0.5038590000000001 0.367382 0.529953 0.373939 0.5429999999999999 0.38342