50 0.373864 0.476406 0.370492 0.586516 0.30985900000000005 0.714609 0.299766 0.9011250000000001 0.36377 0.919094 0.36377 0.910109 0.390703 0.867422 0.437869 0.7056250000000001 0.49847800000000003 0.689891 0.515316 0.707859 0.515316 0.759547 0.42103 0.8741559999999999 0.461429 0.9146089999999999 0.532178 0.907859 0.485012 0.858422 0.575948 0.786516 0.623115 0.689891 0.626487 0.615734 0.602904 0.47415599999999997 0.609625 0.355063 0.606276 0.186516 0.619742 0.139328 0.626487 0.058421900000000006 0.5557380000000001 0.053937500000000006 0.5490160000000001 0.11235900000000001 0.5490160000000001 0.25842200000000004 0.532178 0.274156 0.474918 0.267422 0.42103 0.337078 0.42103 0.355063 0.34356 0.38651599999999997 0.30651100000000003 0.40225 0.30985900000000005 0.366297 0.299766 0.285391 0.289672 0.25842200000000004 0.266089 0.25618799999999997 0.195363 0.337078 0.212201 0.39775 0.225667 0.417984 0.255972 0.438203 0.373864 0.438203 0.373864 0.476406
68 0.330164 0.20001600000000003 0.334426 0.198594 0.408993 0.124672 0.4026 0.0706719 0.36637 0.0564531 0.34508199999999994 0.053609399999999995 0.302459 0.0550312 0.302459 0.0564531 0.259859 0.0749219 0.244941 0.12751600000000002 0.270515 0.160219 0.270515 0.16306199999999998 0.264122 0.26825 0.255597 0.275359 0.289672 0.282453 0.302459 0.23696899999999999 0.330164 0.20001600000000003
22 0.996393 0.238516 0.996393 0.227219 0.986979 0.21340599999999998 0.9568620000000001 0.202109 0.9399299999999999 0.20085899999999998 0.900422 0.20335899999999998 0.874075 0.208391 0.843981 0.251063 0.8345670000000001 0.261109 0.840211 0.31257799999999997 0.9568620000000001 0.311328 0.981335 0.248563 0.996393 0.238516
22 0.798267 0.217766 0.839672 0.215188 0.864707 0.211984 0.882037 0.21006200000000003 0.885902 0.203625 0.882998 0.186281 0.871452 0.17729699999999998 0.831967 0.176 0.799227 0.179859 0.7722720000000001 0.190781 0.7664869999999999 0.197203 0.764567 0.214547 0.798267 0.217766
22 0.719274 0.144156 0.823326 0.14275 0.826487 0.139937 0.826487 0.133625 0.8254330000000001 0.12101599999999998 0.8107030000000001 0.10839099999999999 0.782342 0.106281 0.7518499999999999 0.106281 0.7297659999999999 0.112594 0.717166 0.123812 0.7118970000000001 0.143453 0.719274 0.144156
22 0.867073 0.133969 0.911569 0.136437 0.94 0.135625 0.9783139999999999 0.1315 0.9832549999999999 0.122422 0.980773 0.10923400000000001 0.961007 0.09934370000000001 0.926393 0.09768750000000001 0.876979 0.104281 0.868314 0.112531 0.864614 0.130672 0.867073 0.133969
22 0.771148 0.101953 0.812037 0.111578 0.824052 0.119594 0.826464 0.13456300000000002 0.865738 0.1335 0.8649410000000001 0.116391 0.8810070000000001 0.10570299999999999 0.874309 0.0825781 0.849696 0.074375 0.818407 0.072875 0.7703279999999999 0.0862969 0.769204 0.10121899999999999 0.771148 0.101953
22 0.8175410000000001 0.0721094 0.8497889999999999 0.07165629999999999 0.8618969999999999 0.0747969 0.896136 0.07345310000000001 0.9297420000000001 0.073 0.9317559999999999 0.06942190000000001 0.930398 0.051937500000000004 0.92637 0.0465625 0.903536 0.0385 0.879344 0.0375937 0.8598830000000001 0.0385 0.82897 0.045218799999999996 0.8229270000000001 0.05104689999999999 0.819578 0.06 0.816885 0.07165629999999999 0.8175410000000001 0.0721094
22 0.875293 0.178812 0.917892 0.178812 0.941124 0.165891 0.921756 0.14521900000000001 0.8985249999999999 0.134891 0.840422 0.140047 0.809438 0.152969 0.805574 0.173641 0.81719 0.17106300000000002 0.859789 0.173641 0.875293 0.178812
22 1 0.167594 0.984379 0.165859 0.937354 0.168766 0.934731 0.169922 0.926019 0.176313 0.9155740000000001 0.189094 0.917307 0.201891 0.954778 0.201891 0.967845 0.208281 0.976557 0.208281 1 0.208859 1 0.167594
22 1 0.251 0.986323 0.252359 0.966909 0.265313 0.963349 0.283016 0.960796 0.299703 0.997541 0.302438 1 0.29459399999999997 1 0.251
22 0.787775 0.07801559999999999 0.788431 0.0754219 0.787775 0.0702656 0.783911 0.0551875 0.774215 0.047875 0.761311 0.043578099999999995 0.7516390000000001 0.0414219 0.7355039999999999 0.039703100000000005 0.716159 0.040125 0.696159 0.0431406 0.6838879999999999 0.0483125 0.6735829999999999 0.0590625 0.665176 0.0801562 0.787775 0.07801559999999999
22 1 0.0638281 0.997588 0.0628594 0.974567 0.0619062 0.926393 0.0679063 0.918126 0.07678120000000001 0.913817 0.0976406 0.913091 0.0983594 0.921358 0.0976406 0.951194 0.0964531 0.9648709999999999 0.0993281 0.981405 0.10820300000000001 0.982482 0.129078 1 0.129547 1 0.0638281