50 0.376956 0.8597340000000001 0.38751800000000003 0.8685309999999999 0.405972 0.8702970000000001 0.440234 0.865016 0.44288099999999997 0.8386250000000001 0.434965 0.814016 0.44288099999999997 0.794656 0.44815 0.7788280000000001 0.445504 0.7594839999999999 0.445504 0.7348589999999999 0.44288099999999997 0.703203 0.44288099999999997 0.685609 0.44288099999999997 0.666266 0.44815 0.655719 0.458689 0.6504380000000001 0.461335 0.631094 0.466604 0.629328 0.474496 0.639891 0.474496 0.6645 0.482412 0.682094 0.48768100000000003 0.701438 0.48768100000000003 0.712 0.49295100000000003 0.7418910000000001 0.495597 0.76125 0.495597 0.785875 0.495597 0.8052189999999999 0.511405 0.8315939999999999 0.521967 0.840391 0.5404220000000001 0.849187 0.5746840000000001 0.8421559999999999 0.5931379999999999 0.8351089999999999 0.590492 0.826328 0.585222 0.8227969999999999 0.577307 0.814016 0.564145 0.794656 0.564145 0.789391 0.561499 0.770031 0.561499 0.7647660000000001 0.561499 0.743656 0.558876 0.719031 0.553583 0.683859 0.553583 0.6504380000000001 0.564145 0.6064689999999999 0.564145 0.583594 0.587869 0.541391 0.585222 0.478078 0.558876 0.42882800000000004 0.6247780000000001 0.391891 0.6063230000000001 0.376063 0.577307 0.330328 0.558876 0.3145 0.52459 0.277562 0.495597 0.254703 0.461335 0.245906 0.405972 0.240625 0.392787 0.231828 0.379602 0.20720299999999997 0.35587799999999997 0.163234 0.31632299999999997 0.163234 0.274145 0.172031 0.24515199999999998 0.20017200000000002 0.234614 0.217766 0.22934400000000002 0.245906 0.234614 0.252937 0.24515199999999998 0.26349999999999996 0.250422 0.26701600000000003 0.263607 0.275813 0.271522 0.281078 0.284707 0.289875 0.295246 0.289875 0.297892 0.289875 0.32161599999999996 0.289875 0.30051500000000003 0.325047 0.30051500000000003 0.339125 0.30051500000000003 0.383094 0.31632299999999997 0.384859 0.334778 0.386609 0.31632299999999997 0.411234 0.326885 0.42882800000000004 0.342693 0.430578 0.35587799999999997 0.430578 0.35587799999999997 0.453453 0.353232 0.460484 0.34796299999999997 0.478078 0.34796299999999997 0.48685900000000004 0.34796299999999997 0.506219 0.350609 0.523797 0.350609 0.534359 0.353232 0.550188 0.353232 0.5625 0.353232 0.5783280000000001 0.350609 0.703203 0.36114799999999997 0.712 0.353232 0.7348589999999999 0.36114799999999997 0.752453 0.363794 0.7788280000000001 0.366417 0.789391 0.363794 0.803453 0.35587799999999997 0.817531 0.366417 0.826328 0.369063 0.850938 0.376956 0.8597340000000001
50 0.6919669999999999 0.676438 0.696206 0.673609 0.694778 0.667016 0.7089230000000001 0.626484 0.7286889999999999 0.584078 0.7668379999999999 0.570875 0.7668379999999999 0.615172 0.7527170000000001 0.673609 0.765433 0.688688 0.830398 0.690578 0.8021550000000001 0.664187 0.8092269999999999 0.629312 0.8205150000000001 0.573703 0.8205150000000001 0.464375 0.8092269999999999 0.43985900000000006 0.807799 0.400281 0.797916 0.361625 0.793677 0.337125 0.793677 0.311672 0.7597659999999999 0.266437 0.713162 0.258891 0.6863229999999999 0.27775 0.6863229999999999 0.316391 0.6637 0.342781 0.642529 0.383313 0.6298130000000001 0.428547 0.672178 0.44834399999999996 0.672178 0.49170299999999995 0.704684 0.551078 0.684895 0.582188 0.6594610000000001 0.6443909999999999 0.6919669999999999 0.676438
59 0.198759 0.892188 0.229133 0.912453 0.232506 0.934984 0.246019 0.948484 0.293279 0.9304690000000001 0.289906 0.916953 0.674731 0.8313750000000001 0.678103 0.853891 0.711874 0.856156 0.732131 0.8516410000000001 0.684871 0.8133589999999999 0.7152459999999999 0.808859 0.748993 0.7750619999999999 0.573466 0.7750619999999999 0.5262060000000001 0.8043440000000001 0.593724 0.815609 0.570094 0.835875 0.570094 0.8426410000000001 0.546464 0.838125 0.509321 0.822359 0.468806 0.808859 0.43208399999999997 0.838969 0.442225 0.8502190000000001 0.39159299999999997 0.863734 0.351077 0.8367190000000001 0.21604199999999998 0.856984 0.185667 0.893016 0.198759 0.892188
2 0.44274 0.24935900000000003 0.460304 0.247234 0.40442599999999995 0.24403100000000003 0.394848 0.242969 0.406019 0.261078 0.39644000000000007 0.330328 0.40442599999999995 0.343109 0.41241199999999995 0.339922 0.44274 0.24935900000000003
2 0.33571400000000007 0.348891 0.341967 0.356766 0.34267 0.357703 0.365621 0.353531 0.340585 0.288141 0.33224799999999993 0.28675 0.33571400000000007 0.348891
2 0.3884540000000001 0.440062 0.398033 0.442203 0.41241199999999995 0.44326600000000005 0.433162 0.377203 0.390047 0.382531 0.382061 0.40810899999999994 0.3884540000000001 0.440062
77 1 0.001125 0.732529 0.005625 0.584005 0.0889687 0.590749 0.09346879999999999 0.584005 0.140766 0.658267 0.152031 0.769672 0.152031 0.9114519999999999 0.152031 1 0.154281 1 0.001125
77 0.6736300000000001 0.0117969 0.683747 0.0050625 0.02021080093676815 0.0072968703125 0.138103 0.036515599999999995 0.26271700000000003 0.036515599999999995 0.289672 0.0612344 0.313232 0.0792188 0.30651100000000003 0.0859531 0.38732999999999995 0.0567344 0.6736300000000001 0.0117969
36 0.7933020000000001 0.397922 0.792131 0.40732799999999997 0.786253 0.41359399999999996 0.769813 0.41829700000000003 0.777447 0.42300000000000004 0.785082 0.424563 0.797424 0.424563 0.807986 0.42575 0.8185479999999999 0.43004699999999996 0.8185479999999999 0.42534400000000006 0.815621 0.414766 0.8050590000000001 0.40810899999999994 0.8109130000000001 0.399891 0.817963 0.395578 0.813864 0.392828 0.789204 0.39401600000000003 0.7933020000000001 0.397922
14 0.23927400000000001 0.22326600000000002 0.23812599999999998 0.204969 0.248407 0.189719 0.24726 0.18515600000000002 0.24726 0.179812 0.234707 0.177531 0.22669799999999998 0.181344 0.214145 0.181344 0.18901600000000002 0.18210900000000002 0.183302 0.185922 0.175293 0.188969 0.166159 0.202687 0.175293 0.21640600000000002 0.19585499999999997 0.22478099999999998 0.234707 0.22326600000000002 0.23927400000000001 0.22326600000000002
38 0.18550399999999997 0.338516 0.186956 0.344375 0.201616 0.34829699999999997 0.229485 0.34829699999999997 0.248525 0.347313 0.267588 0.342422 0.279321 0.33557800000000004 0.280796 0.322859 0.276393 0.319922 0.248525 0.31601599999999996 0.216276 0.315031 0.191358 0.319922 0.18550399999999997 0.331656 0.18550399999999997 0.338516
38 0.197518 0.356766 0.197049 0.357063 0.189719 0.361344 0.188337 0.368688 0.187892 0.37542200000000003 0.197049 0.382156 0.211733 0.384297 0.262178 0.380312 0.280047 0.37389100000000003 0.284192 0.36257799999999996 0.28281 0.358297 0.27822 0.353703 0.26950799999999997 0.35217200000000004 0.26904 0.35156200000000004 0.254824 0.350344 0.24566700000000002 0.350641 0.236042 0.35217200000000004 0.206674 0.352781 0.197518 0.356766
14 0.199133 0.524453 0.186674 0.534422 0.183302 0.546297 0.192623 0.557609 0.212108 0.564969 0.231803 0.566312 0.248361 0.564281 0.269297 0.561672 0.275386 0.559344 0.281499 0.556719 0.283677 0.552656 0.287143 0.552656 0.287143 0.548875 0.289321 0.545969 0.293255 0.543641 0.298478 0.540734 0.301967 0.536953 0.300234 0.530844 0.294988 0.520969 0.283677 0.514859 0.282787 0.515734 0.287588 0.517766 0.289766 0.520094 0.289766 0.523 0.287143 0.525906 0.291944 0.527359 0.291522 0.531719 0.283232 0.53725 0.272763 0.541312 0.264918 0.53725 0.26274 0.543344 0.257963 0.543937 0.254473 0.544219 0.244005 0.544813 0.237049 0.548875 0.220913 0.548578 0.215691 0.544219 0.20829 0.547422 0.202178 0.546266 0.195644 0.543937 0.192155 0.538703 0.192155 0.5355 0.199133 0.530563 0.203489 0.526484 0.202178 0.523297 0.199133 0.524453
38 0.203536 0.420141 0.213607 0.420141 0.247026 0.418375 0.27299799999999996 0.414141 0.29103 0.405297 0.290492 0.386891 0.275644 0.384063 0.24119400000000002 0.385484 0.20726000000000003 0.39007800000000004 0.192412 0.397859 0.193466 0.418375 0.203536 0.420141
50 0.969485 0.30306299999999997 0.969485 0.327469 0.975597 0.340266 0.97733 0.344906 0.972974 0.351891 0.972974 0.35828099999999996 0.950328 0.373969 0.942482 0.389656 0.921593 0.432672 0.929415 0.44893700000000003 0.9346369999999999 0.455922 0.940749 0.462313 0.952951 0.46289100000000005 0.960773 0.461141 0.972974 0.455922 0.967752 0.471031 0.9651289999999999 0.476844 0.963396 0.484391 0.959906 0.49428099999999997 0.9721080000000001 0.543672 0.99911 0.5971409999999999 1 0.283312 0.982553 0.294344 0.969485 0.30306299999999997