50 0.398646 0.7705 0.398646 0.777297 0.404979 0.7777499999999999 0.40920799999999996 0.7757189999999999 0.40800000000000003 0.7705 0.410417 0.752156 0.414042 0.75125 0.417979 0.7498910000000001 0.418583 0.740828 0.41495800000000005 0.727688 0.411937 0.721797 0.40679200000000004 0.718172 0.402271 0.717953 0.397125 0.722484 0.398938 0.726328 0.397125 0.729047 0.3935 0.737437 0.398646 0.740828 0.397125 0.7464839999999999 0.39985400000000004 0.752156 0.399542 0.772312 0.398646 0.7705
50 0.18520799999999998 0.776141 0.18443800000000002 0.780703 0.18595799999999998 0.780703 0.191271 0.780125 0.193562 0.777844 0.20191699999999999 0.744812 0.20191699999999999 0.735125 0.206458 0.748234 0.207979 0.749359 0.210271 0.739109 0.20418799999999998 0.722594 0.195083 0.717469 0.195083 0.710063 0.18975 0.708922 0.18216700000000002 0.7106250000000001 0.18443800000000002 0.7163280000000001 0.179125 0.722594 0.174563 0.718609 0.170021 0.711203 0.166208 0.714047 0.173042 0.728859 0.17608300000000002 0.728859 0.18443800000000002 0.727156 0.18520799999999998 0.770437 0.18520799999999998 0.776141
50 0.819958 0.718391 0.821083 0.721203 0.822396 0.724375 0.820104 0.728172 0.820771 0.7306090000000001 0.819292 0.7355 0.820604 0.739047 0.8212499999999999 0.741125 0.820104 0.7441880000000001 0.8220620000000001 0.748703 0.830229 0.744313 0.8325 0.742719 0.8334790000000001 0.74125 0.8339789999999999 0.737094 0.834125 0.73525 0.837562 0.737219 0.844562 0.736359 0.845542 0.735625 0.842438 0.732688 0.840167 0.728406 0.838375 0.726453 0.833313 0.7235159999999999 0.829083 0.721203 0.8293959999999999 0.7181409999999999 0.830542 0.716672 0.825167 0.712875 0.822729 0.713609 0.820937 0.715203 0.8194579999999999 0.715453 0.819958 0.718391
50 0.812146 0.760359 0.811646 0.761484 0.808125 0.762625 0.8086249999999999 0.764875 0.813646 0.764875 0.8206880000000001 0.7645 0.8241879999999999 0.763 0.8252079999999999 0.761484 0.8236880000000001 0.757719 0.819167 0.757344 0.817667 0.752078 0.813146 0.749812 0.810646 0.753953 0.8126460000000001 0.756969 0.812146 0.760359
50 0.7789370000000001 0.765062 0.787375 0.766641 0.786104 0.755891 0.788625 0.765688 0.794104 0.765688 0.796625 0.743266 0.789896 0.728406 0.791167 0.7249380000000001 0.791167 0.722094 0.782729 0.722094 0.779792 0.7252500000000001 0.782312 0.728734 0.77725 0.733469 0.780208 0.741359 0.779792 0.745781 0.780208 0.760328 0.7789370000000001 0.765062
40 0.8554379999999999 0.293875 0.8524999999999999 0.28506200000000004 0.843667 0.267422 0.8187080000000001 0.255297 0.806937 0.264125 0.806937 0.293875 0.8554379999999999 0.293875
26 0.822646 0.9431559999999999 0.816875 0.9355779999999999 0.797646 0.9319689999999999 0.7788959999999999 0.929813 0.7620830000000001 0.930531 0.744771 0.9308909999999999 0.7390000000000001 0.9402659999999999 0.736604 0.963344 0.747667 0.972719 0.7558330000000001 0.9990309999999999 0.8082290000000001 0.998672 0.8101459999999999 0.965859 0.817833 0.9456720000000001 0.822646 0.9431559999999999
50 0.130104 0.759922 0.131104 0.761781 0.132583 0.7634529999999999 0.133083 0.759 0.132833 0.754734 0.13356300000000002 0.7521410000000001 0.135792 0.7512190000000001 0.135313 0.74825 0.133083 0.745656 0.130604 0.746953 0.128146 0.749 0.127146 0.751781 0.126646 0.757891 0.125917 0.762703 0.129625 0.762703 0.130104 0.759922
50 0.832208 0.7640469999999999 0.832583 0.765453 0.840063 0.764891 0.8393130000000001 0.7561880000000001 0.8393130000000001 0.749734 0.8393130000000001 0.7452340000000001 0.8359380000000001 0.743266 0.834458 0.7438279999999999 0.830708 0.753375 0.832208 0.7640469999999999
50 0.0658958 0.756953 0.0693333 0.7574690000000001 0.0693333 0.755391 0.071 0.7521880000000001 0.07210420000000001 0.7497969999999999 0.07375 0.748047 0.07112500000000001 0.7457659999999999 0.06974999999999999 0.746281 0.0678125 0.747844 0.0665833 0.749078 0.0645 0.7521880000000001 0.0654792 0.7571559999999999 0.0658958 0.756953
50 0.039458299999999995 0.755781 0.041875 0.754953 0.0427292 0.753453 0.0433125 0.747359 0.042124999999999996 0.746922 0.040125 0.747422 0.038875 0.751375 0.038875 0.754328 0.039458299999999995 0.755781
50 0.0886667 0.755359 0.0886667 0.753 0.0886667 0.749609 0.0877708 0.7474689999999999 0.0834167 0.745781 0.0825 0.746344 0.0825 0.750297 0.0823542 0.754016 0.0886667 0.755359
22 0.471875 0.778625 0.47360399999999997 0.777641 0.463646 0.768234 0.46191699999999997 0.764984 0.472313 0.7464839999999999 0.471438 0.757844 0.47404199999999996 0.7575160000000001 0.47620799999999996 0.756219 0.47620799999999996 0.744203 0.475333 0.742578 0.471021 0.741609 0.468417 0.740953 0.456729 0.757844 0.43162500000000004 0.757844 0.432479 0.761094 0.436375 0.763359 0.438104 0.764328 0.436812 0.76725 0.434208 0.767578 0.432042 0.766937 0.432042 0.7698590000000001 0.436375 0.770172 0.43335399999999996 0.781219 0.435083 0.782516 0.43983300000000003 0.781547 0.443312 0.781547 0.445042 0.779922 0.446333 0.7721250000000001 0.455438 0.7717970000000001 0.45585400000000004 0.7721250000000001 0.45629200000000003 0.774078 0.46495800000000004 0.782844 0.466687 0.781875 0.472313 0.78025 0.471875 0.778625