23 0.42152100000000003 0.284187 0.522 0.27949999999999997 0.522 0.195203 0.43004200000000004 0.204562 0.42152100000000003 0.284187
23 0.6211249999999999 0.30171899999999996 0.623688 0.22379699999999997 0.570458 0.205125 0.569604 0.285625 0.6211249999999999 0.30171899999999996
50 0.723792 1 0.723792 0.9935470000000001 0.718625 0.95225 0.7091670000000001 0.934172 0.704854 0.916109 0.699708 0.910937 0.689375 0.910937 0.6773330000000001 0.911594 0.67475 0.9186880000000001 0.676458 0.930297 0.681625 0.939344 0.6859369999999999 0.949016 0.681625 0.9535310000000001 0.679042 0.970313 0.6738959999999999 1 0.723792 1
8 0.551687 0.867578 0.561063 0.8625620000000002 0.574438 0.868578 0.587146 0.8715779999999999 0.789833 0.827937 0.7878330000000001 0.800844 0.727625 0.799344 0.726292 0.803359 0.583792 0.829438 0.582458 0.830453 0.577104 0.837969 0.573771 0.8434839999999999 0.536312 0.850516 0.529625 0.8484999999999999 0.525604 0.839984 0.418583 0.858547 0.425271 0.8655630000000001 0.422583 0.8715779999999999 0.422583 0.876609 0.416563 0.882125 0.412562 0.896672 0.415896 0.896172 0.40920800000000007 0.901688 0.407875 0.907703 0.555708 0.877609 0.551687 0.867578
8 0.355687 0.8889530000000001 0.348771 0.885906 0.345521 0.88225 0.321167 0.874344 0.267146 0.8831719999999998 0.2700000000000001 0.8886559999999999 0.272437 0.893219 0.271625 0.90175 0.268375 0.910891 0.265125 0.919719 0.273646 0.932813 0.349583 0.917281 0.353646 0.914547 0.3565 0.909969 0.358937 0.891703 0.355687 0.8889530000000001
8 0.0517292 0.913937 0.0655208 0.947016 0.126188 0.957359 0.239229 0.93875 0.225437 0.911859 0.197854 0.891188 0.128938 0.901531 0.0682708 0.8932499999999999 0.0517292 0.913937
50 0.884896 0.7916719999999999 0.895333 0.7916719999999999 0.895333 0.781891 0.9083749999999999 0.7916719999999999 0.9122920000000001 0.7867810000000001 0.900542 0.753531 0.8836040000000001 0.753531 0.884896 0.7916719999999999
50 0.571771 0.8448119999999999 0.577813 0.83625 0.5845210000000001 0.8257030000000001 0.5825 0.822688 0.573125 0.824687 0.5724370000000001 0.8166410000000001 0.56575 0.808609 0.557021 0.8060940000000001 0.555688 0.8020630000000001 0.546292 0.800563 0.5396040000000001 0.805578 0.5402710000000001 0.813125 0.5369170000000001 0.821172 0.527521 0.823188 0.5315420000000001 0.8302189999999999 0.529542 0.830719 0.5268539999999999 0.83475 0.53625 0.839781 0.541604 0.837266 0.56575 0.846813 0.571771 0.8448119999999999
50 0.423042 0.872719 0.416354 0.868203 0.41166700000000006 0.855656 0.403646 0.837594 0.396292 0.828063 0.396292 0.8210469999999999 0.393625 0.816031 0.38425 0.815516 0.378896 0.820547 0.378896 0.8270630000000001 0.366854 0.8335779999999999 0.364187 0.8456249999999998 0.3635209999999999 0.854156 0.369542 0.859672 0.380229 0.865687 0.390937 0.876234 0.398292 0.8902810000000001 0.409 0.895797 0.416354 0.8917810000000002 0.423042 0.872719
50 0.041 0.954391 0.0530417 0.948578 0.0599167 0.938906 0.0547708 0.9317970000000001 0.0538958 0.918891 0.0538958 0.908563 0.0728333 0.9001720000000001 0.07970830000000001 0.8917970000000001 0.07970830000000001 0.8743589999999999 0.0745625 0.862109 0.0616458 0.8588749999999999 0.059062500000000004 0.846609 0.047875 0.844031 0.0366875 0.847266 0.0366875 0.860172 0.0401458 0.863391 0.030666699999999998 0.872437 0.0289583 0.8866250000000001 0.030666699999999998 0.895016 0.0177708 0.9021089999999999 0.0143125 0.909219 0.0177708 0.9253439999999999 0.0220625 0.9440630000000001 0.0203542 0.948578 0.0229167 0.952453 0.0229167 0.9511559999999999 0.0341042 0.952453 0.041 0.954391
50 0.719833 0.9507030000000001 0.721021 0.968953 0.7233959999999999 0.978281 0.722792 0.9996409999999999 0.736437 1 0.735854 0.9942970000000001 0.741771 0.983625 0.743563 0.9796250000000001 0.743563 0.975172 0.750083 0.969828 0.74 0.940469 0.743563 0.932906 0.7233959999999999 0.923125 0.719833 0.9084530000000001 0.7156870000000001 0.9044380000000001 0.708562 0.903547 0.703812 0.9044380000000001 0.70025 0.9062189999999999 0.696708 0.908891 0.694917 0.910234 0.703229 0.9119999999999999 0.703812 0.917781 0.704417 0.924469 0.705 0.9280160000000001 0.7109380000000001 0.935141 0.716875 0.941359 0.719833 0.9507030000000001
50 0.355104 0.913781 0.366104 0.9186719999999999 0.373458 0.919125 0.3755 0.916375 0.3755 0.913312 0.3755 0.9077970000000001 0.37712500000000004 0.898312 0.384062 0.883938 0.38731299999999996 0.890062 0.390167 0.898922 0.39589599999999997 0.900766 0.40854199999999996 0.903516 0.415063 0.903516 0.416687 0.901984 0.416292 0.8964840000000001 0.404854 0.891891 0.401604 0.888219 0.395062 0.8811880000000001 0.389771 0.8738440000000001 0.386917 0.870172 0.382021 0.8652810000000001 0.372229 0.864047 0.363667 0.8612970000000001 0.35754199999999997 0.858234 0.35672899999999996 0.8515 0.352229 0.849062 0.349792 0.842328 0.351021 0.840797 0.354271 0.8349840000000001 0.35306299999999996 0.829172 0.351833 0.826719 0.347333 0.823672 0.343667 0.823672 0.337146 0.825187 0.333875 0.8294840000000001 0.331833 0.837125 0.328583 0.840188 0.326542 0.842938 0.322458 0.8508910000000001 0.322042 0.8591559999999999 0.32327100000000003 0.870781 0.325313 0.879656 0.330208 0.880875 0.339188 0.881797 0.353458 0.886688 0.365292 0.8964840000000001 0.36202100000000004 0.909641 0.355104 0.913781
50 0.271792 0.956969 0.28739600000000004 0.950141 0.28610399999999997 0.934516 0.276979 0.9120779999999999 0.265271 0.9013439999999999 0.250958 0.892563 0.240562 0.880844 0.24575 0.8681559999999999 0.24706299999999998 0.8545 0.236646 0.848641 0.230146 0.848641 0.214521 0.855469 0.20281200000000002 0.871094 0.19110400000000002 0.88475 0.196313 0.894516 0.208021 0.904266 0.219729 0.911094 0.23143799999999998 0.913047 0.240562 0.930625 0.236646 0.943312 0.249667 0.950141 0.26787500000000003 0.955016 0.271792 0.956969
50 0.008270829166666667 0.786047 0.021125 0.787141 0.036916700000000004 0.787141 0.0401458 0.784297 0.041895800000000004 0.779687 0.048625 0.775734 0.0416042 0.77025 0.0401458 0.767406 0.0398542 0.7601720000000001 0.0342917 0.757969 0.0281458 0.758406 0.0243542 0.759516 0.022312500000000002 0.76675 0.0240625 0.769813 0.0170417 0.7704690000000001 0.015875 0.773328 0.0100208 0.782531 0.008270829166666667 0.786047
50 0.177667 0.776969 0.177667 0.774031 0.17506300000000002 0.7535000000000001 0.164625 0.746641 0.154188 0.749578 0.158104 0.7535000000000001 0.16070800000000002 0.7564219999999999 0.152896 0.766203 0.138542 0.780875 0.177667 0.776969
50 0.119 0.7657339999999999 0.11510400000000001 0.764266 0.11725000000000001 0.760469 0.11568700000000001 0.756234 0.110042 0.755359 0.10402099999999999 0.755953 0.102063 0.757562 0.101479 0.7615000000000001 0.102854 0.765297 0.101292 0.766312 0.0977917 0.7701089999999999 0.09525 0.7771250000000001 0.0935 0.778 0.0942708 0.781937 0.09739579999999999 0.785156 0.10497899999999999 0.7864690000000001 0.119396 0.784266 0.119979 0.780922 0.118604 0.767188 0.119 0.7657339999999999
50 0.566833 0.775031 0.5742290000000001 0.776609 0.5832080000000001 0.768687 0.586375 0.746109 0.577396 0.748094 0.576354 0.763141 0.566833 0.775031
50 0.0630625 0.7787499999999999 0.0625 0.7837500000000001 0.0691667 0.7870779999999999 0.0797292 0.789156 0.09083329999999999 0.789578 0.09027080000000001 0.78625 0.09027080000000001 0.775 0.08360419999999999 0.767906 0.0769375 0.76125 0.0747292 0.7541559999999999 0.06693750000000001 0.753328 0.0658333 0.76 0.0686042 0.767906 0.0680625 0.7737499999999999 0.0630625 0.7787499999999999