18 0.583125 0.20735800000000001 0.572969 0.22738200000000003 0.574953 0.23717 0.577766 0.235896 0.576641 0.23205199999999998 0.585391 0.233774 0.604844 0.226108 0.603437 0.21247599999999997 0.601187 0.207783 0.595828 0.205236 0.583969 0.207783 0.583125 0.20735800000000001
74 0.865422 0.152028 0.846031 0.167783 0.6618398071049587 0.2421897218873703 0.619234 0.251132 0.538656 0.28717 0.431219 0.32771199999999995 0.40884400000000004 0.329953 0.4058590000000001 0.3141979999999999 0.437188 0.273656 0.41928099999999996 0.273656 0.399891 0.296179 0.389437 0.320943 0.390937 0.345731 0.371531 0.354741 0.338703 0.352476 0.282016 0.37950500000000004 0.253656 0.388514 0.213375 0.411038 0.193969 0.426792 0.171594 0.431297 0.159656 0.566439 0.165625 0.591226 0.159656 0.61375 0.167109 0.6317449999999999 0.179047 0.6317449999999999 0.1895 0.6475240000000001 0.20740600000000003 0.649764 0.23276599999999997 0.643019 0.23276599999999997 0.640755 0.250672 0.634009 0.271563 0.638514 0.265594 0.634009 0.337219 0.588962 0.481953 0.494363 0.571484 0.42228800000000005 0.623703 0.39976399999999995 0.631172 0.38625 0.883328 0.21059 0.884828 0.21059 0.88853047476993 0.1946109730373818 0.895266 0.165542 0.8878129999999999 0.149764 0.865422 0.152028
18 0.756391 0.179292 0.757328 0.17955200000000002 0.761437 0.180259 0.763641 0.180967 0.766016 0.178821 0.767281 0.176203 0.768078 0.172382 0.768078 0.169292 0.767594 0.166675 0.767281 0.16261799999999998 0.762703 0.162146 0.759859 0.161415 0.757172 0.165472 0.756391 0.179292
18 0.822578 0.15016500000000002 0.827422 0.151981 0.8330780000000001 0.14801899999999998 0.832672 0.139505 0.830859 0.13797199999999998 0.8237970000000001 0.136745 0.821781 0.142547 0.821578 0.149858 0.822578 0.15016500000000002
18 0.789 0.145307 0.788812 0.138066 0.787188 0.134175 0.783453 0.134623 0.780391 0.137925 0.779531 0.141698 0.779531 0.146486 0.789 0.145307
18 0.762016 0.139481 0.761219 0.142406 0.761141 0.146132 0.761313 0.150118 0.768703 0.148915 0.769234 0.142948 0.768969 0.138019 0.762016 0.139481
18 0.291734 0.232524 0.301609 0.229057 0.302234 0.215731 0.30131199999999997 0.211014 0.299125 0.204599 0.290078 0.204599 0.282797 0.206156 0.281656 0.21259399999999998 0.278641 0.221226 0.279469 0.23330199999999998 0.291734 0.232524
18 0.801359 0.16684000000000002 0.802234 0.171014 0.8057190000000001 0.17143899999999998 0.807453 0.17056600000000002 0.809344 0.169693 0.8120939999999999 0.169906 0.815578 0.171887 0.816594 0.169033 0.8173130000000001 0.154811 0.804703 0.15327800000000003 0.803969 0.15589599999999998 0.801937 0.165542 0.801359 0.16684000000000002
18 0.750703 0.15533 0.750703 0.150425 0.7497659999999999 0.14551899999999998 0.7497659999999999 0.142712 0.746516 0.142712 0.7418750000000001 0.142712 0.741406 0.144104 0.740938 0.14830200000000002 0.740484 0.149717 0.740016 0.15391500000000002 0.740938 0.15672200000000003 0.747906 0.15603799999999998 0.750703 0.15533
75 0.714016 0.14092 0.714016 0.16514199999999998 0.733031 0.162358 0.735781 0.15129700000000001 0.7327969999999999 0.13816 0.716297 0.14059 0.714016 0.14092
18 0.849484 0.144292 0.8597659999999999 0.14332499999999998 0.8593909999999999 0.137123 0.858094 0.131887 0.8511559999999999 0.131486 0.849734 0.139835 0.850516 0.142736 0.849484 0.144292
18 0.8097340000000001 0.130377 0.812875 0.132547 0.814563 0.130377 0.8143119999999999 0.12426899999999999 0.8136559999999999 0.12190999999999999 0.8103910000000001 0.1225 0.8097340000000001 0.122877 0.8097340000000001 0.12978800000000001 0.8097340000000001 0.130377
73 0.933469 0.10367900000000001 0.930453 0.10318400000000001 0.926766 0.103443 0.925594 0.105967 0.9252499999999999 0.108231 0.925094 0.112288 0.925422 0.11658 0.9291090000000001 0.119882 0.9339689999999999 0.120142 0.9364839999999999 0.116085 0.935312 0.105967 0.933469 0.10367900000000001