18 0.25110299999999997 0.282562 0.25765299999999997 0.276031 0.288709 0.271125 0.320587 0.27004700000000004 0.329577 0.27875 0.33856800000000004 0.27875 0.340188 0.267328 0.354906 0.267328 0.36389699999999997 0.272219 0.368803 0.272219 0.370423 0.262969 0.368803 0.250453 0.36389699999999997 0.242844 0.35 0.240672 0.34673699999999996 0.23142200000000002 0.336925 0.22107800000000002 0.32385 0.21835900000000003 0.311596 0.21509399999999998 0.296056 0.214562 0.287066 0.21509399999999998 0.270728 0.217281 0.25765299999999997 0.218906 0.250282 0.22271899999999997 0.24866200000000002 0.22925 0.244577 0.242844 0.23802800000000002 0.24992200000000003 0.23150199999999999 0.261891 0.23232399999999997 0.271125 0.245399 0.286359 0.25110299999999997 0.282562
18 0.49363799999999997 0.23803100000000002 0.49363799999999997 0.24512499999999998 0.496549 0.247703 0.495563 0.256094 0.501385 0.26125 0.503333 0.261906 0.510117 0.260609 0.510117 0.25739100000000004 0.513028 0.252219 0.517864 0.256734 0.526596 0.25545300000000004 0.526596 0.24900000000000003 0.531455 0.24900000000000003 0.537254 0.25157799999999997 0.545023 0.25157799999999997 0.549859 0.24834399999999998 0.559554 0.24834399999999998 0.567324 0.249641 0.567324 0.254156 0.57216 0.258672 0.581854 0.25351599999999996 0.584765 0.250937 0.590587 0.25028100000000003 0.593498 0.246422 0.593498 0.23543799999999998 0.590587 0.22964099999999998 0.588638 0.22640600000000002 0.587676 0.22253099999999998 0.581854 0.219953 0.577981 0.20576599999999998 0.57216 0.20253100000000002 0.573122 0.19931300000000002 0.563427 0.194141 0.513991 0.196078 0.51108 0.198016 0.512042 0.20253100000000002 0.512042 0.203172 0.505258 0.204469 0.502347 0.206406 0.494601 0.223828 0.49363799999999997 0.23803100000000002
18 0.5859150000000001 0.200047 0.584296 0.203984 0.578897 0.209016 0.579437 0.210812 0.581056 0.21225 0.584296 0.216547 0.586455 0.215109 0.591854 0.215469 0.59507 0.217625 0.5902350000000001 0.220141 0.591315 0.228391 0.59831 0.22875 0.6015490000000001 0.230547 0.604249 0.230547 0.607488 0.228031 0.6144839999999999 0.227672 0.616103 0.229828 0.618803 0.23234400000000002 0.622582 0.23450000000000001 0.627981 0.23198400000000002 0.6295769999999999 0.229469 0.6295769999999999 0.22337500000000002 0.629061 0.216188 0.626549 0.21345299999999998 0.6324879999999999 0.211656 0.6319480000000001 0.210219 0.630329 0.210219 0.6249300000000001 0.21237499999999998 0.6254689999999999 0.20914100000000002 0.62277 0.204469 0.618451 0.199813 0.6157750000000001 0.199453 0.588263 0.199813 0.5859150000000001 0.200047
31 0.697136 0.920344 0.7154689999999999 0.920344 0.7469009999999999 0.920344 0.773099 0.9116250000000001 0.812371 0.8837339999999999 0.8071360000000001 0.859328 0.801901 0.8279529999999999 0.786174 0.8279529999999999 0.76784 0.8070470000000001 0.780939 0.780891 0.825469 0.753 0.828075 0.7355780000000001 0.828075 0.7181409999999999 0.7966669999999999 0.639703 0.76 0.604844 0.733803 0.575203 0.694531 0.5908909999999999 0.6788259999999999 0.636219 0.6499999999999999 0.6292500000000001 0.615962 0.6275000000000001 0.589789 0.622266 0.597629 0.643188 0.602864 0.662359 0.6133569999999999 0.676312 0.6107279999999999 0.695484 0.597629 0.707688 0.589789 0.721625 0.57669 0.7268589999999999 0.58716 0.744281 0.597629 0.75475 0.621197 0.775656 0.6342960000000001 0.7582340000000001 0.6499999999999999 0.763469 0.652629 0.7983279999999999 0.644765 0.824469 0.629061 0.8366720000000001 0.6107279999999999 0.8558439999999999 0.6054930000000001 0.887219 0.6342960000000001 0.9098750000000001 0.626432 0.9011720000000001 0.665728 0.918594 0.697136 0.920344
50 0.7259150000000001 0.203234 0.727934 0.207281 0.723873 0.21025 0.7242959999999999 0.21401599999999998 0.7226760000000001 0.219406 0.725493 0.22829700000000003 0.7210559999999999 0.234219 0.728732 0.23045300000000002 0.732394 0.23126600000000003 0.733592 0.197047 0.7259150000000001 0.198125 0.7259150000000001 0.203234
50 0.673099 0.206922 0.669695 0.206922 0.672254 0.2165 0.674366 0.21903100000000003 0.674789 0.22549999999999998 0.681127 0.225781 0.682817 0.210297 0.683662 0.208891 0.680704 0.206922 0.679014 0.204953 0.679014 0.203266 0.679014 0.202141 0.673944 0.202141 0.673099 0.206922
50 0.458521 0.22731200000000001 0.458333 0.223156 0.45936600000000005 0.219547 0.459014 0.213922 0.45783999999999997 0.210891 0.455986 0.210328 0.45326299999999997 0.21212499999999998 0.451761 0.21482800000000002 0.451244 0.217531 0.455305 0.219781 0.45462400000000003 0.22798400000000002 0.459531 0.227875 0.458521 0.22731200000000001
50 0.379742 0.22075 0.38223 0.229719 0.38518800000000003 0.229531 0.38678399999999996 0.22846899999999998 0.38838 0.225891 0.387911 0.220906 0.38610300000000003 0.21682800000000002 0.38678399999999996 0.215156 0.383826 0.212297 0.379977 0.212141 0.379977 0.21667200000000003 0.379742 0.22075
50 0.464671 0.21875 0.465915 0.22431199999999998 0.468756 0.22714099999999998 0.471596 0.22278099999999998 0.47035200000000005 0.21875 0.472488 0.21545299999999998 0.471596 0.211672 0.466103 0.209891 0.464507 0.209781 0.46342700000000003 0.21296900000000002 0.464671 0.21875
50 0.7124879999999999 0.20443699999999998 0.7108450000000001 0.206766 0.710282 0.209469 0.7108450000000001 0.21267200000000003 0.7117610000000001 0.21585899999999997 0.7117610000000001 0.218438 0.712324 0.221516 0.7126760000000001 0.22409400000000002 0.713239 0.226187 0.7136150000000001 0.228391 0.713967 0.23010899999999998 0.714343 0.23096899999999998 0.714343 0.231719 0.7167370000000001 0.22876599999999997 0.71784 0.22667199999999998 0.719131 0.22384400000000002 0.7185919999999999 0.21979700000000002 0.7185919999999999 0.215375 0.7193189999999999 0.21267200000000003 0.7193189999999999 0.21082800000000002 0.719131 0.20848399999999997 0.718967 0.20653100000000002 0.7196950000000001 0.20320299999999997 0.7195069999999999 0.201125 0.718216 0.20037500000000003 0.7174879999999999 0.200625 0.713967 0.20284399999999997 0.7124879999999999 0.20443699999999998
50 0.885822 0.20207799999999998 0.880023 0.20539100000000002 0.87338 0.20704699999999998 0.8684040000000001 0.213125 0.8684040000000001 0.221422 0.866737 0.225844 0.866737 0.22804700000000003 0.870047 0.23192200000000002 0.871714 0.234125 0.870047 0.24131200000000003 0.867559 0.250141 0.86507 0.260641 0.867559 0.26175000000000004 0.869225 0.265062 0.872559 0.273344 0.87338 0.278875 0.8684040000000001 0.283297 0.872559 0.283844 0.875869 0.283844 0.878357 0.28275 0.880023 0.276672 0.880023 0.268937 0.8808450000000001 0.26617199999999996 0.8883099999999999 0.26451600000000003 0.889155 0.26451600000000003 0.889977 0.267281 0.885822 0.276672 0.885 0.282187 0.885822 0.284953 0.889155 0.2855 0.8916430000000001 0.2855 0.894131 0.2855 0.897441 0.283297 0.897441 0.277219 0.897441 0.268375 0.9015960000000001 0.262297 0.9015960000000001 0.25125000000000003 0.902418 0.238547 0.9032629999999999 0.23301599999999997 0.905751 0.231359 0.909061 0.226938 0.910728 0.22362500000000002 0.910728 0.215891 0.9082389999999999 0.208156 0.90493 0.205953 0.90493 0.20484399999999997 0.90493 0.198766 0.902418 0.193234 0.900775 0.193234 0.8966200000000001 0.193234 0.889977 0.194906 0.885822 0.20207799999999998