18 0.8744999999999999 0.383078 0.855458 0.402109 0.845083 0.422 0.839896 0.43239099999999997 0.8462289999999999 0.444937 0.851417 0.45401600000000003 0.850271 0.464391 0.857187 0.474781 0.858917 0.476516 0.873917 0.476516 0.883146 0.468297 0.886021 0.468297 0.898708 0.471312 0.9091039999999999 0.46482799999999996 0.928125 0.45704700000000004 0.926396 0.44925 0.922937 0.442344 0.924104 0.43195300000000003 0.925833 0.420281 0.925833 0.412922 0.9327500000000001 0.40599999999999997 0.933333 0.398219 0.931021 0.390422 0.935063 0.377453 0.934479 0.37918799999999997 0.8912289999999999 0.377453 0.8744999999999999 0.383078
18 0.149833 0.408906 0.15402100000000002 0.408906 0.155083 0.40732799999999997 0.162937 0.418328 0.184396 0.414016 0.18754200000000001 0.408516 0.200104 0.404594 0.206917 0.404594 0.207958 0.382594 0.180208 0.371203 0.101667 0.370031 0.09381250000000001 0.37475 0.11947899999999999 0.409297 0.151938 0.409687 0.149833 0.408906
73 0.453208 0.290703 0.528292 0.304219 0.525292 0.21862499999999999 0.48322899999999996 0.22314099999999998 0.447208 0.22539099999999998 0.447208 0.243406 0.474229 0.24790600000000002 0.444208 0.24790600000000002 0.444208 0.263672 0.474229 0.272688 0.444208 0.272688 0.444208 0.281687 0.453208 0.290703
50 0.288938 0.410266 0.288938 0.42607799999999996 0.288938 0.448641 0.303979 0.455422 0.294958 0.473469 0.28291700000000003 0.493797 0.26787500000000003 0.511844 0.180583 0.538938 0.162521 0.557 0.19864600000000002 0.642781 0.28593799999999997 0.742094 0.27087500000000003 0.800797 0.27087500000000003 0.868516 0.19864600000000002 0.922687 0.19864600000000002 0.9384840000000001 0.219708 0.985891 0.514667 0.9904059999999999 0.505646 0.949781 0.505646 0.9272030000000001 0.499625 0.827875 0.49360400000000004 0.791766 0.49360400000000004 0.766937 0.511667 0.766937 0.5357500000000001 0.766937 0.5357500000000001 0.769187 0.574875 0.755641 0.595938 0.755641 0.647104 0.733063 0.659146 0.692438 0.641083 0.658578 0.601958 0.624719 0.550792 0.561516 0.499625 0.532172 0.469521 0.527656 0.436417 0.487016 0.418354 0.466703 0.436417 0.441875 0.44845799999999997 0.410266 0.436417 0.383188 0.406313 0.360609 0.388271 0.34932799999999997 0.373208 0.331266 0.36418700000000004 0.331266 0.355146 0.335781 0.300979 0.37415600000000004 0.288938 0.410266
50 0 0.825109 0.035875 0.8677189999999999 0.107625 0.9013439999999999 0.16441699999999998 0.9215310000000001 0.203292 0.9260160000000001 0.230187 0.8991089999999999 0.269063 0.85875 0.275042 0.8295939999999999 0.284 0.771297 0.281021 0.748875 0.272042 0.735422 0.16741699999999998 0.580719 0 0.381172 0 0.825109
50 0.6542709999999999 0.40664100000000003 0.6542709999999999 0.409016 0.650312 0.430344 0.650312 0.433891 0.653479 0.436859 0.6558539999999999 0.437453 0.6597919999999999 0.435078 0.6692710000000001 0.413156 0.6700630000000001 0.439813 0.681125 0.436859 0.685875 0.425594 0.682708 0.40012499999999995 0.6787500000000001 0.393016 0.6779580000000001 0.384719 0.6787500000000001 0.381156 0.679542 0.381156 0.6842919999999999 0.387094 0.692979 0.393609 0.696937 0.388266 0.681917 0.365156 0.676396 0.363984 0.674021 0.36160899999999996 0.666917 0.359234 0.6645420000000001 0.355687 0.6566460000000001 0.357469 0.6542709999999999 0.365156 0.6542709999999999 0.368125 0.6479579999999999 0.383531 0.6542709999999999 0.40664100000000003
50 0.636896 0.40970300000000004 0.6355000000000001 0.403453 0.635042 0.399281 0.635042 0.394422 0.636437 0.385734 0.6355000000000001 0.37948400000000004 0.631333 0.368016 0.631333 0.364547 0.627167 0.360031 0.6216039999999999 0.358984 0.620229 0.360375 0.619292 0.3635 0.612812 0.369062 0.612354 0.369406 0.6132709999999999 0.376344 0.6146670000000001 0.38121900000000003 0.6146670000000001 0.385031 0.612354 0.391984 0.6105 0.397187 0.6105 0.403094 0.610958 0.40553100000000003 0.6132709999999999 0.416641 0.6132709999999999 0.426719 0.612812 0.43332800000000005 0.612354 0.434016 0.615125 0.434016 0.6322709999999999 0.434719 0.6355000000000001 0.43228099999999997 0.6355000000000001 0.421859 0.636896 0.40970300000000004
50 0.5462710000000001 0.43296900000000005 0.565292 0.43321899999999997 0.564646 0.406875 0.5626669999999999 0.377094 0.5577500000000001 0.36748400000000003 0.551187 0.36625 0.546917 0.367984 0.5488959999999999 0.37512500000000004 0.5429790000000001 0.380297 0.535438 0.377328 0.540021 0.385953 0.53675 0.392844 0.542646 0.40145299999999995 0.538708 0.412531 0.542646 0.41646900000000003 0.5459379999999999 0.429766 0.5462710000000001 0.43296900000000005
50 0.5296040000000001 0.43282800000000005 0.527833 0.428531 0.526958 0.407672 0.5291669999999999 0.403703 0.531375 0.40106200000000003 0.531813 0.399734 0.531813 0.37921900000000003 0.530917 0.376891 0.5291669999999999 0.374906 0.5287080000000001 0.37292200000000003 0.5287080000000001 0.368297 0.5287080000000001 0.367297 0.527396 0.362328 0.5247499999999999 0.360016 0.518125 0.359016 0.515042 0.360672 0.5137079999999999 0.362328 0.5137079999999999 0.363328 0.514146 0.363984 0.507542 0.364656 0.507542 0.4335 0.5296040000000001 0.43282800000000005
50 0.803 0.280906 0.877896 0.314609 0.9348329999999999 0.32584399999999997 0.907875 0.364047 0.9168540000000001 0.417984 0.9198540000000001 0.462922 0.970792 0.458422 0.976771 0.48989099999999997 0.9558129999999999 0.516859 0.874917 0.548312 0.838958 0.5932660000000001 0.779021 0.674156 0.626208 0.982016 0.976771 0.9752810000000001 0.99475 0.175281 0.982771 0.175281 0.925833 0.24270299999999997 0.803 0.280906
36 0.426271 1 0.44068799999999997 0.966766 0.423063 0.810562 0.439083 0.737266 0.485542 0.536609 0.483958 0.529875 0.437479 0.515453 0.419875 0.631953 0.395833 0.771344 0.28368699999999997 0.7881560000000001 0.27247899999999997 0.8730309999999999 0.193979 0.925906 0.218 1 0.426271 1
50 0.645875 0.410969 0.647729 0.422875 0.645687 0.424125 0.645521 0.427719 0.6505 0.427719 0.651792 0.42328099999999996 0.654375 0.40764100000000003 0.652896 0.402375 0.650875 0.394344 0.6497499999999999 0.394062 0.649583 0.39420299999999997 0.646437 0.39420299999999997 0.645875 0.410969
50 0.593812 0.42870299999999995 0.595917 0.42792199999999997 0.599562 0.407937 0.602167 0.40912499999999996 0.600083 0.43145300000000003 0.606875 0.431844 0.608958 0.404031 0.612104 0.396188 0.612104 0.38287499999999997 0.611583 0.36759400000000003 0.6058330000000001 0.363672 0.605313 0.355844 0.594854 0.353484 0.593292 0.368375 0.5864999999999999 0.372297 0.5812919999999999 0.398547 0.5906870000000001 0.40245300000000006 0.593292 0.424797 0.590167 0.428312 0.593812 0.42870299999999995
18 0.7223539999999999 0.42712500000000003 0.727021 0.436937 0.7391869999999999 0.43623399999999996 0.747604 0.427828 0.783125 0.429922 0.7878120000000001 0.436937 0.794354 0.435547 0.807438 0.428531 0.815854 0.43623399999999996 0.8252079999999999 0.434844 0.8298749999999999 0.421516 0.8261459999999999 0.403984 0.8261459999999999 0.39767199999999997 0.820521 0.387156 0.811188 0.372422 0.741979 0.368922 0.7307710000000001 0.372422 0.715792 0.38854700000000003 0.701771 0.407484 0.702708 0.428531 0.702708 0.43273400000000006 0.712063 0.43273400000000006 0.715792 0.42712500000000003 0.7223539999999999 0.42712500000000003
73 0.436375 0.295406 0.437708 0.33654700000000004 0.455396 0.3465 0.455396 0.33256199999999997 0.458937 0.324937 0.463813 0.321953 0.453188 0.318297 0.463375 0.315641 0.46512499999999996 0.31 0.451854 0.306359 0.463375 0.30171899999999996 0.462917 0.297406 0.453625 0.295406 0.439917 0.295078 0.436375 0.295406
73 0.429354 0.29367200000000004 0.424583 0.29367200000000004 0.421792 0.295344 0.422354 0.29725 0.41954199999999997 0.2985 0.413375 0.2985 0.413375 0.304813 0.415625 0.30692200000000003 0.42206299999999997 0.30692200000000003 0.421792 0.30839099999999997 0.41450000000000004 0.310297 0.415625 0.31492200000000004 0.417854 0.316188 0.418146 0.320391 0.415063 0.321234 0.415333 0.32775 0.421229 0.329656 0.433854 0.330063 0.433292 0.294516 0.429354 0.29367200000000004
73 0.76025 0.328688 0.741958 0.322031 0.742479 0.348672 0.7576250000000001 0.348672 0.76025 0.328688
50 0.565292 0.374969 0.563604 0.37590599999999996 0.5655 0.43135899999999994 0.568625 0.432141 0.570521 0.426813 0.57575 0.415203 0.584125 0.376375 0.581604 0.373391 0.575333 0.366016 0.5715629999999999 0.360844 0.5675830000000001 0.363031 0.567375 0.367109 0.5667500000000001 0.369937 0.566125 0.37354699999999996 0.565292 0.374969
50 0.459833 0.433047 0.46093799999999996 0.43053100000000005 0.46093799999999996 0.428422 0.45841699999999996 0.420656 0.45841699999999996 0.41709399999999996 0.459833 0.411219 0.459833 0.408906 0.460375 0.406594 0.4615 0.40449999999999997 0.462625 0.404281 0.46375 0.404281 0.465708 0.406391 0.46654199999999996 0.40764100000000003 0.467938 0.408906 0.467938 0.41100000000000003 0.467375 0.412687 0.467375 0.417516 0.467375 0.4215 0.467667 0.424859 0.467375 0.42801600000000006 0.466833 0.43178099999999997 0.467667 0.43324999999999997 0.469062 0.433469 0.47075 0.433469 0.47493799999999997 0.43367199999999995 0.478292 0.43324999999999997 0.47522899999999996 0.430312 0.473813 0.42968799999999996 0.472708 0.427797 0.472708 0.423813 0.47327100000000005 0.418984 0.47327100000000005 0.417516 0.472979 0.413312 0.472979 0.41100000000000003 0.474667 0.407219 0.476896 0.40470300000000003 0.477188 0.40343799999999996 0.477188 0.40071899999999994 0.47775 0.398406 0.476625 0.39525 0.476333 0.394 0.476333 0.392734 0.476062 0.390219 0.475792 0.386234 0.476625 0.388531 0.47970799999999997 0.391062 0.48025 0.391484 0.481375 0.391484 0.48306299999999996 0.39 0.483333 0.388531 0.482229 0.386641 0.481667 0.385594 0.479979 0.379516 0.479146 0.377406 0.47858300000000004 0.372797 0.476896 0.369219 0.476062 0.3665 0.47550000000000003 0.364812 0.473813 0.363547 0.470187 0.3625 0.46849999999999997 0.36165600000000003 0.46849999999999997 0.36124999999999996 0.467938 0.35956299999999997 0.469333 0.35682800000000003 0.46962499999999996 0.353063 0.46654199999999996 0.349281 0.46206200000000003 0.35032800000000003 0.460375 0.35326599999999997 0.458979 0.356625 0.460375 0.359359 0.4615 0.35998399999999997 0.4615 0.36165600000000003 0.453937 0.362719 0.451708 0.363344 0.44945799999999997 0.3665 0.448917 0.370484 0.448062 0.375094 0.448062 0.37845300000000004 0.44975 0.383094 0.44975 0.387922 0.45087499999999997 0.389188 0.45339599999999997 0.389391 0.4545 0.392125 0.4545 0.393797 0.452542 0.397375 0.454229 0.40135899999999997 0.452833 0.40303100000000003 0.45366700000000004 0.406391 0.454229 0.4085 0.45366700000000004 0.412281 0.45366700000000004 0.415844 0.454229 0.418359 0.454229 0.422141 0.4545 0.424656 0.4545 0.426344 0.4545 0.42739099999999997 0.45479200000000003 0.431172 0.456188 0.433484 0.456188 0.43242200000000003 0.458708 0.433047 0.459833 0.433047
50 0.0017083291666666668 0.383594 0.035062499999999996 0.435281 0.0401458 0.44398400000000005 0.0648125 0.46954700000000005 0.0872917 0.508172 0.101083 0.5087189999999999 0.119938 0.517422 0.132271 0.526672 0.138792 0.533734 0.151125 0.5457029999999999 0.157646 0.560391 0.16489600000000001 0.558766 0.172875 0.548969 0.18593800000000002 0.534828 0.228729 0.522312 0.227292 0.51525 0.18520799999999998 0.466828 0.153292 0.454859 0.12066700000000001 0.445609 0.12066700000000001 0.432562 0.121375 0.41025 0.118479 0.399922 0.0894792 0.36075 0.0735208 0.346609 0.0539375 0.34225 0.024187499999999997 0.343344 0 0.343891 0.0017083291666666668 0.383594
18 0.294417 0.389281 0.294937 0.381516 0.312521 0.365406 0.310979 0.359391 0.284062 0.361719 0.283042 0.386953 0.28200000000000003 0.393547 0.287687 0.393156 0.28793799999999997 0.389672 0.293896 0.39043700000000003 0.294417 0.389281
36 0.570104 0.40426599999999996 0.573562 0.40037500000000004 0.574875 0.391937 0.563604 0.389016 0.561438 0.379594 0.554083 0.387062 0.553229 0.403937 0.568375 0.403937 0.570104 0.40426599999999996
36 0.692271 0.405609 0.694562 0.402609 0.693125 0.395328 0.6908329999999999 0.388047 0.688271 0.383969 0.684562 0.382469 0.683125 0.37754699999999997 0.6814169999999999 0.369406 0.680271 0.369406 0.676562 0.370266 0.676562 0.374344 0.678854 0.380125 0.6782710000000001 0.382906 0.6777080000000001 0.38440599999999997 0.6768540000000001 0.387188 0.6768540000000001 0.395969 0.678562 0.40410899999999994 0.679417 0.40603100000000003 0.687708 0.40646899999999997 0.692271 0.405609
18 0.824042 0.394484 0.830125 0.425734 0.8431460000000001 0.425406 0.857042 0.398719 0.877437 0.382766 0.886979 0.37528100000000003 0.842271 0.37657799999999997 0.824042 0.394484