63 0.545516 0.5575709999999999 0.540422 0.5646450000000001 0.541 0.572996 0.547219 0.581986 0.5574060000000001 0.582624 0.5596720000000001 0.581348 0.567031 0.573635 0.567031 0.5665779999999999 0.564203 0.560142 0.558547 0.554362 0.55175 0.5537230000000001 0.545516 0.5575709999999999
50 0.5729059999999999 0.369645 0.5490470000000001 0.37641800000000003 0.5490470000000001 0.405762 0.5450630000000001 0.410266 0.5450630000000001 0.426064 0.555016 0.432837 0.592812 0.46670199999999995 0.596781 0.477996 0.596781 0.5118440000000001 0.608719 0.545709 0.604734 0.572801 0.60275 0.5795739999999999 0.596781 0.608918 0.592812 0.636011 0.584844 0.658582 0.574906 0.678901 0.566937 0.69695 0.562969 0.703723 0.612703 0.719521 0.632594 0.719521 0.646516 0.703723 0.638563 0.665355 0.628609 0.636011 0.6345780000000001 0.61344 0.656469 0.584078 0.672375 0.5637770000000001 0.702219 0.5750529999999999 0.712156 0.5750529999999999 0.712156 0.557004 0.698234 0.541188 0.6862969999999999 0.5321629999999999 0.672375 0.50734 0.666406 0.477996 0.654469 0.45542599999999994 0.642531 0.448652 0.614687 0.437358 0.598766 0.410266 0.584844 0.37189700000000003 0.5729059999999999 0.369645
50 0.289781 0.8288300000000001 0.299703 0.894149 0.303672 0.88289 0.321531 0.824326 0.357266 0.709468 0.363219 0.673422 0.36718799999999996 0.653156 0.377109 0.603599 0.391 0.547305 0.391 0.518014 0.391 0.468475 0.387031 0.44594 0.383062 0.418918 0.377109 0.394149 0.365203 0.38063800000000003 0.343375 0.36936199999999997 0.31954699999999997 0.36936199999999997 0.295734 0.389645 0.289781 0.412163 0.29375 0.43017700000000003 0.29771899999999996 0.472979 0.29771899999999996 0.490993 0.291766 0.511259 0.275891 0.565319 0.269937 0.61711 0.275891 0.63289 0.301687 0.668918 0.299703 0.6779259999999999 0.275891 0.740993 0.275891 0.777021 0.27985899999999997 0.837837 0.27985899999999997 0.8490960000000001 0.289781 0.8288300000000001
68 0.108922 0.537074 0.0871406 0.559557 0.05743750000000001 0.602252 0.05743750000000001 0.622465 0.0693125 0.653936 0.102984 0.676401 0.132688 0.667411 0.160406 0.62922 0.182188 0.561791 0.217844 0.516862 0.21981299999999998 0.512358 0.21387499999999998 0.507872 0.108922 0.537074
68 0.46132799999999996 0.8425349999999999 0.462906 0.80023 0.44942200000000004 0.7570209999999999 0.430391 0.722819 0.41135900000000003 0.680514 0.409766 0.67961 0.44070299999999996 0.864131 0.46132799999999996 0.8425349999999999
68 0.198484 0.293918 0.24809399999999998 0.289415 0.246109 0.273652 0.200469 0.28266 0.168703 0.28266 0.16275 0.287163 0.156797 0.32094 0.160766 0.325443 0.198484 0.293918
68 0.105187 0.248865 0.0714531 0.248865 0.0357188 0.28266 0.0337344 0.329947 0.0595469 0.370496 0.115125 0.368245 0.107172 0.338972 0.109156 0.287163 0.105187 0.248865
50 0.268094 0.420957 0.2775 0.395798 0.294953 0.382855 0.31175 0.372943 0.31175 0.35617 0.299656 0.328741 0.274141 0.319592 0.258688 0.331791 0.248609 0.350833 0.247938 0.385142 0.225109 0.407996 0.22242199999999998 0.459823 0.236531 0.4704960000000001 0.24525000000000002 0.46287199999999995 0.265406 0.440762 0.268094 0.420957
50 0.281234 0.47514200000000006 0.273328 0.512447 0.284266 0.533138 0.31160899999999997 0.44422 0.309781 0.39044300000000004 0.280625 0.40906000000000003 0.261734 0.44395399999999996 0.280781 0.465071 0.281234 0.47514200000000006
68 0.248312 0.65805 0.253063 0.6668090000000001 0.253656 0.6796279999999999 0.250688 0.682323 0.248312 0.696472 0.24415599999999998 0.707252 0.23760900000000001 0.720071 0.23701599999999998 0.732199 0.23998400000000003 0.7463650000000001 0.24712499999999998 0.759167 0.256031 0.76523 0.26375000000000004 0.763209 0.269687 0.7416309999999999 0.272078 0.7092729999999999 0.26790600000000003 0.6856909999999999 0.250688 0.6560280000000001 0.248312 0.65805
50 0.10934945691856231 0.3717593797260409 0.109266 0.371791 0.0889687 0.37445 0.07375 0.373564 0.0776406 0.387287 0.0764688 0.403227 0.0717969 0.440426 0.0753125 0.46877699999999994 0.0909219 0.500656 0.0995 0.530762 0.108484 0.528121 0.124484 0.525461 0.145156 0.521915 0.161156 0.518369 0.183797 0.512606 0.19899741864295373 0.5057171691024246 0.199406 0.505532 0.208391 0.501543 0.21267200000000003 0.503759 0.218141 0.51039 0.21970300000000004 0.517482 0.22671900000000003 0.514823 0.232578 0.514379 0.241953 0.512163 0.250141 0.512163 0.251703 0.512606 0.255219 0.509078 0.254828 0.504202 0.252875 0.4940069999999999 0.250141 0.48383 0.24857800000000002 0.479397 0.24312499999999998 0.473635 0.223219 0.46478699999999995 0.22282799999999997 0.392163 0.220094 0.367358 0.215016 0.333706 0.211109 0.294734 0.20800000000000002 0.294734 0.204094 0.294734 0.193938 0.296507 0.187312 0.301809 0.16975 0.321294 0.159984 0.333262 0.156875 0.323067 0.16350784133474883 0.3106383977298089 0.164281 0.307128 0.164672 0.30535811836212406 0.164672 0.29828 0.1683702172946939 0.29093564186494336 0.16949522920409893 0.28958958169004356 0.169359 0.288972 0.169359 0.278351 0.171703 0.274362 0.174437 0.275691 0.186922 0.281897 0.193547 0.28234 0.204875 0.280124 0.210328 0.277465 0.209563 0.268599 0.205656 0.250443 0.192781 0.219007 0.187703 0.202181 0.178719 0.184911 0.174047 0.168528 0.175219 0.166312 0.180672 0.161436 0.183406 0.15656 0.183406 0.148599 0.188484 0.14727 0.192781 0.149043 0.198625 0.147713 0.205266 0.144167 0.210328 0.137961 0.209563 0.129557 0.211109 0.125124 0.212281 0.118918 0.209563 0.114486 0.213063 0.110514 0.213844 0.103865 0.219313 0.100319 0.22204699999999997 0.0954433 0.21853099999999998 0.0883688 0.215016 0.0839362 0.215016 0.0799468 0.21696900000000002 0.0759574 0.22671900000000003 0.0750709 0.233359 0.0653369 0.24428100000000003 0.056914900000000004 0.21345299999999998 0.0471809 0.208391 0.0427482 0.1955 0.0281383 0.185359 0.0201596 0.173656 0.0153014 0.150234 0.0188298 0.133453 0.031241099999999997 0.130719 0.0374291 0.121359 0.0493972 0.117062 0.060460999999999994 0.112766 0.0653369 0.113547 0.0759574 0.116672 0.0795035 0.12253099999999999 0.0834929 0.120578 0.0874823 0.115891 0.0923582 0.117062 0.0994326 0.121359 0.108298 0.126047 0.112713 0.128375 0.11581599999999999 0.128375 0.12734 0.126047 0.133972 0.12214100000000001 0.139734 0.113937 0.148156 0.10418799999999999 0.160993 0.0838906 0.214131 0.0811562 0.22211 0.0807656 0.23760599999999998 0.07725 0.25 0.080375 0.252216 0.0854531 0.24734 0.102234 0.24778400000000003 0.10731300000000002 0.257979 0.10925435594660156 0.2679318055429019 0.11120299999999998 0.273918 0.112766 0.283652 0.11510899999999999 0.294734 0.11495381689815794 0.29790172480452476 0.11510899999999999 0.298723 0.113547 0.316879 0.11042199999999999 0.335922 0.113547 0.348316 0.11672243275896506 0.35273145513958953 0.11674681051102065 0.3527653525257967 0.120578 0.357624 0.120438753075176 0.35789901713385536 0.11901599999999998 0.360709 0.10639883046329404 0.36735036261488363 0.10934945691856231 0.3717593797260409
50 0.144094 0.660745 0.12434399999999998 0.677996 0.12373399999999998 0.692819 0.12007799999999999 0.697996 0.114609 0.712837 0.10670300000000002 0.761844 0.10670300000000002 0.76805 0.108219 0.782199 0.111266 0.813599 0.11278099999999999 0.829468 0.116734 0.850514 0.116125 0.899521 0.11187499999999999 0.901578 0.10670300000000002 0.9126239999999999 0.0987969 0.9371279999999999 0.0987969 0.9526599999999998 0.0994063 0.952996 0.102141 0.9578190000000001 0.111563 0.9619680000000002 0.131328 0.964043 0.142578 0.959894 0.142578 0.967145 0.149578 0.976454 0.162344 0.979911 0.176641 0.979911 0.186672 0.979557 0.20278099999999996 0.979557 0.209172 0.9806030000000001 0.221937 0.982677 0.237156 0.982677 0.255391 0.980248 0.279109 0.9750710000000001 0.281547 0.967145 0.282766 0.9526599999999998 0.269984 0.951613 0.254781 0.9447160000000001 0.24445299999999998 0.9374650000000001 0.23137499999999997 0.925745 0.21585899999999997 0.909167 0.214953 0.899167 0.21646899999999997 0.889167 0.20400000000000001 0.891915 0.20400000000000001 0.883989 0.208562 0.835674 0.21678100000000003 0.813599 0.225594 0.76977 0.227719 0.761844 0.22925 0.750443 0.23228100000000002 0.740443 0.236547 0.725603 0.24809399999999998 0.699734 0.252359 0.693174 0.253266 0.681099 0.250828 0.662465 0.243844 0.630709 0.235937 0.604149 0.23410900000000004 0.589309 0.229547 0.572057 0.221937 0.557908 0.21920299999999998 0.546862 0.22225 0.53445 0.224984 0.522021 0.224688 0.518918 0.217984 0.52133 0.211297 0.524096 0.20704700000000004 0.532376 0.192141 0.556879 0.185453 0.579309 0.172078 0.620709 0.166609 0.630372 0.161125 0.641418 0.144094 0.660745
2 0.479406 0.494273 0.47742199999999996 0.498103 0.476828 0.503262 0.47523400000000005 0.509344 0.474453 0.515621 0.476828 0.523262 0.483156 0.532926 0.509703 0.53406 0.534844 0.532926 0.54 0.529113 0.547516 0.50844 0.552469 0.5174289999999999 0.556438 0.516968 0.5589999999999999 0.5142730000000001 0.559797 0.51023 0.558406 0.506631 0.548516 0.502589 0.5477190000000001 0.497199 0.538016 0.47877700000000006 0.5287029999999999 0.4675349999999999 0.512266 0.46439700000000006 0.508516 0.46776599999999996 0.49584400000000006 0.46978699999999995 0.487922 0.47180900000000003 0.483359 0.47719900000000004 0.480391 0.482819 0.480781 0.48934400000000006 0.479406 0.494273