12 0.814195 0.14207799999999998 0.8462810000000001 0.12314099999999999 0.848957 0.118672 0.849501 0.116828 0.848707 0.112922 0.844921 0.11235900000000001 0.812834 0.1315 0.814195 0.14207799999999998
65 0.5801810000000001 0.031078099999999997 0.551678 0.031078099999999997 0.377642 0.031078099999999997 0.361361 0.040203100000000005 0.3461 0.0549219 0.3461 0.0850781 0.375624 0.0773594 0.430567 0.0759688 0.47027199999999997 0.0752656 0.493673 0.0724531 0.584263 0.07175000000000001 0.578141 0.0373906 0.5801810000000001 0.031078099999999997
65 0.323878 0.122438 0.33022700000000005 0.16506300000000002 0.36512500000000003 0.130094 0.458685 0.12681199999999998 0.474558 0.122438 0.599841 0.122438 0.599841 0.07873440000000001 0.591927 0.0754531 0.47138300000000005 0.07873440000000001 0.442834 0.0984063 0.41746 0.0896563 0.42698400000000003 0.0776406 0.396848 0.07873440000000001 0.35718799999999995 0.0809062 0.32705199999999995 0.12025 0.323878 0.122438
65 0.360431 0.220547 0.623039 0.20587499999999997 0.606009 0.158922 0.35900200000000004 0.162828 0.33487500000000003 0.170656 0.319252 0.185328 0.30932000000000004 0.19120299999999998 0.319252 0.219563 0.360431 0.220547
65 0.243401 0.239656 0.25111100000000003 0.31195300000000004 0.28351499999999996 0.30025 0.649138 0.276859 0.632154 0.206703 0.32825400000000005 0.219469 0.258844 0.223719 0.243401 0.239656
65 0.6555099999999999 0.359547 0.665283 0.267422 0.254376 0.305625 0.27068 0.384266 0.6555099999999999 0.359547
65 0.310295 0.44240599999999997 0.31498899999999996 0.445 0.641633 0.428172 0.6482089999999999 0.426891 0.637891 0.358328 0.26712 0.373844 0.26898 0.443703 0.310295 0.44240599999999997
65 0.6163719999999999 0.43145300000000003 0.313084 0.447187 0.26415 0.453937 0.280476 0.523594 0.313084 0.514609 0.6261450000000001 0.48989099999999997 0.6163719999999999 0.43145300000000003
65 0.29943299999999995 0.589797 0.32176899999999997 0.586141 0.6375740000000001 0.560484 0.623764 0.492344 0.30687099999999995 0.514328 0.266463 0.517984 0.27390000000000003 0.585406 0.29943299999999995 0.589797
65 0.617007 0.658359 0.621701 0.643859 0.605329 0.566516 0.270952 0.589078 0.27328800000000003 0.5971409999999999 0.299025 0.687359 0.617007 0.658359
65 0.209184 0.782656 0.594875 0.744375 0.578549 0.665547 0.297438 0.690312 0.192857 0.6970780000000001 0.209184 0.782656
65 0.205918 0.86825 0.61449 0.823203 0.601429 0.748875 0.47068000000000004 0.760141 0.17977300000000002 0.784906 0.205918 0.86825
65 0.292404 0.690562 0.248912 0.46234400000000003 0.145215 0.466953 0.16195 0.687109 0.183696 0.695172 0.28739200000000004 0.6882659999999999 0.292404 0.690562
12 0.8698189999999999 0.20249999999999999 0.8936959999999999 0.190656 0.932517 0.17626599999999998 0.924308 0.164437 0.8951929999999999 0.168547 0.8578680000000001 0.187062 0.864603 0.199406 0.8698189999999999 0.20249999999999999
12 0.805306 0.125766 0.8039000000000001 0.113094 0.767143 0.132906 0.76619 0.13323400000000002 0.768549 0.145891 0.805306 0.125766
12 0.734127 0.164047 0.761882 0.148688 0.769932 0.14768699999999998 0.768095 0.140125 0.759705 0.141641 0.731565 0.159 0.734127 0.164047
12 0.918912 0.10267200000000001 0.913197 0.0918438 0.9067799999999999 0.0933281 0.89678 0.0933281 0.881066 0.0952812 0.848934 0.118906 0.846077 0.12137500000000001 0.851066 0.127766 0.851066 0.127281 0.8524940000000001 0.124328 0.86678 0.117922 0.88322 0.11251599999999999 0.895351 0.107094 0.917483 0.106609 0.918912 0.10267200000000001
12 0.7935369999999999 0.07718749999999999 0.792154 0.0749219 0.788322 0.077 0.7642399999999999 0.09718750000000001 0.768073 0.104156 0.795714 0.0841719 0.7976420000000001 0.0820937 0.7935369999999999 0.07718749999999999
12 0.772313 0.150594 0.800612 0.133219 0.8112699999999999 0.131094 0.8073699999999999 0.12317199999999999 0.804921 0.12459400000000001 0.771905 0.14225000000000002 0.772313 0.150594
12 0.8369610000000001 0.050109400000000005 0.841202 0.05725 0.8840819999999999 0.0280313 0.901043 0.028687499999999998 0.8968029999999999 0.0192656 0.875601 0.018296899999999998 0.8369610000000001 0.050109400000000005
12 0.896463 0.13625 0.930907 0.133984 0.925986 0.1125 0.896463 0.11364099999999999 0.866939 0.121547 0.843946 0.147547 0.8456009999999999 0.150938 0.896463 0.13625
65 0.6846260000000001 0.8126720000000001 0.694376 0.674687 0.652154 0.6687190000000001 0.625102 0.66125 0.6142629999999999 0.6687190000000001 0.600204 0.6784060000000001 0.604535 0.747781 0.6142629999999999 0.8126720000000001 0.6846260000000001 0.8126720000000001