64 0.8557 0.865285 0.85638 0.8517119999999999 0.85202 0.842643 0.8429800000000001 0.8421620000000001 0.83796 0.8527030000000001 0.83828 0.865285 0.84264 0.871802 0.85034 0.871321 0.8557 0.865285
18 0.32689999999999997 0.8416819999999999 0.32954 0.83955 0.32752 0.8352849999999999 0.31557999999999997 0.8374170000000001 0.3093 0.83985 0.3008 0.849279 0.29613999999999996 0.8504799999999999 0.29412 0.854144 0.29331999999999997 0.8626429999999999 0.29634 0.870541 0.29756 0.872072 0.31557999999999997 0.868739 0.32368 0.865676 0.32388 0.854444 0.3267 0.84015 0.32689999999999997 0.8416819999999999
18 0.4486 0.837688 0.45094 0.8482580000000001 0.45589999999999997 0.845526 0.45982 0.848649 0.45877999999999997 0.843934 0.45877999999999997 0.8372970000000001 0.46582 0.841201 0.46842 0.8400299999999999 0.46946 0.836096 0.46868 0.827477 0.46452 0.818859 0.45694 0.821622 0.44572 0.822793 0.44101999999999997 0.8321919999999999 0.43424 0.835706 0.43398000000000003 0.8494289999999999 0.43868 0.8494289999999999 0.4392 0.849039 0.43894 0.8384679999999999 0.4486 0.837688
18 0.3852 0.851231 0.38824000000000003 0.851622 0.38833999999999996 0.855435 0.39427999999999996 0.8541739999999999 0.39512 0.84985 0.40472 0.8530329999999999 0.4053 0.855826 0.40844 0.85009 0.41516000000000003 0.850601 0.41744 0.851742 0.42160000000000003 0.848438 0.42262 0.842462 0.42144 0.8327629999999999 0.41625999999999996 0.8315020000000001 0.41134 0.827027 0.39936 0.8285589999999999 0.39436 0.8337840000000001 0.39418000000000003 0.8350449999999999 0.3862 0.8416819999999999 0.3852 0.851231
18 0.37168 0.8593689999999999 0.37245999999999996 0.844895 0.35863999999999996 0.837838 0.35394 0.835495 0.3388 0.837838 0.33436 0.844114 0.32576 0.851922 0.32576 0.864474 0.32914 0.869189 0.34088 0.869189 0.37168 0.8593689999999999
18 0.35860000000000003 0.8364860000000001 0.3613 0.8386490000000001 0.36418 0.8403299999999999 0.36607999999999996 0.8408110000000001 0.37039999999999995 0.841772 0.37151999999999996 0.845345 0.37389999999999995 0.848949 0.37948000000000004 0.847267 0.38251999999999997 0.8465469999999999 0.38395999999999997 0.8446250000000001 0.38442000000000004 0.8415320000000001 0.38348000000000004 0.8350449999999999 0.38204000000000005 0.8317120000000001 0.38188 0.830991 0.38012 0.827868 0.37342000000000003 0.825706 0.36672000000000005 0.825946 0.36386 0.825946 0.36034 0.8271470000000001 0.35860000000000003 0.831471 0.35748 0.8343539999999999 0.35860000000000003 0.8364860000000001
18 0.279 0.846276 0.2529 0.8498200000000001 0.2517 0.8504200000000001 0.2434 0.8617120000000001 0.24262 0.8818919999999999 0.2438 0.8848650000000001 0.24972 0.8848650000000001 0.25368 0.888438 0.25684 0.88961 0.2616 0.8860360000000002 0.26436 0.880691 0.26554 0.880691 0.27188 0.8801200000000001 0.28098 0.87952 0.28098 0.876547 0.28098 0.871802 0.28018 0.8688289999999999 0.27978 0.8634829999999999 0.28018 0.858138 0.28296 0.8545650000000001 0.28296 0.8504200000000001 0.279 0.846276
18 0.1464 0.8310810000000001 0.13194 0.8225229999999999 0.11142 0.821381 0.11674 0.850511 0.12244 0.847628 0.15172 0.8442040000000001 0.1464 0.8310810000000001
18 0.48568 0.815916 0.48954000000000003 0.811141 0.49772000000000005 0.8096099999999999 0.49624 0.802462 0.48828 0.8017719999999999 0.48544 0.804144 0.48568 0.815916
73 0.31395999999999996 0.683604 0.31244 0.7417119999999999 0.32495999999999997 0.7411409999999999 0.32382 0.738288 0.32572 0.684174 0.31738 0.685315 0.31395999999999996 0.683604
73 0.41058 0.696306 0.41014 0.719399 0.41066 0.720661 0.41426 0.72042 0.41638 0.71964 0.41638 0.7171470000000001 0.41622000000000003 0.712973 0.4151 0.7115020000000001 0.41344 0.70961 0.41284 0.7075680000000001 0.41276 0.704745 0.413 0.703724 0.41546 0.7006910000000001 0.41584 0.699099 0.4154 0.6965169999999999 0.41112 0.696396 0.41058 0.696306
73 0.51664 0.442042 0.5318999999999999 0.438438 0.52788 0.449279 0.5158400000000001 0.451712 0.52146 0.466186 0.53834 0.483093 0.53914 0.464985 0.54316 0.458949 0.53592 0.450511 0.53672 0.437237 0.54074 0.438438 0.5399400000000001 0.425165 0.53352 0.413093 0.52628 0.396186 0.5254800000000001 0.419129 0.51262 0.42033 0.51664 0.442042
73 0.0346 0.692883 0.061020000000000005 0.704805 0.06498000000000001 0.692883 0.09537999999999999 0.667117 0.09802 0.690901 0.18256 0.714715 0.1971 0.56991 0.19578 0.528258 0.21162 0.345766 0.09498000000000001 0.248769 0.0346 0.692883
18 0.44245999999999996 0.826817 0.44338 0.8276880000000001 0.44439999999999996 0.824414 0.45756 0.8220120000000001 0.4587 0.8185890000000001 0.45766 0.816517 0.45354 0.8160060000000001 0.45264 0.814985 0.44827999999999996 0.8129129999999999 0.4452 0.8132429999999999 0.44382 0.8144440000000001 0.44258 0.816517 0.43926 0.817387 0.43833999999999995 0.8194290000000001 0.4388 0.824595 0.44107999999999997 0.824595 0.44245999999999996 0.826817
18 0.26676 0.82991 0.27838 0.8240839999999999 0.27374 0.814204 0.26482 0.817688 0.26522 0.8275680000000001 0.26676 0.82991
18 0.2471 0.8298500000000001 0.25004 0.833634 0.26224000000000003 0.8298500000000001 0.26224000000000003 0.82039 0.25677999999999995 0.8127930000000001 0.24752000000000002 0.814685 0.2471 0.827958 0.2471 0.8298500000000001
18 0.61816 0.8619519999999999 0.63094 0.8619519999999999 0.63946 0.863934 0.64076 0.858018 0.63618 0.843754 0.62504 0.8294889999999999 0.60964 0.828979 0.60832 0.828979 0.61028 0.834895 0.6116 0.847688 0.61816 0.8619519999999999
73 0.4813 0.7584380000000001 0.48316000000000003 0.801081 0.49510000000000004 0.8003000000000001 0.49244 0.754444 0.4813 0.7584380000000001
73 0.40366 0.734925 0.40348 0.696967 0.39494 0.696426 0.3946 0.698799 0.3946 0.7307210000000001 0.40366 0.734925
73 0.53428 0.575225 0.54444 0.568829 0.54674 0.535345 0.54214 0.49942899999999996 0.5428 0.48219200000000007 0.5392 0.48171200000000003 0.53034 0.493033 0.53166 0.494505 0.53198 0.571291 0.53428 0.575225