76 0.681391 0.23593299999999998 0.690516 0.246295 0.829078 0.244819 0.832406 0.228552 0.832406 0.219666 0.8398749999999999 0.008133699164345405 0.836547 0.003704740947075209 0.687188 0.002228409470752089 0.681391 0.002228409470752089 0.681391 0.23593299999999998
42 0 0.529916 0.0012656296875 0.6879109999999999 0.11268800000000001 0.988162 0.354547 0.915905 0.326688 0.6201949999999999 0.13928100000000002 0.6783290000000001 0.0506562 0.371337 0 0.529916
45 0.880937 0.31186600000000003 0.879391 0.319471 0.882687 0.327437 0.886172 0.337799 0.8927809999999999 0.348524 0.897422 0.352674 0.905578 0.351643 0.9113910000000001 0.348189 0.912172 0.339526 0.9135310000000001 0.327772 0.9106249999999999 0.317744 0.908094 0.314624 0.89975 0.307382 0.895687 0.305292 0.889672 0.307019 0.882297 0.309805 0.880937 0.31186600000000003
39 0.6797030000000001 0.35688000000000003 0.8675309999999999 0.321504 0.836219 0.254791 0.653734 0.284735 0.6797030000000001 0.35688000000000003
12 0.27681300000000003 0.40804999999999997 0.43898400000000004 0.42289699999999997 0.448406 0.38804999999999995 0.47120300000000004 0.311894 0.446234 0.350613 0.302516 0.339638 0.284047 0.337688 0.281156 0.34156000000000003 0.273563 0.349972 0.27681300000000003 0.40804999999999997
12 0.254984 0.03665740111420613 0.262656 0.19220099999999998 0.278578 0.19220099999999998 0.27143700000000004 0.038635100278551535 0.255531 0.03568249860724234 0.254984 0.03665740111420613
12 0.229156 0.054624000000000006 0.22265600000000002 0.051114200557103064 0.217297 0.05766020055710307 0.225766 0.183343 0.23224999999999998 0.18384399999999998 0.224641 0.06317549860724234 0.229156 0.054624000000000006
12 0.0251563 0.116602 0.160984 0.103148 0.139609 0.006713089136490251 0.00125 0.004484679665738162 0.0251563 0.116602
12 0.0520312 0.308774 0.109438 0.270557 0.17678100000000002 0.256908 0.159172 0.12186599999999999 0.0237188 0.12596100000000002 0.0520312 0.308774
12 0.294266 0.341198 0.447281 0.347242 0.46623400000000004 0.306184 0.464875 0.297744 0.46014099999999997 0.298942 0.455406 0.307409 0.45065600000000006 0.307409 0.44525 0.31465200000000004 0.3315 0.308607 0.304422 0.30016699999999996 0.293594 0.31585 0.294266 0.341198
12 0.179281 0.180501 0.196469 0.184624 0.184391 0.06039 0.16999999999999998 0.06039 0.179281 0.180501
22 0 0.50649 0.0437031 0.37922 0.052453099999999996 0.37922 0.136953 0.66493 0.145703 0.6779109999999999 0.15443800000000002 0.6831200000000001 0.205437 0.563649 0.23748399999999997 0.446741 0.24331200000000003 0.449359 0.24476599999999998 0.42078000000000004 0.22000000000000003 0.340251 0.160266 0.24156 0.10345299999999999 0.27532 0.0320469 0.30649 0.0174844 0.309081 0 0.319471 0 0.50649
22 0.614844 0.72727 0.609016 0.807799 0.616297 0.870139 0.623594 0.984429 0.792594 0.9870189999999999 0.945578 0.9792200000000001 1 0.888301 0.999484 0.55585 0.9222659999999999 0.49350999999999995 0.8071719999999999 0.488301 0.744516 0.51688 0.66875 0.5740390000000001 0.617766 0.68571 0.614844 0.72727
12 0.303156 0.28855200000000003 0.315547 0.303008 0.391297 0.310641 0.444672 0.314039 0.47087500000000004 0.290251 0.472297 0.257131 0.332687 0.256295 0.306484 0.285153 0.303156 0.28855200000000003
12 0.309484 0.932396 0.306594 0.9940950000000001 0.6305310000000001 0.9957940000000001 0.603625 0.738747 0.34793799999999997 0.7764620000000001 0.345047 0.774735 0.352734 0.911838 0.309484 0.932396
12 0.32557800000000003 0.18997200000000003 0.317016 0.04838440111420613 0.29209399999999996 0.04699159888579387 0.292875 0.052534799442896934 0.300656 0.19415 0.32557800000000003 0.18997200000000003
12 0.257266 0.392758 0.26225 0.398914 0.271828 0.284875 0.26646899999999996 0.270529 0.254969 0.27462400000000003 0.24578099999999997 0.396184 0.257266 0.392758
12 0.22598400000000002 0.1839 0.216906 0.06651810027855154 0.22242199999999998 0.0520613008356546 0.214953 0.053231200557103064 0.211719 0.061309200557103066 0.21884399999999998 0.18504199999999998 0.22598400000000002 0.1839
12 0.298719 0.188552 0.290469 0.04721449860724234 0.280953 0.04610030083565459 0.277156 0.04721449860724234 0.28982800000000003 0.188552 0.298719 0.188552