13 0.494458 0.45512499999999995 0.510042 0.45657800000000004 0.521729 0.45103099999999996 0.529125 0.447531 0.532229 0.40632799999999997 0.5271669999999999 0.397859 0.522896 0.395813 0.522896 0.393187 0.504583 0.389969 0.503021 0.396687 0.493292 0.40632799999999997 0.491729 0.45015599999999995 0.494458 0.45512499999999995
27 0.0031458291666666667 0.734641 0 0.9852190000000001 0.9960629999999999 0.952125 0.822688 0.869391 0.759646 0.8646559999999999 0.7249789999999999 0.822109 0.627271 0.8079219999999999 0.570521 0.763 0.592583 0.7700940000000001 0.639875 0.755906 0.633563 0.734641 0.649333 0.708625 0.671396 0.722813 0.709229 0.744094 0.759646 0.758281 0.8163959999999999 0.7748280000000001 0.8510620000000001 0.8055619999999999 0.980292 0.8197340000000001 0.9960629999999999 0.512406 0.9015000000000001 0.5242340000000001 0.819542 0.5786089999999999 0.712375 0.6046090000000001 0.687146 0.536047 0.847917 0.441484 0.7565000000000001 0.415484 0.646188 0.42967199999999994 0.5831459999999999 0.43912500000000004 0.535854 0.441484 0.498021 0.491141 0.46649999999999997 0.5195000000000001 0.37825000000000003 0.566781 0.261625 0.621156 0.0661875 0.734641 0.0031458291666666667 0.734641
50 0.12662500000000002 0.621891 0.143437 0.656391 0.132375 0.679281 0.148729 0.6726409999999999 0.16774999999999998 0.667344 0.24560400000000002 0.627203 0.27647900000000003 0.612359 0.325458 0.587484 0.323688 0.578094 0.333188 0.569141 0.369458 0.557531 0.37270800000000004 0.5485 0.36822900000000003 0.5337970000000001 0.35 0.500469 0.369896 0.47957799999999995 0.369896 0.44375 0.400854 0.376078 0.4075 0.360141 0.414125 0.365781 0.422542 0.37209400000000004 0.449083 0.381375 0.542396 0.392328 0.590625 0.40957800000000005 0.612729 0.419203 0.6255620000000001 0.41985900000000004 0.647667 0.420859 0.6569579999999999 0.41223400000000004 0.6653749999999999 0.41090600000000005 0.678187 0.404938 0.6795209999999999 0.399625 0.668917 0.402281 0.6605000000000001 0.40559399999999995 0.6560830000000001 0.407922 0.657854 0.401609 0.6467919999999999 0.391328 0.63175 0.389016 0.613167 0.385359 0.603896 0.386359 0.6016670000000001 0.392656 0.580875 0.37507799999999997 0.572479 0.36678099999999997 0.74625 0.34514100000000003 0.748958 0.340797 0.754729 0.32404700000000003 0.732167 0.314125 0.681625 0.31668799999999997 0.6010209999999999 0.316266 0.511896 0.306469 0.48747900000000005 0.27835899999999997 0.42675 0.200453 0.419354 0.18725 0.427313 0.1715 0.448875 0.168516 0.477271 0.173625 0.502812 0.17278100000000002 0.506792 0.163406 0.519854 0.160422 0.520979 0.157453 0.526646 0.153188 0.5318539999999999 0.141344 0.5456249999999999 0.142641 0.548187 0.123922 0.5628329999999999 0.11423399999999999 0.555083 0.104563 0.56025 0.09553120000000001 0.568854 0.0619687 0.621333 0.05487499999999999 0.587771 0.0438906 0.567979 0.0348594 0.571438 0.0012968703125 0.401917 0.0006562499999999999 0.39245800000000003 0.011625 0.395042 0.0277656 0.395042 0.031640600000000005 0.339104 0.032281199999999996 0.343417 0.0445469 0.379542 0.0561562 0.365792 0.071 0.34685400000000005 0.0961719 0.33739600000000003 0.0993906 0.282312 0.112953 0.221229 0.152313 0.178208 0.189094 0.154104 0.229109 0.135187 0.280094 0.122271 0.351719 0.118833 0.371734 0.0973125 0.40076599999999996 0.10506299999999999 0.41045299999999996 0.10420800000000001 0.44335899999999995 0.0973125 0.47692199999999996 0.093875 0.514984 0.10162500000000001 0.543391 0.124854 0.6098589999999999 0.12662500000000002 0.621891
13 0.534542 0.41100000000000003 0.53275 0.41151600000000005 0.532333 0.419906 0.532604 0.431297 0.531958 0.445906 0.5541250000000001 0.43743699999999996 0.5551670000000001 0.41239100000000006 0.5537500000000001 0.409734 0.551271 0.408406 0.548979 0.40787500000000004 0.5484380000000001 0.400828 0.545792 0.40003099999999997 0.5369170000000001 0.40135899999999997 0.537604 0.401328 0.537021 0.409859 0.534542 0.41100000000000003
13 0.40643799999999997 0.386172 0.403854 0.38681299999999996 0.39956200000000003 0.400328 0.40643799999999997 0.442828 0.432188 0.450563 0.444208 0.44604699999999997 0.439063 0.383594 0.439063 0.378437 0.427896 0.373297 0.421896 0.377156 0.421896 0.379734 0.40643799999999997 0.386172
55 0.717646 0.6734060000000001 0.7308330000000001 0.623016 0.7128329999999999 0.6032029999999999 0.6672290000000001 0.577109 0.6252289999999999 0.570812 0.5772290000000001 0.579812 0.541229 0.595109 0.547229 0.619406 0.540021 0.657219 0.541229 0.668906 0.5820209999999999 0.700422 0.588021 0.6950160000000001 0.670833 0.683312 0.717646 0.6734060000000001
14 0.3985 0.851688 0.416479 0.907859 0.488396 0.957297 0.560292 0.966297 0.629208 0.966297 0.656188 0.946063 0.629208 0.9011250000000001 0.6711670000000001 0.925844 0.6951250000000001 0.883141 0.719104 0.8651719999999999 0.686146 0.817984 0.656188 0.7955 0.584271 0.7797810000000001 0.527333 0.7797810000000001 0.503375 0.7820159999999999 0.500375 0.777531 0.428458 0.8045 0.3985 0.851688
14 0.775125 0.613281 0.804042 0.6397660000000001 0.815271 0.6457970000000001 0.847396 0.634953 0.905188 0.638563 0.940521 0.649406 0.966208 0.651813 0.979042 0.6265310000000001 0.982271 0.601234 0.969417 0.585578 0.916438 0.566312 0.86825 0.5566720000000001 0.849 0.557875 0.829729 0.5615 0.797604 0.5783590000000001 0.797604 0.591594 0.775125 0.613281
14 0.934896 0.8016720000000002 0.901 0.780141 0.857958 0.77525 0.814917 0.774281 0.8436040000000001 0.789922 0.848812 0.799703 0.942729 0.815359 0.934896 0.8016720000000002
14 0.786813 0.8588910000000001 0.779938 0.863406 0.773042 0.863406 0.771875 0.869156 0.816208 0.8808909999999999 0.833167 0.887734 0.852729 0.900453 0.863167 0.915125 0.871 0.915125 0.877521 0.930781 0.863167 0.933719 0.855354 0.957188 0.885333 0.9552340000000001 0.912729 0.9415470000000001 0.923167 0.9180620000000002 0.803167 0.863406 0.7962709999999998 0.862766 0.786813 0.8588910000000001
17 0.536958 0.658266 0.5673119999999999 0.687859 0.586542 0.692406 0.640146 0.690125 0.715 0.671922 0.731188 0.624125 0.717042 0.6104689999999999 0.680604 0.5816410000000001 0.6543119999999999 0.5732809999999999 0.612833 0.571766 0.5713539999999999 0.583906 0.552146 0.59225 0.546063 0.59225 0.547083 0.628672 0.536958 0.658266
17 0.424583 0.650219 0.426312 0.655375 0.432312 0.652797 0.430604 0.659875 0.436604 0.666969 0.449479 0.679844 0.4615 0.681125 0.47095800000000004 0.6759839999999999 0.496708 0.6759839999999999 0.496708 0.6721090000000001 0.510437 0.663094 0.531042 0.662453 0.532771 0.659234 0.537062 0.648297 0.5447919999999999 0.6476409999999999 0.547354 0.6341249999999999 0.5465 0.615453 0.5344789999999999 0.593562 0.508729 0.583266 0.482979 0.580688 0.445188 0.589703 0.42802100000000004 0.6025780000000001 0.428875 0.643141 0.424583 0.650219
50 1 0.510141 1 0.37275 0.867875 0.44481199999999993 0.74475 0.516891 0.657667 0.573203 0.669667 0.577703 0.74175 0.595719 0.789792 0.568688 0.915917 0.521391 1 0.510141
50 0.564562 0.751125 0.597604 0.793922 0.723729 0.827703 0.807813 0.86825 0.997 0.956078 0.997 0.8254529999999999 0.855854 0.805188 0.819812 0.769141 0.7657709999999999 0.760141 0.681688 0.744375 0.669667 0.697078 0.636646 0.717344 0.6426460000000002 0.760141 0.564562 0.751125
62 0.591479 0.88175 0.624083 0.912062 0.652771 0.935547 0.6671250000000001 0.9306559999999999 0.660604 0.919891 0.601917 0.864141 0.591479 0.88175
14 0.467042 0.967812 0.466042 0.949281 0.456417 0.937422 0.443312 0.9313119999999999 0.426521 0.9261250000000001 0.40650000000000003 0.925938 0.386979 0.9296409999999999 0.371917 0.9372339999999999 0.360542 0.9489219999999999 0.36572899999999997 0.951875 0.400812 0.955953 0.404771 0.956141 0.41243799999999997 0.949844 0.42354200000000003 0.947063 0.434417 0.950766 0.438625 0.955031 0.4485 0.9555939999999999 0.45666700000000005 0.957437 0.461354 0.962078 0.459125 0.9676410000000001 0.45691699999999996 0.9730000000000001 0.445042 0.9991410000000001 0.456417 0.985047 0.467042 0.967812
14 0.359687 0.9030469999999999 0.33775 0.8941560000000001 0.30216699999999996 0.892375 0.271917 0.904828 0.252937 0.922188 0.24404199999999998 0.943984 0.247 0.952875 0.30156299999999997 0.953328 0.27545800000000004 0.939531 0.286729 0.9288589999999999 0.336563 0.954656 0.343667 0.9493119999999999 0.357917 0.9493119999999999 0.369771 0.9417500000000001 0.372146 0.920844 0.359687 0.9030469999999999
14 0.16845800000000002 0.931516 0.17106300000000002 0.932484 0.191937 0.9383589999999999 0.215396 0.9403119999999999 0.23495799999999997 0.935422 0.254521 0.92075 0.27799999999999997 0.901188 0.271479 0.87575 0.24410400000000002 0.864016 0.208875 0.865969 0.17627099999999998 0.8826090000000001 0.16845800000000002 0.931516
14 0.095 0.8668279999999999 0.125979 0.873922 0.14920799999999998 0.878453 0.160396 0.886187 0.186208 0.8771559999999999 0.202563 0.866187 0.203417 0.858437 0.199125 0.8423130000000001 0.192229 0.8371409999999999 0.183625 0.831344 0.160396 0.82875 0.12512500000000001 0.830688 0.113083 0.8352029999999999 0.0838125 0.845531 0.07779169999999999 0.859094 0.095 0.8668279999999999
14 0.32075000000000004 0.890813 0.338021 0.891578 0.35225 0.893859 0.364438 0.896922 0.377667 0.9083439999999999 0.385792 0.9083439999999999 0.386812 0.901484 0.386812 0.8931089999999999 0.386812 0.881672 0.384771 0.8649060000000001 0.376646 0.8542339999999999 0.365458 0.8458439999999999 0.343104 0.842047 0.326854 0.8397500000000001 0.311604 0.8450939999999999 0.293312 0.851187 0.284167 0.8687189999999999 0.296354 0.890813 0.32075000000000004 0.890813
14 0.575125 1 0.575125 0.998391 0.571833 0.9832190000000001 0.551604 0.9684060000000001 0.523833 0.961703 0.498917 0.963109 0.473042 0.971578 0.45845800000000003 0.986391 0.449979 1 0.575125 1
14 0.702125 1 0.853271 0.998016 0.862333 0.962875 0.865354 0.922063 0.833625 0.885797 0.7807289999999999 0.867656 0.7323540000000001 0.8710470000000001 0.700625 0.885797 0.670396 0.926594 0.671917 0.926594 0.6673749999999999 0.9934689999999999 0.702125 1
48 0 0.717625 0.0231458 0.726203 0.0391458 0.736484 0.0962708 0.707344 0.0939792 0.6867810000000001 0.103125 0.6747810000000001 0.046 0.429734 0.0528542 0.417734 0.0414375 0.398891 0.025437500000000002 0.35432800000000003 0.0162917 0.33720300000000003 0 0.328625 0 0.717625
13 0.554896 0.43537499999999996 0.55975 0.434094 0.565458 0.429594 0.5651879999999999 0.412672 0.564604 0.408172 0.556604 0.41031300000000004 0.556604 0.41309399999999996 0.55575 0.412453 0.554896 0.43281200000000003 0.554896 0.43537499999999996
26 0.675333 0.896109 0.675333 0.909094 0.678792 0.9506560000000001 0.668396 0.9740309999999999 0.703021 0.981812 0.7896040000000001 0.984422 0.848479 0.981812 0.8588749999999999 0.958437 0.872729 0.927266 0.848479 0.898703 0.7965420000000001 0.8779220000000001 0.713417 0.870125 0.675333 0.896109
14 0.854187 0.776219 0.9195209999999999 0.786359 0.967979 0.7897339999999999 0.992771 0.7229840000000001 0.980375 0.671438 0.933042 0.6452340000000001 0.884604 0.641859 0.859812 0.641859 0.844042 0.641859 0.830521 0.643547 0.82375 0.6460779999999999 0.8170000000000001 0.6494530000000001 0.810229 0.652844 0.810229 0.662984 0.8034789999999999 0.675656 0.8001039999999999 0.695937 0.795583 0.706078 0.8001039999999999 0.766922 0.854187 0.776219
55 0 0.816188 0.0130417 0.8170310000000001 0.0487708 0.809484 0.068875 0.790234 0.0565833 0.782687 0.043187500000000004 0.7726409999999999 0.0376042 0.7525470000000001 0.033145799999999996 0.740828 0.0320208 0.729094 0.018625 0.722406 0 0.717375 0 0.816188