50 0.447297 0.538662 0.39582799999999996 0.586667 0.37984399999999996 0.583991 0.355 0.578662 0.355 0.549343 0.346125 0.52 0.33903099999999997 0.5306569999999999 0.342578 0.6 0.355 0.637324 0.3195 0.6960090000000001 0.264469 0.781338 0.360328 0.7360089999999999 0.374531 0.701338 0.378078 0.714671 0.386953 0.7200000000000001 0.420672 0.728005 0.450844 0.728005 0.472156 0.733333 0.482797 0.757324 0.486344 0.76 0.498781 0.778662 0.509422 0.7893429999999999 0.518297 0.7760090000000001 0.493453 0.671995 0.486344 0.650657 0.46859400000000007 0.6186619999999999 0.46859400000000007 0.613333 0.472156 0.610657 0.48990600000000006 0.557324 0.500547 0.562676 0.51475 0.551995 0.511203 0.541338 0.502328 0.514671 0.493453 0.49600900000000003 0.486344 0.488005 0.46859400000000007 0.514671 0.466828 0.522676 0.463281 0.5333330000000001 0.457953 0.549343 0.452625 0.557324 0.447297 0.538662
50 0.876531 0.008990610328638498 0.8540940000000001 0.008990610328638498 0.840625 0.026971800469483567 0.837641 0.05394369953051643 0.8211869999999999 0.05394369953051643 0.809219 0.0764085 0.8241720000000001 0.09213619953051642 0.8855000000000001 0.09213619953051642 0.8869999999999999 0.026971800469483567 0.876531 0.008990610328638498
50 0.729141 0.07516430046948357 0.7372810000000001 0.0836385 0.7485470000000001 0.07892019953051643 0.769828 0.06671360093896714 0.784859 0.07234739906103287 0.798625 0.07704230046948357 0.807391 0.0704695 0.8199059999999999 0.05448360093896714 0.8192809999999999 0.04507039906103286 0.813031 0.025328600938967136 0.808016 0.0168545 0.8055160000000001 0.014037600938967137 0.7929999999999999 0.014037600938967137 0.791109 0.006525819248826292 0.787359 0.0002112676056338028 0.752938 0.0002112676056338028 0.7554369999999999 0.01338030046948357 0.759188 0.02279339906103286 0.762328 0.02561030046948357 0.772969 0.019037600938967135 0.775469 0.0218545 0.775469 0.023732399061032864 0.767328 0.029366199530516435 0.761062 0.0350235 0.757937 0.038779300469483566 0.757937 0.043474199530516434 0.747297 0.05570419953051643 0.7372810000000001 0.05570419953051643 0.734156 0.051948399061032866 0.732281 0.055422500000000006 0.7329060000000001 0.06575119953051643 0.729141 0.07516430046948357
50 0.892516 0.08295769953051642 0.963125 0.130352 0.966141 0.1123 0.9676410000000001 0.07392019953051643 0.9676410000000001 0.03556339906103286 0.958625 0.006197180751173709 0.958625 0.003943659624413146 0.8883279999999999 0.0019483591549295774 0.8865000000000001 0.022018800469483568 0.8865000000000001 0.046831 0.892516 0.08295769953051642
66 0.315609 0.806737 0.369453 0.826972 0.43228099999999997 0.849437 0.490625 0.856174 0.5055780000000001 0.811244 0.490625 0.7505630000000001 0.471172 0.710117 0.41732800000000003 0.70561 0.361984 0.6898829999999999 0.347016 0.6966199999999999 0.315609 0.759554 0.315609 0.806737
50 0.393219 0.280657 0.40410899999999994 0.264272 0.419547 0.216526 0.454969 0.178333 0.475859 0.156502 0.48312499999999997 0.125117 0.491297 0.050093899061032864 0.48312499999999997 0.0009624413145539906 0.35689099999999996 0 0.35689099999999996 0.028262899061032864 0.358703 0.08556339906103286 0.362344 0.11011699999999999 0.37687499999999996 0.126479 0.3805 0.136033 0.38323399999999996 0.170141 0.38323399999999996 0.223357 0.389578 0.276549 0.393219 0.280657
50 0.5300779999999999 0.104225 0.531906 0.09192489906103286 0.5437339999999999 0.0673005 0.5364530000000001 0.023544600938967136 0.531906 0.0030281690140845073 0.526438 0.001666669014084507 0.524625 0.024906100938967137 0.532813 0.065939 0.527359 0.09464789906103287 0.521891 0.09875589906103287 0.5127970000000001 0.09739439906103287 0.510062 0.08645539906103286 0.510062 0.059108 0.510969 0.03584510093896714 0.5064219999999999 0.00988262910798122 0.5027809999999999 0.005774650234741784 0.49459400000000003 0.020821600938967136 0.491859 0.029014100938967134 0.490047 0.0563615 0.49095300000000003 0.07823939906103287 0.49095300000000003 0.09328639906103287 0.49276600000000004 0.113803 0.4955 0.121995 0.5082340000000001 0.121995 0.507328 0.127465 0.521891 0.126103 0.5300779999999999 0.104225
50 0.667563 0.0414319 0.669172 0.0397183 0.673312 0.0428169 0.676312 0.0435211 0.679766 0.044906100000000004 0.687812 0.0500939 0.692187 0.0525117 0.701172 0.0473239 0.710828 0.0531925 0.712672 0.0424883 0.713141 0.0373005 0.713594 0.0303756 0.713594 0.027253500000000003 0.713594 0.0196479 0.713141 0.0161972 0.711984 0.00894366 0.71175 0.00617371 0.707375 0 0.672859 0.00028169 0.667328 0.00478873 0.662719 0.00894366 0.650984 0.015492999999999998 0.645234 0.0182629 0.641547 0.021737100000000002 0.641547 0.027253500000000003 0.642234 0.0327934 0.644766 0.0355634 0.649141 0.0369484 0.652141 0.0376291 0.659047 0.0483568 0.662266 0.0455869 0.664344 0.0442019 0.6625 0.0476761 0.663422 0.05112679999999999 0.666172 0.0531925 0.666641 0.0531925 0.667563 0.0466197 0.667563 0.0414319
50 0.673547 0.0673709 0.673078 0.0746479 0.672156 0.0812207 0.671234 0.0964319 0.672859 0.0978169 0.676078 0.0978169 0.683437 0.0971127 0.691266 0.09572769999999999 0.703234 0.0964319 0.708766 0.0971127 0.710375 0.09192490000000002 0.71175 0.0867371 0.713359 0.0780986 0.711984 0.0711737 0.710828 0.0666901 0.709906 0.0666901 0.697016 0.0666901 0.689203 0.0649531 0.672625 0.0573474 0.673547 0.0635681 0.673547 0.0673709
50 0.755125 0.043662 0.751578 0.0223239 0.752594 0.00478873 0.749031 0.000985915 0.717078 0.00021126800000000002 0.714031 0.00478873 0.717078 0.0268779 0.723172 0.0428873 0.734828 0.045939 0.734828 0.0527934 0.740422 0.0543192 0.755125 0.043662
50 0.76425 0.0947183 0.76325 0.0878638 0.762234 0.0726056 0.758672 0.0695775 0.739406 0.08633799999999998 0.72875 0.0741315 0.721141 0.0947183 0.76425 0.0947183
50 0.596172 0 0.542563 0 0.538172 0.000140845 0.539922 0.0107042 0.542563 0.0107042 0.546078 0.0120188 0.553109 0.00673709 0.557063 0.0113615 0.564531 0.0146479 0.567609 0.0153052 0.572891 0.0153052 0.571125 0.0173005 0.590453 0.0159859 0.597938 0.00342723 0.596609 0 0.596172 0
50 0.57025 0.113685 0.572438 0.120939 0.604953 0.104437 0.603203 0.0509624 0.601438 0.0469953 0.597938 0.0384272 0.571125 0.0278638 0.568922 0.0899061 0.57025 0.113685
50 0.641813 0.031831 0.6422030000000001 0.019037600938967135 0.652656 0.014389699530516432 0.651875 0 0.609328 0.0016197206572769953 0.607 0.0173005 0.598484 0.011478899061032865 0.595781 0.007417840375586855 0.5868909999999999 0.012652600938967137 0.59075 0.025446 0.593078 0.03356810093896714 0.597328 0.02312210093896714 0.605453 0.024272300469483567 0.612797 0.030680800469483568 0.613187 0.03647889906103286 0.614734 0.03880280046948357 0.617453 0.02833330046948357 0.630984 0.030680800469483568 0.641813 0.031831