13 0.761797 0.32075000000000004 0.800031 0.348083 0.8287190000000001 0.375396 0.8492029999999999 0.406354 0.872422 0.430021 0.8778750000000001 0.408167 0.8888130000000001 0.29162499999999997 0.8751559999999999 0.255208 0.857391 0.23700000000000002 0.8492029999999999 0.247917 0.857391 0.160521 0.864219 0.047625 0.8246249999999999 0.051250000000000004 0.8123279999999999 0.060354200000000004 0.813688 0.0712917 0.8014060000000001 0.156875 0.8014060000000001 0.227896 0.767266 0.266125 0.757703 0.313479 0.761797 0.32075000000000004
13 0.561984 0.136917 0.556422 0.163604 0.556422 0.283667 0.605344 0.283667 0.623125 0.202125 0.6320159999999999 0.181375 0.638687 0.144333 0.639797 0.1295 0.627578 0.0998542 0.6242340000000001 0.0820625 0.6242340000000001 0 0.589781 0.0035208291666666666 0.589781 0.0909583 0.561984 0.136917
79 0.344047 0.305063 0.36518700000000004 0.302104 0.395203 0.294687 0.42300000000000004 0.290229 0.42521899999999996 0.282813 0.439687 0.266521 0.421891 0.20277099999999998 0.414109 0.190896 0.370734 0.189417 0.346281 0.20277099999999998 0.339609 0.27095800000000003 0.341828 0.305063 0.344047 0.305063
79 0.5140469999999999 0.26095799999999997 0.534828 0.273729 0.5595939999999999 0.27799999999999997 0.558 0.230063 0.547609 0.190625 0.527641 0.17891700000000002 0.491672 0.17679199999999998 0.470109 0.190625 0.464516 0.213 0.462109 0.244979 0.460516 0.25987499999999997 0.495672 0.25775 0.5140469999999999 0.26095799999999997
26 0.705203 0.182875 0.709422 0.237292 0.717875 0.303917 0.743906 0.315167 0.743906 0.295458 0.762906 0.277646 0.787531 0.235417 0.7980940000000001 0.23260399999999998 0.784719 0.167854 0.7488279999999999 0.161292 0.7059059999999999 0.163167 0.705203 0.182875
26 1 0.800458 0.968609 0.764583 0.92825 0.739917 0.874437 0.7331869999999999 0.854266 0.739917 0.837438 0.746646 0.812219 0.7668130000000001 0.798766 0.793729 0.798766 0.8318329999999999 0.7937190000000001 0.9820620000000001 1 0.986542 1 0.800458
51 0.234266 0.660667 0.27640600000000004 0.6966249999999999 0.316859 0.725833 0.35562499999999997 0.7505620000000001 0.39775 0.7595419999999999 0.429781 0.764042 0.5140469999999999 0.773042 0.541016 0.7685420000000001 0.586516 0.748313 0.6320159999999999 0.739333 0.675844 0.730333 0.780344 0.716854 0.8342660000000001 0.710104 0.8561880000000001 0.667417 0.874719 0.624729 0.891578 0.584271 0.901688 0.521354 0.893266 0.447188 0.857859 0.386521 0.805625 0.328083 0.743266 0.307875 0.685953 0.301125 0.620219 0.271917 0.556187 0.271917 0.46348399999999995 0.267417 0.402813 0.28539600000000004 0.362359 0.310104 0.310109 0.328083 0.29326599999999997 0.328083 0.237641 0.377521 0.188766 0.426958 0.176969 0.45841699999999996 0.15673399999999998 0.512354 0.15 0.564042 0.166859 0.566292 0.197188 0.633708 0.234266 0.660667
51 0.879672 0.770167 0.8949529999999999 0.7878120000000001 0.922453 0.8149789999999999 0.9479219999999999 0.828562 0.9744059999999999 0.839438 0.9968130000000001 0.834 1 0.6411460000000001 0.9795 0.613979 0.957094 0.613979 0.939781 0.6166870000000001 0.8990309999999999 0.638417 0.8807029999999999 0.6601459999999999 0.8756090000000001 0.69275 0.876625 0.726708 0.879672 0.770167
51 0.295875 0.0374167 0.28706200000000004 0.0367917 0.275453 0.0405 0.260609 0.0367917 0.24992200000000003 0.0448333 0.23646899999999998 0.0398958 0.228578 0.041749999999999995 0.227188 0.0454583 0.195156 0.0454583 0.178906 0.0559792 0.163141 0.0553542 0.166375 0.0633958 0.175203 0.0726875 0.161281 0.0813542 0.152 0.09495830000000001 0.171016 0.09743750000000001 0.180313 0.10735399999999999 0.19237500000000002 0.0986875 0.229969 0.08197919999999999 0.286125 0.0566042 0.296813 0.044229199999999996 0.295875 0.0374167
51 0.0050625 0.137083 0.0033750000000000004 0.150562 0.0033750000000000004 0.15731299999999998 0.0033750000000000004 0.15954200000000002 0.0117969 0.164042 0.0438125 0.164042 0.062359399999999995 0.164042 0.07584379999999999 0.16179200000000002 0.0910156 0.15731299999999998 0.106187 0.155063 0.11965600000000001 0.152812 0.13820300000000002 0.139333 0.146625 0.137083 0.158422 0.132583 0.168547 0.128083 0.17865599999999998 0.121354 0.182016 0.116854 0.182016 0.103375 0.176969 0.096625 0.160109 0.094375 0.15 0.092125 0.13820300000000002 0.092125 0.123031 0.08989580000000001 0.094375 0.103375 0.0775312 0.107875 0.053937500000000006 0.114604 0.0387656 0.114604 0.0219062 0.103375 0.010109400000000001 0.116854 0.010109400000000001 0.123604 0.0050625 0.137083
79 0.9542189999999999 0.370646 0.9693590000000001 0.422333 0.991109 0.447542 0.9835309999999999 0.5433749999999999 0.9636720000000001 0.5396040000000001 0.9390940000000001 0.559771 0.9485469999999999 0.582458 0.987313 0.607688 0.997719 0.606417 1 0.257146 0.987313 0.265979 0.981641 0.264729 0.962734 0.318937 0.9542189999999999 0.370646
22 0.444781 0.0416042 0.336266 0.0390833 0.348578 0.04575 0.34725 0.0572708 0.331281 0.0652708 0.328281 0.06925 0.336938 0.125167 0.340594 0.164667 0.34725 0.163771 0.350578 0.180188 0.353234 0.19349999999999998 0.36356299999999997 0.19039599999999998 0.363219 0.169104 0.371875 0.162437 0.377203 0.185521 0.38418800000000003 0.187292 0.385188 0.16997900000000002 0.39449999999999996 0.165542 0.40015599999999996 0.18595799999999998 0.402156 0.18595799999999998 0.402156 0.18506199999999998 0.390172 0.125167 0.3955 0.11495799999999999 0.40715599999999996 0.113187 0.459063 0.10475 0.459063 0.091 0.456406 0 0.355906 0.0004791666666666667 0.444781 0.0416042
22 0.9156409999999999 0.193854 0.885391 0.19039599999999998 0.8784689999999999 0.19499999999999998 0.8793279999999999 0.268771 0.885391 0.333313 0.917375 0.34137500000000004 0.932938 0.327562 0.963188 0.309104 0.9761559999999999 0.279146 0.987391 0.265313 0.998625 0.256083 0.9994999999999999 0.0025208291666666666 0.92775 0.00020833333333333335 0.9156409999999999 0.193854
22 0.421875 0.187 0.441016 0.266562 0.4615159999999999 0.259437 0.463297 0.192333 0.478437 0.184021 0.477984 0.179271 0.468187 0.131771 0.47353100000000004 0.102667 0.388469 0.116917 0.393813 0.18343800000000002 0.421875 0.187
22 0.765953 0.0011250000000000001 0.6975 0.0034375 0.693172 0.023083299999999998 0.688844 0.041562499999999995 0.691437 0.0704375 0.708766 0.08083330000000001 0.7105 0.16633299999999998 0.7165619999999999 0.164021 0.7399530000000001 0.152458 0.765953 0.0011250000000000001
22 0.750812 0.15077100000000002 0.7550779999999999 0.15589599999999998 0.758063 0.14962499999999998 0.7567809999999999 0.0915208 0.761484 0.0818333 0.762344 0.121708 0.767469 0.128542 0.769172 0.122292 0.763625 0.0545 0.758922 0.053354200000000004 0.748672 0.0932292 0.749531 0.146771 0.750812 0.15077100000000002
50 0.0005 0.566896 0.111594 0.453896 0.165266 0.463958 0.171859 0.440104 0.20104700000000003 0.406208 0.199156 0.393646 0.215156 0.389875 0.248125 0.368542 0.274484 0.338417 0.312141 0.33339599999999997 0.346031 0.308271 0.336625 0.274396 0.148313 0.368542 0.146625 0.361792 0.12134399999999998 0.307875 0.114609 0.240458 0.125719 0.2405 0.173734 0.215375 0.179391 0.161396 0.204813 0.160146 0.229281 0.12375 0.176563 0.137542 0.113484 0.166417 0.056984400000000004 0.18275 0.00426563 0.1865 0 0.27814600000000006 0.0005 0.566896
13 0.720484 0.306875 0.713703 0.270708 0.703531 0.19156199999999998 0.692516 0.0457083 0.695906 0.025374999999999998 0.694203 0.0038750000000000004 0.647563 0.0027500000000000003 0.6424839999999999 0.0151875 0.644172 0.032145799999999995 0.646719 0.058145800000000004 0.630609 0.176854 0.622125 0.20964600000000003 0.606859 0.28427100000000005 0.6238279999999999 0.293312 0.634 0.291063 0.652656 0.28652099999999997 0.6806409999999999 0.293312 0.713703 0.315917 0.720484 0.306875
13 0.503188 0 0.503188 0.0189167 0.501719 0.054270799999999994 0.48845299999999997 0.06997919999999999 0.470781 0.107312 0.470781 0.18195799999999998 0.473734 0.18525 0.5090779999999999 0.175437 0.5400159999999999 0.18329199999999998 0.550328 0.19312500000000002 0.556234 0.206875 0.5547500000000001 0.19114599999999998 0.557703 0.147937 0.569484 0.12497899999999999 0.569484 0.103375 0.556234 0.0857083 0.538547 0.0424792 0.5370779999999999 0 0.503188 0
27 0.10410899999999998 0.93125 0.0482031 0.91325 0.00578125 0.874688 0.0019218699999999998 0.982667 0.445375 0.985229 0.43959399999999993 0.96725 0.4321040113772985 0.9372999688812172 0.260281 0.915833 0.318125 0.874688 0.3307581748387048 0.8626608331036123 0.10410899999999998 0.93125
27 0.445375 0.938958 0.48007799999999995 0.982667 0.632391 0.982667 0.682516 0.9749579999999999 0.707578 0.9543960000000001 0.728797 0.908125 0.723 0.859271 0.670953 0.797583 0.6688316458736614 0.7960852195401572 0.696016 0.797583 0.6600647975083157 0.7898953929510988 0.638172 0.774438 0.584187 0.769292 0.5637127405822854 0.769292 0.543703 0.769292 0.5083585339962124 0.7872436082889506 0.462719 0.784729 0.462719 0.777021 0.416453 0.777021 0.418375 0.836146 0.40617570237731 0.8398377833972123 0.406813 0.846417 0.422234 0.897833 0.4321040113772985 0.9372999688812172 0.445375 0.938958
27 0.956297 0.599625 0.938953 0.566208 0.981359 0.553354 0.992938 0.514792 0.962078 0.519937 0.886891 0.499375 0.8926719999999999 0.507083 0.89075 0.566208 0.869531 0.612479 0.8444689999999999 0.681896 0.881109 0.653625 0.8926719999999999 0.645896 0.9485940000000002 0.627917 0.9890779999999999 0.630479 0.992938 0.612479 0.956297 0.599625
27 0.788563 0.985229 0.792422 0.866979 0.782781 0.797583 0.753859 0.797583 0.696016 0.797583 0.723 0.813 0.740359 0.854125 0.740359 0.908125 0.728797 0.9543960000000001 0.705656 0.977521 0.788563 0.985229
79 0.7026410000000001 0.19166699999999998 0.704313 0.20210399999999998 0.714938 0.246125 0.720531 0.285646 0.721094 0.305792 0.741797 0.320708 0.7434689999999999 0.296833 0.744594 0.290875 0.749625 0.286396 0.757453 0.281167 0.763609 0.278187 0.768641 0.261042 0.784875 0.241646 0.7943749999999999 0.233437 0.7904690000000001 0.187937 0.786547 0.17077099999999998 0.773688 0.16331199999999998 0.7518589999999999 0.160333 0.732281 0.159583 0.708781 0.167792 0.7026410000000001 0.188687 0.7026410000000001 0.19166699999999998