24 0.45175 0.6531530000000001 0.447672 0.714565 0.452766 0.717624 0.45889100000000005 0.728376 0.462969 0.725318 0.474188 0.716094 0.487437 0.728376 0.49354699999999996 0.736047 0.524141 0.725318 0.653609 0.686918 0.653609 0.682329 0.655656 0.6777179999999999 0.6627970000000001 0.676188 0.676047 0.676188 0.680125 0.682329 0.740281 0.659294 0.740281 0.5856 0.697453 0.577929 0.695422 0.570235 0.693375 0.550282 0.667891 0.561035 0.669922 0.553365 0.657687 0.5487529999999999 0.652594 0.554894 0.645453 0.553365 0.629141 0.547224 0.620984 0.547224 0.612828 0.5518120000000001 0.605703 0.550282 0.594484 0.550282 0.586328 0.5487529999999999 0.579187 0.542612 0.577156 0.544141 0.560844 0.545671 0.5506409999999999 0.539529 0.541469 0.538 0.534328 0.550282 0.491516 0.554894 0.48845299999999997 0.554894 0.486422 0.5579529999999999 0.487437 0.604024 0.491516 0.6101650000000001 0.520062 0.628588 0.5037499999999999 0.634729 0.47112499999999996 0.6408710000000001 0.449719 0.6531530000000001 0.449719 0.656212 0.45175 0.6531530000000001
22 0.113828 0.622729 0.0940156 0.634447 0.0989688 0.647247 0.11100000000000002 0.671741 0.10745299999999999 0.6792 0.11100000000000002 0.6877179999999999 0.11100000000000002 0.709035 0.103922 0.776141 0.09967190000000001 0.8262120000000001 0.10745299999999999 0.8262120000000001 0.112406 0.763365 0.113828 0.7889409999999999 0.127969 0.7889409999999999 0.125141 0.7228709999999999 0.182453 0.706894 0.188812 0.802776 0.194469 0.799576 0.191641 0.680259 0.147078 0.683459 0.148484 0.6642819999999999 0.15415600000000002 0.649365 0.127266 0.654706 0.113828 0.622729
27 0.14701599999999998 0.683153 0.191109 0.679835 0.193875 0.751224 0.194422 0.799365 0.28482799999999997 0.777788 0.283719 0.664894 0.315688 0.6524470000000001 0.291438 0.578565 0.28040600000000004 0.578565 0.259469 0.576894 0.258922 0.5744 0.259734 0.562118 0.26210900000000004 0.558565 0.260031 0.555012 0.252937 0.554565 0.24821900000000002 0.555906 0.246734 0.5510120000000001 0.244672 0.554565 0.244672 0.558118 0.242313 0.561671 0.237875 0.561247 0.23521899999999998 0.557224 0.230797 0.561247 0.228422 0.562565 0.227828 0.567012 0.227547 0.570141 0.223109 0.567906 0.22075 0.571906 0.221047 0.575906 0.218094 0.5799289999999999 0.21837499999999999 0.585247 0.21837499999999999 0.585694 0.186703 0.589341 0.148672 0.6624 0.14701599999999998 0.683153
48 0.787922 0.984259 0.9132659999999999 0.8606820000000001 0.7506090000000001 0.755059 0.759563 0.773035 0.7252500000000001 0.8112469999999999 0.6431720000000001 0.820235 0.608844 0.7842589999999999 0.553641 0.8224710000000001 0.7252500000000001 0.9887530000000001 0.787922 0.984259
58 0.9973280000000001 0.783482 0.999719 0.6520710000000001 0.9519059999999999 0.6412709999999999 0.815031 0.707882 0.9973280000000001 0.783482
14 0.188266 0.6357180000000001 0.188875 0.632024 0.189797 0.6306350000000001 0.191031 0.6273880000000001 0.17381200000000002 0.628306 0.17381200000000002 0.631082 0.17565599999999998 0.6357180000000001 0.177812 0.6361880000000001 0.184578 0.635247 0.188266 0.6357180000000001
47 0.457 0.773271 0.456016 0.775882 0.456016 0.779035 0.456141 0.784212 0.458219 0.789576 0.460313 0.792565 0.462906 0.795529 0.465125 0.796071 0.468187 0.796071 0.47015599999999996 0.7956939999999999 0.472016 0.7956939999999999 0.472125 0.7894119999999999 0.473609 0.782 0.474219 0.7775529999999999 0.470906 0.776612 0.465734 0.7684709999999999 0.465 0.764941 0.46449999999999997 0.764188 0.463766 0.764941 0.458219 0.771059 0.457 0.773271
47 0.466422 0.760965 0.464281 0.7583759999999999 0.45742200000000005 0.751929 0.451844 0.7493409999999999 0.44542200000000004 0.75 0.441984 0.7596710000000001 0.459562 0.77 0.466422 0.760965
22 0.109625 0.616306 0.113469 0.6240469999999999 0.11732800000000002 0.6330819999999999 0.12590600000000002 0.6524470000000001 0.144766 0.649224 0.15676600000000002 0.647929 0.156328 0.6440469999999999 0.148187 0.645976 0.138328 0.645976 0.136187 0.636306 0.153766 0.635671 0.153766 0.627271 0.143469 0.627271 0.137469 0.627929 0.130625 0.6130819999999999 0.125047 0.603388 0.115625 0.608565 0.110047 0.613718 0.109625 0.616306
22 0.329297 0.5956 0.332172 0.582682 0.333047 0.575365 0.329297 0.570071 0.323141 0.573388 0.320719 0.584659 0.317625 0.595929 0.3 0.5976 0.298016 0.598259 0.297578 0.600918 0.298687 0.602565 0.308812 0.600918 0.317844 0.600918 0.320937 0.606565 0.304406 0.6058820000000001 0.302875 0.6088709999999999 0.303531 0.609882 0.321594 0.607882 0.328422 0.605224 0.329297 0.5956
22 0.313219 0.6201649999999999 0.30925 0.622141 0.30925 0.6251289999999999 0.310359 0.634424 0.322688 0.633106 0.327547 0.629788 0.318063 0.621812 0.321375 0.621153 0.327766 0.620824 0.328203 0.610871 0.319609 0.612518 0.31675 0.614188 0.313219 0.6201649999999999
22 0.362516 0.601506 0.355437 0.593435 0.346672 0.595129 0.344125 0.6061880000000001 0.33932799999999996 0.623224 0.327172 0.6240709999999999 0.328016 0.6300939999999999 0.31868799999999997 0.6330819999999999 0.313031 0.636471 0.313031 0.6458349999999999 0.312188 0.653506 0.30510899999999996 0.6577649999999999 0.293516 0.6620240000000001 0.287297 0.664141 0.286172 0.671388 0.287859 0.698635 0.287859 0.732282 0.288438 0.7454820000000001 0.290406 0.764212 0.295219 0.7756939999999999 0.300875 0.769318 0.293797 0.696894 0.2955 0.686659 0.313031 0.681976 0.335252675 0.6806171764705882 0.330844 0.682471 0.331406 0.6909649999999999 0.333953 0.696094 0.347516 0.699482 0.353453 0.7003530000000001 0.352891 0.6816 0.350344 0.674376 0.350922 0.673459 0.350922 0.649624 0.355719 0.6117410000000001 0.362516 0.601506
22 0.330344 0.6127060000000001 0.32721900000000004 0.623271 0.336328 0.6240469999999999 0.342313 0.6040709999999999 0.345953 0.595459 0.349594 0.590753 0.348562 0.580965 0.339453 0.5754819999999999 0.334516 0.576259 0.335547 0.580965 0.32775 0.608776 0.330344 0.6127060000000001
47 0.464734 0.749553 0.467656 0.749553 0.46856200000000003 0.748165 0.47112499999999996 0.745694 0.472406 0.7440469999999999 0.47659399999999996 0.742659 0.478797 0.7424 0.479891 0.7401880000000001 0.480063 0.7366119999999999 0.480063 0.734424 0.480063 0.731129 0.47970300000000005 0.727812 0.47824999999999995 0.725082 0.47659399999999996 0.723435 0.47350000000000003 0.722047 0.468391 0.723153 0.465469 0.726165 0.46364099999999997 0.730306 0.46326599999999996 0.7366119999999999 0.46454700000000004 0.747882 0.464734 0.749553
47 0.495266 0.794047 0.49931200000000003 0.794424 0.511984 0.787553 0.51325 0.768494 0.507422 0.758565 0.5041249999999999 0.758941 0.49424999999999997 0.765812 0.49095300000000003 0.7730589999999999 0.49171899999999996 0.777247 0.49424999999999997 0.7925180000000001 0.495266 0.794047
47 0.472187 0.7865409999999999 0.47209399999999996 0.7908470000000001 0.47209399999999996 0.7978120000000001 0.47435900000000003 0.800188 0.49276600000000004 0.798988 0.494344 0.797082 0.49385899999999994 0.7915760000000001 0.49257799999999996 0.781365 0.48892199999999997 0.773953 0.484891 0.771859 0.480359 0.772612 0.47681300000000004 0.7744 0.47396900000000003 0.779718 0.472187 0.7865409999999999
47 0.479734 0.744988 0.48746900000000004 0.756259 0.486297 0.764376 0.493328 0.7675529999999999 0.49801599999999996 0.764376 0.499656 0.759788 0.5015310000000001 0.7531059999999999 0.503172 0.746047 0.502703 0.739341 0.49989100000000003 0.735106 0.49450000000000005 0.731224 0.48817199999999994 0.732988 0.483016 0.736165 0.48043800000000003 0.7442819999999999 0.479734 0.744988
22 0.151469 0.626141 0.148766 0.615106 0.145297 0.5936 0.1395 0.591271 0.128703 0.598259 0.130625 0.606965 0.134484 0.617435 0.1395 0.626141 0.136422 0.6308 0.151078 0.627882 0.151469 0.626141
22 0.142203 0.646494 0.151078 0.647059 0.15225 0.645906 0.151859 0.636612 0.141437 0.634871 0.141047 0.643012 0.142203 0.646494
52 0.596812 0.459953 0.5992810000000001 0.45529400000000003 0.599484 0.446282 0.590422 0.4264 0.580516 0.42112900000000003 0.583812 0.43757599999999996 0.576391 0.44317599999999996 0.575969 0.4528 0.5895940000000001 0.460565 0.596812 0.459953
78 0.9221410000000001 0.513835 0.94475 0.504118 0.963578 0.512212 0.9630469999999999 0.496824 0.954969 0.482235 0.93775 0.483859 0.907062 0.468447 0.8930620000000001 0.45628199999999997 0.864531 0.489529 0.878531 0.502494 0.888219 0.511412 0.896828 0.502494 0.890375 0.552753 0.8957659999999998 0.582753 0.9086719999999999 0.610306 0.9113749999999999 0.601388 0.9102970000000001 0.571388 0.9145939999999999 0.545459 0.9221410000000001 0.513835
78 0.965203 0.519529 0.947438 0.508988 0.9323590000000002 0.514659 0.9205159999999999 0.539788 0.921063 0.571388 0.9517339999999999 0.573012 0.9608909999999999 0.557624 0.9662810000000001 0.530047 0.965203 0.519529