11 0.552641 0.34167000000000003 0.5610470000000001 0.33492700000000003 0.529094 0.314697 0.507234 0.31246300000000005 0.48368700000000003 0.301232 0.46014099999999997 0.283236 0.458453 0.301232 0.471906 0.343925 0.48200000000000004 0.33492700000000003 0.49545300000000003 0.34167000000000003 0.510594 0.346159 0.552641 0.34167000000000003
50 0.532188 0.385762 0.549953 0.385052 0.540547 0.34246299999999996 0.534812 0.349457 0.5363749999999999 0.357829 0.535328 0.36342399999999997 0.533766 0.382965 0.532188 0.385762
50 0.19095299999999998 0.3181 0.190328 0.31726499999999996 0.18165599999999998 0.31561599999999995 0.178563 0.318935 0.176703 0.32390399999999997 0.176703 0.329687 0.179797 0.34294399999999997 0.178563 0.347912 0.177313 0.361169 0.195297 0.363653 0.195297 0.35949899999999996 0.195297 0.347912 0.197156 0.34294399999999997 0.199625 0.332171 0.192812 0.325553 0.192812 0.32142000000000004 0.190328 0.31643000000000004 0.19095299999999998 0.3181
50 0.5134839999999999 0.326263 0.5162340000000001 0.331754 0.517141 0.331754 0.5203439999999999 0.331148 0.523313 0.33052200000000004 0.524687 0.329311 0.525594 0.32747400000000004 0.525828 0.324739 0.525141 0.322296 0.524 0.31862199999999996 0.5221720000000001 0.313132 0.518969 0.309478 0.517375 0.303674 0.515313 0.298184 0.511437 0.296952 0.508922 0.301837 0.509828 0.30640900000000004 0.511203 0.308852 0.511891 0.311002 0.5134839999999999 0.314969 0.5134839999999999 0.31588700000000003 0.513266 0.316785 0.510984 0.317704 0.5084690000000001 0.31833 0.5061720000000001 0.319228 0.504344 0.31954099999999996 0.499547 0.326263 0.500469 0.32655500000000004 0.504812 0.32655500000000004 0.510297 0.324739 0.516 0.32166999999999996 0.516922 0.325031 0.5157809999999999 0.328392 0.5134839999999999 0.326263
50 0.564203 0.318267 0.5626089999999999 0.316743 0.5626089999999999 0.31309000000000003 0.5623750000000001 0.309123 0.559422 0.306994 0.557141 0.308518 0.556906 0.31125299999999995 0.558047 0.31430100000000005 0.5585 0.31551100000000004 0.556219 0.317954 0.555766 0.319791 0.555766 0.32039700000000004 0.560094 0.32039700000000004 0.564891 0.32039700000000004 0.565797 0.321002 0.565797 0.31855900000000004 0.564203 0.318267
50 0.599156 0.30501 0.5989530000000001 0.303946 0.5979059999999999 0.301566 0.596594 0.30112700000000003 0.596125 0.302797 0.5959220000000001 0.30509400000000003 0.594875 0.305261 0.594812 0.308079 0.597578 0.31071000000000004 0.600328 0.310104 0.599156 0.30501
50 0.489953 0.37325699999999995 0.492859 0.37325699999999995 0.496734 0.37261 0.498187 0.365491 0.496734 0.355157 0.49625 0.348038 0.495281 0.34091899999999997 0.494313 0.338977 0.4885 0.337683 0.487531 0.348038 0.485594 0.353862 0.48462500000000003 0.36096 0.48462500000000003 0.36678499999999997 0.485109 0.370021 0.486562 0.376493 0.489953 0.37325699999999995
50 0.572203 0.311127 0.577141 0.309729 0.577469 0.308455 0.577375 0.30549099999999996 0.576828 0.302088 0.575469 0.29889400000000005 0.571656 0.299854 0.5706249999999999 0.301879 0.571172 0.304092 0.571406 0.307077 0.571734 0.308789 0.572281 0.310793 0.572203 0.311127
50 0.8817809999999999 0.28572000000000003 0.883297 0.284509 0.8820779999999999 0.281879 0.881172 0.28167 0.881016 0.27943599999999996 0.8808590000000001 0.278017 0.8790469999999999 0.277411 0.878141 0.27903999999999995 0.877688 0.281879 0.8760160000000001 0.283278 0.874953 0.28611699999999995 0.874953 0.28937399999999996 0.875563 0.288956 0.879656 0.288559 0.8817809999999999 0.28572000000000003
25 0.10559400000000001 0.5761999999999999 0.0982813 0.5761999999999999 0.092125 0.568476 0.0863437 0.5695199999999999 0.0736406 0.570543 0.0617188 0.570021 0.0424687 0.567453 0.0355313 0.568998 0.029765599999999996 0.573111 0.024375 0.578768 0.0216719 0.5906049999999999 0.0220625 0.602422 0.0224531 0.6204379999999999 0.0212969 0.639979 0.020515600000000002 0.6548849999999999 0.0209063 0.677516 0.0209063 0.683695 0.025531199999999997 0.683173 0.0259062 0.6708350000000001 0.0301406 0.6662 0.0347656 0.6631319999999999 0.039 0.678559 0.0443906 0.684217 0.0490156 0.682672 0.0467031 0.6780379999999999 0.0420781 0.664154 0.040546900000000004 0.6487269999999999 0.043625000000000004 0.632255 0.0490156 0.619395 0.057859400000000005 0.623528 0.0686406 0.6240290000000001 0.0744219 0.624551 0.0705625 0.64666 0.0694063 0.6636329999999999 0.0663281 0.677015 0.0736406 0.6801039999999999 0.0736406 0.672902 0.0709531 0.658998 0.07634379999999999 0.6487269999999999 0.0786563 0.632777 0.0790312 0.628664 0.0894375 0.629186 0.0940469 0.6312319999999999 0.100594 0.6559290000000001 0.10406200000000002 0.6692899999999999 0.109828 0.679061 0.11484399999999999 0.677516 0.11290599999999999 0.671858 0.104828 0.657975 0.10290600000000001 0.6379119999999999 0.101359 0.6240290000000001 0.109453 0.6163259999999999 0.12137500000000001 0.6055109999999999 0.125609 0.6039669999999999 0.129859 0.6080789999999999 0.136016 0.606033 0.13717200000000002 0.600877 0.134469 0.596263 0.132156 0.585449 0.13023400000000002 0.577223 0.126391 0.568998 0.117922 0.5648850000000001 0.115609 0.568476 0.11290599999999999 0.571065 0.11714100000000001 0.567975 0.114453 0.572589 0.10559400000000001 0.5761999999999999
25 0.23373400000000003 0.688288 0.24310900000000002 0.6738000000000001 0.24803099999999997 0.6691860000000001 0.266766 0.678413 0.278094 0.670501 0.291391 0.671169 0.283016 0.692902 0.280062 0.708706 0.275625 0.724509 0.284 0.733716 0.287453 0.7271399999999999 0.284 0.719896 0.291391 0.694864 0.298297 0.678413 0.303219 0.6961799999999999 0.306672 0.710668 0.309141 0.7258249999999999 0.320969 0.728455 0.317016 0.71858 0.313078 0.713299 0.308641 0.697516 0.306672 0.679729 0.307172 0.6731520000000001 0.317516 0.66524 0.327859 0.6612939999999999 0.33081299999999997 0.648121 0.338219 0.637599 0.34362499999999996 0.64023 0.35053100000000004 0.6454909999999999 0.357437 0.642192 0.351031 0.632317 0.351516 0.611921 0.347078 0.604008 0.34264100000000003 0.594802 0.340187 0.590835 0.334266 0.594134 0.331313 0.592818 0.331813 0.605324 0.313078 0.6138830000000001 0.309141 0.607307 0.296813 0.6092690000000001 0.276609 0.6099370000000001 0.253953 0.607307 0.23521899999999998 0.603361 0.221922 0.6145510000000001 0.221922 0.632317 0.222906 0.6566810000000001 0.219937 0.675783 0.21254699999999999 0.694217 0.21057800000000002 0.704739 0.211563 0.7040919999999999 0.220922 0.695532 0.223891 0.712651 0.22732800000000003 0.7330690000000001 0.230781 0.731086 0.22881300000000002 0.7192280000000001 0.22634400000000002 0.6994779999999999 0.226844 0.696848 0.234234 0.710668 0.234734 0.720543 0.237188 0.7330690000000001 0.239656 0.7350310000000001 0.239656 0.711336 0.23373400000000003 0.688288
25 0.706813 0.5981 0.7073750000000001 0.625553 0.710703 0.652276 0.7129220000000001 0.659708 0.7129220000000001 0.672317 0.710703 0.6856779999999999 0.717922 0.687161 0.7212500000000001 0.676764 0.726813 0.689374 0.732359 0.687891 0.7301409999999999 0.677516 0.726813 0.661921 0.726813 0.637432 0.73625 0.6270560000000001 0.7567969999999999 0.631503 0.7717970000000001 0.628539 0.764016 0.6648850000000001 0.769578 0.682693 0.776234 0.6819620000000001 0.769578 0.670084 0.7784530000000001 0.641148 0.789562 0.672317 0.793453 0.681211 0.801234 0.6804800000000001 0.8039999999999999 0.678246 0.792906 0.664154 0.791234 0.649311 0.786797 0.636701 0.786797 0.632985 0.807891 0.61666 0.8223280000000001 0.605532 0.833437 0.607015 0.837328 0.6047809999999999 0.836781 0.601086 0.833437 0.594405 0.831781 0.584008 0.8306720000000001 0.574363 0.829 0.568434 0.827328 0.5661999999999999 0.8295619999999999 0.551357 0.829 0.5461590000000001 0.825672 0.542463 0.822891 0.54023 0.8223280000000001 0.54691 0.8212189999999999 0.5572860000000001 0.819 0.5661999999999999 0.816781 0.55952 0.8117810000000001 0.5483920000000001 0.8089999999999999 0.544676 0.8039999999999999 0.541712 0.804562 0.547641 0.806781 0.555073 0.810672 0.560271 0.8128909999999999 0.5669310000000001 0.8062340000000001 0.568434 0.7990160000000001 0.570647 0.795125 0.564718 0.790125 0.561002 0.785687 0.5572860000000001 0.782906 0.5617540000000001 0.780687 0.5617540000000001 0.776234 0.5624840000000001 0.765688 0.5617540000000001 0.7140310000000001 0.5632360000000001 0.7140310000000001 0.563967 0.709031 0.583257 0.706813 0.5981
25 0.877078 0.663528 0.877078 0.659791 0.8754060000000001 0.6508349999999999 0.873172 0.628455 0.8748440000000001 0.631441 0.8754060000000001 0.6329440000000001 0.877641 0.6381629999999999 0.880422 0.650104 0.882094 0.656806 0.886562 0.659791 0.8871249999999999 0.658309 0.888234 0.6493530000000001 0.8871249999999999 0.64263 0.886016 0.638914 0.8837809999999999 0.6232359999999999 0.884328 0.617286 0.886016 0.613549 0.892156 0.602359 0.901078 0.6031110000000001 0.908891 0.601608 0.916719 0.600877 0.916719 0.607578 0.913922 0.614301 0.910016 0.622505 0.9072190000000001 0.634426 0.903875 0.644885 0.903875 0.6493530000000001 0.9044380000000001 0.654572 0.913359 0.656806 0.9128130000000001 0.654572 0.911687 0.647119 0.91225 0.640397 0.920625 0.623987 0.9239689999999999 0.626973 0.925641 0.6419 0.927312 0.652338 0.9312340000000001 0.656054 0.9390470000000001 0.655324 0.936812 0.6508349999999999 0.934016 0.644134 0.9312340000000001 0.6366809999999999 0.931781 0.629958 0.932344 0.622505 0.9301090000000001 0.618017 0.9284380000000001 0.606827 0.9356880000000001 0.605344 0.937375 0.600877 0.941281 0.599374 0.9546720000000001 0.5896870000000001 0.9557969999999999 0.5949059999999999 0.9602499999999999 0.5934029999999999 0.967516 0.590418 0.967516 0.585198 0.966391 0.580731 0.965844 0.5740080000000001 0.966391 0.567307 0.966953 0.5613360000000001 0.9652810000000001 0.556117 0.965844 0.551628 0.968078 0.542693 0.964719 0.541942 0.9624840000000001 0.544927 0.959703 0.5456780000000001 0.9557969999999999 0.5456780000000001 0.953562 0.540438 0.949094 0.54119 0.949094 0.543424 0.9496560000000001 0.5456780000000001 0.950766 0.5493950000000001 0.9446249999999999 0.5501459999999999 0.940156 0.5501459999999999 0.9390470000000001 0.542693 0.934016 0.5382049999999999 0.929547 0.5359710000000001 0.9289999999999999 0.5367219999999999 0.925094 0.538956 0.9195 0.538956 0.913359 0.5382049999999999 0.907781 0.5382049999999999 0.8915940000000001 0.5382049999999999 0.887687 0.5367219999999999 0.880984 0.537474 0.877641 0.538956 0.872609 0.544927 0.866469 0.550898 0.8625619999999999 0.5613360000000001 0.8625619999999999 0.5680379999999999 0.8625619999999999 0.575511 0.8625619999999999 0.5889350000000001 0.865359 0.602359 0.864797 0.612046 0.8642340000000001 0.6232359999999999 0.864797 0.631441 0.8681409999999999 0.644134 0.8681409999999999 0.6486010000000001 0.867578 0.654572 0.8681409999999999 0.658309 0.8698119999999999 0.6612939999999999 0.877078 0.663528
50 0.936984 0.30102300000000004 0.9452659999999999 0.300459 0.9461410000000001 0.29405000000000003 0.9435309999999999 0.288205 0.940469 0.287641 0.938734 0.296952 0.936984 0.30102300000000004
50 0.8479530000000001 0.291273 0.8395469999999999 0.290209 0.83675 0.290209 0.834344 0.286472 0.8339529999999999 0.28538600000000003 0.831953 0.286472 0.829953 0.289666 0.829547 0.293424 0.851562 0.293424 0.8479530000000001 0.291273
50 0.887719 0.293967 0.89125 0.294468 0.8927970000000001 0.294217 0.8938280000000001 0.293111 0.894078 0.29052199999999995 0.8932499999999999 0.288121 0.8924839999999999 0.28743199999999997 0.8926719999999999 0.28547 0.891766 0.28340299999999996 0.890875 0.283236 0.889719 0.282985 0.8888130000000001 0.28392500000000004 0.888562 0.285303 0.888625 0.28665999999999997 0.888875 0.287954 0.8889530000000001 0.288121 0.888234 0.288894 0.8863749999999999 0.289415 0.8856719999999999 0.29035500000000003 0.885031 0.28881 0.884188 0.287871 0.88375 0.287871 0.8832340000000001 0.28751600000000005 0.8851559999999999 0.29327800000000004 0.887719 0.293967
50 0.208141 0.367599 0.215062 0.36924799999999997 0.215828 0.367077 0.21554700000000002 0.365052 0.21435900000000002 0.36386199999999996 0.214641 0.360626 0.213828 0.358142 0.210938 0.357766 0.21037499999999998 0.360376 0.210141 0.362589 0.209609 0.3638 0.20846900000000002 0.365115 0.20800000000000002 0.367537 0.208141 0.367599