66 0.903484 0.620479 0.833906 0.5849999999999999 0.78275 0.571354 0.758188 0.575458 0.73875 0.582271 0.726469 0.612292 0.730563 0.662771 0.73875 0.709146 0.764328 0.733708 0.8072969999999999 0.771917 0.8799530000000001 0.784188 0.8860940000000002 0.773271 0.967938 0.770542 0.957719 0.654583 0.903484 0.620479
66 0.7209220000000001 0.5662079999999999 0.713719 0.549125 0.703313 0.549125 0.689703 0.552312 0.671281 0.5715420000000001 0.656062 0.612125 0.6608590000000001 0.636667 0.674484 0.676187 0.697703 0.712479 0.7289380000000001 0.730646 0.7289380000000001 0.7188960000000001 0.723328 0.705021 0.715328 0.684729 0.707313 0.669771 0.6985 0.644146 0.697703 0.61425 0.700109 0.5918329999999999 0.7169220000000001 0.5640630000000001 0.7209220000000001 0.5662079999999999
66 0.778656 0.752812 0.756734 0.734833 0.729781 0.683146 0.726406 0.631458 0.733141 0.5932499999999999 0.761797 0.5707920000000001 0.724719 0.5550630000000001 0.707859 0.566292 0.696063 0.59775 0.694375 0.638208 0.719656 0.710104 0.751687 0.737083 0.778656 0.752812
66 0.5168280000000001 0.581146 0.517219 0.581146 0.505844 0.5942919999999999 0.498656 0.613479 0.501297 0.634687 0.5107809999999999 0.674604 0.527062 0.703896 0.538422 0.712979 0.560016 0.712479 0.566844 0.715 0.566453 0.699854 0.556234 0.684688 0.545625 0.64075 0.5467660000000001 0.610958 0.551312 0.5902499999999999 0.5585 0.580646 0.536156 0.576604 0.5168280000000001 0.581146
66 0.517656 0.7007709999999999 0.49932800000000005 0.6430830000000001 0.49712500000000004 0.5922499999999999 0.511062 0.5815 0.566047 0.5717289999999999 0.55725 0.56 0.512531 0.558042 0.478797 0.574667 0.465594 0.626479 0.483922 0.686104 0.510328 0.7076250000000001 0.517656 0.7007709999999999
66 0.410141 0.651917 0.414516 0.616854 0.45031299999999996 0.587646 0.402109 0.5730419999999999 0.385313 0.601292 0.391156 0.661646 0.42401600000000006 0.690875 0.410141 0.651917
66 0.407719 0.695958 0.42785900000000004 0.695958 0.390937 0.660167 0.387578 0.597542 0.40604699999999994 0.572917 0.4245 0.577396 0.4245 0.568458 0.404359 0.568458 0.384234 0.568458 0.367453 0.597542 0.367453 0.666875 0.404359 0.7004370000000001 0.407719 0.695958
66 0.3255 0.6982079999999999 0.29529700000000003 0.653458 0.285234 0.597542 0.320469 0.5662079999999999 0.29529700000000003 0.5662079999999999 0.27181299999999997 0.593063 0.27181299999999997 0.660167 0.318797 0.704917 0.3255 0.6982079999999999
66 0.45164100000000007 0.592708 0.42870299999999995 0.602 0.414359 0.627125 0.4131250000000001 0.644625 0.416406 0.667563 0.427469 0.690521 0.436484 0.695438 0.4430470000000001 0.699271 0.461078 0.7058130000000001 0.4590310000000001 0.590521 0.45164100000000007 0.592708
50 0.520047 0.416938 0.5181560000000001 0.42550000000000004 0.5181560000000001 0.441625 0.520047 0.45625 0.518906 0.469854 0.521547 0.48597900000000005 0.525703 0.486479 0.524578 0.503104 0.519656 0.514188 0.517016 0.533354 0.51475 0.547958 0.53025 0.547958 0.528359 0.544438 0.523813 0.532833 0.5340309999999999 0.511167 0.535531 0.48597900000000005 0.535531 0.5000829999999999 0.5374220000000001 0.528312 0.5374220000000001 0.5459379999999999 0.5536719999999999 0.546458 0.551781 0.543937 0.543844 0.539396 0.544234 0.5157079999999999 0.546125 0.4895 0.542344 0.46279200000000004 0.543469 0.463792 0.545734 0.473375 0.547625 0.480937 0.5532969999999999 0.48043800000000003 0.5563279999999999 0.473875 0.552547 0.46129200000000004 0.544984 0.454229 0.545359 0.44566700000000004 0.54725 0.427021 0.5427190000000001 0.42347900000000005 0.5427190000000001 0.421979 0.5465 0.411396 0.541578 0.399792 0.535906 0.400313 0.533266 0.405854 0.532516 0.416437 0.520047 0.416938
50 0.655672 0.47910400000000003 0.6614530000000001 0.466479 0.66725 0.456646 0.669875 0.448938 0.669875 0.441229 0.669875 0.43281200000000003 0.668828 0.423 0.665672 0.41316699999999995 0.6614530000000001 0.40475 0.658297 0.399146 0.654094 0.392125 0.651469 0.392125 0.650406 0.402646 0.645156 0.41247900000000004 0.643578 0.424396 0.637266 0.445437 0.644625 0.460167 0.644625 0.46858299999999997 0.642531 0.48260400000000003 0.655672 0.47910400000000003
50 0.695828 0.493958 0.694859 0.485417 0.698063 0.47347900000000004 0.699344 0.466646 0.7009369999999999 0.466208 0.7012660000000001 0.455979 0.7002970000000001 0.438063 0.7009369999999999 0.42737499999999995 0.7006249999999999 0.41670799999999997 0.698375 0.412458 0.695188 0.406042 0.688781 0.40391699999999997 0.684937 0.4005 0.680781 0.395813 0.675344 0.397083 0.673422 0.404333 0.675344 0.411167 0.681422 0.41670799999999997 0.685906 0.418417 0.687188 0.42354200000000003 0.686219 0.440188 0.684937 0.44487499999999996 0.6743750000000001 0.45 0.671812 0.452125 0.668937 0.457687 0.6730940000000001 0.45981299999999997 0.678859 0.45639599999999997 0.685906 0.453417 0.686219 0.460667 0.684625 0.48670800000000003 0.684297 0.496083 0.688141 0.511021 0.688781 0.514854 0.696469 0.505896 0.695828 0.493958
50 0.733594 0.411833 0.731734 0.403562 0.726766 0.391125 0.714344 0.39775 0.714969 0.404375 0.718063 0.417625 0.718687 0.42012499999999997 0.718687 0.424271 0.714344 0.430896 0.711859 0.447458 0.715578 0.450771 0.719313 0.45325 0.721797 0.47560399999999997 0.731734 0.47229200000000005 0.736078 0.47147900000000004 0.7485 0.477271 0.751609 0.464854 0.751609 0.447458 0.747266 0.437521 0.741672 0.42675 0.732984 0.414313 0.733594 0.411833
50 0.891578 0.510104 0.893266 0.43370800000000004 0.893266 0.420229 0.8814529999999999 0.4 0.8679840000000001 0.39775 0.8612339999999999 0.417979 0.8595470000000001 0.426958 0.849437 0.451688 0.849437 0.47639600000000004 0.857859 0.489896 0.864609 0.516854 0.891578 0.510104
50 0.824594 0.400792 0.825562 0.409833 0.8270160000000001 0.412396 0.819266 0.422729 0.819266 0.435646 0.821203 0.444021 0.8207190000000001 0.4905 0.822656 0.498229 0.832344 0.502104 0.8328279999999999 0.393042 0.827984 0.393688 0.824594 0.400792
50 0.838141 0.500812 0.839109 0.494354 0.8420159999999999 0.485979 0.845406 0.484687 0.848312 0.485979 0.848312 0.459521 0.847344 0.447896 0.8492809999999998 0.4395 0.848312 0.429187 0.845406 0.420792 0.841531 0.416271 0.837172 0.414333 0.839594 0.403375 0.8357189999999999 0.393688 0.8357189999999999 0.501458 0.838141 0.500812
50 0.774875 0.5433129999999999 0.772062 0.535792 0.759844 0.5082289999999999 0.7526941765624999 0.49127766874999995 0.759844 0.480687 0.736359 0.46564599999999995 0.712875 0.46564599999999995 0.693141 0.48568700000000004 0.693141 0.51075 0.689391 0.5195000000000001 0.680937 0.535792 0.670594 0.5508120000000001 0.669656 0.555833 0.669656 0.560833 0.679063 0.5708540000000001 0.689391 0.553333 0.706297 0.535792 0.7175779999999999 0.555833 0.733547 0.5621039999999999 0.754203 0.560833 0.757031 0.5395420000000001 0.757969 0.535792 0.7607809999999999 0.547062 0.766422 0.5495629999999999 0.774875 0.5433129999999999
50 0.357156 0.48852100000000004 0.3625 0.502771 0.36428099999999997 0.5377919999999999 0.382531 0.542542 0.385203 0.5235420000000001 0.384766 0.503958 0.387875 0.473667 0.384766 0.454667 0.393672 0.44337499999999996 0.388766 0.429125 0.38342200000000004 0.416063 0.35848399999999997 0.41725 0.354484 0.422604 0.351812 0.441604 0.354484 0.45585400000000004 0.36026600000000003 0.467729 0.357156 0.48852100000000004
50 0.39946899999999996 0.454604 0.414594 0.454604 0.414594 0.45108299999999996 0.414203 0.441 0.411188 0.44202100000000005 0.410813 0.437479 0.414969 0.429417 0.414969 0.423875 0.40815599999999996 0.424875 0.408547 0.421854 0.40703100000000003 0.412792 0.403625 0.411271 0.401734 0.412792 0.39946899999999996 0.415292 0.40098399999999995 0.422854 0.39720300000000003 0.426896 0.391156 0.43545799999999996 0.393797 0.438979 0.396062 0.438479 0.39720300000000003 0.447042 0.39946899999999996 0.454604
50 0.264344 0.554979 0.267516 0.5596460000000001 0.26975 0.56475 0.272297 0.566875 0.276125 0.566875 0.280578 0.560917 0.284734 0.55625 0.286 0.5477500000000001 0.286313 0.537562 0.288547 0.524396 0.28568699999999997 0.516313 0.281219 0.509521 0.27835899999999997 0.506125 0.278672 0.500167 0.275813 0.49464600000000003 0.270078 0.492521 0.26720299999999997 0.499333 0.266562 0.509521 0.264656 0.514188 0.257969 0.523104 0.257969 0.537979 0.264344 0.558375 0.264344 0.554979
50 0.457141 0.440896 0.45489100000000005 0.495208 0.45564099999999996 0.522354 0.46129699999999996 0.505271 0.465062 0.506271 0.46431300000000003 0.523354 0.47450000000000003 0.523875 0.46845299999999995 0.513813 0.463938 0.46856200000000003 0.465062 0.437375 0.478641 0.450458 0.48768700000000004 0.4585 0.49221899999999996 0.45497899999999997 0.46807800000000005 0.433854 0.469594 0.41425 0.45828100000000005 0.406708 0.457141 0.440896
50 0.614656 0.441687 0.616203 0.44254200000000005 0.616328 0.438271 0.616328 0.427187 0.615563 0.421563 0.614922 0.418667 0.616453 0.415438 0.615437 0.412187 0.614156 0.409625 0.613125 0.40775 0.609797 0.407917 0.608391 0.410146 0.6075 0.412875 0.604938 0.417813 0.602125 0.420375 0.600203 0.425313 0.597656 0.430937 0.5965 0.436229 0.5965 0.441 0.597391 0.447833 0.598938 0.456688 0.600203 0.461812 0.611984 0.448333 0.613516 0.444583 0.614016 0.437083 0.614656 0.441687
77 0.58225 0.413917 0.584313 0.418792 0.584078 0.42856299999999997 0.586594 0.437729 0.590719 0.448708 0.594844 0.450229 0.597141 0.450229 0.597813 0.449021 0.596906 0.444125 0.595984 0.438333 0.595984 0.434979 0.598969 0.426729 0.602406 0.420938 0.605375 0.418792 0.60675 0.41787499999999994 0.606984 0.416354 0.606984 0.413 0.607672 0.410854 0.609719 0.409021 0.612469 0.408104 0.614531 0.409333 0.615672 0.412083 0.615672 0.41575 0.615453 0.420021 0.616594 0.422771 0.616359 0.427646 0.616359 0.434667 0.615672 0.444125 0.619109 0.444125 0.617969 0.438021 0.617516 0.434354 0.618656 0.42856299999999997 0.621172 0.423979 0.623 0.420625 0.625516 0.41787499999999994 0.62575 0.416667 0.623688 0.41575 0.623 0.411167 0.614078 0.403833 0.601031 0.400479 0.589344 0.400479 0.579047 0.406271 0.579281 0.4075 0.579281 0.408729 0.577906 0.41025000000000006 0.580187 0.410562 0.58225 0.413917
66 0.644344 0.568083 0.639734 0.5855 0.633266 0.612125 0.640609 0.647979 0.643906 0.670667 0.659922 0.705896 0.676562 0.720917 0.702719 0.727854 0.70425 0.721708 0.698109 0.7063539999999999 0.685047 0.687917 0.6696869999999999 0.658208 0.660469 0.623396 0.666609 0.5855 0.681984 0.5660419999999999 0.666609 0.5598960000000001 0.673531 0.562958 0.656625 0.562958 0.644344 0.568083
22 0.208406 0.506 0.21514099999999997 0.525083 0.234734 0.563292 0.236844 0.563292 0.23326600000000003 0.552896 0.243172 0.552063 0.243172 0.5630210000000001 0.246531 0.563583 0.25139100000000003 0.551771 0.26887500000000003 0.5677920000000001 0.27434400000000003 0.5669369999999999 0.258328 0.540542 0.266125 0.534917 0.265922 0.529021 0.253703 0.539417 0.245688 0.524813 0.23199999999999998 0.48914599999999997 0.21725 0.502333 0.211359 0.5000829999999999 0.207781 0.495042 0.208406 0.506
66 0.233703 0.602292 0.243828 0.637917 0.26410900000000004 0.671104 0.283453 0.685833 0.299125 0.6968960000000001 0.287141 0.67725 0.275156 0.660042 0.26687500000000003 0.617042 0.274234 0.5826250000000001 0.277 0.578958 0.24751599999999999 0.5850829999999999 0.233703 0.602292
22 0.18698399999999998 0.506583 0.176984 0.508917 0.182203 0.5344169999999999 0.188719 0.5344169999999999 0.194797 0.552375 0.203938 0.5715210000000001 0.215672 0.5720829999999999 0.201328 0.5459999999999999 0.214797 0.548333 0.224797 0.567458 0.229578 0.557604 0.21610900000000002 0.533833 0.20610900000000001 0.529771 0.197844 0.510062 0.18698399999999998 0.506583
50 0.772078 0.462333 0.774953 0.452333 0.776203 0.427625 0.775953 0.409771 0.771203 0.411271 0.768453 0.417938 0.767703 0.435979 0.769328 0.442646 0.770203 0.451833 0.768453 0.457167 0.768328 0.486375 0.768328 0.490208 0.768953 0.52025 0.771578 0.521917 0.772203 0.497396 0.772203 0.494396 0.772078 0.462333
50 0.799828 0.508625 0.800109 0.499271 0.798359 0.475854 0.796406 0.475854 0.795438 0.503812 0.796891 0.506021 0.799828 0.508625
66 0.609344 0.709083 0.600734 0.698542 0.5885309999999999 0.682271 0.5770470000000001 0.645896 0.569859 0.600896 0.586375 0.577938 0.5978589999999999 0.5645209999999999 0.577766 0.562604 0.564844 0.570271 0.547609 0.5970829999999999 0.547609 0.652604 0.560531 0.693771 0.577766 0.713875 0.599297 0.7129169999999999 0.609344 0.709083
66 0.675406 0.722437 0.6584220000000001 0.706708 0.642922 0.667333 0.634062 0.6122080000000001 0.636656 0.588104 0.641813 0.575792 0.652156 0.565458 0.645516 0.560542 0.6248440000000001 0.560542 0.615984 0.565958 0.608234 0.5708749999999999 0.601594 0.5812080000000001 0.592734 0.6018749999999999 0.592734 0.6486249999999999 0.604547 0.679625 0.634062 0.717042 0.675406 0.722437