13 0.820797 0.503979 0.817984 0.505104 0.8162969999999999 0.530979 0.810109 0.5418540000000001 0.809547 0.589458 0.824734 0.5902080000000001 0.826703 0.568458 0.8283910000000001 0.5452290000000001 0.826141 0.543729 0.823891 0.528729 0.826984 0.527979 0.826141 0.516729 0.825859 0.506229 0.823609 0.503979 0.8193910000000001 0.505104 0.820797 0.503979
50 0.419656 0.7213539999999999 0.448313 0.739333 0.42134400000000005 0.7460629999999999 0.414609 0.7685420000000001 0.45 0.777521 0.493813 0.7573120000000001 0.48201599999999994 0.703375 0.49718799999999996 0.5932499999999999 0.525844 0.460667 0.5157339999999999 0.33258299999999996 0.503937 0.25168799999999997 0.476969 0.19775 0.476969 0.16179200000000002 0.44662499999999994 0.137083 0.416297 0.152812 0.39437500000000003 0.168542 0.409547 0.188771 0.414609 0.231458 0.436516 0.247188 0.42303100000000005 0.28764599999999996 0.419656 0.40897900000000004 0.433141 0.47191700000000003 0.433141 0.6179790000000001 0.458422 0.6404580000000001 0.466859 0.7078749999999999 0.419656 0.7213539999999999
50 0.5862809999999999 0.293375 0.580578 0.306667 0.603359 0.346521 0.620453 0.346521 0.626141 0.449042 0.624719 0.500313 0.607625 0.5136040000000001 0.604781 0.5363749999999999 0.617594 0.5591670000000001 0.601938 0.650292 0.609063 0.6673749999999999 0.61475 0.688271 0.619031 0.754708 0.603359 0.7775 0.5606410000000001 0.7964789999999999 0.563484 0.817354 0.589125 0.823063 0.644656 0.8249580000000001 0.6460779999999999 0.792687 0.6560469999999999 0.712938 0.717266 0.786979 0.725812 0.8211670000000001 0.722969 0.855333 0.705875 0.895208 0.728656 0.9008959999999999 0.742906 0.887604 0.7685310000000001 0.805979 0.744328 0.775604 0.720125 0.712938 0.684516 0.6692710000000001 0.693063 0.600938 0.711578 0.570562 0.725812 0.506 0.728656 0.462333 0.717266 0.449042 0.726844 0.41808300000000004 0.735281 0.374667 0.718406 0.271792 0.679812 0.20747900000000002 0.6882659999999999 0.17533300000000002 0.687047 0.143187 0.676203 0.117458 0.6460619999999999 0.112646 0.612297 0.127104 0.607484 0.180167 0.618328 0.22356199999999998 0.637625 0.234812 0.6424369999999999 0.25893700000000003 0.636406 0.275 0.620734 0.313583 0.5862809999999999 0.293375
13 0.8451409999999999 0.6004579999999999 0.855734 0.605521 0.859516 0.592396 0.861781 0.537917 0.860266 0.509667 0.854219 0.512687 0.851187 0.525813 0.848922 0.5399379999999999 0.8451409999999999 0.550021 0.8451409999999999 0.572229 0.844375 0.594417 0.8451409999999999 0.6004579999999999
54 0.609453 0.335687 0.609453 0.344583 0.613125 0.346813 0.619797 0.338354 0.620125 0.333896 0.612453 0.328125 0.604453 0.318771 0.595781 0.316562 0.596438 0.311667 0.602781 0.310333 0.590766 0.295208 0.583766 0.306333 0.590766 0.31433300000000003 0.594437 0.32322900000000004 0.594781 0.32322900000000004 0.596438 0.32412499999999994 0.600453 0.328563 0.597781 0.33122899999999994 0.600781 0.334354 0.606125 0.331688 0.609453 0.335687
54 0.402891 0.564667 0.4055619999999999 0.569104 0.406234 0.582896 0.415906 0.583792 0.415906 0.565104 0.402219 0.564208 0.402891 0.564667
54 0.40981199999999995 0.549646 0.40679699999999996 0.544104 0.389062 0.544104 0.385297 0.546125 0.395484 0.553167 0.40301600000000004 0.5551670000000001 0.40981199999999995 0.549646
50 0.156453 0.7238749999999999 0.15718700000000002 0.755167 0.155719 0.8305 0.153516 0.915583 0.14837499999999998 0.936125 0.122703 0.9508120000000001 0.121234 0.958625 0.121234 0.9625419999999999 0.129312 0.9752500000000001 0.139578 0.9879789999999999 0.174063 0.989938 0.179922 0.959604 0.199 0.8911460000000001 0.207797 0.8334170000000001 0.20120300000000002 0.7885829999999999 0.20853100000000002 0.744563 0.21734399999999998 0.7308749999999999 0.24668800000000002 0.723042 0.25254699999999997 0.724021 0.261359 0.753375 0.273828 0.807167 0.290703 0.863896 0.279687 0.860958 0.27456200000000003 0.867812 0.283359 0.880521 0.311234 0.904 0.323719 0.899104 0.318578 0.878583 0.314172 0.823792 0.30904699999999996 0.766083 0.294375 0.7308749999999999 0.292906 0.7093539999999999 0.298766 0.696833 0.303172 0.6058749999999999 0.300234 0.552083 0.287766 0.502188 0.27749999999999997 0.434708 0.283359 0.422958 0.307578 0.477729 0.350859 0.541312 0.368469 0.5804379999999999 0.369922 0.573604 0.379469 0.5823959999999999 0.391937 0.591208 0.402203 0.583375 0.408078 0.570667 0.380938 0.541312 0.34425 0.46110399999999996 0.320781 0.430792 0.300969 0.375042 0.283359 0.335896 0.252672 0.312792 0.24459399999999998 0.30006299999999997 0.245328 0.293229 0.24312499999999998 0.258021 0.240922 0.239417 0.22992200000000002 0.204208 0.22406199999999998 0.197375 0.212312 0.189542 0.197641 0.186604 0.1815 0.190521 0.156562 0.21106299999999997 0.15582800000000002 0.22181199999999998 0.158031 0.25018799999999997 0.158031 0.28045800000000004 0.163172 0.28925 0.171234 0.305896 0.180766 0.318604 0.1705 0.318604 0.1595 0.32839599999999997 0.15362499999999998 0.338167 0.149234 0.351854 0.150688 0.38708299999999995 0.152891 0.474958 0.152891 0.498437 0.156562 0.5551670000000001 0.155094 0.5845 0.158031 0.633417 0.15876600000000002 0.712646 0.156453 0.7238749999999999
50 0.340453 0.467417 0.355625 0.471917 0.357297 0.433708 0.342141 0.361792 0.325281 0.287646 0.303375 0.247188 0.293266 0.224729 0.313484 0.215729 0.306734 0.2 0.279781 0.179771 0.264609 0.166292 0.246062 0.173042 0.23932800000000004 0.188771 0.24101600000000004 0.224729 0.252812 0.247188 0.249437 0.258417 0.244375 0.296625 0.259547 0.316854 0.279781 0.337083 0.296625 0.36404200000000003 0.308422 0.40675 0.323594 0.444937 0.340453 0.467417
50 0.278094 0.460667 0.288203 0.494375 0.298312 0.546063 0.311797 0.582021 0.311797 0.6045 0.315172 0.671917 0.305063 0.705625 0.308422 0.714604 0.326969 0.707875 0.338766 0.698875 0.333703 0.656188 0.343812 0.5370830000000001 0.286516 0.431458 0.273031 0.420229 0.278094 0.460667
27 1 0.7702709999999999 0.9823280000000001 0.767729 0.953813 0.767729 0.898672 0.80575 0.848594 0.867437 0.7472030000000001 0.973917 0.7472030000000001 0.997583 1 0.996729 1 0.7702709999999999
26 0.963391 0.588229 0.9664529999999999 0.589917 0.9691560000000001 0.589417 0.9722189999999999 0.589667 0.9756410000000001 0.5901460000000001 0.9767340000000001 0.583167 0.977453 0.567292 0.9770939999999999 0.566812 0.975109 0.565854 0.972578 0.564896 0.9669840000000001 0.5644170000000001 0.962656 0.564896 0.9624840000000001 0.57475 0.961578 0.585812 0.963391 0.588229
24 0.508078 0.548042 0.501109 0.574875 0.488344 0.659042 0.488344 0.670917 0.512344 0.682271 0.5832029999999999 0.708083 0.583594 0.6843330000000001 0.591719 0.6084379999999999 0.610687 0.5950209999999999 0.619984 0.5459790000000001 0.611469 0.534625 0.613406 0.520687 0.621922 0.5000209999999999 0.626953 0.485063 0.627344 0.453563 0.539828 0.434458 0.526281 0.430854 0.5224059999999999 0.454604 0.519313 0.468021 0.5177660000000001 0.482479 0.514281 0.503646 0.508078 0.548042