18 0.677422 1 0.667734 0.96775 0.659672 0.913979 0.641937 0.840854 0.624188 0.802146 0.6016090000000001 0.7935420000000001 0.516125 0.784937 0.429031 0.784937 0.40967200000000004 0.8107500000000001 0.375812 0.913979 0.367734 1 0.677422 1
74 0.46854699999999994 0.6988749999999999 0.992703 0.7573120000000001 0.9977499999999999 0.586521 0.8477499999999999 0.5730419999999999 0.701125 0.557312 0.37921900000000003 0.5438120000000001 0.182016 0.525833 0.15673399999999998 0.528083 0.15 0.669667 0.180344 0.689896 0.46854699999999994 0.6988749999999999
11 0.906047 0.8682289999999999 0.922813 0.957708 0.946313 0.9621879999999999 0.9748279999999999 0.9085 0.9983280000000001 0.915208 1 0.7675630000000001 0.9395939999999999 0.7586040000000001 0.9295310000000001 0.718333 0.901 0.7071459999999999 0.906047 0.736229 0.8892659999999999 0.754125 0.849 0.754125 0.8355779999999999 0.765313 0.8422810000000001 0.845854 0.906047 0.8682289999999999
11 0.719453 0.7777080000000001 0.736422 0.825229 0.734734 0.847854 0.717766 0.879521 0.734734 0.890833 0.778844 0.9089379999999999 0.787328 0.888583 0.799203 0.845583 0.802609 0.836542 0.811094 0.811646 0.8365309999999999 0.834271 0.8365309999999999 0.811646 0.8365309999999999 0.7777080000000001 0.795813 0.746042 0.768672 0.761875 0.7449060000000001 0.7799790000000001 0.721156 0.775458 0.719453 0.7777080000000001
11 0.35693800000000003 0.7068960000000001 0.356234 0.711583 0.346375 0.735042 0.344266 0.743479 0.34075 0.750042 0.314703 0.7547499999999999 0.30345300000000003 0.779146 0.29148399999999997 0.780083 0.285859 0.784771 0.283047 0.791333 0.288672 0.806354 0.290078 0.816667 0.29148399999999997 0.843875 0.298516 0.858896 0.30062500000000003 0.870146 0.308375 0.867333 0.337219 0.816667 0.348484 0.811042 0.36748400000000003 0.805417 0.39 0.811042 0.404078 0.819479 0.406891 0.807292 0.400563 0.7885209999999999 0.382266 0.752875 0.375937 0.740667 0.380156 0.561458 0.379453 0.5445620000000001 0.386484 0.19833299999999998 0.382266 0.196458 0.378047 0.340958 0.368188 0.526729 0.35693800000000003 0.7068960000000001
50 0.666625 0.7746460000000001 0.680312 0.8796459999999999 0.6837340000000001 0.894479 0.676891 0.926438 0.67775 0.9424170000000001 0.67775 0.9641040000000001 0.6717500000000001 0.996042 0.695719 1 0.697438 0.928979 0.700859 0.923292 0.706 0.903875 0.7085619999999999 0.8684999999999999 0.718828 0.8513959999999999 0.717969 0.793188 0.7085619999999999 0.780625 0.697438 0.760083 0.694016 0.729271 0.679469 0.719 0.666625 0.725854 0.658922 0.7349789999999999 0.662344 0.749813 0.668328 0.770354 0.668328 0.774917 0.666625 0.7746460000000001
50 0.8777969999999999 0.881188 0.874703 0.892792 0.875313 0.89775 0.8728279999999999 0.901062 0.857922 0.912667 0.8517189999999999 0.925917 0.8455 0.9457920000000001 0.8430160000000001 0.960708 0.839906 0.9789169999999999 0.8436410000000001 0.984729 0.8455 0.988042 0.844875 1 0.8877499999999999 0.9954999999999999 0.8896089999999999 0.973125 0.888984 0.964021 0.8877499999999999 0.9573959999999999 0.8927189999999999 0.956562 0.8952030000000001 0.968167 0.901406 0.973125 0.910734 0.973125 0.911969 0.9665 0.90825 0.9557289999999999 0.9045159999999999 0.9457920000000001 0.9051410000000001 0.9250830000000001 0.898922 0.909354 0.898922 0.9076869999999999 0.898922 0.896937 0.902031 0.890313 0.9007809999999999 0.8787079999999999 0.898297 0.8737290000000001 0.893328 0.8654580000000001 0.8896089999999999 0.864625 0.880297 0.8720829999999999 0.8777969999999999 0.881188
50 0.9986409999999999 0.9976870000000001 0.9986409999999999 0.9199369999999999 0.989969 0.921875 0.989969 0.919312 0.9875619999999999 0.912875 0.982734 0.905167 0.975516 0.900667 0.9697340000000001 0.902604 0.965391 0.9077500000000001 0.961547 0.9135209999999999 0.961063 0.923167 0.9625 0.9353750000000001 0.9523910000000001 0.959771 0.9494999999999999 0.965563 0.9451560000000001 0.976479 0.943719 0.9861249999999999 0.940344 0.998333 0.9986409999999999 0.9976870000000001
50 0.2645 1 0.270437 0.9724579999999999 0.27785899999999997 0.940792 0.28379699999999997 0.901208 0.28379699999999997 0.881417 0.28379699999999997 0.8675630000000001 0.295672 0.84975 0.29418700000000003 0.8398540000000001 0.28676599999999997 0.80225 0.265984 0.766625 0.2645 0.762667 0.255594 0.7547499999999999 0.251141 0.750792 0.24668800000000002 0.7468330000000001 0.23332799999999998 0.764646 0.23332799999999998 0.768604 0.23332799999999998 0.770583 0.23332799999999998 0.7745420000000001 0.23629699999999998 0.7785 0.23926599999999998 0.786417 0.24668800000000002 0.798292 0.248172 0.8002710000000001 0.24668800000000002 0.804229 0.231844 0.814125 0.23035899999999998 0.8260000000000001 0.23035899999999998 0.833917 0.23778100000000002 0.8398540000000001 0.242234 0.845792 0.23374999999999999 0.8455619999999999 0.24551599999999998 0.852271 0.25560900000000003 0.8567710000000001 0.258969 0.865729 0.260656 0.872458 0.260656 0.879188 0.260656 0.8903960000000001 0.257281 0.910583 0.253922 0.924021 0.253922 0.93075 0.25223399999999996 0.939729 0.26004700000000003 1 0.2645 1
50 0.6537499999999999 0.880729 0.663078 0.945937 0.676281 0.923229 0.681219 0.912229 0.683969 0.891708 0.679859 0.872667 0.667219 0.776687 0.654578 0.767875 0.648531 0.7532289999999999 0.649078 0.723917 0.63975 0.715125 0.628203 0.7121879999999999 0.6205160000000001 0.721 0.619406 0.7349169999999999 0.619406 0.750292 0.616656 0.76275 0.597422 0.7744789999999999 0.593578 0.790604 0.597422 0.795 0.612812 0.795729 0.626 0.803792 0.6537499999999999 0.880729
11 0.41139099999999995 0.795104 0.427531 0.786292 0.43853099999999995 0.782375 0.445875 0.7794380000000001 0.467156 0.786292 0.470078 0.7813960000000001 0.46201600000000004 0.7813960000000001 0.46275000000000005 0.7677080000000001 0.46495300000000006 0.752062 0.46495300000000006 0.730542 0.42606299999999997 0.716854 0.398188 0.7295630000000001 0.39085899999999996 0.751083 0.39525 0.771625 0.41139099999999995 0.8038959999999999 0.41139099999999995 0.795104
50 0.830766 0.957229 0.833687 0.941625 0.834062 0.929438 0.830391 0.923583 0.8358909999999999 0.921146 0.841 0.8870210000000001 0.841375 0.866042 0.832594 0.8260419999999999 0.819797 0.8187289999999999 0.8121090000000001 0.823125 0.806625 0.830937 0.806625 0.83825 0.805531 0.8480000000000001 0.800047 0.8528749999999999 0.7927190000000001 0.892854 0.796375 0.900667 0.800047 0.909937 0.795281 0.9274789999999999 0.791625 0.9538329999999999 0.796375 0.9747920000000001 0.799312 0.998688 0.825281 1 0.822719 0.980646 0.832234 0.957229 0.830766 0.957229
50 0.18498399999999998 0.8030830000000001 0.18676600000000002 0.814187 0.19240600000000002 0.814187 0.194484 0.8102079999999999 0.194484 0.805458 0.19240600000000002 0.798333 0.18795299999999998 0.788833 0.180516 0.7868539999999999 0.18498399999999998 0.8030830000000001
50 0.34720300000000004 0.7329380000000001 0.348625 0.735583 0.348625 0.743896 0.369859 0.747292 0.369578 0.713688 0.365328 0.7068960000000001 0.361641 0.705771 0.35682800000000003 0.7065210000000001 0.351453 0.712562 0.343812 0.7234999999999999 0.34720300000000004 0.7329380000000001
11 0.5580160000000001 0.772271 0.5551090000000001 0.783875 0.566719 0.7855209999999999 0.5965469999999999 0.783875 0.604844 0.7661870000000001 0.601109 0.75625 0.572937 0.757896 0.5679529999999999 0.765646 0.55925 0.772271 0.5580160000000001 0.772271
75 0 0.737667 0.00584375 0.981812 0.20454699999999998 0.981812 0.218187 0.9090830000000001 0.167531 0.735062 0.00584375 0.716875 0 0.737667