18 0.327047 0.215117 0.33096899999999996 0.21551599999999999 0.33357800000000004 0.21551599999999999 0.33435899999999996 0.21551599999999999 0.33435899999999996 0.217864 0.33332799999999996 0.22100899999999998 0.32860900000000004 0.224953 0.329656 0.230047 0.329406 0.23514100000000002 0.32757800000000004 0.241432 0.324437 0.247324 0.324172 0.251643 0.324172 0.261455 0.32757800000000004 0.261455 0.331484 0.25870899999999997 0.33332799999999996 0.255563 0.336453 0.245751 0.340641 0.240258 0.345609 0.233192 0.352406 0.22964800000000002 0.35945299999999997 0.23436600000000002 0.362859 0.244977 0.362859 0.25753499999999996 0.366516 0.265376 0.371219 0.26969499999999996 0.37748400000000004 0.277559 0.379328 0.284624 0.381937 0.284225 0.38323399999999996 0.276385 0.384031 0.270493 0.38742200000000004 0.274413 0.38820299999999996 0.265376 0.385078 0.244977 0.379578 0.23593899999999998 0.371734 0.215915 0.365469 0.20845100000000003 0.32835899999999996 0.207653 0.323391 0.214742 0.327047 0.215117
2 0.6876249999999999 0.24253499999999997 0.6962189999999999 0.251573 0.699234 0.25481200000000004 0.694078 0.26385 0.694078 0.279977 0.693219 0.30255899999999997 0.691922 0.31096199999999996 0.688922 0.318685 0.688063 0.32579800000000003 0.689781 0.337418 0.694078 0.34837999999999997 0.704812 0.352887 0.723281 0.345798 0.731437 0.333545 0.7318749999999999 0.316761 0.729719 0.297394 0.723281 0.283192 0.715125 0.254155 0.7142660000000001 0.2477 0.725859 0.232864 0.722 0.22964800000000002 0.715547 0.23802800000000002 0.712547 0.245775 0.704375 0.245775 0.703094 0.245117 0.691922 0.238662 0.6876249999999999 0.24253499999999997
36 0.465734 0.284507 0.463891 0.299319 0.463281 0.315516 0.46481300000000003 0.32939 0.47098399999999996 0.325211 0.474062 0.319671 0.48175 0.313662 0.486984 0.30718300000000004 0.48576600000000003 0.294225 0.48421900000000007 0.28913099999999997 0.481453 0.282183 0.478062 0.272019 0.47159399999999996 0.26460100000000003 0.466672 0.253052 0.46173400000000003 0.24054 0.4605 0.244249 0.467891 0.26831 0.465734 0.284507
36 0.0376406 0.38244100000000003 0.0415937 0.407629 0.0248125 0.416526 0.0179063 0.412089 0.0159375 0.45063400000000003 0.014593700000000001 0.473005 0.0274844 0.523192 0.0721875 0.502512 0.039625 0.38244100000000003 0.0376406 0.38244100000000003
36 0.29996900000000004 0.38765299999999997 0.315437 0.388169 0.317781 0.380587 0.3235 0.380587 0.3235 0.367465 0.318453 0.366432 0.314422 0.356854 0.302656 0.357864 0.302312 0.356854 0.29996900000000004 0.377042 0.29996900000000004 0.38765299999999997
18 0.532531 0.21931900000000001 0.534422 0.22453099999999998 0.534891 0.226901 0.539469 0.220986 0.543094 0.214343 0.541828 0.213638 0.533953 0.213404 0.5304840000000001 0.21767599999999998 0.532531 0.21931900000000001
18 0.550484 0.226526 0.542234 0.233826 0.540766 0.246948 0.544656 0.251338 0.544656 0.258638 0.55 0.246221 0.555828 0.234554 0.5640780000000001 0.22507 0.568937 0.22070399999999998 0.569906 0.219249 0.562141 0.21779300000000001 0.550484 0.226526
18 0.673219 0.232653 0.670484 0.265399 0.6913750000000001 0.240845 0.6950000000000001 0.208099 0.665047 0.198545 0.673219 0.232653
18 0.536234 0.203427 0.536484 0.20194800000000002 0.534516 0.197887 0.531328 0.19624399999999997 0.5287499999999999 0.19586900000000002 0.526547 0.195493 0.524203 0.195493 0.522859 0.195493 0.521016 0.198826 0.522609 0.201408 0.523953 0.20361500000000002 0.525687 0.204366 0.530469 0.205282 0.533297 0.20509399999999997 0.536234 0.204718 0.536234 0.203427
18 0.468422 0.233756 0.467641 0.24826299999999998 0.469953 0.2477 0.47304700000000005 0.235493 0.476125 0.234343 0.47998399999999997 0.234343 0.486937 0.23201899999999998 0.491563 0.230258 0.506609 0.229108 0.501969 0.21981199999999998 0.49618799999999996 0.221549 0.486156 0.211103 0.475359 0.223286 0.46803100000000003 0.23201899999999998 0.468422 0.233756
50 0 0.596526 0.0019375 0.62 0.00975 0.630775 0.0214688 0.673803 0.048812499999999995 0.731502 0.05337499999999999 0.73054 0.0787656 0.700211 0.06443750000000001 0.6708689999999999 0.055328100000000005 0.62 0.0559687 0.5808690000000001 0.0572812 0.556432 0.054671899999999996 0.5309860000000001 0.07225000000000001 0.49774599999999997 0.0468594 0.405798 0.048156199999999996 0.39993 0.048156199999999996 0.367653 0.0266719 0.30699499999999996 0.0038906296875 0.24537599999999998 0 0.240493 0 0.596526
50 0.08925 0.505 0.08925 0.5295070000000001 0.0915938 0.573286 0.106734 0.573286 0.13820300000000002 0.547019 0.162688 0.5295070000000001 0.1825 0.505 0.188328 0.478732 0.20114100000000001 0.473474 0.20114100000000001 0.45772300000000005 0.198813 0.41218299999999997 0.227953 0.392934 0.227953 0.366667 0.211625 0.287864 0.208141 0.242347 0.191812 0.203826 0.165016 0.167066 0.14053100000000002 0.146056 0.12887500000000002 0.08476530046948356 0.106734 0.06199530046948357 0.0776094 0.0672535 0.0741094 0.104038 0.0810937 0.139038 0.053125 0.140798 0.0507969 0.167066 0.0414687 0.235352 0.0298125 0.30889700000000003 0.0414687 0.35614999999999997 0.0554531 0.40169000000000005 0.053125 0.440211 0.0764375 0.480469 0.08925 0.505
18 0.328844 0.20734699999999998 0.36606299999999997 0.208052 0.371437 0.21614999999999998 0.37887499999999996 0.234695 0.38584399999999996 0.244437 0.386156 0.253005 0.389969 0.249437 0.387594 0.228498 0.380141 0.203545 0.372703 0.20211300000000001 0.335188 0.20377900000000002 0.328844 0.20734699999999998
1 0.503313 0.915681 0.505969 0.9201170000000001 0.5068590000000001 0.917019 0.516906 0.9006099999999999 0.534625 0.901502 0.545547 0.8939440000000001 0.554109 0.89838 0.560906 0.917019 0.569469 0.9077000000000001 0.5939840000000001 0.923239 0.603437 0.932113 0.6049059999999999 0.9241309999999999 0.609938 0.910376 0.617312 0.9006099999999999 0.623812 0.8939440000000001 0.643609 0.8943899999999999 0.643016 0.8766430000000001 0.640359 0.853122 0.634156 0.83716 0.637406 0.815423 0.623812 0.793662 0.612 0.7927930000000001 0.600781 0.799437 0.589844 0.82561 0.581578 0.826948 0.573016 0.839366 0.56475 0.83716 0.548797 0.8211740000000001 0.537281 0.824296 0.529312 0.830939 0.524875 0.8424879999999999 0.524578 0.865117 0.521922 0.871761 0.510703 0.872207 0.5050939999999999 0.873991 0.500656 0.880188 0.496812 0.8966200000000001 0.503313 0.915681
1 0.679547 1 0.685531 0.978427 0.680141 0.953239 0.683141 0.928028 0.675953 0.912723 0.659172 0.8965259999999999 0.648984 0.8866200000000001 0.643 0.897441 0.6268279999999999 0.893826 0.614234 0.904624 0.610047 0.924437 0.596875 0.9271360000000001 0.577094 0.909131 0.565719 0.918122 0.5609219999999999 0.9028400000000001 0.547141 0.894742 0.530969 0.901033 0.520781 0.8965259999999999 0.508203 0.923545 0.503406 0.9082389999999999 0.495016 0.889319 0.502812 0.8596239999999999 0.490219 0.835329 0.467453 0.831714 0.45607800000000004 0.849718 0.458469 0.869531 0.461469 0.8911269999999999 0.46806200000000003 1 0.679547 1
1 0.699812 0.952324 0.707937 0.947136 0.719109 0.949272 0.7209380000000001 0.9282159999999999 0.719313 0.915399 0.716062 0.90716 0.70875 0.895258 0.698797 0.8909860000000001 0.691891 0.8909860000000001 0.686 0.894343 0.681734 0.897394 0.676656 0.911127 0.682547 0.9276059999999999 0.6807190000000001 0.948662 0.6864060000000001 0.9565960000000001 0.686609 0.955986 0.693719 0.961479 0.699812 0.952324
1 0.646609 0.793498 0.6471560000000001 0.803427 0.651563 0.817512 0.649906 0.819178 0.644953 0.8307749999999999 0.64275 0.847324 0.647703 0.863897 0.663687 0.876315 0.674719 0.9094599999999999 0.682438 0.898685 0.691812 0.891221 0.7072499999999999 0.892887 0.720484 0.9152579999999999 0.724344 0.938427 0.719375 0.949202 0.706141 0.949202 0.692359 0.959155 0.687953 0.975704 0.690156 0.991455 0.698984 1 0.926109 0.999718 0.926109 0.997254 0.9172969999999999 0.9873000000000001 0.889734 0.980681 0.8770469999999999 0.968263 0.8831089999999999 0.9607979999999999 0.8858750000000001 0.943404 0.8847659999999999 0.9268310000000001 0.8770469999999999 0.91277 0.8715310000000001 0.902817 0.874297 0.891221 0.8720779999999999 0.877981 0.867125 0.869695 0.854438 0.859765 0.8566560000000001 0.853122 0.8533440000000001 0.8365729999999999 0.840109 0.819178 0.8329380000000001 0.81669 0.8257809999999999 0.805915 0.8257809999999999 0.803427 0.8224690000000001 0.7819010000000001 0.821359 0.7711270000000001 0.812547 0.7645069999999999 0.8042809999999999 0.7653289999999999 0.796563 0.771972 0.7905 0.7877000000000001 0.780016 0.77777 0.7651410000000001 0.772793 0.755766 0.7877000000000001 0.753562 0.7819010000000001 0.7392190000000001 0.773615 0.730406 0.773615 0.718828 0.791009 0.7122029999999999 0.7835679999999999 0.701187 0.7703049999999999 0.691812 0.766995 0.684094 0.775282 0.678031 0.786033 0.663141 0.7761030000000001 0.6455 0.791009 0.646609 0.793498
1 0.9080159999999999 0.808592 0.9159219999999999 0.791291 0.9161720000000001 0.775423 0.908484 0.7656810000000001 0.8996090000000001 0.762817 0.8873749999999999 0.762089 0.8849690000000001 0.779742 0.887844 0.790563 0.8883279999999999 0.792019 0.8955310000000001 0.801033 0.9080159999999999 0.808592
1 0.5479529999999999 0.7369479999999999 0.544266 0.738216 0.538891 0.743333 0.539172 0.748873 0.538312 0.7539669999999999 0.536625 0.7620659999999999 0.5363279999999999 0.768451 0.540297 0.769742 0.547672 0.772723 0.5513589999999999 0.779953 0.554469 0.774836 0.556734 0.768451 0.560984 0.765047 0.567516 0.7642019999999999 0.5686410000000001 0.7586620000000001 0.5666559999999999 0.751009 0.562688 0.745047 0.557312 0.739507 0.552203 0.735681 0.5479529999999999 0.7369479999999999
1 0.655359 0.775657 0.6721090000000001 0.775023 0.676828 0.767911 0.678547 0.7692019999999999 0.6837030000000001 0.775023 0.6927190000000001 0.7692019999999999 0.697016 0.7692019999999999 0.707328 0.774366 0.714203 0.773075 0.716344 0.767911 0.719781 0.767911 0.723656 0.7692019999999999 0.729234 0.778239 0.7571559999999999 0.775023 0.761031 0.771784 0.76275 0.760822 0.761031 0.749202 0.7554369999999999 0.735 0.7554369999999999 0.725962 0.753719 0.715 0.740406 0.704014 0.739125 0.701455 0.736109 0.687887 0.734828 0.6833800000000001 0.731812 0.677559 0.729234 0.671761 0.728375 0.660141 0.718063 0.647887 0.708187 0.649178 0.703031 0.657559 0.70175 0.666596 0.694016 0.662089 0.693156 0.660798 0.688859 0.659507 0.682844 0.661432 0.675969 0.665962 0.673391 0.6782159999999999 0.656641 0.674343 0.650625 0.6782159999999999 0.646328 0.6833800000000001 0.641609 0.681432 0.633875 0.674343 0.629578 0.6691779999999999 0.621422 0.66338 0.61025 0.673052 0.6085309999999999 0.680141 0.606812 0.6911269999999999 0.609828 0.7007979999999999 0.611969 0.7104689999999999 0.615406 0.7246710000000001 0.620125 0.735 0.620984 0.738873 0.624422 0.7537090000000001 0.627437 0.7692019999999999 0.633453 0.7827459999999999 0.655359 0.775657
1 1 0.743451 0.9393589999999999 0.738944 0.855594 0.727723 0.818187 0.723216 0.7927660000000001 0.7367140000000001 0.7867810000000001 0.770423 0.8047340000000001 0.7681690000000001 0.815203 0.765915 0.827172 0.781643 0.825672 0.813099 0.8346560000000001 0.781643 0.8346560000000001 0.7951410000000001 0.8346560000000001 0.8265959999999999 0.846609 0.8310799999999999 0.8570779999999999 0.844577 0.855594 0.8580519999999999 0.876531 0.878286 0.8974690000000001 0.878286 0.9333750000000001 0.878286 0.97525 0.871526 1 0.871526 1 0.743451
1 0.523656 0.769319 0.526266 0.769319 0.534719 0.7575820000000001 0.538625 0.744859 0.536031 0.729225 0.532766 0.715516 0.522359 0.715516 0.513234 0.7213849999999999 0.510641 0.731174 0.509984 0.745845 0.513891 0.7565959999999999 0.523656 0.769319
1 0.924984 0.969601 0.935469 0.987606 0.932469 0.980845 0.999938 0.9830990000000001 1 0.895282 0.9909380000000001 0.9065259999999999 0.978953 0.893028 0.950469 0.893028 0.9294689999999999 0.9042720000000001 0.9054840000000001 0.895282 0.8845000000000001 0.9020189999999999 0.8905 0.926808 0.9204840000000001 0.9673470000000001 0.924984 0.969601
1 0.10021899999999999 0.808615 0.08975 0.808615 0.0732969 0.810869 0.0478594 0.8310799999999999 0.0299219 0.8310799999999999 0.0149531 0.8265959999999999 0 0.8220890000000001 0.0029843796874999997 0.983897 0.112187 0.8220890000000001 0.10021899999999999 0.808615
1 0.276719 0.9164789999999999 0.293172 0.867042 0.300656 0.851315 0.305141 0.82885 0.302156 0.806362 0.287188 0.7996239999999999 0.258766 0.8041309999999999 0.242313 0.8310799999999999 0.227359 0.8220890000000001 0.224375 0.7996239999999999 0.201938 0.797371 0.178 0.797371 0.152562 0.810869 0.146594 0.8220890000000001 0.125641 0.8535679999999999 0.11068800000000001 0.898498 0.0957344 0.9411970000000001 0.08975 0.9614320000000001 0.0628281 0.9883799999999999 0.242313 0.990634 0.276719 0.9164789999999999
47 0.348703 0.49091500000000005 0.350922 0.488779 0.354406 0.485915 0.358047 0.485681 0.361531 0.487817 0.363906 0.49091500000000005 0.387969 0.49021099999999995 0.389875 0.489249 0.391453 0.48734700000000003 0.39382799999999996 0.48307500000000003 0.39414099999999996 0.479507 0.392563 0.474742 0.391141 0.47260599999999997 0.3875 0.470211 0.384484 0.470211 0.381484 0.470704 0.379891 0.47497700000000004 0.378938 0.473075 0.37784399999999996 0.47187799999999996 0.376406 0.46997700000000003 0.374984 0.468803 0.370234 0.469272 0.368969 0.471643 0.36628099999999997 0.470939 0.36548400000000003 0.468803 0.362797 0.467371 0.358844 0.467371 0.35598399999999997 0.46831 0.353453 0.470211 0.351719 0.46856800000000004 0.349187 0.46760599999999997 0.345703 0.46760599999999997 0.343953 0.46831 0.343484 0.471643 0.341891 0.471643 0.338891 0.473075 0.337625 0.47213599999999994 0.33525 0.47046899999999997 0.330344 0.471408 0.327813 0.47284000000000004 0.32543700000000003 0.473779 0.323531 0.47213599999999994 0.319094 0.47187799999999996 0.316094 0.474507 0.314828 0.47784000000000004 0.314672 0.480446 0.312141 0.481878 0.311344 0.484977 0.30959400000000004 0.485681 0.305328 0.485681 0.301375 0.48664300000000005 0.299625 0.49091500000000005 0.348703 0.49091500000000005
47 0.452859 0.42546900000000004 0.45562500000000006 0.423615 0.455328 0.415305 0.453469 0.412512 0.449469 0.40882599999999997 0.446078 0.40882599999999997 0.441766 0.414836 0.44023399999999996 0.421315 0.441156 0.423615 0.44578100000000004 0.428239 0.452859 0.42546900000000004
47 0.275594 0.5238970000000001 0.265719 0.5393899999999999 0.25410900000000003 0.558099 0.264859 0.568427 0.29362499999999997 0.568427 0.341734 0.5697180000000001 0.34131300000000003 0.538756 0.346891 0.529718 0.346469 0.521315 0.337453 0.518099 0.333156 0.520023 0.330141 0.529718 0.310391 0.528427 0.275156 0.526479 0.275594 0.5238970000000001
47 0.332469 0.509061 0.331562 0.5138969999999999 0.333625 0.519108 0.34582799999999997 0.522582 0.350078 0.522981 0.35135900000000003 0.5183329999999999 0.349437 0.50946 0.344813 0.505587 0.342109 0.5053989999999999 0.337344 0.505775 0.332469 0.509061
47 0.341812 0.494343 0.336797 0.495892 0.33254700000000004 0.49722999999999995 0.332172 0.503803 0.334484 0.509413 0.346687 0.505728 0.349656 0.51385 0.350547 0.518286 0.351828 0.521761 0.356328 0.523498 0.359812 0.513474 0.37009400000000003 0.519249 0.37742200000000004 0.517911 0.37921900000000003 0.514038 0.378828 0.507864 0.375359 0.49936600000000003 0.36918799999999996 0.49666699999999997 0.36675 0.494155 0.36185900000000004 0.487582 0.358516 0.485258 0.353125 0.485258 0.348625 0.48990599999999995 0.341812 0.494343
50 0.20787499999999998 0.208474 0.20787499999999998 0.21993 0.20279699999999998 0.226714 0.203656 0.23178400000000002 0.20787499999999998 0.25025800000000004 0.210141 0.259577 0.21267200000000003 0.27993 0.211266 0.30347399999999997 0.218891 0.342277 0.22537500000000002 0.387019 0.22453099999999998 0.392535 0.20223399999999997 0.40821599999999997 0.20110899999999998 0.480282 0.203938 0.48281699999999994 0.209578 0.474343 0.211828 0.467559 0.220016 0.465869 0.22114099999999998 0.464178 0.22114099999999998 0.46162 0.22706300000000001 0.46246499999999996 0.227906 0.462042 0.22989099999999998 0.458662 0.236375 0.45356799999999997 0.23834399999999997 0.448075 0.240609 0.428756 0.241453 0.426643 0.24257800000000002 0.415188 0.242859 0.395258 0.24737499999999998 0.37723 0.24821900000000002 0.373826 0.24737499999999998 0.365775 0.24737499999999998 0.362394 0.2485 0.352653 0.251328 0.34840400000000005 0.255844 0.34331 0.255844 0.298568 0.25357799999999997 0.249178 0.243141 0.21671400000000002 0.229047 0.194014 0.224812 0.182582 0.224812 0.179178 0.22453099999999998 0.167746 0.226219 0.16054 0.226219 0.152066 0.225094 0.145704 0.22029700000000002 0.132746 0.21267200000000003 0.12676099999999998 0.20054699999999998 0.129296 0.198578 0.1327 0.194906 0.13777 0.19434400000000002 0.14837999999999998 0.19434400000000002 0.15685400000000002 0.19292199999999998 0.16152599999999998 0.191516 0.17 0.19575 0.184225 0.195469 0.186338 0.20139100000000001 0.189718 0.203078 0.198638 0.207313 0.20669 0.20787499999999998 0.208474
50 0.30306299999999997 0.356643 0.307672 0.365869 0.313828 0.354319 0.299984 0.279249 0.297672 0.246901 0.299984 0.218005 0.291531 0.20415499999999998 0.282297 0.20415499999999998 0.277687 0.207606 0.270766 0.22955399999999998 0.26154700000000003 0.248052 0.268453 0.273451 0.27307800000000004 0.358944 0.27 0.403991 0.29845299999999997 0.38781699999999997 0.30306299999999997 0.356643
50 0.331906 0.37579799999999997 0.333359 0.38838 0.339188 0.38892000000000004 0.343547 0.38291099999999995 0.347906 0.382371 0.35482800000000003 0.385634 0.36282800000000004 0.383451 0.36318700000000004 0.381268 0.374828 0.360516 0.373734 0.35394400000000004 0.373734 0.340282 0.377016 0.347934 0.380641 0.361056 0.387922 0.365423 0.391562 0.369789 0.393016 0.360516 0.391188 0.35777000000000003 0.388641 0.349577 0.386828 0.34192500000000003 0.38537499999999997 0.312958 0.376641 0.28126799999999996 0.362453 0.25777 0.361375 0.241925 0.353734 0.23044599999999998 0.343906 0.23483600000000002 0.333719 0.250117 0.331188 0.265423 0.318812 0.27417800000000003 0.314453 0.28784 0.30862500000000004 0.317887 0.307906 0.33100900000000005 0.315172 0.359953 0.322453 0.37197199999999997 0.331906 0.37579799999999997
50 0.46807800000000005 0.370094 0.47300000000000003 0.263357 0.461156 0.230728 0.451297 0.202559 0.433531 0.18922499999999998 0.419719 0.202559 0.42070299999999994 0.22776999999999997 0.432547 0.257418 0.427609 0.270775 0.417734 0.279671 0.41082799999999997 0.28410799999999997 0.40195299999999995 0.29448399999999997 0.403922 0.328592 0.42267200000000005 0.336009 0.42267200000000005 0.386408 0.439453 0.381972 0.464125 0.377512 0.46807800000000005 0.370094
50 0.520656 0.356432 0.5311250000000001 0.33654900000000004 0.527828 0.292653 0.517891 0.278568 0.519547 0.245446 0.512391 0.23467100000000002 0.500812 0.22392 0.490328 0.228052 0.48592199999999997 0.251244 0.494187 0.27608 0.48481199999999997 0.289343 0.48371899999999995 0.313357 0.476 0.33985899999999997 0.479859 0.35561 0.494187 0.348967 0.503016 0.363873 0.507422 0.384577 0.5201089999999999 0.391221 0.520656 0.356432
50 0.730063 0.389178 0.7315940000000001 0.340094 0.732109 0.328592 0.7341409999999999 0.311737 0.735172 0.30713599999999996 0.744359 0.31096199999999996 0.749453 0.302535 0.7515 0.294859 0.748953 0.282582 0.744859 0.264953 0.7382340000000001 0.24347400000000002 0.733641 0.235047 0.725469 0.23274599999999998 0.723938 0.218944 0.720875 0.195939 0.71475 0.17831 0.7030160000000001 0.176009 0.698422 0.173709 0.68975 0.191338 0.6882189999999999 0.208967 0.69025 0.22891999999999998 0.68975 0.241948 0.685156 0.245775 0.675453 0.25037600000000004 0.667797 0.289484 0.66575 0.317089 0.675969 0.31863800000000003 0.676984 0.31938999999999995 0.676469 0.336268 0.675453 0.388404 0.678 0.40373200000000004 0.699437 0.427512 0.703531 0.431338 0.705562 0.454343 0.722922 0.449742 0.724969 0.41908500000000004 0.730063 0.389178
50 0.747563 0.281549 0.749297 0.286761 0.7506090000000001 0.294601 0.748859 0.305023 0.746703 0.31286400000000003 0.744531 0.32199500000000003 0.742359 0.355516 0.742359 0.36204200000000003 0.742359 0.366596 0.7432190000000001 0.37899099999999997 0.740609 0.388779 0.739313 0.40119699999999997 0.736703 0.418146 0.735406 0.426643 0.735406 0.43446 0.735406 0.44556300000000004 0.733672 0.460563 0.744953 0.471009 0.751031 0.476221 0.758859 0.483404 0.772312 0.493192 0.770578 0.481432 0.771016 0.444906 0.777969 0.42554000000000003 0.777969 0.338967 0.783172 0.30739400000000006 0.790562 0.306737 0.794469 0.306103 0.798375 0.30284 0.803594 0.289789 0.802719 0.29108 0.788828 0.292394 0.785781 0.289789 0.785344 0.277394 0.784922 0.263028 0.785781 0.241502 0.784484 0.231714 0.782312 0.221268 0.783609 0.21997699999999998 0.790562 0.21997699999999998 0.7914220000000001 0.211479 0.792734 0.202347 0.795766 0.193216 0.7970780000000001 0.18669 0.794906 0.179507 0.793594 0.172981 0.789687 0.16842700000000002 0.784484 0.167113 0.777531 0.169718 0.770141 0.174296 0.7645 0.18016400000000002 0.760594 0.18669 0.760156 0.192559 0.760156 0.208216 0.759297 0.21734699999999998 0.756687 0.227793 0.7558119999999999 0.23626799999999998 0.754953 0.24737099999999998 0.747563 0.275423 0.747563 0.281549
50 0.823734 0.359906 0.816141 0.480469 0.825422 0.489366 0.821203 0.529977 0.825422 0.5782160000000001 0.824578 0.598521 0.824578 0.604859 0.832188 0.603592 0.840641 0.6010559999999999 0.8448589999999999 0.6023240000000001 0.845703 0.612488 0.864297 0.612488 0.8778119999999999 0.613756 0.882875 0.599789 0.878656 0.590915 0.872734 0.5870890000000001 0.864297 0.584554 0.863453 0.575681 0.873594 0.498239 0.8820309999999999 0.489366 0.880344 0.472864 0.878656 0.461432 0.8820309999999999 0.448756 0.882875 0.432254 0.882875 0.410681 0.882875 0.38781699999999997 0.882875 0.37004699999999996 0.882875 0.35608 0.8896409999999999 0.344671 0.893016 0.330704 0.894703 0.32054 0.895547 0.31166699999999997 0.895547 0.300235 0.896391 0.292629 0.896391 0.278662 0.894703 0.273592 0.884563 0.257089 0.894703 0.231714 0.894703 0.21011700000000003 0.888797 0.194883 0.8778119999999999 0.182207 0.867672 0.183474 0.857531 0.197441 0.857531 0.229155 0.841484 0.260892 0.827125 0.295164 0.823734 0.359906
50 0.9074220000000001 0.376948 0.893906 0.417559 0.8812340000000001 0.448028 0.878688 0.464531 0.8820779999999999 0.469601 0.888828 0.47340400000000005 0.891375 0.468333 0.8922190000000001 0.453099 0.8989689999999999 0.442958 0.908266 0.427723 0.9040469999999999 0.45056300000000005 0.902344 0.469601 0.889672 0.519108 0.880391 0.572418 0.8972810000000001 0.572418 0.8989689999999999 0.6066900000000001 0.8972810000000001 0.616831 0.8905160000000001 0.616831 0.8862970000000001 0.629531 0.8862970000000001 0.635869 0.888828 0.6409619999999999 0.8905160000000001 0.644765 0.895594 0.644765 0.9040469999999999 0.646033 0.910797 0.6409619999999999 0.911641 0.637136 0.9124840000000001 0.626995 0.9124840000000001 0.619366 0.9150309999999999 0.595258 0.915875 0.5863849999999999 0.9192500000000001 0.574953 0.920094 0.572418 0.9243119999999999 0.5635209999999999 0.928547 0.5597179999999999 0.9302339999999999 0.554648 0.931078 0.555915 0.9352969999999999 0.595258 0.9319219999999999 0.614296 0.925156 0.630798 0.9243119999999999 0.6346010000000001 0.9302339999999999 0.6346010000000001 0.941219 0.635869 0.948813 0.628263 0.953047 0.623192 0.9538909999999999 0.601596 0.9572660000000001 0.5838260000000001 0.9623440000000001 0.57115 0.9648749999999999 0.526714 0.9648749999999999 0.47213599999999994 0.965719 0.446761 0.970781 0.420094 0.9716250000000001 0.387089 0.974172 0.368052 0.987688 0.361714 0.9961249999999999 0.354108 0.996969 0.345211 0.996969 0.337606 0.9935940000000001 0.32744100000000004 0.987688 0.318568 0.9834530000000001 0.314742 0.978391 0.316009 0.969938 0.32744100000000004 0.9674060000000001 0.32997699999999996 0.964031 0.32870900000000003 0.963188 0.324906 0.9674060000000001 0.314742 0.969938 0.300798 0.970781 0.288099 0.969938 0.271596 0.9648749999999999 0.265258 0.9623440000000001 0.263991 0.953047 0.257629 0.944594 0.260164 0.938688 0.2627 0.9319219999999999 0.267793 0.9302339999999999 0.277934 0.9302339999999999 0.29190099999999997 0.9302339999999999 0.29697199999999996 0.9277029999999999 0.305869 0.9344530000000001 0.316009 0.916719 0.341408 0.9040469999999999 0.373146 0.9074220000000001 0.376948
50 0.9152189999999999 0.184061 0.9136089999999999 0.186056 0.912875 0.192864 0.911859 0.196385 0.909359 0.197488 0.908047 0.198803 0.904828 0.202535 0.8992660000000001 0.20561000000000001 0.8964840000000001 0.208263 0.895609 0.21176099999999998 0.897953 0.212864 0.9045310000000001 0.21265299999999998 0.90525 0.217066 0.905953 0.223897 0.90525 0.226009 0.9042030000000001 0.227582 0.900688 0.23338 0.8999840000000001 0.238122 0.8999840000000001 0.241268 0.900688 0.24337999999999999 0.8978910000000001 0.247066 0.8978910000000001 0.258662 0.8996409999999999 0.269178 0.8954380000000001 0.275493 0.895781 0.317089 0.902797 0.316573 0.905953 0.319202 0.909109 0.326033 0.9105000000000001 0.329202 0.923125 0.331831 0.932578 0.317089 0.9273279999999999 0.306033 0.9346880000000001 0.318662 0.9276719999999999 0.304977 0.929422 0.300235 0.930125 0.283404 0.932578 0.267066 0.9480000000000001 0.261808 0.946953 0.24654900000000002 0.944844 0.238122 0.9346880000000001 0.226526 0.932938 0.217066 0.930125 0.198638 0.930125 0.188099 0.926969 0.184953 0.9154059999999999 0.18389699999999998 0.9152189999999999 0.184061
18 0.593984 0.217864 0.601547 0.21624399999999996 0.599203 0.204343 0.599203 0.203803 0.588219 0.203803 0.587141 0.203803 0.593078 0.217864 0.593984 0.217864
18 0.543719 0.212183 0.535078 0.227887 0.534531 0.249272 0.541203 0.249531 0.542109 0.23439 0.560656 0.217606 0.574172 0.214883 0.572375 0.206221 0.546063 0.20840400000000003 0.543719 0.212183
36 0.281141 0.258615 0.281609 0.273709 0.28296899999999997 0.297746 0.302156 0.352653 0.305359 0.352653 0.302156 0.345775 0.291203 0.296362 0.285266 0.261362 0.281141 0.258615
47 0.44796899999999995 0.431854 0.447672 0.42889700000000003 0.444141 0.426549 0.44179700000000005 0.425962 0.438953 0.431549 0.44796899999999995 0.431854
47 0.422938 0.42786399999999997 0.425563 0.42835700000000004 0.426219 0.42687800000000004 0.427203 0.422934 0.42884399999999995 0.419484 0.42884399999999995 0.417019 0.428188 0.413592 0.425563 0.408662 0.422609 0.407183 0.42098399999999997 0.408169 0.41901599999999994 0.41162 0.41803100000000004 0.413592 0.41639099999999996 0.42342699999999994 0.422938 0.42786399999999997
47 0.42896900000000004 0.418404 0.429172 0.41971800000000004 0.43004699999999996 0.419531 0.43125 0.41720700000000005 0.431656 0.415164 0.43185900000000005 0.413239 0.43185900000000005 0.41223000000000004 0.431797 0.411009 0.431187 0.409202 0.430109 0.406972 0.427813 0.406549 0.425859 0.407582 0.425391 0.40868499999999996 0.42896900000000004 0.418404
47 0.440531 0.424624 0.440531 0.421197 0.44095300000000004 0.41542300000000004 0.44565599999999994 0.409437 0.445516 0.408357 0.445234 0.40622100000000005 0.44167199999999995 0.40342700000000004 0.439391 0.404507 0.43739100000000003 0.406854 0.43610899999999997 0.409648 0.435531 0.414789 0.436391 0.421197 0.44009400000000004 0.423357 0.440531 0.424624
47 0.40668699999999997 0.43152599999999997 0.407484 0.43232400000000004 0.413844 0.43192499999999995 0.453391 0.43232400000000004 0.47832800000000003 0.38845100000000005 0.478062 0.38608 0.472766 0.385282 0.47170300000000004 0.382089 0.464797 0.380094 0.458953 0.375704 0.45232799999999995 0.37929599999999997 0.442234 0.3773 0.434812 0.37929599999999997 0.429766 0.382089 0.425516 0.394038 0.41623400000000005 0.39722999999999997 0.414109 0.404014 0.414375 0.41237100000000004 0.408531 0.427934 0.40668699999999997 0.43152599999999997
47 0.466578 0.410516 0.467438 0.411385 0.470719 0.413732 0.472297 0.41718299999999997 0.473719 0.416972 0.47429699999999997 0.41502300000000003 0.47487500000000005 0.411808 0.47387499999999994 0.406009 0.47257800000000005 0.40471799999999997 0.468297 0.40493 0.466578 0.410516
47 0.314766 0.5033099999999999 0.312859 0.51385 0.32368800000000003 0.52054 0.328156 0.517676 0.330063 0.511925 0.328156 0.504272 0.321781 0.499484 0.314766 0.5033099999999999
50 0.901703 0.206362 0.920312 0.180728 0.92225 0.167324 0.9257500000000001 0.15216 0.925359 0.151596 0.9148910000000001 0.141103 0.900531 0.135282 0.8881250000000002 0.145188 0.8764839999999999 0.168474 0.8788129999999998 0.182465 0.893938 0.196455 0.901703 0.206362
36 0.0370781 0.537535 0.0498594 0.531244 0.0582187 0.526291 0.06504689999999999 0.5133800000000001 0.0692344 0.506432 0.0692344 0.50446 0.0271719 0.524296 0.0141875 0.470728 0.0027343703125 0.476667 0.0003125 0.477981 0.0003125 0.55439 0.0199063 0.548451 0.0370781 0.537535
1 0.029468699999999997 0.792958 0.0693438 0.7851640000000001 0.0953438 0.7851640000000001 0.11960900000000001 0.779953 0.14560900000000002 0.800775 0.14560900000000002 0.769531 0.17160899999999998 0.7512909999999999 0.211469 0.680986 0.131734 0.683592 0.10920300000000001 0.6783800000000001 0.0814688 0.6966199999999999 0.0502656 0.727864 0.0346719 0.753897 0.029468699999999997 0.7851640000000001 0.029468699999999997 0.792958
47 0.531281 0.43903800000000004 0.532219 0.387019 0.486531 0.383146 0.479 0.383146 0.47946900000000003 0.38525800000000004 0.454047 0.432653 0.531281 0.43903800000000004