26 0.08313559957627119 0.364609 0.122924 0.364609 0.12822 0.34993799999999997 0.133517 0.33625 0.134852 0.309828 0.0632415 0.306906 0.05792369915254237 0.310812 0.04864409957627119 0.320594 0.04201269915254237 0.323531 0.04201269915254237 0.331359 0.0592585 0.341141 0.07650419915254238 0.363625 0.08313559957627119 0.364609
14 0.40220300000000003 0.2045 0.41440699999999997 0.193266 0.42963999999999997 0.146063 0.42353799999999997 0.130344 0.32908899999999996 0.119094 0.185869 0.11010899999999998 0.07008469915254237 0.134828 0.103602 0.208984 0.277288 0.2045 0.40220300000000003 0.20673400000000003 0.40220300000000003 0.2045
78 0.07805080084745764 0.7594529999999999 0.08813559957627119 0.776453 0.09677969915254236 0.798781 0.08813559957627119 0.807281 0.0708475 0.832797 0.04777540042372881 0.8583130000000001 0.03336859957627119 0.88275 0.034809300847457626 0.918891 0.07661019915254237 0.942281 0.09677969915254236 0.956109 0.12273300000000001 0.961422 0.171737 0.9539690000000001 0.20201300000000003 0.943344 0.219301 0.9295310000000001 0.20489400000000002 0.895516 0.19190700000000002 0.853 0.19478800000000002 0.814719 0.203453 0.770078 0.20201300000000003 0.754141 0.212097 0.746687 0.223623 0.7445630000000001 0.219301 0.738187 0.20777500000000002 0.735 0.193347 0.735 0.176059 0.736062 0.163093 0.740313 0.154449 0.740313 0.13425800000000002 0.748812 0.128496 0.753078 0.11264800000000001 0.753078 0.09677969915254236 0.752016 0.08237290042372881 0.756266 0.07805080084745764 0.7594529999999999
78 0.430085 0.8736090000000001 0.430085 0.871359 0.43313599999999997 0.871359 0.457521 0.871359 0.475805 0.871359 0.5154030000000001 0.871359 0.5184529999999999 0.846641 0.521504 0.8286720000000001 0.521504 0.801703 0.497119 0.781469 0.484936 0.747766 0.48798699999999995 0.736531 0.494068 0.732031 0.500169 0.714063 0.48798699999999995 0.711812 0.399619 0.714063 0.399619 0.716313 0.399619 0.738781 0.396568 0.7455160000000001 0.387436 0.759 0.381335 0.806188 0.381335 0.837656 0.40572 0.878109 0.430085 0.8736090000000001
78 0.808983 0.830781 0.810106 0.819172 0.82697 0.812547 0.8359530000000001 0.815859 0.837076 0.8282809999999999 0.86178 0.832437 0.895466 0.847344 0.903326 0.8266249999999999 0.8999579999999999 0.785219 0.884237 0.751266 0.878623 0.745469 0.831462 0.7429840000000001 0.811229 0.7487809999999999 0.7966310000000001 0.766172 0.787648 0.8001250000000001 0.794386 0.830781 0.808983 0.830781
78 0.685805 0.742219 0.6656139999999999 0.737969 0.6396820000000001 0.7358439999999999 0.6194919999999999 0.7369060000000001 0.6065250000000001 0.743281 0.5993219999999999 0.749672 0.590678 0.768797 0.582013 0.794312 0.580572 0.802812 0.649767 0.802812 0.691568 0.8081250000000001 0.697331 0.802812 0.69589 0.767734 0.681483 0.747547 0.685805 0.742219
26 0.701165 0.298969 0.704047 0.329203 0.711102 0.33225 0.7131569999999999 0.337438 0.706547 0.33987500000000004 0.706547 0.351172 0.709428 0.352094 0.742542 0.350875 0.74089 0.346906 0.755805 0.33835899999999997 0.776483 0.33775 0.786017 0.341406 0.789322 0.340484 0.785593 0.336828 0.782691 0.292266 0.7098519999999999 0.293172 0.7003389999999999 0.295312 0.701165 0.298969
26 0.138093 0.311969 0.138093 0.317156 0.137161 0.32993700000000004 0.13622900000000002 0.343078 0.132013 0.35 0.128729 0.355875 0.13858099999999998 0.357609 0.142331 0.35518700000000003 0.14561400000000002 0.351047 0.14841100000000002 0.343781 0.149831 0.335125 0.15029700000000001 0.324063 0.15076299999999998 0.314031 0.146547 0.312656 0.14044500000000001 0.313 0.138093 0.311969
26 0.157034 0.31807799999999997 0.155508 0.318906 0.15891899999999998 0.354141 0.16536 0.35918700000000003 0.173708 0.359734 0.17635599999999998 0.35945299999999997 0.175614 0.34520300000000004 0.17635599999999998 0.33260900000000004 0.178263 0.323953 0.179025 0.312484 0.16764800000000002 0.313875 0.157034 0.31807799999999997
26 0.5093219999999999 0.967719 0.536398 0.961922 0.544258 0.9548439999999999 0.5425 0.939391 0.543369 0.922 0.5503600000000001 0.9117029999999999 0.537267 0.8936719999999999 0.518051 0.886594 0.491864 0.887875 0.456949 0.891094 0.449958 0.8968909999999999 0.44036 0.9110630000000001 0.44036 0.9187810000000001 0.45345300000000005 0.9303750000000001 0.456949 0.937453 0.451695 0.947766 0.449089 0.9529059999999999 0.465678 0.961922 0.5093219999999999 0.967719
26 0.18819899999999998 0.828562 0.191081 0.886078 0.215636 0.9148440000000001 0.20841099999999999 0.9329689999999999 0.244534 0.935094 0.23730900000000002 0.913781 0.23730900000000002 0.910594 0.24019100000000002 0.894609 0.243093 0.8924839999999999 0.250318 0.890344 0.27053 0.8892810000000001 0.28786 0.8765000000000001 0.32398299999999997 0.8765000000000001 0.33553 0.852 0.329767 0.8296250000000001 0.342754 0.8253590000000001 0.341314 0.817906 0.352881 0.8051090000000001 0.367309 0.813641 0.367309 0.8338749999999999 0.357203 0.853063 0.341314 0.8583909999999999 0.344216 0.862641 0.361547 0.8658440000000001 0.365869 0.863719 0.377436 0.853063 0.38610199999999995 0.8338749999999999 0.373093 0.798719 0.352881 0.795531 0.336992 0.796594 0.326864 0.80725 0.306653 0.812578 0.306653 0.8051090000000001 0.28786 0.797656 0.23152499999999998 0.797656 0.19830499999999998 0.800859 0.18819899999999998 0.828562
78 0.667712 0.11840599999999998 0.6697460000000001 0.121422 0.673157 0.125953 0.6765680000000001 0.130469 0.680657 0.14053100000000002 0.679979 0.143547 0.677924 0.145562 0.669068 0.14404699999999998 0.670424 0.148078 0.669068 0.162156 0.6683899999999999 0.16617200000000001 0.6683899999999999 0.171703 0.6683899999999999 0.172719 0.6697460000000001 0.176234 0.6697460000000001 0.17875000000000002 0.670424 0.18025 0.6718010000000001 0.18326599999999998 0.671123 0.184781 0.6683899999999999 0.186797 0.667013 0.18931199999999998 0.667013 0.192828 0.667013 0.19634400000000002 0.6697460000000001 0.205906 0.671123 0.209422 0.6724789999999999 0.21042200000000003 0.677246 0.211937 0.679979 0.21143800000000001 0.684746 0.21042200000000003 0.692246 0.210922 0.6936019999999999 0.21545299999999998 0.6936019999999999 0.217469 0.688835 0.22349999999999998 0.686801 0.22701600000000002 0.6874790000000001 0.227516 0.6936019999999999 0.227516 0.706568 0.227516 0.7222459999999999 0.227516 0.731801 0.227516 0.749513 0.225 0.746801 0.225 0.742013 0.22400000000000003 0.7372460000000001 0.2225 0.733157 0.219469 0.7304240000000001 0.215953 0.7304240000000001 0.211937 0.733157 0.20842200000000002 0.736568 0.204391 0.7399789999999999 0.199859 0.74339 0.193828 0.746801 0.188797 0.748835 0.184781 0.75089 0.180766 0.752246 0.176234 0.752924 0.172203 0.7549790000000001 0.167187 0.7549790000000001 0.164172 0.753602 0.156125 0.752246 0.153109 0.748835 0.148078 0.746102 0.145063 0.74339 0.143547 0.740657 0.14053100000000002 0.740657 0.139031 0.7399789999999999 0.135 0.741335 0.130984 0.744068 0.12745299999999998 0.746801 0.12293799999999999 0.748835 0.119922 0.752924 0.11840599999999998 0.757691 0.116906 0.757013 0.11489100000000001 0.7549790000000001 0.11439099999999999 0.752924 0.113375 0.7501909999999999 0.112375 0.741335 0.110859 0.7372460000000001 0.110859 0.734513 0.110859 0.7270129999999999 0.110859 0.7181569999999999 0.110859 0.712712 0.11035900000000001 0.7058899999999999 0.109859 0.6983900000000001 0.109859 0.6874790000000001 0.110859 0.681335 0.11187499999999999 0.67589 0.112375 0.671123 0.113891 0.667712 0.11589100000000001 0.667712 0.11840599999999998
26 0.867267 0.3545 0.868051 0.34284400000000004 0.868051 0.342266 0.871208 0.327688 0.872797 0.32128100000000004 0.8806780000000001 0.315453 0.9036019999999999 0.31837499999999996 0.914661 0.321859 0.913072 0.346344 0.920191 0.340516 0.9367800000000001 0.329437 0.937585 0.28865599999999997 0.932055 0.28573400000000004 0.920191 0.267094 0.917034 0.257766 0.9138769999999999 0.253109 0.827754 0.253688 0.825381 0.2805 0.821441 0.283406 0.8182630000000001 0.286313 0.814322 0.292734 0.801674 0.317781 0.808008 0.327109 0.816695 0.334687 0.829322 0.34925 0.867267 0.3545
26 0.14987299999999998 0.327906 0.14803 0.338813 0.144322 0.351516 0.140021 0.353781 0.153559 0.356516 0.14987299999999998 0.358781 0.16464 0.358781 0.158496 0.341531 0.157246 0.329719 0.157246 0.32154699999999997 0.163411 0.315203 0.152331 0.315203 0.14987299999999998 0.327906
26 0.574258 0.336813 0.577309 0.35475 0.6817369999999999 0.351016 0.7091310000000001 0.262766 0.691886 0.257531 0.6432199999999999 0.252297 0.579322 0.256031 0.553983 0.256031 0.5529660000000001 0.26201599999999997 0.553983 0.271 0.574258 0.336813
78 0.517309 0.8200160000000001 0.543856 0.845016 0.545551 0.873359 0.541038 0.8837659999999999 0.538199 0.8921089999999999 0.54839 0.911687 0.580593 0.930438 0.573814 0.942937 0.560805 0.950437 0.561377 0.961688 0.598093 0.972109 0.6359530000000001 0.976281 0.6828599999999999 0.958359 0.686801 0.9521089999999999 0.669852 0.940859 0.668729 0.926281 0.694153 0.911687 0.699237 0.8750159999999999 0.69697 0.8687659999999999 0.6743859999999999 0.8575160000000001 0.69697 0.831266 0.7150639999999999 0.8166869999999999 0.698114 0.806688 0.6472669999999999 0.799188 0.570975 0.801266 0.538199 0.809594 0.525784 0.819187 0.517309 0.8200160000000001
78 0.7756780000000001 0.111281 0.77339 0.12823400000000001 0.777987 0.135859 0.776822 0.170594 0.792903 0.20617200000000002 0.807839 0.212953 0.81589 0.217188 0.799809 0.214656 0.7963560000000001 0.22312500000000002 0.8342579999999999 0.227359 0.9238770000000001 0.218031 0.943411 0.21549999999999997 0.908941 0.20024999999999998 0.9238770000000001 0.188391 0.9238770000000001 0.179062 0.930763 0.12060900000000001 0.93536 0.0807812 0.861843 0.0740156 0.804407 0.0807812 0.7883260000000001 0.0833281 0.784873 0.09264059999999999 0.794068 0.10535900000000001 0.7756780000000001 0.111281
78 0.195636 0.813906 0.186504 0.8550470000000001 0.201716 0.890938 0.215911 0.932813 0.244322 0.937312 0.242288 0.917109 0.241271 0.893938 0.26256399999999996 0.890188 0.299068 0.896172 0.31224599999999997 0.882719 0.33455500000000005 0.8767340000000001 0.34875 0.8655160000000001 0.367013 0.861031 0.38324199999999997 0.850562 0.381208 0.821391 0.36904699999999996 0.8012029999999999 0.351801 0.794469 0.313263 0.8116720000000001 0.31023300000000004 0.804937 0.292987 0.7967190000000001 0.261547 0.795219 0.202733 0.7997029999999999 0.195636 0.813906
78 0.7424360000000001 0.8732659999999999 0.738835 0.899828 0.7424360000000001 0.915766 0.755042 0.927719 0.760445 0.9317030000000001 0.762246 0.933031 0.767648 0.942328 0.767648 0.9503130000000001 0.769449 0.963594 0.805466 0.9715619999999999 0.879322 0.9689059999999999 0.879322 0.9503130000000001 0.881123 0.942328 0.890127 0.9250619999999999 0.891928 0.921078 0.893729 0.914438 0.8955299999999999 0.9051410000000001 0.899131 0.890531 0.8955299999999999 0.8785780000000001 0.893729 0.871937 0.881123 0.867953 0.882924 0.862641 0.890127 0.8560000000000001 0.890127 0.8506880000000001 0.886525 0.849359 0.8648939999999999 0.838734 0.857691 0.837406 0.843284 0.8334059999999999 0.821674 0.8307499999999999 0.803665 0.8307499999999999 0.791059 0.8307499999999999 0.769449 0.840062 0.760445 0.842719 0.758644 0.861313 0.7424360000000001 0.8732659999999999
14 0.518983 0.662594 0.5086229999999999 0.670234 0.521568 0.677859 0.572055 0.683594 0.638093 0.683594 0.66786 0.6740470000000001 0.66786 0.667359 0.654915 0.662594 0.683411 0.640625 0.702818 0.632984 0.7157629999999999 0.619625 0.708008 0.604344 0.711886 0.597656 0.67822 0.577609 0.6277330000000001 0.560422 0.601843 0.550875 0.5966530000000001 0.5346409999999999 0.5746399999999999 0.527953 0.561695 0.533687 0.560403 0.550875 0.53322 0.564234 0.480127 0.5833440000000001 0.473665 0.598609 0.487903 0.6091249999999999 0.49309299999999995 0.644453 0.518983 0.662594
14 0.48802999999999996 0.6265310000000001 0.480021 0.605469 0.45146200000000003 0.590297 0.411462 0.570062 0.393178 0.57175 0.357754 0.589453 0.320021 0.606313 0.320021 0.6375 0.330318 0.6610940000000001 0.357754 0.687219 0.381737 0.691437 0.386314 0.684688 0.39660999999999996 0.691437 0.461737 0.688906 0.486886 0.655188 0.491462 0.618109 0.48802999999999996 0.6265310000000001