50 0.639844 0.38785 0.634938 0.399626 0.631 0.411379 0.630031 0.433411 0.633953 0.45986 0.647719 0.481893 0.666391 0.533341 0.6604840000000001 0.565117 0.656562 0.6385749999999999 0.647719 0.7502570000000001 0.638875 0.8751399999999999 0.632969 0.994182 0.753844 0.998575 0.754828 0.95743 0.759734 0.824813 0.755797 0.717547 0.763672 0.7219629999999999 0.7734840000000001 0.716075 0.778406 0.6999070000000001 0.790203 0.677874 0.788859 0.6296029999999999 0.784828 0.619019 0.781797 0.604673 0.772703 0.566145 0.765625 0.5449999999999999 0.760578 0.5374530000000001 0.758047 0.533668 0.758047 0.532173 0.758547 0.5246029999999999 0.758547 0.522336 0.760062 0.517804 0.761578 0.51479 0.764109 0.509509 0.765625 0.505724 0.764609 0.501192 0.755516 0.48985999999999996 0.7525000000000001 0.49063100000000004 0.747437 0.491379 0.745422 0.48836399999999996 0.737344 0.48609800000000003 0.734812 0.48836399999999996 0.732281 0.492897 0.726734 0.49969600000000003 0.721672 0.5125230000000001 0.720156 0.5125230000000001 0.717641 0.511005 0.712594 0.506472 0.708547 0.503458 0.706531 0.50271 0.701469 0.485327 0.7035 0.47778 0.708969 0.45212600000000003 0.711938 0.447664 0.716406 0.420935 0.7179059999999999 0.396425 0.708969 0.385304 0.691094 0.36079400000000006 0.673219 0.356355 0.650875 0.36303700000000005 0.630031 0.40535 0.639844 0.38785
50 0.0603906 0.37189300000000003 0.0664219 0.405748 0.0664219 0.421565 0.049812499999999996 0.45542099999999996 0.019625 0.487009 0.0015156296875 0.518621 0 0.678902 0.0271719 0.7330610000000001 0.021140600000000002 0.796285 0.0120781 0.848201 0.0135937 0.988154 0.17360899999999999 0.958808 0.16303099999999998 0.83465 0.172094 0.803037 0.157 0.746612 0.160016 0.649556 0.160016 0.636005 0.18265599999999999 0.715 0.188703 0.746612 0.187188 0.818855 0.19624999999999998 0.814322 0.19775 0.7940189999999999 0.20832799999999999 0.785 0.209828 0.796285 0.21134400000000003 0.816589 0.22040600000000002 0.818855 0.243047 0.816589 0.249078 0.8075699999999999 0.249078 0.782734 0.238516 0.7578969999999999 0.224922 0.744346 0.218891 0.744346 0.190203 0.6089249999999999 0.20078100000000002 0.5931069999999999 0.141906 0.464439 0.149453 0.387687 0.149453 0.349322 0.149453 0.331262 0.135859 0.297407 0.120766 0.27707899999999996 0.107187 0.26355100000000004 0.09812499999999999 0.26355100000000004 0.0769844 0.286121 0.058875 0.30869199999999997 0.057359400000000005 0.31771 0.0603906 0.31997699999999996 0.058875 0.360607 0.0603906 0.37189300000000003
68 0.105438 0.7929670000000001 0.0577969 0.787103 0.0499687 0.78028 0.0421406 0.790047 0.0401719 0.8027339999999998 0.0427812 0.805654 0.0512656 0.803692 0.0917344 0.810537 0.112625 0.813458 0.113922 0.806636 0.107406 0.795888 0.105438 0.7929670000000001
68 0.170063 0.825164 0.294063 0.842734 0.299281 0.845678 0.300594 0.829065 0.290141 0.825164 0.23271899999999998 0.816379 0.20400000000000001 0.810537 0.147859 0.800771 0.149172 0.820304 0.170063 0.825164
63 0.841625 0.8932479999999999 0.851469 0.895514 0.85375 0.8932479999999999 0.857531 0.889089 0.8577809999999999 0.883061 0.857531 0.876636 0.857531 0.870584 0.855016 0.866449 0.8519840000000001 0.86229 0.849953 0.8581310000000001 0.843656 0.857383 0.838594 0.860397 0.8373440000000001 0.8698359999999999 0.837078 0.8834350000000001 0.837594 0.8928740000000001 0.841625 0.8932479999999999
63 0.8506090000000001 0.834182 0.849859 0.8432240000000001 0.848344 0.851121 0.843828 0.8573360000000001 0.843437 0.8573360000000001 0.849297 0.8610049999999999 0.8532500000000001 0.8652340000000001 0.8585309999999999 0.862967 0.861375 0.856192 0.861938 0.848014 0.8602339999999999 0.839556 0.855891 0.8327800000000001 0.849297 0.83222 0.8506090000000001 0.834182
63 0.8459530000000001 0.8538319999999999 0.8483280000000001 0.847593 0.848922 0.840911 0.848625 0.8297659999999999 0.8450469999999999 0.821729 0.836703 0.819953 0.8289529999999999 0.824416 0.824781 0.8306539999999999 0.824781 0.846262 0.8271559999999999 0.855164 0.839687 0.8605139999999999 0.8459530000000001 0.8538319999999999
63 0.8233119999999999 0.846145 0.822109 0.8464950000000001 0.820422 0.84722 0.817766 0.848318 0.814625 0.850117 0.8114839999999999 0.85229 0.809797 0.855537 0.8088279999999999 0.863131 0.81075 0.872874 0.814141 0.8775700000000001 0.8209059999999999 0.881542 0.825016 0.880818 0.8298439999999999 0.879743 0.8363590000000001 0.8689020000000001 0.8363590000000001 0.860958 0.834187 0.8562620000000001 0.8279059999999999 0.850117 0.824531 0.8464950000000001 0.8233119999999999 0.846145
63 0.24567199999999997 0.500794 0.246672 0.49883200000000005 0.247187 0.49623799999999996 0.247281 0.493224 0.246672 0.490047 0.24526599999999998 0.48717299999999997 0.243438 0.485818 0.24171900000000002 0.485678 0.23979699999999998 0.485818 0.238484 0.486425 0.23676599999999998 0.48883200000000004 0.236063 0.490818 0.23585899999999999 0.493224 0.235953 0.49654200000000004 0.236672 0.49941599999999997 0.239094 0.503061 0.239906 0.503201 0.239703 0.503505 0.24425 0.502593 0.24567199999999997 0.500794
63 0.789297 0.900794 0.788469 0.903668 0.787922 0.917196 0.792594 0.920467 0.794234 0.920467 0.7983439999999999 0.920467 0.799438 0.92007 0.803562 0.9196500000000001 0.805203 0.9184349999999999 0.8060309999999999 0.91514 0.806859 0.909813 0.8060309999999999 0.902009 0.8032809999999999 0.8954439999999999 0.79725 0.8921730000000001 0.791766 0.8954439999999999 0.789297 0.902009 0.789297 0.900794
63 0.789297 0.8920790000000001 0.794484 0.890841 0.799969 0.890444 0.805438 0.885537 0.8073589999999999 0.8761209999999999 0.806813 0.8671030000000001 0.8021559999999999 0.858505 0.795859 0.856869 0.789844 0.856869 0.786281 0.860561 0.783813 0.86507 0.7846409999999999 0.8773359999999999 0.786281 0.890444 0.789297 0.8920790000000001
63 0.802172 0.849463 0.802172 0.842734 0.801313 0.8363550000000001 0.799391 0.8312379999999999 0.793844 0.828037 0.7885 0.828668 0.784 0.833481 0.782937 0.841145 0.783156 0.857757 0.785281 0.860631 0.788922 0.857757 0.799828 0.854252 0.802172 0.849463
63 0.8511089999999999 0.894346 0.839781 0.8907010000000001 0.831687 0.8979670000000001 0.830078 0.9124770000000001 0.831687 0.923364 0.840594 0.929416 0.8527189999999999 0.9209350000000001 0.8511089999999999 0.894346
63 0.8049839999999999 0.8516589999999999 0.808 0.853738 0.812641 0.8516589999999999 0.819609 0.848178 0.822859 0.8467990000000001 0.824484 0.846098 0.824484 0.8325469999999999 0.820781 0.8228270000000001 0.81775 0.819346 0.8142659999999999 0.818318 0.8117190000000001 0.8176169999999999 0.807766 0.818318 0.8038130000000001 0.820748 0.802656 0.823528 0.802656 0.824556 0.803125 0.843668 0.8049839999999999 0.8516589999999999
63 0.819609 0.82243 0.824141 0.8291820000000001 0.8263909999999999 0.827827 0.830453 0.823762 0.835437 0.819042 0.8291090000000001 0.808902 0.821875 0.8082239999999999 0.8173590000000001 0.8149770000000001 0.819609 0.82243
63 0.8214219999999999 0.915397 0.827422 0.913598 0.831016 0.898668 0.8234220000000001 0.8849070000000001 0.8142189999999999 0.885514 0.8106249999999999 0.89986 0.816219 0.915397 0.8214219999999999 0.915397
68 0.682719 0.602407 0.672875 0.615888 0.655656 0.625701 0.646641 0.759346 0.644172 0.781425 0.6384369999999999 0.7998130000000001 0.634328 0.831682 0.637609 0.831682 0.655656 0.785093 0.667125 0.740958 0.6655 0.7090650000000001 0.675328 0.648995 0.682719 0.6207940000000001 0.720437 0.563154 0.723703 0.550911 0.727812 0.533738 0.725344 0.523925 0.722078 0.520257 0.688453 0.584019 0.682719 0.602407
50 0.478094 0.509136 0.4944529999999999 0.493201 0.522172 0.449626 0.537813 0.442173 0.527156 0.423037 0.508672 0.36988299999999996 0.516484 0.385841 0.505109 0.358201 0.4908910000000001 0.359276 0.48734400000000005 0.373084 0.4859220000000001 0.423037 0.4859220000000001 0.4400470000000001 0.478812 0.461308 0.47098399999999996 0.49215 0.458188 0.494276 0.453219 0.516589 0.458188 0.524019 0.469562 0.521893 0.478094 0.509136
50 0.390734 0.707874 0.392234 0.761799 0.393734 0.813481 0.392234 0.847196 0.39825 0.869673 0.41478099999999996 0.883154 0.43281200000000003 0.842687 0.428297 0.8112379999999999 0.426797 0.791005 0.423797 0.759556 0.426797 0.7191119999999999 0.426797 0.6988790000000001 0.416281 0.6943930000000001 0.390734 0.707874
63 0.849187 0.8321259999999999 0.855922 0.833411 0.860641 0.8396260000000001 0.861938 0.848621 0.861219 0.8567520000000001 0.860641 0.858037 0.8620939999999999 0.858692 0.867281 0.854089 0.86775 0.8473830000000001 0.866812 0.838925 0.862328 0.830444 0.856437 0.8286920000000001 0.849594 0.830818 0.849187 0.8321259999999999
50 0.429547 0.7003739999999999 0.449594 0.691005 0.438312 0.754673 0.438312 0.8557939999999999 0.43706300000000003 0.9400700000000001 0.44082800000000005 0.988762 0.633687 0.9850230000000001 0.639953 0.88764 0.632437 0.8520559999999999 0.641203 0.7940189999999999 0.652469 0.704112 0.661234 0.616098 0.659984 0.516846 0.6261720000000001 0.445701 0.6161559999999999 0.39324800000000004 0.634938 0.353925 0.6274219999999999 0.31647200000000003 0.623672 0.28278 0.607391 0.247196 0.577328 0.23408900000000002 0.541016 0.239696 0.524734 0.262173 0.510953 0.301495 0.47839099999999996 0.32210300000000003 0.47839099999999996 0.333341 0.5134529999999999 0.346449 0.515969 0.374533 0.522219 0.408248 0.5497810000000001 0.449439 0.503437 0.479393 0.46712499999999996 0.524346 0.45209400000000005 0.4925 0.454594 0.434463 0.445828 0.445701 0.43331200000000003 0.38950900000000005 0.41326599999999997 0.385771 0.40199999999999997 0.400748 0.41453100000000004 0.443832 0.3995 0.423224 0.386969 0.398879 0.379453 0.38950900000000005 0.38321900000000003 0.451308 0.365687 0.398879 0.349406 0.410117 0.345641 0.42135500000000004 0.359422 0.46628499999999995 0.346891 0.445701 0.335625 0.45504700000000003 0.34314100000000003 0.471916 0.36192199999999997 0.496262 0.373203 0.556168 0.380719 0.623598 0.40449999999999997 0.7003739999999999 0.429547 0.7003739999999999