18 0.0549531 0.5073960000000001 0.059093799999999995 0.524479 0.0621094 0.537562 0.064375 0.556167 0.0730469 0.550625 0.0741719 0.523479 0.07192190000000001 0.510396 0.06325 0.48022899999999996 0.0606094 0.47620799999999996 0.0519219 0.472188 0.0447656 0.473187 0.042875 0.476708 0.0477812 0.487271 0.0549531 0.5073960000000001
18 0.0024843796875 0.51475 0.00965625 0.5358750000000001 0.0115469 0.5575 0.0111719 0.5585 0.0541562 0.5595 0.0545312 0.564542 0.061328099999999997 0.562521 0.0624531 0.542917 0.0560469 0.51425 0.0390781 0.46697900000000003 0.0371875 0.465979 0.0021093796875000003 0.47 0.0024843796875 0.51475
16 0.14446900000000001 0.627062 0.156422 0.639813 0.164391 0.657875 0.192297 0.6695829999999999 0.197078 0.689771 0.21303100000000003 0.705708 0.248906 0.7025210000000001 0.25289100000000003 0.700396 0.407547 0.768437 0.415531 0.771625 0.429875 0.8162710000000001 0.451406 0.8290209999999999 0.48807799999999996 0.8258329999999999 0.500031 0.8098960000000001 0.570188 0.8375210000000001 0.5749690000000001 0.8353959999999999 0.5885309999999999 0.8417709999999999 0.648328 0.830083 0.892281 0.795 0.904234 0.795 0.905828 0.79075 0.920172 0.789687 0.920172 0.779062 0.9241720000000001 0.631312 0.925766 0.610521 0.920984 0.598812 0.922578 0.592438 0.9193749999999999 0.5020830000000001 0.9145939999999999 0.442125 0.922578 0.434688 0.920984 0.41875 0.926562 0.41450000000000004 0.92975 0.408125 0.9241720000000001 0.40175 0.9193749999999999 0.382604 0.913797 0.381542 0.916984 0.271 0.9122030000000001 0.262479 0.8707499999999999 0.252917 0.8603910000000001 0.247604 0.854813 0.248667 0.631578 0.23591700000000002 0.631578 0.234854 0.627594 0.23379200000000003 0.623609 0.236979 0.599688 0.238042 0.386031 0.299687 0.22339099999999998 0.344333 0.15243800000000002 0.36560400000000004 0.14925 0.37516700000000003 0.143672 0.6217710000000001 0.14446900000000001 0.627062
50 0.326172 0.518667 0.326172 0.5151249999999999 0.325109 0.514417 0.319812 0.511583 0.319812 0.5087499999999999 0.316625 0.504521 0.308125 0.503812 0.30759400000000003 0.503812 0.306016 0.503812 0.303359 0.504521 0.301234 0.512292 0.301234 0.515833 0.301234 0.5215 0.301234 0.524333 0.303359 0.529271 0.303359 0.529979 0.29432800000000003 0.532104 0.29432800000000003 0.534937 0.29645299999999997 0.541312 0.298578 0.543438 0.301234 0.544146 0.306016 0.5462710000000001 0.317688 0.555458 0.32193700000000003 0.5575829999999999 0.32723399999999997 0.551208 0.328828 0.548396 0.328297 0.545563 0.32723399999999997 0.538479 0.320344 0.534229 0.318219 0.534229 0.325109 0.529979 0.326172 0.518667
50 0.345703 0.508125 0.33953099999999997 0.508917 0.335703 0.51125 0.33393700000000004 0.515563 0.332172 0.52575 0.335406 0.534771 0.335406 0.5363330000000001 0.355687 0.536729 0.354516 0.524188 0.354813 0.517521 0.35275 0.515563 0.349516 0.510479 0.345703 0.508125
50 0.409906 0.508021 0.40303100000000003 0.5574169999999999 0.463406 0.567771 0.4625 0.509854 0.4625 0.48362499999999997 0.45792200000000005 0.461062 0.441 0.459229 0.434141 0.467771 0.432766 0.48972899999999997 0.408531 0.506188 0.409906 0.508021
69 0.596078 0.509708 0.592484 0.499021 0.590375 0.484083 0.590156 0.47902100000000003 0.592266 0.475083 0.591422 0.473104 0.587625 0.479875 0.587844 0.486354 0.588047 0.497604 0.588047 0.515062 0.594812 0.520979 0.596078 0.509708
50 0.293172 0.497312 0.292594 0.50325 0.28832800000000003 0.505833 0.286391 0.515667 0.287547 0.524458 0.28948399999999996 0.529354 0.296469 0.529104 0.302281 0.527292 0.301703 0.506354 0.29976600000000003 0.503 0.30306299999999997 0.496792 0.304813 0.48852100000000004 0.30345300000000003 0.482833 0.29375 0.483354 0.291812 0.487229 0.293172 0.497312
18 0.063375 0.481375 0.0702656 0.498208 0.076 0.5472079999999999 0.08920310000000001 0.551042 0.104141 0.535729 0.104141 0.52425 0.10470299999999999 0.521938 0.10700000000000001 0.512771 0.101844 0.500521 0.09954690000000001 0.49974999999999997 0.09725 0.500521 0.0989688 0.485958 0.0886406 0.476792 0.0650937 0.476792 0.063375 0.481375
16 0.0954531 0.47818700000000003 0.09812499999999999 0.49024999999999996 0.0970625 0.49875 0.101844 0.507979 0.105563 0.517188 0.116734 0.517896 0.145984 0.506563 0.149703 0.44629199999999997 0.061953100000000004 0.44912500000000005 0.071 0.473938 0.0933281 0.476062 0.0954531 0.47818700000000003
50 0.390469 0.556979 0.393641 0.526375 0.390219 0.521437 0.382031 0.522146 0.378859 0.528479 0.377016 0.5362290000000001 0.380437 0.5559379999999999 0.390469 0.556979
50 0.606422 0.514021 0.619703 0.510083 0.634469 0.517479 0.649234 0.509104 0.648859 0.502708 0.631516 0.498271 0.612688 0.470729 0.597187 0.460375 0.598672 0.444146 0.589438 0.416104 0.589813 0.517958 0.592391 0.519437 0.606422 0.514021
50 0.553266 0.47170800000000007 0.547359 0.482521 0.544781 0.497292 0.566563 0.497292 0.567297 0.461375 0.563609 0.463833 0.553266 0.47170800000000007
50 0.539984 0.543063 0.549219 0.547 0.549953 0.553396 0.565078 0.547979 0.566563 0.509104 0.544781 0.510083 0.539609 0.533208 0.539984 0.543063