69 0.30135900000000004 0.382014 0.28337500000000004 0.49437899999999996 0.296859 0.512365 0.323844 0.48988299999999996 0.31934399999999996 0.404496 0.313359 0.359555 0.296859 0.368548 0.30135900000000004 0.382014
22 0.8171250000000001 0.314614 0.782641 0.6202340000000001 0.794625 0.642693 0.818609 0.49437899999999996 0.8396089999999999 0.52808 0.8171250000000001 0.714614 0.8351089999999999 0.734824 0.854594 0.559555 0.9790469999999999 0.555059 0.973047 0.649438 0.9925309999999999 0.658431 0.9985310000000001 0.564052 0.9925309999999999 0.312365 0.878594 0.298876 0.8665940000000001 0.260679 0.8456089999999999 0.3663 0.8171250000000001 0.314614
27 0.8171250000000001 0.08763470023419204 0.826109 0.15281 0.806625 0.16854799999999998 0.812625 0.2 0.779641 0.642693 0.794625 0.651686 0.8171250000000001 0.6943790000000001 0.812625 0.72808 0.841109 0.739321 0.857594 0.557307 0.982047 0.564052 0.977547 0.669672 0.995531 0.678642 0.995531 0.660679 1 0.121358 0.8171250000000001 0.08763470023419204
50 0.26687500000000003 0.7588520000000001 0.368828 0.7611009999999999 0.371828 0.7274 0.364328 0.680211 0.359828 0.644262 0.359828 0.6127870000000001 0.370328 0.563349 0.371828 0.522904 0.364328 0.5026930000000001 0.349344 0.480211 0.35682800000000003 0.46222500000000005 0.377828 0.5274 0.39281299999999997 0.549883 0.394313 0.565597 0.431797 0.565597 0.424297 0.513911 0.383813 0.424028 0.379328 0.37459 0.353828 0.343138 0.341844 0.31615899999999997 0.35232800000000003 0.271218 0.353828 0.235269 0.349344 0.215035 0.320844 0.167845 0.27737500000000004 0.192576 0.26387499999999997 0.239766 0.26387499999999997 0.271218 0.272875 0.31615899999999997 0.280375 0.3274 0.27137500000000003 0.33414499999999997 0.24439099999999997 0.36110099999999995 0.239891 0.38583100000000004 0.22939099999999998 0.46672099999999994 0.227891 0.511663 0.227891 0.543138 0.233891 0.5970730000000001 0.24889100000000003 0.6465110000000001 0.26387499999999997 0.644262 0.269875 0.754379 0.26687500000000003 0.7588520000000001
50 0.41265599999999997 0.037822 0.41115599999999997 0.0852225011709602 0.42170300000000005 0.141639 0.429234 0.238712 0.418687 0.31093699999999996 0.396094 0.396721 0.40060900000000005 0.417049 0.41115599999999997 0.45316199999999995 0.442781 0.35384099999999996 0.429234 0.410281 0.45934400000000003 0.47798599999999997 0.501516 0.45541 0.497 0.410281 0.503031 0.331265 0.513563 0.164215 0.528625 0.015245899297423886 0.497 0.01749410070257611 0.41115599999999997 0.01749410070257611 0.41265599999999997 0.037822
50 0.616219 0.431452 0.6342030000000001 0.420234 0.631203 0.39325499999999997 0.616219 0.4 0.608719 0.38875899999999997 0.617703 0.361803 0.628203 0.276393 0.628203 0.283138 0.659687 0.262927 0.664187 0.262927 0.664187 0.258431 0.662687 0.24044500000000002 0.659687 0.20899299999999998 0.659687 0.15281 0.659687 0.125831 0.656687 0.08313819906323185 0.658188 0.08313819906323185 0.676187 0.07639340046838408 0.673187 0.06742389929742389 0.671687 0.03370019906323185 0.661188 0.004496489461358314 0.560734 0.006744730679156909 0.553234 0.02695550117096019 0.54575 0.031452 0.5577340000000001 0.058430899297423886 0.53675 0.132576 0.5337500000000001 0.17079599999999998 0.515766 0.25168599999999997 0.54725 0.253934 0.568234 0.265176 0.559234 0.294379 0.5547340000000001 0.321358 0.53975 0.35280999999999996 0.54125 0.395504 0.54875 0.404496 0.572734 0.406745 0.5667340000000001 0.429204 0.583234 0.44719 0.6102190000000001 0.435948 0.616219 0.431452
50 0.7032499999999999 0.5168849999999999 0.739313 0.525902 0.719781 0.496628 0.716781 0.47409799999999996 0.734812 0.485363 0.7618590000000001 0.483115 0.7618590000000001 0.47185 0.745328 0.451569 0.7287969999999999 0.435808 0.766359 0.192576 0.772375 0.16779899999999998 0.7843910000000001 0.152037 0.790406 0.12049199999999999 0.791906 0.07545670023419204 0.787406 0.0033723700234192036 0.668687 0.005620608899297424 0.6807190000000001 0.08444959953161592 0.667188 0.129508 0.6656869999999999 0.174543 0.671703 0.280398 0.658172 0.47409799999999996 0.7032499999999999 0.5168849999999999
50 0.877828 0 0.873391 0.013840700234192036 0.877281 0.03297419906323185 0.857844 0.03548010070257611 0.842859 0.04627629976580796 0.8212189999999999 0.112834 0.8262029999999999 0.12199099999999999 0.8223280000000001 0.146112 0.8384219999999999 0.16192 0.855078 0.156112 0.8584059999999999 0.13447299999999998 0.9083589999999999 0.138642 0.9583130000000001 0.13281 0.959422 0.14363 0.9605309999999999 0.15028100000000003 0.979406 0.13447299999999998 0.9871869999999999 0.105363 0.983297 0.08538640046838407 0.954438 0.055433299765807964 0.940563 0.04627629976580796 0.9388909999999999 0.01632319906323185 0.9427809999999999 0 0.877828 0
50 0.0005 0.922623 0.0066406203125 0.9399059999999999 0.0127969 0.9698829999999999 0.025875 0.974496 0.035875000000000004 0.9986889999999999 0.06354689999999999 1 0.06278120000000001 0.972178 0.0712344 0.964122 0.0712344 0.9468150000000001 0.062015600000000004 0.94452 0.05125 0.9306789999999999 0.0489375 0.901874 0.035875000000000004 0.830422 0.0281719 0.7889229999999999 0.00971875 0.756651 0.018187500000000002 0.752037 0.00971875 0.705925 0.0012656296875 0.7013109999999999 0.0005 0.922623
26 0.879609 0.197307 0.879609 0.15245899999999998 0.885594 0.121077 0.881109 0.11210800000000001 0.8601559999999999 0.116581 0.855672 0.143489 0.855672 0.179368 0.855672 0.21077300000000002 0.8541719999999999 0.221967 0.870641 0.237658 0.879609 0.197307
26 0.888875 0.243021 0.9066409999999999 0.244145 0.911172 0.214684 0.912312 0.1637 0.888875 0.163138 0.886609 0.172201 0.8824529999999999 0.23452 0.888875 0.243021
26 0.954656 0.260422 0.959422 0.26339599999999996 0.9732810000000001 0.26339599999999996 0.982 0.187986 0.980016 0.182037 0.976062 0.179672 0.9669380000000001 0.178478 0.9590159999999999 0.17908700000000002 0.954656 0.260422
65 0.466641 0.939227 0.467406 0.923864 0.47159399999999996 0.850937 0.472344 0.827588 0.47196899999999997 0.8099299999999999 0.46892199999999995 0.783724 0.461703 0.754684 0.45828100000000005 0.7552460000000001 0.45031299999999996 0.756393 0.449172 0.725059 0.444984 0.7170730000000001 0.437 0.719368 0.423703 0.7130909999999999 0.403172 0.7170730000000001 0.409641 0.58719 0.413438 0.584918 0.413438 0.572389 0.423703 0.5666979999999999 0.424078 0.561569 0.41648399999999997 0.535925 0.41381199999999996 0.5296719999999999 0.41040599999999994 0.528525 0.40812499999999996 0.537635 0.411547 0.557588 0.406594 0.5621309999999999 0.404312 0.582084 0.405844 0.586066 0.39823400000000003 0.722201 0.395203 0.720492 0.392156 0.7256210000000001 0.400891 0.55815 0.397484 0.55815 0.39443700000000004 0.604286 0.387219 0.722201 0.384563 0.7244729999999999 0.383031 0.7404449999999999 0.38 0.7540979999999999 0.37124999999999997 0.792834 0.373531 0.7939809999999999 0.377719 0.792272 0.378469 0.794543 0.37657799999999997 0.850375 0.373156 0.858361 0.373531 0.873162 0.370109 0.877143 0.367078 0.8902580000000001 0.370109 0.924988 0.466641 0.939227
79 0.8349840000000001 0.135855 0.838406 0.148946 0.839156 0.167752 0.8323119999999999 0.17515200000000003 0.836875 0.180843 0.8448589999999999 0.180843 0.849422 0.17857099999999998 0.851313 0.17344299999999999 0.8486560000000001 0.16831400000000002 0.8460000000000001 0.16831400000000002 0.846453 0.148337 0.849719 0.14548 0.8527189999999999 0.141382 0.8537969999999999 0.136089 0.8537969999999999 0.12465999999999999 0.857625 0.103021 0.8382809999999999 0.100164 0.8349840000000001 0.135855
26 0.9234220000000001 0.250632 0.928125 0.252623 0.933484 0.25363 0.939531 0.254637 0.944562 0.25313800000000003 0.9495939999999999 0.214918 0.9542809999999999 0.167658 0.9512660000000001 0.164637 0.9495939999999999 0.161124 0.9448909999999999 0.159602 0.939531 0.15911 0.9314690000000001 0.15911 0.926437 0.15911 0.9234220000000001 0.162623 0.923766 0.173185 0.923766 0.196815 0.923766 0.223466 0.922078 0.24660400000000002 0.9234220000000001 0.250632
26 1 0.130187 0.9988910000000001 0.128782 0.988734 0.131241 0.9877969999999999 0.180422 0.989437 0.183958 0.995109 0.166276 1 0.16768100000000002 1 0.130187
26 0.8811249999999999 0.11056200000000001 0.885031 0.123068 0.8791869999999999 0.15267 0.880016 0.179742 0.8852969999999999 0.177237 0.8880779999999999 0.16224799999999998 0.902812 0.16306800000000002 0.9033749999999999 0.13098400000000002 0.901984 0.10808 0.8825160000000001 0.104731 0.880016 0.11056200000000001 0.8811249999999999 0.11056200000000001
26 0.915063 0.235902 0.923063 0.23969600000000002 0.9247500000000001 0.18220099999999997 0.924328 0.165152 0.924328 0.162623 0.918844 0.160726 0.915063 0.235902
26 0.901563 0.1163 0.9019220000000001 0.162295 0.912984 0.162834 0.9112030000000001 0.19491799999999998 0.917266 0.19384099999999999 0.9204840000000001 0.120047 0.901563 0.1163
50 0.787328 0.15306799999999998 0.790359 0.193958 0.776719 0.266674 0.7661089999999999 0.346183 0.770656 0.34163899999999997 0.788844 0.355269 0.799453 0.350726 0.788844 0.328009 0.800969 0.316651 0.8130940000000001 0.318923 0.822188 0.180328 0.825234 0.139438 0.828266 0.12808 0.823719 0.10533999999999999 0.851 0.041733000000000006 0.8661559999999999 0.041733000000000006 0.8661559999999999 0.019016400468384077 0.864641 0 0.790359 0.0031147494145199062 0.787328 0.0031147494145199062 0.799453 0.09398129976580796 0.787328 0.15306799999999998