24 0.522 0.609229 0.5417500000000001 0.609883 0.544 0.599159 0.5597030000000001 0.591098 0.581687 0.591098 0.591125 0.5817060000000001 0.590219 0.536075 0.568234 0.529346 0.540406 0.530023 0.5305310000000001 0.551495 0.5264840000000001 0.53472 0.507641 0.535397 0.5121249999999999 0.56493 0.50225 0.570958 0.5031559999999999 0.6058640000000001 0.522 0.609229
7 0.455344 0.7543690000000001 0.426797 0.734136 0.416281 0.7251639999999999 0.40275 0.731893 0.393734 0.7251639999999999 0.38020299999999996 0.711682 0.375703 0.689206 0.368188 0.684696 0.35617200000000004 0.713925 0.321594 0.7543690000000001 0.317094 0.765607 0.120219 0.844252 0.12923400000000002 0.8802099999999999 0.10670299999999999 0.9116820000000001 0.09768750000000001 0.900444 0.08715629999999999 0.909416 0.069125 0.92965 0.0345625 0.9453739999999999 0.0390781 0.956612 0.0540937 0.96785 0.0540937 0.974603 0.055609399999999996 0.979089 0.22242199999999998 0.9858410000000001 0.471875 0.8375229999999999 0.455344 0.7543690000000001
12 0.871234 0.6336919999999999 0.868984 0.590958 0.8616250000000001 0.590958 0.862453 0.593715 0.8649060000000001 0.6336919999999999 0.871234 0.6336919999999999
12 0.859812 0.7100470000000001 0.866859 0.6573829999999999 0.858125 0.653855 0.854438 0.663902 0.857797 0.668411 0.8527659999999999 0.706542 0.859812 0.7100470000000001
12 0.817594 0.5578500000000001 0.8253130000000001 0.5582480000000001 0.825047 0.5098360000000001 0.817594 0.5098360000000001 0.817594 0.5578500000000001
12 0.8774369999999999 0.636589 0.883828 0.634065 0.879453 0.593248 0.8744059999999999 0.592734 0.874062 0.592734 0.8774369999999999 0.636589
12 0.929828 0.7252569999999999 0.937578 0.7247659999999999 0.9456720000000001 0.6859580000000001 0.945 0.679416 0.9395939999999999 0.679416 0.9395939999999999 0.688972 0.929828 0.7252569999999999
12 0.9150309999999999 0.5926870000000001 0.92325 0.630888 0.933281 0.6445329999999999 0.9323750000000001 0.5926870000000001 0.917766 0.588598 0.9150309999999999 0.5926870000000001
12 0.8158749999999999 0.625 0.8240780000000001 0.626285 0.821922 0.576589 0.8167500000000001 0.574673 0.8158749999999999 0.625
12 0.9067970000000001 0.7183879999999999 0.9131410000000001 0.687196 0.9125780000000001 0.683598 0.9111560000000001 0.681285 0.910031 0.6808639999999999 0.910734 0.6854910000000001 0.903687 0.718178 0.9067970000000001 0.7183879999999999
12 0.968328 0.732944 0.9777340000000001 0.691472 0.973031 0.680935 0.9702189999999999 0.681636 0.970688 0.689369 0.960812 0.729416 0.968328 0.732944
12 0.9529529999999999 0.641963 0.947875 0.596612 0.936594 0.590491 0.93475 0.592617 0.943922 0.600421 0.948578 0.643014 0.9529529999999999 0.641963
12 0.854922 0.562313 0.847359 0.511636 0.8416410000000001 0.512547 0.848594 0.562921 0.854922 0.562313
12 0.859437 0.513435 0.871859 0.563528 0.876078 0.5645330000000001 0.8796250000000001 0.563528 0.863875 0.50979 0.859437 0.513435
12 0.998719 0.569509 0.9982810000000001 0.52229 0.994391 0.515818 0.988766 0.517103 0.989641 0.521636 0.9723280000000001 0.518411 0.971906 0.525514 0.973203 0.568855 0.998719 0.569509
12 0.904687 0.67757 0.8970309999999999 0.676822 0.891437 0.715678 0.9011089999999999 0.718738 0.904687 0.67757
2 0.501969 0.6197900000000001 0.499984 0.618318 0.49676600000000004 0.616098 0.490328 0.616822 0.483906 0.6171960000000001 0.479437 0.6197900000000001 0.47621900000000006 0.627196 0.47621900000000006 0.633481 0.47621900000000006 0.6434810000000001 0.47378099999999995 0.6524530000000001 0.471438 0.658154 0.471438 0.6655840000000001 0.472891 0.676075 0.48020300000000005 0.677383 0.48459399999999997 0.6795559999999999 0.49218799999999996 0.6830609999999999 0.496875 0.685678 0.502125 0.6865650000000001 0.508859 0.686986 0.5109060000000001 0.6830609999999999 0.510609 0.679136 0.509141 0.675631 0.507984 0.668645 0.508859 0.666893 0.510313 0.66514 0.511484 0.6594629999999999 0.511484 0.6511450000000001 0.511484 0.639346 0.508859 0.6301640000000001 0.503297 0.621425 0.501969 0.6197900000000001
65 0.549563 0.689603 0.5743590000000001 0.6678740000000001 0.576109 0.6304209999999999 0.558078 0.615444 0.5227660000000001 0.640164 0.522516 0.643551 0.51925 0.6768689999999999 0.549563 0.689603
12 0.857187 0.584953 0.854156 0.588832 0.850703 0.589463 0.8494059999999999 0.584953 0.836 0.585584 0.836 0.590771 0.8299369999999999 0.590771 0.8299369999999999 0.575888 0.822578 0.580421 0.825187 0.6276400000000001 0.864969 0.6340889999999999 0.860656 0.584953 0.857187 0.584953
23 0.951562 0.5125700000000001 0.902922 0.508995 0.9027189999999999 0.553481 0.9025000000000001 0.553785 0.952875 0.558341 0.951562 0.5125700000000001