63 0.319453 0.15913100000000002 0.31807799999999997 0.15913100000000002 0.315125 0.163341 0.311969 0.166437 0.311766 0.16924299999999998 0.311766 0.174588 0.31275 0.17935399999999999 0.31610900000000003 0.185256 0.319844 0.18777300000000002 0.325172 0.187506 0.327141 0.18412 0.330891 0.17935399999999999 0.332375 0.170646 0.327859 0.163541 0.31970299999999996 0.15902 0.319453 0.15913100000000002
22 0.9653280000000001 0.20637 0.9635 0.211604 0.9635 0.217305 0.963328 0.223964 0.9635 0.21826299999999998 0.967328 0.217305 0.9675 0.221114 0.9696719999999999 0.221114 0.9708439999999999 0.21919799999999998 0.97 0.20659200000000003 0.9696719999999999 0.204454 0.968828 0.203987 0.966172 0.203274 0.964156 0.204454 0.9653280000000001 0.20637
50 0.717406 0.496615 0.7189840000000001 0.516927 0.725313 0.523697 0.730063 0.523697 0.737984 0.541759 0.737984 0.564343 0.737984 0.5846549999999999 0.752234 0.6072160000000001 0.761734 0.611737 0.760156 0.625278 0.728484 0.654633 0.711062 0.6636529999999999 0.698391 0.690735 0.688891 0.7539419999999999 0.677813 0.848753 0.677813 0.857795 0.674641 0.891648 0.671469 0.923252 0.663547 0.950334 0.665141 0.995479 0.9628590000000001 1 0.958109 0.970646 0.999297 0.9526060000000001 1 0.832962 0.948609 0.6975279999999999 0.923281 0.6320490000000001 0.8916090000000001 0.609488 0.8298439999999999 0.580134 0.8298439999999999 0.510156 0.8203440000000001 0.46049 0.793422 0.43340799999999996 0.772828 0.43340799999999996 0.752234 0.444699 0.736406 0.465011 0.725313 0.483073 0.717406 0.496615
50 0.654828 0.34042300000000003 0.654828 0.354454 0.646953 0.381091 0.647938 0.388107 0.653359 0.38951 0.654828 0.38461 0.653844 0.377595 0.656313 0.371269 0.6597500000000001 0.36216 0.664172 0.348129 0.6681090000000001 0.348129 0.673531 0.383207 0.6755 0.390223 0.683359 0.38882000000000005 0.685828 0.381804 0.681406 0.376192 0.677953 0.36637000000000003 0.6759839999999999 0.344633 0.6755 0.33409799999999995 0.673031 0.32498900000000003 0.671063 0.30746100000000004 0.6740160000000001 0.30044499999999996 0.671063 0.29202700000000004 0.666641 0.29414300000000004 0.664672 0.299042 0.664172 0.306058 0.663188 0.310267 0.658281 0.31728300000000004 0.658281 0.32710500000000003 0.654828 0.34042300000000003
50 0.734969 0.392494 0.739797 0.39077999999999996 0.7422030000000001 0.37189300000000003 0.7422030000000001 0.354744 0.7438119999999999 0.354744 0.751031 0.359889 0.752234 0.351292 0.747016 0.33527799999999996 0.7438119999999999 0.314098 0.743406 0.307817 0.7389840000000001 0.295234 0.736578 0.29637 0.732969 0.303808 0.7325630000000001 0.311247 0.7261409999999999 0.325546 0.7249380000000001 0.33585699999999996 0.727344 0.347305 0.730953 0.35245 0.7325630000000001 0.363898 0.730953 0.38906500000000005 0.734969 0.392494
50 0.938203 0.38850799999999996 0.9472970000000001 0.40238300000000005 0.9541090000000001 0.37322900000000003 0.953781 0.402851 0.963531 0.399131 0.9641719999999999 0.350557 0.9641719999999999 0.314477 0.962875 0.283007 0.957359 0.281626 0.952172 0.284855 0.950219 0.294566 0.947625 0.297817 0.944375 0.312606 0.946328 0.34037900000000004 0.951187 0.362116 0.940156 0.383408 0.938203 0.38850799999999996
50 0.245469 0.23870799999999998 0.243891 0.252249 0.239141 0.25677099999999997 0.235969 0.263541 0.234375 0.272584 0.234375 0.277082 0.234375 0.288374 0.234375 0.295145 0.22804700000000003 0.301915 0.223297 0.31095799999999996 0.220125 0.322227 0.220125 0.33576799999999996 0.220125 0.35158100000000003 0.221719 0.36737200000000003 0.221719 0.37641399999999997 0.220125 0.387706 0.21379700000000001 0.396726 0.210625 0.401247 0.204297 0.410267 0.204297 0.414788 0.197953 0.43510000000000004 0.197953 0.44411999999999996 0.197953 0.45316300000000004 0.20587499999999997 0.471225 0.218547 0.45316300000000004 0.221719 0.421559 0.22804700000000003 0.412539 0.234375 0.396726 0.235969 0.385434 0.243891 0.403497 0.237547 0.412539 0.235969 0.421559 0.235969 0.432851 0.235969 0.45316300000000004 0.24229699999999998 0.475724 0.245469 0.475724 0.250219 0.475724 0.25339100000000003 0.432851 0.254969 0.410267 0.258141 0.36737200000000003 0.259719 0.33576799999999996 0.261297 0.29739400000000005 0.27714099999999997 0.29966600000000004 0.281891 0.30868599999999996 0.292984 0.324499 0.29931199999999997 0.324499 0.305641 0.319978 0.300891 0.306437 0.289812 0.286125 0.283469 0.274833 0.278719 0.265791 0.269219 0.195813 0.262891 0.195813 0.24229699999999998 0.216147 0.24229699999999998 0.231938 0.24704700000000002 0.220646 0.245469 0.234209 0.245469 0.23870799999999998
5 0.6860470000000001 0.754543 0.691344 0.719666 0.68275 0.705523 0.652984 0.708352 0.599437 0.75078 0.593484 0.783764 0.609344 0.845033 0.629188 0.848797 0.6384369999999999 0.8440759999999999 0.6887030000000001 0.816748 0.6860470000000001 0.754543
22 0.8775470000000001 0.131715 0.870406 0.131715 0.8668279999999999 0.135635 0.8668279999999999 0.140735 0.8668279999999999 0.143073 0.8825 0.141514 0.881953 0.133675 0.8775470000000001 0.131715
22 0.9104369999999999 0.11291799999999999 0.9104369999999999 0.11679300000000001 0.911141 0.117996 0.916375 0.119376 0.9202809999999999 0.118886 0.9202809999999999 0.116303 0.919937 0.112116 0.912469 0.112205 0.9104369999999999 0.11291799999999999
22 0.918906 0.07158130066815144 0.916813 0.07189310022271715 0.916813 0.07677059910913141 0.9207810000000001 0.07739420044543431 0.9213279999999999 0.07739420044543431 0.921875 0.07614699999999999 0.9222189999999999 0.07269489977728284 0.918906 0.07158130066815144
22 0.6704060000000001 0.183563 0.672906 0.181782 0.6687339999999999 0.17701599999999998 0.661656 0.175234 0.658734 0.18117999999999998 0.6704060000000001 0.183563
22 0.8618439999999999 0.09077950111358575 0.8698750000000001 0.09151449888641425 0.870328 0.08708240089086859 0.869703 0.08594650111358575 0.865578 0.0852115991091314 0.8622970000000001 0.0861024008908686 0.862016 0.09022269933184855 0.8618439999999999 0.09077950111358575
22 0.593531 0.182873 0.597719 0.183296 0.600703 0.182873 0.600109 0.17563499999999999 0.593828 0.173497 0.589359 0.173497 0.5869690000000001 0.18117999999999998 0.593531 0.182873
22 0.8000780000000001 0.133653 0.802516 0.133653 0.8100310000000001 0.134521 0.810547 0.127572 0.8012029999999999 0.127439 0.8000780000000001 0.133653
22 0.731625 0.212561 0.736578 0.214053 0.736938 0.21608 0.7422340000000001 0.217082 0.7422340000000001 0.213563 0.744703 0.212561 0.744 0.21204900000000002 0.7422340000000001 0.198441 0.7411719999999999 0.19441000000000003 0.732688 0.19492199999999998 0.730922 0.212561 0.731625 0.212561
50 0.829156 0.285122 0.8304220000000001 0.281871 0.8337030000000001 0.280802 0.8342029999999999 0.277194 0.831188 0.27216 0.829922 0.27144799999999997 0.8248749999999999 0.268931 0.8218439999999999 0.269644 0.8190630000000001 0.273608 0.817547 0.275768 0.8190630000000001 0.27864099999999997 0.822344 0.287996 0.8220940000000001 0.295902 0.8301719999999999 0.295546 0.829156 0.285122
50 0.7695000000000001 0.277951 0.7681560000000001 0.276771 0.7645 0.279621 0.766328 0.282962 0.764328 0.284855 0.7618280000000001 0.287951 0.760484 0.296281 0.7761720000000001 0.29556800000000005 0.774172 0.285813 0.7708280000000001 0.283185 0.769828 0.278664 0.7695000000000001 0.277951
50 0.791078 0.29683699999999996 0.79025 0.291737 0.793813 0.292138 0.7929999999999999 0.287439 0.790797 0.281982 0.790797 0.273363 0.787516 0.273363 0.7858590000000001 0.27806200000000003 0.7833910000000001 0.281982 0.783125 0.285501 0.783953 0.2898 0.784219 0.296437 0.791078 0.29683699999999996
50 0.8168279999999999 0.224365 0.8234220000000001 0.20180399999999998 0.8234220000000001 0.194276 0.820125 0.18957700000000002 0.819469 0.182984 0.8168279999999999 0.18392 0.8168279999999999 0.188619 0.8148440000000001 0.188619 0.812203 0.19897600000000001 0.8161720000000001 0.21873099999999998 0.8168279999999999 0.224365
50 0.943437 0.137817 0.943859 0.134766 0.9447190000000001 0.126258 0.943 0.118931 0.939156 0.116815 0.937875 0.122895 0.936594 0.129287 0.936594 0.138129 0.943437 0.137817
50 0.152609 0.353742 0.153516 0.325345 0.156234 0.315657 0.150344 0.307929 0.148531 0.300178 0.144016 0.30340799999999996 0.143562 0.31051199999999995 0.139484 0.318241 0.141297 0.32792899999999997 0.143109 0.335033 0.144016 0.356325 0.15125 0.356971 0.152609 0.353742
50 0.116984 0.304566 0.11614100000000001 0.310646 0.11614100000000001 0.31766099999999997 0.11826600000000001 0.326793 0.11848399999999999 0.354209 0.127031 0.357261 0.127672 0.34599100000000005 0.129172 0.321626 0.132594 0.315835 0.13151600000000002 0.311269 0.13045299999999999 0.307305 0.12745299999999998 0.30365299999999995 0.127672 0.299688 0.12745299999999998 0.296637 0.125109 0.29298399999999997 0.122547 0.292071 0.119766 0.294521 0.118906 0.300601 0.119547 0.30365299999999995 0.116984 0.304566
22 0.869828 0.118797 0.8611090000000001 0.118151 0.861406 0.12737199999999999 0.8722340000000001 0.128218 0.869828 0.118797
22 0.894328 0.104655 0.895266 0.10146999999999999 0.8929220000000001 0.09928730066815146 0.888109 0.0997995991091314 0.887641 0.10314 0.894328 0.104655
22 0.897062 0.08412030066815145 0.9036250000000001 0.08420940089086859 0.9036250000000001 0.0813807995545657 0.9034840000000001 0.07761689977728285 0.900563 0.07792869933184855 0.8968590000000001 0.07750559910913139 0.8968590000000001 0.083608 0.897062 0.08412030066815145
50 0.139375 0.331448 0.142344 0.334276 0.143094 0.33463299999999996 0.14135899999999998 0.321559 0.14135899999999998 0.314521 0.141844 0.30922 0.136656 0.306392 0.137891 0.302873 0.139125 0.301804 0.138625 0.298285 0.131453 0.298285 0.130719 0.303229 0.132438 0.306392 0.132438 0.31029 0.131703 0.31029 0.129219 0.315924 0.12823400000000001 0.331091 0.130219 0.332851 0.13120300000000001 0.333207 0.130953 0.35579099999999997 0.132937 0.356147 0.139125 0.35686 0.139375 0.331448