50 0.17757799999999999 0.635947 0.17757799999999999 0.6045010000000001 0.198266 0.5617920000000001 0.227562 0.552811 0.293078 0.573035 0.293078 0.620224 0.29825 0.615723 0.360312 0.606741 0.415484 0.593259 0.415484 0.59776 0.47582800000000003 0.613483 0.486172 0.546069 0.503406 0.487637 0.499969 0.370794 0.46893799999999997 0.343829 0.45342200000000005 0.404501 0.449969 0.462912 0.44134399999999996 0.480896 0.42410899999999996 0.413483 0.40170300000000003 0.384277 0.36548400000000003 0.328086 0.372391 0.29661899999999997 0.351703 0.132587 0.29135900000000003 0.14831 0.246531 0.206741 0.243094 0.258432 0.24826600000000001 0.307862 0.17929699999999998 0.339328 0.13620300000000002 0.431466 0.13620300000000002 0.45393100000000003 0.139641 0.615723 0.17757799999999999 0.635947
26 0.615266 0.830102 0.6415 0.839145 0.655859 0.837841 0.66725 0.759756 0.664781 0.750733 0.6514059999999999 0.74169 0.626656 0.737821 0.610313 0.7429939999999999 0.608328 0.775906 0.614281 0.828819 0.615266 0.830102
26 0.801109 0.762403 0.823891 0.738656 0.8202339999999999 0.715499 0.814766 0.708371 0.806578 0.701242 0.785609 0.697088 0.788344 0.6786760000000001 0.778328 0.665621 0.746891 0.6489820000000001 0.7131719999999999 0.650774 0.6945 0.6543380000000001 0.687672 0.71668 0.681281 0.7909160000000001 0.6790160000000001 0.824766 0.708172 0.810509 0.742797 0.798045 0.7628280000000001 0.799226 0.771031 0.775479 0.801109 0.762403
32 0.722203 0.942261 0.755234 0.963788 0.795 1 0.8107659999999999 0.999002 0.7845 0.975519 0.742469 0.9442159999999999 0.725969 0.933462 0.698203 0.91391 0.679 0.885255 0.6620779999999999 0.850244 0.6603749999999999 0.849308 0.658375 0.852831 0.656391 0.850244 0.652844 0.850041 0.651266 0.852831 0.649422 0.851344 0.6481410000000001 0.853381 0.647297 0.853951 0.644313 0.8531979999999999 0.6431720000000001 0.853747 0.644281 0.8618330000000001 0.657641 0.892159 0.675969 0.923136 0.702703 0.9373319999999999 0.722203 0.942261
41 0.9596410000000001 0.886069 0.998812 0.891161 0.998812 0.882424 0.938375 0.864175 0.846594 0.8488589999999999 0.809094 0.843035 0.813016 0.851059 0.8297969999999999 0.862729 0.9596410000000001 0.886069
26 0.673266 0.658513 0.6845 0.6555799999999999 0.696875 0.544216 0.6816880000000001 0.53835 0.656953 0.533951 0.650781 0.533951 0.635594 0.537617 0.638969 0.653381 0.673266 0.658513
26 0.956266 0.612138 0.952453 0.603849 0.935297 0.591426 0.918141 0.587291 0.9041560000000001 0.584807 0.8812809999999999 0.586456 0.878109 0.592261 0.876828 0.704073 0.9403749999999998 0.68336 0.957531 0.613788 0.956266 0.612138
26 0.8072969999999999 0.694053 0.8072969999999999 0.703625 0.811375 0.708941 0.821156 0.719572 0.821969 0.739776 0.803219 0.7620979999999999 0.799141 0.78442 0.8072969999999999 0.789735 0.8195309999999999 0.801426 0.855406 0.805662 0.8725310000000001 0.716375 0.8635619999999999 0.717454 0.861656 0.714257 0.863828 0.709267 0.843172 0.701507 0.814109 0.69332 0.8072969999999999 0.694053
26 0.178 0.5946440000000001 0.183844 0.6335230000000001 0.20782799999999998 0.6609569999999999 0.210852471875 0.6623827576374746 0.210406 0.678086 0.277578 0.6728310000000001 0.277578 0.6693279999999999 0.285641 0.594053 0.282953 0.574786 0.23459400000000002 0.5677800000000001 0.207719 0.578289 0.21309399999999998 0.583544 0.21132800000000002 0.583971 0.197297 0.576354 0.184438 0.580916 0.178 0.5946440000000001
26 0.189609 0.640448 0.18515600000000002 0.63336 0.173266 0.630122 0.157922 0.632709 0.152969 0.632709 0.147031 0.632709 0.14504699999999998 0.633992 0.14307799999999998 0.639165 0.135156 0.641752 0.132172 0.658534 0.141094 0.6701429999999999 0.138609 0.6953159999999999 0.156938 0.695947 0.187625 0.691446 0.188625 0.641752 0.189609 0.640448
26 1 0.605051 0.998469 0.602892 0.980766 0.602159 0.9713749999999999 0.600713 0.968328 0.6014459999999999 0.964453 0.603605 0.963344 0.6144200000000001 0.963344 0.6486759999999999 0.958094 0.669939 0.9625159999999999 0.677862 0.9650000000000001 0.685071 0.963906 0.689409 0.959469 0.6919350000000001 0.958094 0.696253 0.9605779999999999 0.7164360000000001 0.969438 0.7164360000000001 0.975516 0.723646 1 0.7258249999999999 1 0.605051
62 0.41795299999999996 0.428778 0.422391 0.42653800000000003 0.4265 0.41943 0.43468799999999996 0.411426 0.449016 0.40519299999999997 0.47051600000000005 0.398513 0.46982799999999997 0.395397 0.45209400000000005 0.398513 0.44628100000000004 0.398513 0.428547 0.41454199999999997 0.42068700000000003 0.421202 0.402266 0.421202 0.390656 0.420754 0.385203 0.42566200000000004 0.387922 0.431446 0.392359 0.43411399999999994 0.406016 0.43232200000000004 0.41795299999999996 0.428778
14 0.8212809999999999 0.692403 0.848062 0.695377 0.862438 0.6783499999999999 0.873219 0.659185 0.8768119999999999 0.6289610000000001 0.870594 0.623422 0.847406 0.61279 0.8265 0.608941 0.8212809999999999 0.692403
27 0.137922 1 0.8016720000000002 1 0.763734 0.975275 0.6965 0.943829 0.643062 0.903381 0.641328 0.842688 0.629266 0.820224 0.594781 0.840448 0.562031 0.869654 0.49823399999999995 0.8943789999999999 0.446516 0.903381 0.382734 0.9325870000000002 0.336187 0.916864 0.284469 0.865173 0.20170300000000002 0.788758 0.137922 0.653931 0.0017187500000000002 0.671914 0 0.752811 0.0172344 0.788758 0.05 0.844949 0.0379219 0.923605 0.0844844 1 0.137922 1
26 0.437484 0.60554 0.42062499999999997 0.597312 0.38640599999999997 0.597312 0.367969 0.60554 0.370078 0.65222 0.373234 0.66389 0.372703 0.686538 0.42062499999999997 0.714664 0.425891 0.682403 0.431687 0.6652549999999999 0.442219 0.611039 0.437484 0.60554
26 0.859469 0.690916 0.873047 0.664338 0.878344 0.639735 0.874188 0.626456 0.8537969999999999 0.6141549999999999 0.827375 0.6062730000000001 0.821328 0.692892 0.8439840000000001 0.69831 0.859469 0.690916
26 0.691703 0.6735639999999999 0.650047 0.667902 0.631391 0.675193 0.631391 0.7368020000000001 0.661859 0.7440939999999999 0.668703 0.751385 0.667453 0.7732789999999999 0.6836249999999999 0.7732789999999999 0.691703 0.6735639999999999
62 0.890312 0.711731 0.9399369999999999 0.6998369999999999 0.962734 0.687312 0.9662810000000001 0.687312 0.9632339999999999 0.680041 0.912594 0.691263 0.877141 0.703136 0.860938 0.713707 0.851812 0.7249289999999999 0.859422 0.72558 0.868031 0.7170059999999999 0.890312 0.711731
62 0.602422 0.6304069999999999 0.578141 0.6304069999999999 0.569469 0.624745 0.532172 0.60554 0.527828 0.6134419999999999 0.549516 0.620224 0.566859 0.636049 0.581609 0.649633 0.599812 0.63945 0.602422 0.6304069999999999
32 0.529016 0.730305 0.5575 0.725316 0.586328 0.715356 0.590156 0.70947 0.585641 0.707658 0.564797 0.715356 0.533531 0.72169 0.523453 0.723055 0.528312 0.729857 0.529016 0.730305
32 0.506437 0.731202 0.491484 0.739369 0.472031 0.746599 0.483156 0.744786 0.477594 0.748411 0.477938 0.750672 0.4862810000000001 0.747963 0.48732799999999993 0.74888 0.48454699999999995 0.751141 0.483156 0.754766 0.48975 0.751589 0.488016 0.754766 0.48975 0.757923 0.498781 0.753401 0.49982800000000005 0.745255 0.5165 0.730305 0.518594 0.730305 0.515469 0.723971 0.506437 0.731202