52 0.229094 0.420926 0.240813 0.41681700000000005 0.245328 0.39627100000000004 0.235406 0.386675 0.218281 0.39078399999999996 0.211063 0.382565 0.203859 0.38940600000000003 0.20115599999999997 0.40038 0.19573400000000002 0.40038 0.188531 0.407221 0.188531 0.41546299999999997 0.19573400000000002 0.4319 0.203859 0.44149599999999994 0.203859 0.44971500000000003 0.20115599999999997 0.464798 0.20115599999999997 0.485344 0.209266 0.512755 0.22368700000000002 0.5141330000000001 0.227297 0.512755 0.227297 0.49218500000000004 0.227297 0.468907 0.227297 0.438741 0.229094 0.420926
26 0.741453 0.490119 0.737031 0.487886 0.709078 0.487886 0.709078 0.5147269999999999 0.710547 0.557245 0.729672 0.559477 0.735563 0.5415679999999999 0.739969 0.49684100000000003 0.741453 0.490119
26 0.385266 0.48919199999999996 0.389672 0.48826600000000003 0.389469 0.472138 0.388063 0.468789 0.378641 0.47244699999999995 0.377641 0.48826600000000003 0.385266 0.48919199999999996
14 0.9194530000000001 0.572352 0.9697190000000001 0.572352 0.987453 0.545392 0.997812 0.5206649999999999 0.9918910000000001 0.5206649999999999 0.9564220000000001 0.5206649999999999 0.9164999999999999 0.5206649999999999 0.894328 0.518409 0.912062 0.554371 0.9194530000000001 0.572352
14 0.266562 0.5067699999999999 0.285641 0.505582 0.286672 0.498527 0.286922 0.49658 0.28925 0.493444 0.291312 0.491093 0.294656 0.487577 0.29775 0.471496 0.296203 0.468765 0.292859 0.468765 0.283578 0.468765 0.27481300000000003 0.469549 0.260891 0.46992900000000004 0.255219 0.46992900000000004 0.25418799999999997 0.475036 0.255219 0.485226 0.265797 0.49893099999999996 0.266562 0.5067699999999999
48 0.5277339999999999 0.7281 0.530687 0.696627 0.5351250000000001 0.593254 0.541031 0.543824 0.5572969999999999 0.487648 0.5218130000000001 0.47190000000000004 0.49520299999999995 0.487648 0.45381299999999997 0.476413 0.44495300000000004 0.501116 0.441984 0.521354 0.44790599999999997 0.721354 0.5277339999999999 0.7281
58 0.8260780000000001 0.528765 0.767828 0.530903 0.782953 0.541544 0.8274839999999999 0.540689 0.8274839999999999 0.540261 0.8274839999999999 0.533468 0.8260780000000001 0.528765
58 0.865578 0.541116 0.866125 0.540689 0.853531 0.532185 0.840922 0.530475 0.839813 0.539002 0.841484 0.542399 0.865578 0.541116
62 0.473062 0.375558 0.473062 0.393254 0.471547 0.402399 0.469672 0.40639000000000003 0.466672 0.41154399999999997 0.466672 0.41325399999999995 0.470797 0.42522600000000005 0.474188 0.42752999999999997 0.474937 0.42696 0.47756299999999996 0.42465600000000003 0.477938 0.424086 0.480938 0.419525 0.480938 0.416675 0.482062 0.40981 0.480938 0.399549 0.479437 0.397838 0.47643800000000003 0.393824 0.475687 0.315629 0.473813 0.31677000000000005 0.471172 0.31620000000000004 0.473062 0.375558
53 0.737391 0.486271 0.738094 0.5245369999999999 0.812219 0.5223990000000001 0.815016 0.51285 0.817812 0.49688800000000005 0.8220000000000001 0.521354 0.830391 0.516033 0.830391 0.497957 0.830391 0.441615 0.815016 0.427791 0.815016 0.46076 0.810812 0.47033299999999995 0.808016 0.42886 0.8262029999999999 0.41717299999999996 0.837391 0.438432 0.8352809999999999 0.505392 0.8464689999999999 0.518147 0.848578 0.49688800000000005 0.852063 0.495843 0.852063 0.518147 0.874437 0.5245369999999999 0.87375 0.28323 0.724812 0.28641300000000003 0.727609 0.489454 0.737391 0.486271
78 0.22296900000000003 0.446841 0.21800000000000003 0.445843 0.21435900000000002 0.445843 0.212047 0.448361 0.207422 0.44734 0.20509400000000003 0.44432299999999997 0.20576599999999998 0.513729 0.20807799999999999 0.513729 0.21701600000000001 0.5127079999999999 0.220641 0.5127079999999999 0.224281 0.5127079999999999 0.22395299999999999 0.446841 0.22296900000000003 0.446841
58 0.17968800000000001 0.574466 0.21549999999999997 0.581924 0.237094 0.5759620000000001 0.252797 0.5632780000000001 0.282719 0.547601 0.278797 0.533444 0.258688 0.533444 0.23906299999999997 0.534941 0.217469 0.536413 0.201281 0.529715 0.194406 0.531948 0.192437 0.53791 0.153188 0.561781 0.17968800000000001 0.574466
1 0.9062659999999999 0.512518 0.9136089999999999 0.514489 0.935109 0.518076 0.9539839999999999 0.5192869999999999 0.9778589999999999 0.5184799999999999 0.981531 0.517696 0.981266 0.5121140000000001 0.9694689999999999 0.511306 0.961328 0.51171 0.9568749999999999 0.50095 0.947438 0.50095 0.9419219999999999 0.50095 0.9317030000000001 0.499739 0.9275 0.503729 0.923828 0.507316 0.919891 0.5041329999999999 0.915438 0.500143 0.909406 0.50095 0.9054690000000001 0.5057240000000001 0.9049530000000001 0.5121140000000001 0.9062659999999999 0.512518