74 0.186344 0.503364 0.234437 0.570794 0.276516 0.577523 0.314094 0.584276 0.333625 0.595514 0.991859 0.948318 0.9948589999999999 0.937079 0.999375 0.02247660046728972 0.817531 0.0022429906542056075 0.754406 0 0.49592200000000003 0.283154 0.447844 0.31684599999999996 0.38171900000000003 0.355047 0.335125 0.39324800000000004 0.266 0.404486 0.21640600000000002 0.404486 0.192359 0.420234 0.184844 0.45616799999999996 0.184844 0.49663599999999997 0.184844 0.528084 0.187844 0.548318 0.186344 0.503364
50 0.167938 0.622103 0.173094 0.641028 0.17450000000000002 0.65014 0.17075 0.686612 0.169344 0.684159 0.169344 0.69236 0.177547 0.6978040000000001 0.18759399999999998 0.699182 0.18940600000000002 0.69236 0.17846900000000002 0.686893 0.18759399999999998 0.651425 0.18576600000000001 0.620047 0.18759399999999998 0.606402 0.190906 0.596285 0.190906 0.5817060000000001 0.188547 0.57014 0.184844 0.561075 0.183844 0.558061 0.1835 0.556051 0.188547 0.556565 0.189547 0.544486 0.189547 0.5319159999999999 0.186188 0.529416 0.182156 0.528388 0.178453 0.528902 0.175437 0.533435 0.17442200000000002 0.549509 0.17106300000000002 0.5500229999999999 0.17168699999999998 0.550561 0.168875 0.567407 0.167938 0.622103
50 0.0228437 0.621379 0.015062500000000001 0.634299 0.0155 0.65236 0.0198125 0.668505 0.0219688 0.674953 0.0392344 0.662687 0.0418281 0.654953 0.040093699999999996 0.674953 0.052609399999999994 0.674953 0.0534844 0.6446259999999999 0.0500313 0.636238 0.052609399999999994 0.629136 0.052609399999999994 0.620093 0.0539063 0.604603 0.0461406 0.6026640000000001 0.0457031 0.603318 0.0435469 0.594276 0.0388125 0.59236 0.028875 0.590421 0.0306094 0.607196 0.0228437 0.621379
50 0.9437340000000001 0.46415900000000004 0.9437340000000001 0.483435 0.9493119999999999 0.49243000000000003 0.957906 0.49243000000000003 0.967797 0.491776 0.975953 0.48794400000000004 0.979391 0.48794400000000004 0.9802500000000001 0.48729 0.978969 0.370374 0.9712339999999999 0.402477 0.9669380000000001 0.419182 0.960922 0.427547 0.957906 0.433318 0.948891 0.43074799999999996 0.9475939999999999 0.432687 0.945875 0.447453 0.9437340000000001 0.46415900000000004
50 0.757094 0.33247699999999997 0.757891 0.373435 0.761062 0.385911 0.7634529999999999 0.396589 0.7590779999999999 0.409065 0.757484 0.42925199999999997 0.760672 0.498738 0.763047 0.504089 0.7658280000000001 0.49993000000000004 0.7678130000000001 0.468458 0.768609 0.451238 0.765031 0.451822 0.7634529999999999 0.446472 0.7658280000000001 0.439346 0.7690159999999999 0.407874 0.769406 0.394229 0.772984 0.392453 0.774969 0.379369 0.7777499999999999 0.345537 0.7737809999999999 0.311098 0.7678130000000001 0.31465 0.755109 0.322967 0.758687 0.32535 0.757094 0.33247699999999997
50 0.40476599999999996 0.459416 0.40014099999999997 0.468949 0.401734 0.470841 0.402531 0.479907 0.406844 0.485864 0.40476599999999996 0.459416
50 0.129578 0.7196030000000001 0.142641 0.7196030000000001 0.145906 0.670748 0.142641 0.6479440000000001 0.14156200000000002 0.6349070000000001 0.156812 0.569743 0.152453 0.545304 0.147 0.5225 0.14918800000000002 0.488294 0.160078 0.46549100000000004 0.168797 0.442687 0.17968800000000001 0.418248 0.174234 0.414977 0.166609 0.41986 0.166609 0.436168 0.15462499999999998 0.452453 0.142641 0.48014 0.139375 0.46873800000000004 0.13174999999999998 0.46549100000000004 0.121953 0.47525700000000004 0.125219 0.493178 0.124125 0.506215 0.10887500000000001 0.53715 0.1165 0.574626 0.1165 0.59743 0.114312 0.65771 0.123031 0.667477 0.124125 0.708201 0.119766 0.755444 0.114312 0.7668459999999999 0.11540600000000001 0.779883 0.118672 0.784766 0.148094 0.783131 0.147 0.773364 0.13174999999999998 0.761963 0.129578 0.7196030000000001
50 0.349062 0.450631 0.344984 0.45215 0.344984 0.470958 0.34429699999999996 0.471986 0.343281 0.46383199999999997 0.343969 0.445023 0.342609 0.439953 0.335797 0.438925 0.32934399999999997 0.449089 0.335797 0.46028 0.335469 0.463341 0.34090600000000004 0.478084 0.337844 0.48570100000000005 0.348047 0.491799 0.349062 0.450631
50 0.545609 0.542944 0.5450630000000001 0.5083179999999999 0.539672 0.5300699999999999 0.543453 0.549393 0.539141 0.561472 0.534828 0.567103 0.532141 0.593668 0.532141 0.60736 0.539672 0.604159 0.5450630000000001 0.6355609999999999 0.545609 0.648435 0.540219 0.651659 0.54075 0.6589020000000001 0.542375 0.661332 0.548828 0.654883 0.545609 0.542944
50 0.655844 0.388388 0.642516 0.40422899999999995 0.630703 0.410117 0.620719 0.449977 0.626766 0.502056 0.6258589999999999 0.514276 0.6667500000000001 0.5079440000000001 0.6667500000000001 0.506121 0.664922 0.426425 0.661891 0.33722 0.658266 0.341752 0.6555310000000001 0.387477 0.655844 0.388388
50 0.380719 0.518411 0.380719 0.531051 0.381937 0.5360050000000001 0.385547 0.529229 0.384953 0.495374 0.38404699999999997 0.494019 0.382844 0.49446300000000004 0.381031 0.501238 0.380719 0.518411
50 0.952328 0.294626 0.969453 0.298084 0.975047 0.304953 0.974062 0.261659 0.966812 0.264603 0.961547 0.266589 0.946734 0.268551 0.9493750000000001 0.296098 0.952328 0.294626
50 0.9115309999999999 0.283808 0.909219 0.293154 0.896719 0.30053700000000005 0.894406 0.307921 0.9095470000000001 0.303972 0.9095470000000001 0.3069390000000001 0.899672 0.309883 0.894078 0.32021 0.9135 0.318738 0.934891 0.3025 0.9375310000000001 0.304953 0.9385160000000001 0.277897 0.9227190000000001 0.273972 0.9115309999999999 0.283808