63 0.26594 0.272507 0.2602 0.274427 0.25552 0.279893 0.2516 0.288053 0.24996000000000002 0.30336 0.25466 0.3096 0.26239999999999997 0.312267 0.25982 0.304 0.25924 0.292267 0.26172 0.28562699999999996 0.26756 0.28384 0.27014 0.28384 0.2729 0.28104 0.27072 0.274667 0.26594 0.272507
50 0.8135399999999999 0.00856 0.81048 0.018080000000000002 0.8094600000000001 0.02896 0.8135399999999999 0.04394670133333333 0.79312 0.04394670133333333 0.7777999999999999 0.05618670133333333 0.7737200000000001 0.06573329866666666 0.7625 0.0984 0.75636 0.11879999999999999 0.75534 0.144667 0.75842 0.15829300000000002 0.79822 0.16781300000000002 0.8135399999999999 0.16781300000000002 0.82988 0.170533 0.8390599999999999 0.16237300000000002 0.86254 0.159653 0.9084800000000001 0.156933 0.91562 0.12287999999999999 0.90542 0.06026669866666667 0.89112 0.048026698666666666 0.86866 0.03168 0.8605 0.011280000000000002 0.8605 0 0.83396 0.0003733333333333334 0.81456 0.00312 0.8135399999999999 0.00856
50 0.40358 0.317493 0.38172 0.317493 0.36322000000000004 0.308533 0.30438 0.299547 0.27074000000000004 0.27936 0.24888 0.281627 0.26402 0.319733 0.29596 0.326453 0.36660000000000004 0.366827 0.38339999999999996 0.382507 0.412 0.404933 0.44562 0.46770700000000004 0.44057999999999997 0.496853 0.42208 0.541707 0.37668 0.653813 0.26738 0.7300530000000001 0.23878 0.76592 0.22030000000000002 0.804027 0.2287 0.84216 0.26233999999999996 0.84216 0.25895999999999997 0.821973 0.2842 0.7928270000000001 0.36322000000000004 0.750213 0.43722000000000005 0.674 0.53812 0.59776 0.64406 0.640347 0.68274 0.76144 0.69956 0.835413 0.7567200000000001 0.83768 0.80214 0.83768 0.8071799999999999 0.810773 0.75336 0.8017869999999999 0.7331799999999999 0.7300530000000001 0.69114 0.5955199999999999 0.66424 0.5596530000000001 0.56838 0.47218699999999997 0.5616599999999999 0.389227 0.5515599999999999 0.26367999999999997 0.59024 0.26367999999999997 0.61548 0.26367999999999997 0.6087400000000001 0.290587 0.5936 0.326453 0.58016 0.393733 0.62724 0.40269299999999997 0.6491 0.36008 0.65246 0.306267 0.64574 0.281627 0.6339600000000001 0.230053 0.60034 0.22557300000000002 0.54652 0.218827 0.49776 0.216587 0.49776 0.209867 0.49776 0.18296 0.5028 0.17848000000000003 0.50952 0.153813 0.49439999999999995 0.133627 0.48598 0.140347 0.46412 0.12242700000000001 0.42713999999999996 0.140347 0.42544 0.174 0.43218 0.21210700000000002 0.449 0.241253 0.41872000000000004 0.283867 0.40358 0.317493
50 0.8849199999999999 0.03464 0.89618 0.04850670133333333 0.90658 0.08314670133333334 0.9117799999999999 0.128213 0.9117799999999999 0.144373 0.90398 0.154773 0.9472999999999999 0.16864 1 0.148987 0.99754 0.016159999999999997 0.97762 0.009226669333333333 0.97156 0.00344 0.9213 0 0.8918400000000001 0.026560000000000004 0.8849199999999999 0.03464
5 0.6126 0.28664 0.60652 0.292933 0.60112 0.303733 0.5903200000000001 0.305547 0.58424 0.321733 0.57952 0.349627 0.5714199999999999 0.39464000000000005 0.5829 0.40543999999999997 0.62476 0.40543999999999997 0.6382599999999999 0.37933300000000003 0.6409600000000001 0.36224 0.6612 0.302827 0.6423 0.302827 0.618 0.28664 0.6126 0.28664
50 0.31748 0.0009599999999999999 0.17174 0.00216 0.1636 0.00698667 0.16088 0.01664 0.19618 0.0142133 0.2161 0.0468 0.21972 0.05648 0.24778 0.06008 0.27674 0.0613067 0.28488 0.0673333 0.29214 0.0649067 0.29214 0.0540533 0.31748 0.0552533 0.33014 0.0480267 0.31748 0.0009599999999999999
50 0.24506 0.15424 0.26136 0.190427 0.26768 0.190427 0.31476 0.227867 0.3564 0.233893 0.37632 0.23752 0.37542 0.22544000000000003 0.31838 0.0950933 0.23148 0.0950933 0.24506 0.15424
2 0.24124 0.17784 0.24124 0.15192 0.23306 0.12872 0.2085 0.12327999999999999 0.18804 0.131467 0.17474 0.14784 0.17064 0.22968 0.24124 0.236507 0.24022 0.21330699999999997 0.24124 0.17784
4 0.7113200000000001 0.22845300000000002 0.72592 0.22640000000000002 0.7212999999999999 0.115787 0.719 0.04 0.71594 0.00312 0.70902 0.00005333333333333333 0.7113200000000001 0.030773301333333333 0.70978 0.218213 0.7113200000000001 0.22845300000000002
50 0.45556 0.00493333 0.37038 0.00248 0.36482 0.03456 0.36666 0.0469067 0.47222 0.03456 0.45556 0.00493333
50 0.40556 0.16296 0.41112 0.0814933 0.35556 0.0790133 0.34444 0.160507 0.40556 0.16296
26 0.76176 0.04856 0.76462 0.04509329866666667 0.76462 0.041280000000000004 0.7652 0.0336 0.76636 0.025546698666666666 0.76636 0.015973298666666667 0.7649199999999999 0.012506698666666668 0.76002 0.012506698666666668 0.74852 0.012906701333333333 0.7470800000000001 0.02976 0.74852 0.03629330133333333 0.75024 0.042800000000000005 0.7511 0.04701329866666667 0.76176 0.04856
50 0 0.0052 0.00194 0.0597333 0.11298 0.0597333 0.11298 0.0052 0 0.0052
50 0.0039 0.17402700000000002 0.12468 0.17144 0.11688 0.08832 0.00194 0.101307 0.0039 0.17402700000000002