76 0.31256 0.284985 0.31256 0.423574 0.45227999999999996 0.422943 0.4496 0.283243 0.31256 0.284114 0.31256 0.284985
20 0.41966000000000003 0.756997 0.3996 0.7784979999999999 0.38383999999999996 0.8042940000000001 0.38098000000000004 0.8537539999999999 0.40246 0.8838739999999999 0.44830000000000003 0.873123 0.54426 0.8838739999999999 0.63306 0.8860359999999999 0.64452 0.849459 0.64738 0.7978379999999999 0.6617000000000001 0.748378 0.6273200000000001 0.741922 0.613 0.733333 0.5901000000000001 0.70967 0.5815 0.7462460000000001 0.5772 0.7548349999999999 0.56288 0.76988 0.5242 0.763453 0.48124 0.750541 0.42394 0.750541 0.41966000000000003 0.756997
24 0.005719999999999999 0.623664 0.0071600000000000006 0.7849550000000001 0.0086 0.987087 0.42538 0.9849550000000001 0.6903400000000001 0.987087 0.82928 0.987087 0.80064 0.9397899999999999 0.80064 0.9053749999999999 0.80922 0.815045 0.78774 0.741922 0.76052 0.731171 0.70468 0.724745 0.66744 0.737628 0.60442 0.705375 0.5786399999999999 0.726877 0.5642999999999999 0.744084 0.5199 0.748378 0.52564 0.73979 0.42538 0.733333 0.38814 0.772042 0.3466 0.7763359999999999 0.21484 0.73979 0.12029999999999999 0.726877 0.11602 0.670961 0.08308 0.655916 0.06731999999999999 0.662372 0.061579999999999996 0.6774169999999999 0.02578 0.621502 0.0043 0.619369 0.005719999999999999 0.623664
22 0.7279800000000001 0.652523 0.7339 0.613994 0.7417999999999999 0.606577 0.75166 0.603604 0.75462 0.59027 0.75858 0.563604 0.79708 0.5591590000000001 0.79806 0.554685 0.79806 0.538408 0.80102 0.49096100000000004 0.803 0.42723700000000003 0.78622 0.421291 0.7487 0.406486 0.6993400000000001 0.404985 0.6746599999999999 0.407958 0.66776 0.41240200000000005 0.65888 0.47168200000000005 0.6154400000000001 0.493934 0.61346 0.49985 0.6144400000000001 0.511712 0.6154400000000001 0.528018 0.61248 0.535435 0.60556 0.55024 0.60358 0.565075 0.60358 0.5784079999999999 0.60162 0.667357 0.61346 0.673273 0.6154400000000001 0.6243540000000001 0.72502 0.652523 0.7279800000000001 0.652523
12 0.36901999999999996 0.62048 0.37204000000000004 0.624505 0.43666000000000005 0.62955 0.45274000000000003 0.603904 0.45342 0.598378 0.42092 0.596847 0.40418 0.617477 0.37572000000000005 0.6159760000000001 0.37304000000000004 0.614444 0.36901999999999996 0.62048
12 0.36832 0.637267 0.38542000000000004 0.63976 0.43945999999999996 0.643063 0.4516 0.624024 0.4527 0.6041439999999999 0.43672000000000005 0.627327 0.36995999999999996 0.624024 0.36832 0.637267
22 0.96084 0.863273 0.91054 0.704414 0.97992 0.542973 0.90188 0.49087100000000006 0.86198 0.561201 0.77006 0.563814 0.75618 0.608078 0.73884 0.613273 0.7319 0.636727 0.7301799999999999 0.738288 0.76832 0.735676 0.9244199999999999 0.798168 0.94696 0.8736940000000001 0.96084 0.863273
12 0.45127999999999996 0.643964 0.45068 0.628619 0.43894 0.642162 0.3902 0.640811 0.39322 0.655706 0.43983999999999995 0.662492 0.45127999999999996 0.643964
12 0.40274 0.6169669999999999 0.42244 0.593303 0.38980000000000004 0.584024 0.37460000000000004 0.611892 0.40274 0.6169669999999999
78 0.56662 0.287207 0.5683400000000001 0.288498 0.57008 0.293033 0.5661799999999999 0.297898 0.5629400000000001 0.31967 0.5625 0.332312 0.56272 0.33979 0.5629400000000001 0.34045 0.56532 0.34045 0.57138 0.34108099999999997 0.57484 0.34045 0.58284 0.33979 0.58024 0.306336 0.57612 0.294024 0.5741799999999999 0.292072 0.5741799999999999 0.29045 0.57504 0.289459 0.58066 0.28621599999999997 0.58284 0.283303 0.5813200000000001 0.272252 0.5785 0.271291 0.56164 0.2703 0.5625 0.282312 0.56662 0.287207
78 0.46688 0.40414399999999995 0.46322 0.410631 0.46177999999999997 0.415946 0.46296 0.425556 0.4661 0.431652 0.46806 0.43558600000000003 0.47278 0.43558600000000003 0.47816000000000003 0.433423 0.48075999999999997 0.427928 0.48234 0.42243200000000003 0.48274 0.41711699999999996 0.48168 0.411411 0.47986 0.406877 0.47698 0.402553 0.47592 0.39648600000000006 0.47631999999999997 0.39213200000000004 0.46978 0.391742 0.46806 0.392553 0.4686 0.39333299999999993 0.46806 0.401772 0.46688 0.40414399999999995
27 0.35118 0.78039 0.36018 0.78039 0.3561 0.686997 0.36263999999999996 0.67964 0.38392000000000004 0.67964 0.38718 0.785285 0.39782 0.78039 0.39456 0.682102 0.51566 0.6919219999999999 0.5132000000000001 0.752132 0.5238400000000001 0.74967 0.5238400000000001 0.6906909999999999 0.5312 0.674715 0.5320199999999999 0.755796 0.54102 0.755796 0.54102 0.620661 0.45183999999999996 0.619429 0.44038 0.6439940000000001 0.37082 0.6403300000000001 0.37082 0.634174 0.3471 0.663664 0.35118 0.78039