76 0.423172 0.31993 0.433891 0.327963 0.442469 0.335995 0.5549999999999999 0.2926 0.561438 0.09983610070257612 0.426391 0.106253 0.423172 0.31993
76 0.32328100000000004 0.552576 0.35079699999999997 0.6247309999999999 0.320531 0.46185 0.298516 0.416487 0.32328100000000004 0.552576
22 0.8382970000000001 0.33943799999999996 0.8339840000000001 0.34374699999999997 0.822484 0.36098399999999997 0.786531 0.39548 0.7707189999999999 0.42995300000000003 0.746266 0.516159 0.720391 0.5183139999999999 0.645625 0.505386 0.632672 0.5140049999999999 0.6254839999999999 0.5312410000000001 0.631234 0.542037 0.645625 0.53555 0.6715 0.539859 0.667188 0.546347 0.6154219999999999 0.606674 0.67725 0.6045200000000001 0.672937 0.6303979999999999 0.661438 0.6303979999999999 0.647062 0.660562 0.668625 0.6821079999999999 0.698828 0.690726 0.708891 0.6821079999999999 0.7146410000000001 0.6821079999999999 0.711766 0.725222 0.66575 0.692881 0.6599999999999999 0.69719 0.664313 0.71445 0.662875 0.729532 0.662875 0.731686 0.6743750000000001 0.740304 0.680125 0.731686 0.695953 0.740304 0.611109 0.772623 0.611109 0.783396 0.6154219999999999 0.796347 0.608234 0.809274 0.618297 0.8243560000000001 0.632672 0.809274 0.624047 0.787705 0.707453 0.768314 0.7002659999999999 0.871756 0.703141 0.878244 0.697391 0.893326 0.706016 0.917026 0.7189530000000001 0.906253 0.723266 0.8847069999999999 0.713203 0.876089 0.724703 0.774778 0.7405160000000001 0.789859 0.762094 0.789859 0.812422 0.832974 0.8052189999999999 0.843747 0.808109 0.8609840000000001 0.822484 0.8652930000000001 0.8325469999999999 0.841593 0.818172 0.828665 0.818172 0.8135830000000001 0.747703 0.751077 0.773594 0.735995 0.776469 0.740304 0.767844 0.753232 0.782219 0.766159 0.792281 0.748923 0.783656 0.733841 0.780781 0.71445 0.7261409999999999 0.729532 0.721828 0.6821079999999999 0.733328 0.6756439999999999 0.767844 0.6777989999999999 0.7707189999999999 0.660562 0.7937190000000001 0.6174470000000001 0.8066720000000001 0.6109840000000001 0.8052189999999999 0.539859 0.8066720000000001 0.5140049999999999 0.799469 0.501077 0.7937190000000001 0.49030399999999996 0.8152969999999999 0.460141 0.8368589999999999 0.369602 0.835422 0.36098399999999997 0.841172 0.350211 0.8382970000000001 0.33943799999999996
42 0.353906 0.637096 0.459453 0.622998 0.462219 0.6163930000000001 0.41745299999999996 0.545152 0.338438 0.548478 0.320203 0.459016 0.295891 0.408501 0.289812 0.409321 0.305828 0.487166 0.34617200000000004 0.6263230000000001 0.353906 0.637096
39 0.483266 0.441944 0.48445299999999997 0.449063 0.48723400000000006 0.452037 0.492391 0.455597 0.5015 0.459742 0.511797 0.461522 0.521703 0.456768 0.52725 0.45262300000000005 0.533188 0.446089 0.537156 0.443724 0.546656 0.43004699999999996 0.553 0.426487 0.562109 0.422927 0.577172 0.410468 0.577172 0.40630000000000005 0.574391 0.405105 0.568844 0.403326 0.55775 0.398571 0.551422 0.392646 0.486047 0.43599499999999997 0.483266 0.441944
39 0.587063 0.471639 0.607859 0.454145 0.618 0.44274 0.6281559999999999 0.429813 0.630687 0.42676800000000004 0.6068439999999999 0.414614 0.585531 0.41384099999999996 0.570312 0.42297399999999996 0.534297 0.451101 0.520594 0.46555 0.5231250000000001 0.46707299999999996 0.565234 0.481522 0.587063 0.471639
12 0.466812 0.542342 0.550344 0.559133 0.5722970000000001 0.515246 0.564547 0.492014 0.486188 0.48620599999999997 0.46723400000000004 0.521054 0.466812 0.542342
26 0.615656 0.37065600000000004 0.618047 0.368501 0.618781 0.331101 0.616141 0.33541 0.613016 0.336136 0.6002970000000001 0.335059 0.596938 0.335059 0.596688 0.337564 0.591656 0.340445 0.5918910000000001 0.362389 0.595016 0.36634700000000003 0.598609 0.369578 0.602938 0.37281000000000003 0.6075 0.37353600000000003 0.615656 0.37065600000000004
45 0.670484 0.382693 0.667344 0.376136 0.659219 0.36955499999999997 0.653578 0.367681 0.6460619999999999 0.370492 0.642938 0.37142899999999995 0.637297 0.376136 0.637922 0.384567 0.642938 0.389274 0.6654690000000001 0.389274 0.670484 0.382693
45 0.6398590000000001 0.39985899999999996 0.641625 0.403864 0.646359 0.404754 0.641625 0.398103 0.6398590000000001 0.39985899999999996
45 0.654453 0.41267000000000004 0.665203 0.413653 0.667359 0.40857099999999996 0.660391 0.393162 0.650297 0.39089 0.643141 0.39782199999999995 0.6408750000000001 0.402482 0.653219 0.409696 0.654453 0.41267000000000004
45 0.623719 0.41163900000000003 0.628094 0.40627599999999997 0.6285000000000001 0.40177999999999997 0.624313 0.396112 0.616937 0.395222 0.603781 0.395222 0.597797 0.40119400000000005 0.597797 0.40536300000000003 0.600781 0.40747099999999997 0.602391 0.40925100000000003 0.614938 0.41074900000000003 0.623719 0.41163900000000003