11 0.9135310000000001 0.760523 0.959094 0.7626149999999999 0.9685309999999999 0.698808 0.949141 0.710021 0.8789529999999999 0.720544 0.808766 0.724059 0.8066720000000001 0.720544 0.760578 0.724749 0.765297 0.7443930000000001 0.9135310000000001 0.760523
11 0.331266 0.6778029999999999 0.34253100000000003 0.681569 0.363156 0.699142 0.41284400000000004 0.699142 0.41565599999999997 0.7104389999999999 0.451281 0.719226 0.451281 0.692866 0.425031 0.679059 0.413781 0.652678 0.334078 0.6514230000000001 0.331266 0.6778029999999999
11 0.530297 0.695188 0.5427190000000001 0.688724 0.550297 0.68318 0.549609 0.675335 0.539609 0.670251 0.532031 0.660565 0.527203 0.6536399999999999 0.5165 0.65318 0.513062 0.547929 0.510984 0.452824 0.509266 0.361402 0.504094 0.36234299999999997 0.506516 0.421883 0.5082340000000001 0.510523 0.510297 0.620397 0.510641 0.628243 0.510641 0.65318 0.464438 0.6536399999999999 0.452031 0.670251 0.43962500000000004 0.673954 0.43548400000000004 0.679498 0.427203 0.679498 0.45237499999999997 0.6924269999999999 0.45306199999999996 0.706736 0.5237499999999999 0.7104180000000001 0.530297 0.695188
11 0.577094 0.6541 0.556297 0.658494 0.554109 0.679017 0.549188 0.682678 0.546453 0.6885359999999999 0.530578 0.695858 0.523469 0.710523 0.522922 0.7163809999999999 0.644953 0.73251 0.6487809999999999 0.7259000000000001 0.66575 0.721506 0.701328 0.7288279999999999 0.720484 0.73251 0.722672 0.7310460000000001 0.722125 0.702469 0.712812 0.699519 0.6843589999999999 0.699519 0.677797 0.692929 0.672875 0.684142 0.6662969999999999 0.681946 0.655359 0.661423 0.634563 0.657029 0.631828 0.623326 0.629094 0.42991599999999996 0.6706719999999999 0.681987 0.629641 0.419665 0.628547 0.38341000000000003 0.625797 0.381946 0.6241559999999999 0.385607 0.628547 0.619351 0.6252500000000001 0.6269870000000001 0.5787340000000001 0.642385 0.577094 0.6541
11 0.9997659999999999 0.776904 0.9994529999999999 0.700167 0.9981880000000001 0.698912 1 0.6883050000000001 0.9972340000000001 0.687029 1 0.667971 0.9997659999999999 0.6645819999999999 0.9984999999999999 0.659477 0.994703 0.659477 0.990594 0.6556690000000001 0.986156 0.6552509999999999 0.983625 0.653138 0.9782339999999999 0.6522800000000001 0.9772970000000001 0.658222 0.9760310000000001 0.663724 0.9731719999999999 0.659477 0.9602029999999999 0.65864 0.9605159999999999 0.663724 0.949109 0.665 0.952922 0.681527 0.955453 0.689163 0.955453 0.695523 0.9516560000000001 0.6997490000000001 0.949437 0.703138 0.9532339999999999 0.7065269999999999 0.96875 0.698473 0.9592499999999999 0.76205 0.9984999999999999 0.7752089999999999 0.9997659999999999 0.776904
11 0.355672 0.706297 0.356813 0.694121 0.342938 0.679812 0.327469 0.675858 0.322 0.676151 0.315641 0.68772 0.323828 0.69046 0.322 0.720628 0.355672 0.721527 0.355672 0.706297
11 0.747938 0.698389 0.740688 0.698849 0.734469 0.698849 0.732047 0.694226 0.731359 0.681276 0.7289380000000001 0.674331 0.722719 0.6752509999999999 0.721672 0.678494 0.725484 0.6900630000000001 0.725484 0.7002510000000001 0.72375 0.703954 0.720641 0.7113389999999999 0.723406 0.7326360000000001 0.737922 0.7367990000000001 0.760031 0.737259 0.759687 0.72523 0.775234 0.722908 0.803234 0.7219869999999999 0.8115309999999999 0.7219869999999999 0.805312 0.7182850000000001 0.8015000000000001 0.717824 0.783188 0.717824 0.778359 0.714121 0.7787029999999999 0.713661 0.784922 0.7062550000000001 0.785953 0.696088 0.7635 0.698389 0.747938 0.698389
11 0.810937 0.670962 0.755859 0.661067 0.7109840000000001 0.659561 0.707578 0.664874 0.712688 0.697573 0.720078 0.698326 0.721203 0.670962 0.7308589999999999 0.6702089999999999 0.734844 0.679331 0.735406 0.696046 0.7462030000000001 0.697573 0.776859 0.697573 0.796172 0.7013809999999999 0.805828 0.685418 0.808109 0.685418 0.821172 0.679331 0.821734 0.67249 0.8115159999999999 0.669435 0.810937 0.670962
11 0.250953 0.717197 0.25320299999999996 0.695586 0.23975 0.69318 0.230328 0.679979 0.214188 0.672176 0.20073400000000002 0.676967 0.198047 0.68477 0.189516 0.702782 0.234813 0.717197 0.250953 0.717197
11 0.22985899999999998 0.6811299999999999 0.238234 0.688933 0.253891 0.696255 0.255719 0.705523 0.261906 0.7050420000000001 0.281938 0.700167 0.293234 0.709916 0.32092200000000004 0.71431 0.324187 0.693828 0.305984 0.685523 0.282313 0.66749 0.274297 0.659686 0.269188 0.652364 0.27101600000000003 0.5694560000000001 0.269188 0.40267800000000004 0.267734 0.475335 0.266641 0.574331 0.258266 0.658222 0.250625 0.659686 0.23859400000000003 0.6630959999999999 0.23604699999999998 0.675293 0.22985899999999998 0.6762549999999999 0.22985899999999998 0.6811299999999999
11 0.666547 0.6536609999999999 0.6684840000000001 0.6652720000000001 0.669766 0.6782009999999999 0.672344 0.6812130000000001 0.673625 0.685523 0.675875 0.6906690000000001 0.679406 0.693264 0.681984 0.695418 0.687125 0.697573 0.6925939999999999 0.6984309999999999 0.699672 0.697573 0.704172 0.696276 0.7093130000000001 0.694561 0.7093130000000001 0.6867989999999999 0.7093130000000001 0.6812130000000001 0.708984 0.6782009999999999 0.705781 0.675188 0.704812 0.671297 0.704172 0.666569 0.704484 0.660105 0.700313 0.654079 0.667844 0.654079 0.666547 0.6536609999999999
11 0.136469 0.705418 0.175187 0.7078869999999999 0.191797 0.700481 0.213922 0.663452 0.21023399999999998 0.6609830000000001 0.18440600000000001 0.648619 0.191797 0.335042 0.177031 0.638745 0.160438 0.670858 0.125406 0.670858 0.121719 0.700481 0.136469 0.705418
11 0.418687 0.656695 0.42203099999999993 0.672343 0.42704700000000007 0.68205 0.454344 0.6678660000000001 0.45824999999999994 0.660418 0.46270300000000003 0.649979 0.44431200000000004 0.646234 0.432625 0.6328239999999999 0.42035900000000004 0.626109 0.40700000000000003 0.6223639999999999 0.39864099999999997 0.626109 0.399187 0.649979 0.400312 0.646234 0.411453 0.649979 0.418687 0.656695