18 0.220594 0.482867 0.220594 0.487413 0.222125 0.514755 0.241219 0.515897 0.266422 0.511911 0.306516 0.508485 0.306125 0.478858 0.304219 0.468042 0.283594 0.451515 0.270625 0.45324000000000003 0.23931200000000002 0.461212 0.232437 0.47317 0.222891 0.477156 0.220594 0.482867
50 0.424781 0.466737 0.441359 0.46447599999999994 0.47750000000000004 0.608298 0.469969 0.6465029999999999 0.513656 0.630769 0.472984 0.49144499999999997 0.542281 0.48020999999999997 0.564875 0.424033 0.551312 0.372354 0.509141 0.304942 0.48503100000000005 0.275711 0.441359 0.28020999999999996 0.41574999999999995 0.259977 0.396156 0.266737 0.388625 0.284709 0.391641 0.31167799999999996 0.35398399999999997 0.320653 0.357 0.34762200000000004 0.387125 0.322914 0.41574999999999995 0.361119 0.435203 0.361608 0.43862500000000004 0.342401 0.44125 0.34279699999999996 0.444391 0.36669 0.453594 0.378834 0.465672 0.380396 0.46803100000000003 0.408228 0.431797 0.41487199999999996 0.397328 0.426317 0.40328099999999995 0.5879249999999999 0.357578 0.604242 0.375469 0.6190680000000001 0.381094 0.624033 0.43682800000000005 0.621795 0.424781 0.466737
50 0.785531 0.47473200000000004 0.767687 0.50669 0.761969 0.519464 0.7805310000000001 0.522657 0.789828 0.532261 0.794813 0.5482279999999999 0.8026719999999999 0.553566 0.813391 0.596177 0.817672 0.626014 0.836953 0.634522 0.8662340000000001 0.628135 0.8726559999999999 0.627086 0.909078 0.624942 0.921937 0.617483 0.911937 0.665431 0.904797 0.693124 0.900516 0.7080420000000001 0.900516 0.721888 0.929797 0.7229599999999999 0.9433590000000001 0.721888 0.9447810000000001 0.7165729999999999 0.9712189999999999 0.71338 0.9855 0.710163 0.987641 0.695268 0.984062 0.692051 0.961922 0.688858 0.9597810000000001 0.6707460000000001 0.9605 0.666503 0.9605 0.641981 0.962641 0.598298 0.964781 0.580186 0.961219 0.564219 0.9469369999999999 0.555688 0.913359 0.557832 0.8912340000000001 0.557832 0.8812340000000001 0.551422 0.871234 0.536527 0.854813 0.5077619999999999 0.845531 0.48111899999999996 0.829813 0.46088599999999996 0.826234 0.447016 0.8355309999999999 0.425711 0.834094 0.403333 0.8183909999999999 0.387366 0.8012499999999999 0.395897 0.786969 0.415058 0.7891090000000001 0.42466200000000004 0.800531 0.44808899999999996 0.8041090000000001 0.46407899999999996 0.791969 0.46407899999999996 0.785531 0.47473200000000004
8 0.8149219999999999 0.6269699999999999 0.8104060000000001 0.597762 0.801359 0.541562 0.778766 0.52359 0.6793440000000001 0.5370860000000001 0.703453 0.6202329999999999 0.703453 0.680909 0.717016 0.698881 0.736594 0.678648 0.796844 0.678648 0.8119059999999999 0.775291 0.831484 0.779767 0.820937 0.674149 0.906813 0.629207 0.8149219999999999 0.6269699999999999
8 0.926562 0.523193 0.9304220000000001 0.523193 0.933516 0.481702 0.924234 0.474802 0.840797 0.474802 0.848531 0.48631700000000005 0.85625 0.504755 0.857797 0.5070629999999999 0.9211560000000001 0.505921 0.926562 0.523193
59 0.43128099999999997 0.611725 0.423922 0.617552 0.401438 0.621422 0.387594 0.619487 0.376344 0.618834 0.372016 0.609161 0.380672 0.600117 0.3785 0.601422 0.365094 0.599464 0.359031 0.602704 0.361141 0.609021 0.358516 0.614872 0.36179700000000004 0.622704 0.37687499999999996 0.633473 0.395234 0.6383679999999999 0.396547 0.641282 0.39 0.641282 0.382781 0.642261 0.378188 0.651072 0.384094 0.657925 0.388031 0.657925 0.394578 0.650093 0.398516 0.646177 0.407703 0.644219 0.409656 0.644219 0.412937 0.640303 0.408359 0.6364099999999999 0.464734 0.654988 0.471297 0.658904 0.466703 0.662821 0.462109 0.665734 0.462109 0.674545 0.469984 0.675524 0.47851600000000005 0.6696500000000001 0.489 0.661841 0.49096900000000004 0.654988 0.48637499999999995 0.648135 0.489656 0.6471560000000001 0.502109 0.6432399999999999 0.5185 0.639324 0.517844 0.634452 0.494906 0.642261 0.48178099999999996 0.648135 0.471297 0.651072 0.46407800000000005 0.637389 0.472609 0.62662 0.43064099999999994 0.61 0.43128099999999997 0.611725
59 0.939734 0.709674 0.926375 0.723753 0.92125 0.731958 0.910641 0.729604 0.910641 0.740163 0.917328 0.7431 0.932266 0.740746 0.942891 0.7472030000000001 0.948391 0.7360610000000001 0.934234 0.72669 0.9464219999999999 0.7249180000000001 0.949188 0.731958 0.957047 0.731958 0.981422 0.737249 0.9833909999999999 0.7255010000000001 0.9775 0.720816 0.9704219999999999 0.730186 0.970016 0.719044 0.981812 0.714359 0.987328 0.7038 0.971203 0.708485 0.940141 0.708485 0.940531 0.717296 0.9283279999999999 0.721981 0.939734 0.709674
18 0.83625 0.47037300000000004 0.851078 0.47037300000000004 0.85075 0.462821 0.837266 0.445221 0.8271560000000001 0.44622399999999995 0.8298439999999999 0.463333 0.83625 0.47037300000000004
18 0.778953 0.454289 0.755016 0.457296 0.750641 0.464848 0.751312 0.49198100000000006 0.763109 0.493007 0.766141 0.504569 0.773562 0.502541 0.791094 0.467343 0.803219 0.465338 0.802891 0.455291 0.793781 0.444732 0.778953 0.454289
8 0.056921900000000004 0.509697 0.058484400000000006 0.515897 0.0655937 0.5184850000000001 0.0661094 0.523636 0.0759844 0.522611 0.10370299999999999 0.523636 0.107344 0.534755 0.112547 0.533473 0.11271899999999999 0.527529 0.111672 0.521585 0.106484 0.52028 0.104922 0.502704 0.10423400000000001 0.502448 0.058484400000000006 0.503497 0.056921900000000004 0.509697
8 1 0.485641 0.9846090000000001 0.48704 0.9787190000000001 0.48704 0.977172 0.493963 0.98275 0.501375 0.993609 0.549953 0.9923590000000001 0.590676 0.982437 0.641119 0.984297 0.640653 0.986156 0.6383220000000001 1 0.589277 1 0.485641
18 0.142484 0.49459200000000003 0.147766 0.468298 0.0931406 0.438065 0.053500000000000006 0.443333 0.05437499999999999 0.499837 0.142484 0.49459200000000003
18 0.549172 0.467319 0.550891 0.47244800000000003 0.554312 0.47359 0.5589839999999999 0.47871800000000003 0.565828 0.480793 0.568953 0.47058300000000003 0.574234 0.469883 0.579844 0.47268099999999996 0.582031 0.466177 0.582344 0.462914 0.5775159999999999 0.45965 0.568172 0.45920700000000003 0.5633440000000001 0.451305 0.559297 0.44944100000000003 0.549172 0.467319