50 0.442703 0.885391 0.420219 0.8606719999999999 0.382016 0.7640469999999999 0.350562 0.635953 0.337078 0.5842660000000001 0.37528100000000003 0.559547 0.411234 0.534828 0.40898399999999996 0.512359 0.46517200000000003 0.476406 0.462922 0.458422 0.426969 0.42921899999999996 0.388766 0.42471899999999996 0.332578 0.420219 0.292141 0.40898399999999996 0.269656 0.366297 0.220219 0.341578 0.18426599999999999 0.334828 0.150562 0.35729700000000003 0.137078 0.388766 0.134828 0.417984 0.148313 0.453937 0.148313 0.467422 0.0809062 0.503375 0.038203100000000004 0.5370779999999999 0.0359531 0.577531 0.0561875 0.615734 0.0876406 0.647188 0.12809399999999999 0.728094 0.157297 0.8337030000000001 0.168547 0.8943749999999999 0.175281 0.9303440000000001 0.231453 0.9348280000000001 0.24270299999999997 0.982016 0.485391 0.988766 0.48090599999999994 0.986516 0.460672 0.912359 0.442703 0.885391
26 0.5662499999999999 0.839141 0.564281 0.7835 0.558797 0.7831089999999999 0.540391 0.787813 0.529031 0.790937 0.520016 0.792125 0.52275 0.805438 0.525891 0.8077970000000001 0.542734 0.807 0.543516 0.835219 0.542734 0.844219 0.545094 0.8426560000000001 0.559187 0.8418749999999999 0.5662499999999999 0.839141
3 0.645125 0.45301600000000003 0.637578 0.452016 0.629031 0.451016 0.6144529999999999 0.455531 0.608922 0.45704700000000004 0.6079060000000001 0.460062 0.608406 0.462078 0.611938 0.466094 0.6184689999999999 0.466094 0.628016 0.46760900000000005 0.635062 0.469109 0.637578 0.470125 0.642609 0.47112499999999996 0.6511560000000001 0.47112499999999996 0.661203 0.47162499999999996 0.649641 0.45503099999999996 0.645125 0.45301600000000003
3 0.721562 0.635141 0.7421409999999999 0.665531 0.767641 0.651797 0.760766 0.635141 0.721562 0.635141
3 0.974 0.6271410000000001 0.966969 0.6216090000000001 0.9393119999999999 0.631672 0.950375 0.6447339999999999 0.9724999999999999 0.635687 0.974 0.6271410000000001
3 0.680422 0.368328 0.686219 0.37542200000000003 0.701063 0.39414099999999996 0.7146250000000001 0.40834400000000004 0.731391 0.418016 0.744313 0.43609400000000004 0.762375 0.443828 0.771406 0.460609 0.784969 0.47029699999999997 0.8056089999999999 0.47415599999999997 0.815938 0.48190600000000006 0.8320779999999999 0.489656 0.8507809999999999 0.488359 0.864984 0.487063 0.8804690000000001 0.48514099999999993 0.875953 0.472234 0.8559530000000001 0.472234 0.862406 0.455453 0.844984 0.43995300000000004 0.8288439999999999 0.425125 0.8210940000000001 0.41092199999999995 0.8075469999999999 0.401891 0.803031 0.3935 0.788828 0.38123399999999996 0.773984 0.369625 0.756563 0.367031 0.756563 0.35929700000000003 0.732047 0.361234 0.709453 0.368328 0.7068749999999999 0.361234 0.681703 0.365094 0.680422 0.368328
3 0.893469 0.449594 0.9023749999999999 0.44425 0.916625 0.435937 0.9279059999999999 0.430594 0.936812 0.42109399999999997 0.936812 0.41573399999999994 0.922563 0.409797 0.8970309999999999 0.41514100000000004 0.8798130000000001 0.43237500000000006 0.893469 0.449594
3 0.978813 0.351109 0.986953 0.346625 0.988078 0.344094 0.983297 0.337922 0.9782500000000001 0.333984 0.9689840000000001 0.333984 0.9498749999999999 0.342125 0.943422 0.347469 0.942859 0.350281 0.9555 0.362078 0.967297 0.355609 0.978813 0.351109
3 0.781156 0.645312 0.8046559999999999 0.649609 0.807953 0.643328 0.809609 0.637703 0.8056409999999999 0.6300779999999999 0.802656 0.628094 0.796047 0.631078 0.766922 0.640344 0.768906 0.649609 0.775516 0.650938 0.7801560000000001 0.645969 0.781156 0.645312
3 0.7737809999999999 0.5792189999999999 0.768922 0.580203 0.759188 0.5753280000000001 0.7435940000000001 0.572406 0.729 0.5762970000000001 0.727047 0.583125 0.729969 0.589938 0.730938 0.588969 0.740672 0.588969 0.751391 0.590906 0.759188 0.595781 0.7650159999999999 0.59675 0.775734 0.589938 0.7737809999999999 0.5792189999999999
3 0.7555 0.600594 0.748453 0.608641 0.746438 0.610656 0.748953 0.614672 0.750469 0.6161719999999999 0.752984 0.617188 0.760016 0.616688 0.7740940000000001 0.611656 0.786672 0.608141 0.788672 0.603609 0.778125 0.590031 0.768563 0.594062 0.7555 0.600594
3 0.730844 0.594812 0.7302190000000001 0.597531 0.729578 0.601531 0.7377659999999999 0.6101409999999999 0.741125 0.612016 0.745953 0.609078 0.753313 0.6048910000000001 0.764219 0.595859 0.76275 0.595437 0.747437 0.589344 0.737141 0.588516 0.7302190000000001 0.590188 0.730844 0.594812
3 0.701969 0.616641 0.7059529999999999 0.618406 0.713953 0.618406 0.729922 0.622844 0.736141 0.623734 0.73925 0.622406 0.741906 0.619297 0.741031 0.61575 0.739687 0.609094 0.728156 0.5975469999999999 0.7024060000000001 0.5966560000000001 0.693531 0.6019840000000001 0.692641 0.6046560000000001 0.701969 0.616641
3 0.8794219999999999 0.5712659999999999 0.93825 0.633312 0.969797 0.617266 0.965531 0.6028279999999999 0.9628439999999999 0.595344 0.9628439999999999 0.584641 0.956969 0.577156 0.947344 0.577156 0.9441409999999999 0.563781 0.922203 0.558437 0.916859 0.552547 0.8981410000000001 0.558437 0.8794219999999999 0.5712659999999999
3 0.906172 0.721094 0.858187 0.674813 0.8256249999999999 0.6371249999999999 0.8187810000000001 0.6491089999999999 0.781078 0.643969 0.741656 0.664531 0.832484 0.745078 0.9147339999999999 0.731375 0.906172 0.721094