50 0.424 0.351139 0.41906 0.350178 0.41686 0.353096 0.41576 0.361886 0.41576 0.37854099999999996 0.4174 0.381459 0.41686 0.38733100000000004 0.41576 0.393203 0.41466000000000003 0.401993 0.40916 0.410819 0.40862 0.42452 0.413 0.431352 0.413 0.432313 0.41192 0.44992899999999997 0.41136 0.46266899999999994 0.41026 0.49494699999999997 0.40862 0.49982200000000004 0.41356 0.495907 0.41466000000000003 0.491993 0.42016000000000003 0.47928799999999994 0.42236 0.470463 0.42510000000000003 0.457758 0.42676 0.46654799999999996 0.4273 0.475374 0.4295 0.47829199999999994 0.4295 0.491032 0.43116000000000004 0.5076510000000001 0.43006 0.5203559999999999 0.435 0.518399 0.43994 0.5174380000000001 0.43664 0.514484 0.43333999999999995 0.470463 0.435 0.452883 0.43851999999999997 0.403594 0.43412 0.384057 0.42862 0.37427 0.43356 0.368399 0.43136 0.36152999999999996 0.43136 0.356655 0.43082 0.35469799999999996 0.42092 0.34882599999999997 0.424 0.351139
50 0.14443999999999999 0.419609 0.1421 0.422384 0.14132 0.424804 0.14014 0.43241999999999997 0.14132 0.43210000000000004 0.1419 0.435907 0.1419 0.442135 0.1419 0.44804299999999997 0.14268 0.451851 0.14404 0.452206 0.14482 0.449075 0.14502 0.44526699999999997 0.14522 0.449751 0.14522 0.45772199999999996 0.14502 0.46085400000000004 0.14522 0.47957299999999997 0.14502 0.480605 0.14443999999999999 0.484093 0.14696 0.48580100000000004 0.14754 0.483737 0.14736000000000002 0.478185 0.14794 0.469537 0.14774 0.464306 0.1497 0.46121 0.15086000000000002 0.461566 0.15164 0.46363000000000004 0.15164 0.46743799999999996 0.15262 0.470214 0.15222 0.477829 0.15242 0.48302500000000004 0.1534 0.48441300000000004 0.15378 0.481317 0.15378 0.47092500000000004 0.15280000000000002 0.453915 0.15378 0.452883 0.15436000000000002 0.450463 0.15378 0.436263 0.15496000000000001 0.437295 0.15612 0.43765099999999996 0.15768000000000001 0.438327 0.15788 0.435552 0.15669999999999998 0.43380799999999997 0.15456 0.43380799999999997 0.1534 0.43071200000000004 0.153 0.427224 0.15418 0.424804 0.15574000000000002 0.424448 0.15591999999999998 0.42330999999999996 0.15428 0.421103 0.15180000000000002 0.418897 0.15180000000000002 0.41597900000000004 0.15264 0.411566 0.15180000000000002 0.4079 0.15058000000000002 0.40718899999999997 0.14768 0.410107 0.14728 0.41452 0.14728 0.41964399999999996 0.1448 0.41964399999999996 0.14443999999999999 0.419609
40 0.2709 0.7884340000000001 0.38172 0.853737 0.40142 0.703772 0.41093999999999997 0.689253 0.3987 0.662633 0.37968 0.645694 0.30422000000000005 0.6130599999999999 0.27022 0.776335 0.2709 0.7884340000000001
40 0.43601999999999996 0.639822 0.45418000000000003 0.786833 0.50376 0.770178 0.50652 0.7446980000000001 0.48504 0.6094310000000001 0.44151999999999997 0.619217 0.43601999999999996 0.629039 0.43601999999999996 0.639822
40 0.74624 0.909181 0.82974 0.887972 0.85626 0.866762 0.86554 0.826655 0.9265 0.7228829999999999 0.88144 0.597865 0.83504 0.649751 0.8085399999999999 0.6662629999999999 0.7131000000000001 0.7016370000000001 0.7343200000000001 0.895053 0.74624 0.909181
40 0.6487200000000001 0.878719 0.6537200000000001 0.85758 0.6531 0.825302 0.6349600000000001 0.6839500000000001 0.51798 0.691708 0.53738 0.87427 0.6487200000000001 0.878719
40 0.67914 0.6120639999999999 0.67038 0.613167 0.67288 0.7266900000000001 0.67226 0.784555 0.68538 0.803488 0.70352 0.8335589999999999 0.71478 0.804591 0.71792 0.645445 0.69478 0.630961 0.67914 0.6120639999999999
40 0.72496 0.481601 0.7208600000000001 0.48370100000000005 0.71754 0.48647700000000005 0.7134400000000001 0.49726000000000004 0.70994 0.511815 0.70856 0.5212100000000001 0.7134400000000001 0.526762 0.71716 0.534769 0.71736 0.5379 0.72068 0.543452 0.7275 0.551779 0.7353200000000001 0.562562 0.73726 0.551423 0.73212 0.486584 0.7277 0.48370100000000005 0.72496 0.481601
40 0.66176 0.5270819999999999 0.65238 0.47142300000000004 0.63424 0.5660499999999999 0.6442599999999999 0.563808 0.64676 0.594982 0.65488 0.594982 0.66426 0.589395 0.66426 0.5871890000000001 0.66364 0.586085 0.65926 0.540427 0.66176 0.5270819999999999
40 0.59638 0.460712 0.58902 0.48451999999999995 0.5475399999999999 0.5380429999999999 0.55022 0.545196 0.5803200000000001 0.501744 0.5585800000000001 0.548754 0.56026 0.561851 0.57798 0.527331 0.60272 0.503559 0.6090800000000001 0.508897 0.62246 0.507117 0.6154400000000001 0.455943 0.59804 0.458932 0.59638 0.460712
40 0.15103999999999998 0.693665 0.1515 0.701032 0.1522 0.720747 0.1545 0.7461570000000001 0.14252 0.750676 0.14044 0.75274 0.13144 0.762989 0.12384 0.7712100000000001 0.12476000000000001 0.7793950000000001 0.13306 0.777758 0.14804 0.778185 0.15403999999999998 0.769146 0.1575 0.7712100000000001 0.16256 0.7769400000000001 0.16648 0.770783 0.17962 0.769146 0.19876 0.769146 0.19876 0.73879 0.20038 0.726085 0.20706 0.724448 0.24831999999999999 0.709253 0.2859 0.7039150000000001 0.29006 0.6825979999999999 0.26354 0.693238 0.1983 0.7154090000000001 0.199 0.6998219999999999 0.19784000000000002 0.696548 0.18562 0.697367 0.1794 0.692028 0.17294 0.693238 0.16786 0.693238 0.15242 0.694093 0.15103999999999998 0.693665
40 0.74788 0.5231319999999999 0.74788 0.54153 0.7496 0.546121 0.7616799999999999 0.558399 0.7707200000000001 0.591423 0.7746000000000001 0.591423 0.7897000000000001 0.6006049999999999 0.80048 0.597544 0.7677 0.48320300000000005 0.76254 0.484769 0.74788 0.5231319999999999
40 0.4955 0.515552 0.50652 0.50274 0.50044 0.47231300000000004 0.49854000000000004 0.463523 0.49398000000000003 0.456762 0.49018 0.468932 0.47956 0.504093 0.47994 0.531779 0.48866000000000004 0.545302 0.49284 0.550036 0.49626 0.550036 0.49626 0.520961 0.4955 0.515552
40 0.08118 0.7713880000000001 0.07659999999999999 0.78669 0.06744 0.813203 0.08806 0.814235 0.10984000000000001 0.81726 0.123 0.802989 0.123 0.778541 0.11498 0.7021 0.07202 0.75306 0.08118 0.7713880000000001
50 0.0974 0.471388 0.09778 0.46640600000000004 0.10468000000000001 0.46145900000000006 0.10524 0.45480400000000004 0.10244 0.442883 0.09984 0.44121 0.09928000000000001 0.44551599999999997 0.09984 0.452171 0.09984 0.45515999999999995 0.09778 0.45711699999999994 0.09498000000000001 0.45910999999999996 0.09406 0.46444799999999997 0.09406 0.484342 0.09722 0.487651 0.0974 0.471388
50 0.71236 0.524342 0.7114400000000001 0.513986 0.71388 0.498719 0.71236 0.48619200000000007 0.70776 0.483452 0.7062200000000001 0.492705 0.70378 0.494342 0.6991799999999999 0.49925300000000006 0.6948799999999999 0.5161570000000001 0.6955 0.525979 0.70162 0.528719 0.70378 0.517794 0.70714 0.517794 0.70898 0.525445 0.71236 0.524342
50 0.06559999999999999 0.454484 0.0658 0.468541 0.0658 0.485872 0.06946 0.490534 0.07168000000000001 0.467829 0.07168000000000001 0.456655 0.06986 0.450534 0.06946 0.44366500000000003 0.06458 0.444769 0.06398 0.45484 0.06559999999999999 0.454484
75 0.97962 0.402206 0.9750800000000001 0.399288 0.9749 0.38960900000000004 0.95186 0.390569 0.93824 0.392491 0.92516 0.39540899999999995 0.9235399999999999 0.397011 0.92316 0.40444800000000003 0.92444 0.411886 0.92498 0.45708200000000004 0.92552 0.46515999999999996 0.92608 0.47323800000000005 0.92826 0.478754 0.93224 0.478434 0.93678 0.469039 0.94278 0.47551599999999994 0.9455 0.48163700000000004 0.9487599999999999 0.475196 0.95366 0.47711699999999996 0.9809 0.474875 0.98452 0.47163700000000003 0.98488 0.456441 0.98252 0.438363 0.97962 0.402206
40 0.03626 0.676868 0.037020000000000004 0.6841280000000001 0.037020000000000004 0.700427 0.038799999999999994 0.7135589999999999 0.04032 0.7361920000000001 0.03982 0.7361920000000001 0.0304 0.733025 0.02786 0.729395 0.02608 0.7253379999999999 0.023280000000000002 0.7230599999999999 0.019960000000000002 0.722171 0.01666 0.7244130000000001 0.009779999999999999 0.7366550000000001 0.0103 0.738007 0.00724 0.746619 0.0019 0.74573 0.0019 0.751139 0.00342 0.752954 0.00928 0.754769 0.01334 0.754769 0.01564 0.757473 0.01716 0.755231 0.01946 0.753879 0.018940000000000002 0.7683629999999999 0.01716 0.774698 0.01234 0.788292 0.00496 0.789181 0 0.7950889999999999 0.00318 0.800961 0.00622 0.8041280000000001 0.01284 0.799609 0.01716 0.799146 0.03168 0.777402 0.04058 0.762456 0.04618 0.750676 0.049479999999999996 0.749324 0.07316 0.748434 0.08054 0.7384700000000001 0.07442 0.666904 0.037520000000000005 0.675979 0.03626 0.676868