50 0.537203 0.33885200000000004 0.5417500000000001 0.359321 0.592734 0.432998 0.602734 0.439813 0.617297 0.439813 0.626406 0.439813 0.633687 0.453443 0.6355000000000001 0.488923 0.641875 0.503934 0.6500779999999999 0.503934 0.6555310000000001 0.499836 0.650984 0.48346599999999995 0.6464369999999999 0.457541 0.6391560000000001 0.42070300000000005 0.640969 0.419344 0.650984 0.416628 0.660078 0.43161599999999994 0.664641 0.453443 0.667359 0.497119 0.681016 0.49847800000000003 0.703781 0.48210800000000004 0.694672 0.476651 0.686484 0.471194 0.671922 0.379789 0.610016 0.370234 0.587266 0.342951 0.595453 0.315667 0.599094 0.278829 0.595453 0.24334899999999998 0.5845309999999999 0.241991 0.576344 0.251546 0.567234 0.259719 0.581797 0.295199 0.5599529999999999 0.308852 0.552672 0.280187 0.551766 0.278829 0.534469 0.285644 0.532656 0.306112 0.537203 0.33885200000000004
50 0.637578 0.712319 0.638391 0.7047070000000001 0.63825 0.702506 0.638516 0.691874 0.635703 0.687869 0.635984 0.683841 0.635578 0.680047 0.633563 0.679836 0.632359 0.680632 0.631828 0.6852459999999999 0.631031 0.6876580000000001 0.631031 0.7016859999999999 0.630891 0.705714 0.631031 0.719133 0.631563 0.726159 0.631703 0.728571 0.63625 0.724941 0.637578 0.712319
66 0.370531 0.8203509999999999 0.367469 0.828454 0.374125 0.834379 0.379172 0.834122 0.380797 0.827916 0.37124999999999997 0.822506 0.370531 0.8203509999999999
66 0.623703 0.48920399999999997 0.629703 0.5026930000000001 0.647703 0.5004449999999999 0.671687 0.49145200000000006 0.700172 0.486956 0.728656 0.473466 0.6926720000000001 0.477963 0.668687 0.484707 0.623703 0.48920399999999997
50 0.333719 0.718571 0.33321900000000004 0.721171 0.33321900000000004 0.725597 0.33173400000000003 0.7348480000000001 0.332484 0.739649 0.33470300000000003 0.740398 0.336422 0.740023 0.337906 0.744286 0.338156 0.7474240000000001 0.338031 0.750749 0.33593799999999996 0.753536 0.329766 0.757775 0.328156 0.761663 0.32903099999999996 0.7668379999999999 0.33137500000000003 0.770539 0.332719 0.770539 0.333469 0.768876 0.333469 0.766089 0.334578 0.764614 0.336797 0.764801 0.339391 0.7662760000000001 0.33975 0.769063 0.34049999999999997 0.773864 0.342344 0.7733019999999999 0.344203 0.771639 0.344813 0.767026 0.345313 0.7635130000000001 0.34629699999999997 0.761475 0.347906 0.7568619999999999 0.349016 0.753536 0.349375 0.740773 0.351234 0.7354099999999999 0.351234 0.731148 0.35025 0.7294849999999999 0.347406 0.728384 0.348141 0.726721 0.347906 0.721546 0.347281 0.717658 0.345313 0.7152459999999999 0.342344 0.715995 0.341359 0.718571 0.341359 0.721897 0.341984 0.72541 0.342219 0.727822 0.33975 0.728384 0.339016 0.7252460000000001 0.338156 0.720796 0.334937 0.717471 0.333719 0.718571
40 0.515406 0.400468 0.517391 0.393934 0.513422 0.382623 0.509844 0.381429 0.493578 0.385012 0.48959400000000003 0.39332599999999995 0.48562500000000003 0.40822 0.486031 0.43737699999999996 0.49000000000000005 0.453443 0.49675 0.457002 0.5035000000000001 0.452248 0.504687 0.434403 0.504297 0.428454 0.503094 0.423091 0.505484 0.401663 0.505484 0.399297 0.508656 0.40227199999999996 0.515406 0.400468
40 0.8863749999999999 0.283747 0.8834690000000001 0.265105 0.8702030000000001 0.24644 0.8386720000000001 0.245199 0.822484 0.274426 0.826219 0.27194399999999996 0.833281 0.269461 0.842812 0.263232 0.845313 0.26199100000000003 0.8527659999999999 0.273794 0.8564999999999999 0.281265 0.8614839999999999 0.30241199999999996 0.861906 0.314848 0.859828 0.323536 0.858578 0.330375 0.85775 0.334731 0.8564999999999999 0.344684 0.864797 0.34096000000000004 0.8863749999999999 0.283747
40 0.133078 0.39140499999999995 0.13381300000000002 0.426979 0.14325000000000002 0.418993 0.149797 0.40011700000000006 0.151969 0.379438 0.150766 0.373255 0.140594 0.37362999999999996 0.13356300000000002 0.378712 0.133078 0.39140499999999995
40 0.06859370000000001 0 0.0737656 0.032178 0.0781406 0.054847800936768144 0.110375 0.044707299765807965 0.11714100000000001 0 0.06859370000000001 0
40 0.237344 0.23843099999999998 0.24193699999999999 0.233138 0.24300000000000002 0.21726 0.246531 0.19716599999999998 0.249203 0.21437900000000001 0.252828 0.223208 0.261422 0.217775 0.26278100000000004 0.201499 0.260062 0.177728 0.23424999999999999 0.181124 0.22835899999999998 0.191311 0.22835899999999998 0.20557399999999998 0.22835899999999998 0.224567 0.23289100000000001 0.242904 0.237344 0.23843099999999998
50 0.373266 0.692927 0.377703 0.6942149999999999 0.378188 0.6849879999999999 0.37621899999999997 0.675948 0.37523399999999996 0.67171 0.373516 0.671522 0.372406 0.672084 0.371172 0.6737470000000001 0.37081200000000003 0.675574 0.367734 0.68185 0.368594 0.690539 0.37031200000000003 0.6940280000000001 0.373266 0.693841 0.373266 0.692927
50 0.394656 0.689789 0.394062 0.684098 0.392609 0.679274 0.390266 0.677096 0.38925 0.674239 0.38807800000000003 0.673138 0.385891 0.675129 0.385453 0.6784070000000001 0.384578 0.682342 0.385891 0.692412 0.393781 0.692201 0.394656 0.689789
50 0.424406 0.683817 0.422984 0.680234 0.420594 0.678103 0.420437 0.6742859999999999 0.41757799999999995 0.6742859999999999 0.41662499999999997 0.675948 0.417406 0.680234 0.416453 0.683817 0.418203 0.6888289999999999 0.418687 0.696932 0.425047 0.696674 0.424406 0.683817
50 0.684531 0.752529 0.678828 0.7390869999999999 0.675156 0.7253400000000001 0.671297 0.718642 0.666609 0.721077 0.664984 0.7281030000000001 0.662125 0.724426 0.661109 0.713747 0.656422 0.7125290000000001 0.657438 0.728712 0.6580619999999999 0.7366510000000001 0.663969 0.740304 0.665188 0.745199 0.670687 0.761382 0.6733279999999999 0.763817 0.6769999999999999 0.762295 0.680656 0.76534 0.683312 0.7641220000000001 0.684531 0.752529
50 0.7152499999999999 0.701944 0.715047 0.701452 0.7127030000000001 0.701616 0.710906 0.7063699999999999 0.712812 0.7089230000000001 0.713766 0.712248 0.7139840000000001 0.7166980000000001 0.713875 0.722553 0.7125 0.7230439999999999 0.7095309999999999 0.723677 0.710813 0.729063 0.713875 0.728267 0.7145159999999999 0.734473 0.713141 0.753981 0.715562 0.754941 0.716313 0.762553 0.718219 0.761756 0.721703 0.7626930000000001 0.725094 0.766042 0.726359 0.7565109999999999 0.723187 0.750023 0.723187 0.748103 0.725094 0.740656 0.7248910000000001 0.728899 0.7238279999999999 0.714941 0.720125 0.707658 0.717797 0.705902 0.718 0.7038409999999999 0.714719 0.701616 0.7152499999999999 0.701944
50 0.750437 0.698033 0.7544690000000001 0.700281 0.756078 0.6935600000000001 0.757344 0.686651 0.759297 0.6844260000000001 0.759406 0.6799299999999999 0.756656 0.6771659999999999 0.755609 0.6756209999999999 0.7542340000000001 0.670632 0.7514689999999999 0.671311 0.751125 0.6761360000000001 0.749984 0.677518 0.7495160000000001 0.681663 0.750547 0.688033 0.750781 0.692014 0.749984 0.6982200000000001 0.750437 0.698033
50 0.350312 0.7771659999999999 0.349734 0.780351 0.344484 0.7833260000000001 0.341922 0.7833260000000001 0.333531 0.769906 0.332109 0.7547780000000001 0.328266 0.755855 0.326844 0.7626700000000001 0.32728100000000004 0.7679860000000001 0.328844 0.774169 0.33865599999999996 0.792717 0.341781 0.796323 0.344906 0.8022950000000001 0.346469 0.805082 0.347187 0.809344 0.361406 0.8180799999999999 0.365234 0.8157380000000001 0.367234 0.808689 0.36324999999999996 0.779719 0.36324999999999996 0.771194 0.362391 0.762248 0.360547 0.758197 0.357281 0.75733 0.354578 0.759461 0.352438 0.766511 0.350312 0.7771659999999999
50 0.49726600000000004 0.690445 0.494547 0.684239 0.49326600000000004 0.679204 0.488641 0.678009 0.488484 0.679204 0.488484 0.682319 0.486719 0.686862 0.486719 0.688548 0.487047 0.691897 0.48928099999999997 0.693794 0.48959400000000003 0.712459 0.48992199999999997 0.7162999999999999 0.494703 0.714614 0.494062 0.7076809999999999 0.495031 0.708876 0.495656 0.696674 0.49726600000000004 0.690445
50 0.295219 0.734356 0.295828 0.733911 0.296125 0.7240049999999999 0.295531 0.710023 0.295828 0.7055269999999999 0.295828 0.699227 0.292828 0.692459 0.289812 0.695176 0.288906 0.7041689999999999 0.287719 0.711382 0.288016 0.721288 0.289812 0.734356 0.295219 0.734356
50 0.40553100000000003 0.686534 0.404906 0.68 0.40157800000000005 0.6815460000000001 0.399922 0.68466 0.400328 0.6902809999999999 0.40012499999999995 0.694005 0.40801600000000005 0.6968150000000001 0.40678099999999995 0.694333 0.407609 0.687471 0.40553100000000003 0.686534