18 0.5141560000000001 0.872449 0.531469 0.872449 0.533828 0.8908919999999999 0.550359 0.8966590000000001 0.556656 0.8851260000000001 0.569234 0.88167 0.573172 0.887437 0.577109 0.894348 0.5889059999999999 0.894348 0.589703 0.8908919999999999 0.62275 0.8897480000000001 0.624328 0.8989469999999999 0.6337659999999999 0.8989469999999999 0.639266 0.873593 0.6495 0.85286 0.648719 0.818284 0.6337659999999999 0.805606 0.6203909999999999 0.783707 0.5936410000000001 0.769886 0.531469 0.776796 0.516516 0.810229 0.5031410000000001 0.810229 0.501563 0.818284 0.506281 0.820595 0.492125 0.827506 0.49132800000000004 0.843638 0.49132800000000004 0.883982 0.5078590000000001 0.88627 0.5141560000000001 0.872449
18 0.7033750000000001 0.8801140000000001 0.715125 0.8930210000000001 0.731266 0.903753 0.731266 0.899474 0.731266 0.8844160000000001 0.7518279999999999 0.888719 0.756234 0.901602 0.775328 0.8844160000000001 0.79 0.897323 0.806156 0.9080550000000001 0.803219 0.888719 0.812031 0.862906 0.816437 0.854302 0.809094 0.804828 0.809094 0.8026770000000001 0.800281 0.7811899999999999 0.7239220000000001 0.779039 0.707781 0.7811899999999999 0.681344 0.8112809999999999 0.669594 0.843547 0.674 0.860755 0.672531 0.888719 0.694562 0.8865679999999999 0.7033750000000001 0.8801140000000001
18 0.633328 0.767094 0.628672 0.765721 0.6119060000000001 0.7711899999999999 0.633328 0.8066589999999999 0.651969 0.827117 0.652891 0.865332 0.663141 0.889886 0.6687339999999999 0.87897 0.673391 0.8816930000000001 0.676187 0.8557669999999999 0.6864220000000001 0.8093819999999999 0.7022660000000001 0.786201 0.691078 0.769817 0.618422 0.769817 0.633328 0.767094
18 0.107047 0.862677 0.0855937 0.904348 0.0665 0.947162 0.0583125 0.981419 0.057531200000000005 0.99968 0.093 0.998558 0.41578099999999996 1 0.41501599999999994 0.9951260000000001 0.40135899999999997 0.9740049999999999 0.382656 0.956293 0.403313 0.9511670000000001 0.40643799999999997 0.94659 0.40682799999999997 0.9368879999999999 0.403703 0.92833 0.39473400000000003 0.923753 0.376797 0.926041 0.379141 0.9374600000000001 0.376422 0.94373 0.364328 0.9174829999999999 0.335094 0.868947 0.309359 0.8438220000000001 0.281687 0.838696 0.228672 0.836407 0.177203 0.841556 0.12225 0.852403 0.107047 0.862677
18 0.0798125 0.799931 0.0010781203125 0.8158350000000001 0.00378125 0.998741 0.0567344 0.994783 0.0540156 0.9729059999999999 0.08795309999999999 0.895378 0.10967199999999999 0.849634 0.177547 0.8397030000000001 0.14768699999999998 0.803913 0.102891 0.7959729999999999 0.0798125 0.799931
18 0.439922 0.8686269999999999 0.447172 0.864371 0.456609 0.8664989999999999 0.458063 0.872883 0.465313 0.870755 0.46895300000000006 0.859062 0.46821900000000005 0.839931 0.46385899999999997 0.81016 0.455875 0.79103 0.426844 0.787849 0.402891 0.7899769999999999 0.4 0.8569340000000001 0.439922 0.8686269999999999
18 0.061625 0.783799 0.0402344 0.7793140000000001 0.0096875 0.7748510000000001 0.0035781296875 0.7905030000000001 0.0051093796875 0.806156 0.006625000000000001 0.815126 0.052453099999999996 0.801693 0.061625 0.783799
0 0.9442030000000001 0.047665899313501146 0.950984 0.04885580091533181 0.9593909999999999 0.0492905995423341 0.9647500000000001 0.0498855995423341 0.9662810000000001 0.05359270022883295 0.967484 0.047665899313501146 0.9719530000000001 0.04780319908466819 0.9753909999999999 0.046018299771167046 0.9822660000000001 0.046476 0.983484 0.04336380091533181 0.9858119999999999 0.04173910068649885 0.9859220000000001 0.03935929977116705 0.987531 0.03578949885583524 0.9864219999999999 0.026887899313501145 0.977313 0.041144199084668195 0.967484 0.04173910068649885 0.9669840000000001 0.03697940045766591 0.964656 0.040984 0.9555469999999999 0.041578899313501144 0.954328 0.04574370022883295 0.947031 0.044851299771167044 0.9442030000000001 0.047665899313501146
50 0.947641 0.8422649999999999 0.9535 0.836545 0.9575469999999999 0.8303659999999999 0.9575469999999999 0.8206180000000001 0.9556089999999999 0.8087190000000001 0.957062 0.8056289999999999 0.958531 0.800389 0.957391 0.7961100000000001 0.957391 0.791121 0.9559369999999999 0.7885129999999999 0.9525159999999999 0.788032 0.948297 0.791831 0.949766 0.79849 0.948297 0.804439 0.944078 0.813249 0.94375 0.820389 0.946828 0.823478 0.948141 0.828467 0.9455310000000001 0.8372769999999999 0.947641 0.8422649999999999
50 0.920609 0.8111670000000001 0.918937 0.8157439999999999 0.918313 0.822769 0.9160159999999999 0.8255149999999999 0.9160159999999999 0.826133 0.917891 0.8322430000000001 0.9204060000000001 0.837437 0.9210309999999999 0.845973 0.918516 0.862769 0.916641 0.871625 0.911016 0.876796 0.916438 0.882609 0.930828 0.881076 0.931859 0.876201 0.925609 0.8697940000000001 0.924984 0.853616 0.927484 0.855126 0.932906 0.853616 0.934156 0.840183 0.934984 0.83254 0.9381090000000001 0.826751 0.9381090000000001 0.820343 0.933531 0.8099540000000001 0.927484 0.802311 0.926234 0.7980550000000001 0.9243589999999999 0.792563 0.9204060000000001 0.797437 0.9204060000000001 0.802311 0.922906 0.808421 0.920609 0.8111670000000001
50 0.8602190000000001 0.8277800000000001 0.8693440000000001 0.827483 0.884703 0.8277800000000001 0.8894690000000001 0.8277800000000001 0.8894690000000001 0.823524 0.887391 0.817757 0.885734 0.814394 0.882625 0.810458 0.879719 0.809542 0.878063 0.80833 0.877641 0.803776 0.876609 0.797986 0.8753590000000001 0.793432 0.8724529999999999 0.793432 0.870172 0.796476 0.869969 0.8013269999999999 0.871828 0.8062010000000001 0.871828 0.808032 0.869969 0.80984 0.8654059999999999 0.810458 0.8612500000000001 0.815927 0.860625 0.821098 0.857312 0.826568 0.855859 0.829291 0.855641 0.833547 0.8575160000000001 0.8371850000000001 0.858141 0.855423 0.860422 0.855126 0.860625 0.849954 0.8602190000000001 0.8277800000000001
50 0.968125 0.800938 0.971438 0.801465 0.971078 0.792037 0.969422 0.786911 0.9646250000000001 0.783158 0.9622339999999999 0.784233 0.9615 0.78881 0.960953 0.7976890000000001 0.958016 0.809016 0.958562 0.827346 0.960219 0.84405 0.95875 0.8572540000000001 0.958187 0.872059 0.959484 0.874485 0.9624219999999999 0.877185 0.9673909999999999 0.87746 0.972734 0.879336 0.975125 0.875561 0.97475 0.863982 0.9742029999999999 0.852403 0.9721719999999999 0.8381240000000001 0.972359 0.830572 0.979719 0.832449 0.978609 0.828947 0.978438 0.82087 0.9765940000000001 0.821144 0.973469 0.815492 0.969422 0.808741 0.9677659999999999 0.799863 0.968125 0.800938
50 0.8206559999999999 0.823959 0.8267810000000001 0.822288 0.828703 0.8169569999999999 0.831969 0.818078 0.8306250000000001 0.822014 0.827547 0.824531 0.8300470000000001 0.827048 0.8342660000000001 0.819199 0.8325469999999999 0.8169569999999999 0.8300470000000001 0.811899 0.8300470000000001 0.807117 0.8300470000000001 0.803753 0.8290940000000001 0.799542 0.830438 0.797002 0.8300470000000001 0.7899769999999999 0.8248749999999999 0.7877350000000001 0.8191090000000001 0.791396 0.8212189999999999 0.7944850000000001 0.8214219999999999 0.804577 0.823141 0.804874 0.822563 0.8082379999999999 0.823906 0.812449 0.820078 0.815263 0.8202659999999999 0.824531 0.8206559999999999 0.823959
50 0.813578 0.794005 0.8105 0.805057 0.811187 0.8100919999999999 0.811187 0.81865 0.819422 0.8236610000000001 0.819078 0.827689 0.8211410000000001 0.827689 0.8221719999999999 0.8146220000000001 0.824578 0.8141189999999999 0.822859 0.811098 0.8183909999999999 0.794508 0.813578 0.794005
50 0.477719 0.8485579999999999 0.476703 0.8708009999999999 0.48784400000000006 0.8708009999999999 0.48784400000000006 0.860412 0.49087500000000006 0.855973 0.49087500000000006 0.842632 0.49087500000000006 0.8174140000000001 0.49087500000000006 0.7996340000000001 0.488859 0.7922199999999999 0.488859 0.781854 0.48379700000000003 0.780366 0.47975 0.783318 0.47873400000000005 0.78778 0.47873400000000005 0.7922199999999999 0.472656 0.7966589999999999 0.46456200000000003 0.804073 0.465578 0.807048 0.47873400000000005 0.802609 0.47873400000000005 0.807048 0.47873400000000005 0.823364 0.47873400000000005 0.8322430000000001 0.47873400000000005 0.835217 0.47975 0.839657 0.477719 0.8485579999999999
50 0.191797 0.834211 0.19373400000000002 0.833982 0.195203 0.83254 0.195203 0.830641 0.195047 0.8273229999999999 0.194391 0.822563 0.194391 0.8175739999999999 0.195687 0.8170940000000001 0.196672 0.8206640000000001 0.196984 0.826133 0.196984 0.830183 0.197797 0.8330209999999999 0.20007799999999998 0.8330209999999999 0.200563 0.829222 0.200563 0.823982 0.20104700000000003 0.8199540000000001 0.20104700000000003 0.814943 0.200406 0.8101830000000001 0.19975 0.807346 0.19975 0.802334 0.199094 0.795675 0.19828099999999999 0.7911670000000001 0.202031 0.7892680000000001 0.20267200000000002 0.787117 0.200563 0.7849889999999999 0.198937 0.782838 0.199094 0.777597 0.199094 0.7742789999999999 0.196828 0.77167 0.193422 0.77286 0.19195299999999998 0.775698 0.191141 0.779039 0.19228099999999998 0.782838 0.190656 0.7842560000000001 0.187891 0.786636 0.182531 0.7942560000000001 0.182531 0.796636 0.18351599999999998 0.797597 0.186922 0.795927 0.189359 0.795675 0.18984399999999998 0.800686 0.188703 0.811144 0.189688 0.814233 0.190172 0.832792 0.191797 0.834211
73 0.072125 0.7110759999999999 0.072 0.7330660000000001 0.073625 0.732723 0.0765469 0.7323799999999999 0.0786406 0.731373 0.0786406 0.72778 0.0786406 0.723684 0.078875 0.719085 0.0791094 0.716522 0.0803906 0.7131120000000001 0.0805 0.711419 0.0791094 0.708856 0.0750313 0.708856 0.0729375 0.710389 0.0723437 0.7122649999999999 0.072125 0.7110759999999999
50 0.729516 0.759314 0.7292970000000001 0.755332 0.728609 0.7543249999999999 0.725219 0.754668 0.723406 0.756659 0.721594 0.760961 0.721359 0.764943 0.721359 0.768261 0.721812 0.768261 0.722953 0.7692680000000001 0.728391 0.7686040000000001 0.727938 0.767941 0.7292970000000001 0.764622 0.729516 0.759314
50 0.860078 0.7991530000000001 0.860078 0.8047599999999999 0.8587339999999999 0.806453 0.8568279999999999 0.808696 0.856047 0.812357 0.855859 0.81881 0.861609 0.81627 0.8629530000000001 0.812357 0.8664059999999999 0.810389 0.870438 0.810389 0.871391 0.808696 0.872172 0.806453 0.8694839999999999 0.801121 0.869281 0.798032 0.869281 0.7949200000000001 0.8687189999999999 0.79016 0.8669840000000001 0.786773 0.864875 0.7862239999999999 0.862391 0.7862239999999999 0.859703 0.787346 0.860078 0.7991530000000001
50 0.900188 0.822449 0.905203 0.817849 0.9112500000000001 0.809886 0.905203 0.804691 0.8980940000000001 0.797666 0.8985160000000001 0.792769 0.896219 0.785721 0.889109 0.782654 0.887031 0.7884669999999999 0.885359 0.797048 0.887031 0.801945 0.8832660000000001 0.804073 0.8826409999999999 0.810206 0.89225 0.826407 0.901016 0.823043 0.900188 0.822449
73 0.034687499999999996 0.7112809999999999 0.035125 0.6951489999999999 0.023671900000000003 0.693867 0.022781199999999998 0.710641 0.034687499999999996 0.7112809999999999
22 0.957484 0.822769 0.958219 0.832998 0.962453 0.835423 0.9615309999999999 0.8427 0.958219 0.8453999999999999 0.9584059999999999 0.853478 0.957672 0.8763839999999999 0.959328 0.8755839999999999 0.959516 0.856705 0.974047 0.859954 0.9744059999999999 0.874233 0.976437 0.877185 0.9769840000000001 0.848627 0.972578 0.8453999999999999 0.972766 0.8373229999999999 0.976062 0.827346 0.9747809999999999 0.820343 0.957859 0.82087 0.957484 0.822769
22 0.935875 0.832883 0.935875 0.870183 0.9422029999999999 0.871213 0.943437 0.88151 0.9457190000000001 0.880732 0.944672 0.86865 0.9499380000000001 0.861442 0.949062 0.8225859999999999 0.941672 0.821304 0.936234 0.830046 0.935875 0.832883
22 0.8976089999999999 0.835561 0.893984 0.831579 0.8892340000000001 0.8266129999999999 0.882437 0.8252860000000001 0.870656 0.8256060000000001 0.8625 0.8252860000000001 0.8595470000000001 0.848833 0.86 0.8554689999999999 0.8625 0.88167 0.879031 0.884668 0.895797 0.885652 0.9035 0.882334 0.902594 0.841213 0.8976089999999999 0.835561
22 0.8203910000000001 0.8491080000000001 0.820813 0.872975 0.822906 0.8711209999999999 0.8252029999999999 0.8491080000000001 0.831469 0.849405 0.82875 0.873272 0.829578 0.87389 0.835219 0.850641 0.8404529999999999 0.8500230000000001 0.84275 0.872975 0.842953 0.848787 0.846719 0.8298169999999999 0.848391 0.824325 0.8465 0.8191080000000001 0.838359 0.8191080000000001 0.8302189999999999 0.827689 0.823531 0.832883 0.818516 0.832883 0.818516 0.835332 0.818094 0.8472540000000001 0.8203910000000001 0.8491080000000001
27 0.918437 0.827162 0.902922 0.825217 0.895969 0.826773 0.8922190000000001 0.830709 0.9197660000000001 0.833043 0.918437 0.827162
18 0.23660899999999999 0.787071 0.22706300000000001 0.804142 0.221766 0.811899 0.21646899999999997 0.824325 0.220703 0.835195 0.24403100000000003 0.835195 0.279 0.8367279999999999 0.279 0.8025859999999999 0.275828 0.787071 0.23660899999999999 0.787071
18 0.325969 0.8435699999999999 0.327047 0.8599079999999999 0.336031 0.860961 0.33926599999999996 0.850961 0.350406 0.8530660000000001 0.350406 0.86254 0.362641 0.86254 0.363719 0.84833 0.373062 0.847803 0.379172 0.84833 0.379172 0.821465 0.380969 0.815675 0.382766 0.800938 0.37845300000000004 0.802517 0.370547 0.8088329999999999 0.364438 0.811465 0.364078 0.80778 0.374141 0.796201 0.37809400000000004 0.78778 0.38168799999999997 0.778307 0.385281 0.776728 0.384563 0.769336 0.384922 0.763547 0.38923399999999997 0.763547 0.392469 0.776728 0.398938 0.783043 0.40037500000000004 0.7888329999999999 0.429922 0.788078 0.426687 0.771854 0.423922 0.762403 0.39946899999999996 0.756979 0.343641 0.759703 0.339953 0.761716 0.335344 0.7786040000000001 0.330719 0.7786040000000001 0.327953 0.7806409999999999 0.328422 0.788078 0.330719 0.793478 0.3275 0.8205030000000001 0.325969 0.8435699999999999
18 0.278641 0.805927 0.278641 0.833547 0.29076599999999997 0.833547 0.294281 0.838215 0.30131199999999997 0.838215 0.303547 0.834462 0.309625 0.832609 0.327188 0.833066 0.327188 0.829794 0.330375 0.795172 0.328469 0.789085 0.327828 0.783478 0.329422 0.7792680000000001 0.3355 0.777872 0.33932799999999996 0.763822 0.296844 0.766178 0.287578 0.785355 0.279594 0.783478 0.27767200000000003 0.794233 0.279906 0.797986 0.278953 0.801259 0.278641 0.805927
73 0.06489059999999999 0.7674139999999999 0.0696875 0.766064 0.0685469 0.741304 0.0646719 0.7436609999999999 0.06489059999999999 0.7674139999999999
73 0.0817812 0.747689 0.0920625 0.7513730000000001 0.0916094 0.734966 0.0822344 0.733959 0.0817812 0.747689
50 0.920641 0.797368 0.921125 0.793249 0.919469 0.78984 0.917328 0.789611 0.9145 0.792746 0.913672 0.798581 0.913672 0.8046449999999999 0.911859 0.809016 0.909375 0.811693 0.907047 0.816041 0.908203 0.8250339999999999 0.910359 0.825263 0.912687 0.8269789999999999 0.9151719999999999 0.826728 0.916984 0.8250339999999999 0.918641 0.8235699999999999 0.918984 0.8150799999999999 0.919969 0.811922 0.921797 0.8097479999999999 0.922453 0.807323 0.920469 0.803432 0.920641 0.797368
18 0.123797 0.8036610000000001 0.131 0.8036610000000001 0.120188 0.7869339999999999 0.10454699999999999 0.778124 0.0816875 0.7789929999999999 0.0714531 0.789565 0.06604689999999999 0.805423 0.0810781 0.806316 0.109953 0.800137 0.123797 0.8036610000000001
27 0.993891 0.855309 1 0.8231120000000001 0.982484 0.8171619999999999 0.981672 0.850549 0.9933590000000001 0.846568 0.993891 0.855309
50 0.399094 0.781899 0.395234 0.777391 0.392922 0.760412 0.383656 0.760412 0.380563 0.7785129999999999 0.364359 0.801121 0.36512500000000003 0.811304 0.385969 0.802265 0.382109 0.8632949999999999 0.396 0.8667050000000001 0.39904700000000004 0.85714 0.39371900000000004 0.8078029999999999 0.399094 0.781899