22 0.055203100000000005 0.584583 0.041531200000000004 0.6021249999999999 0.0441719 0.635792 0.078875 0.635792 0.0772969 0.6210629999999999 0.0820312 0.583187 0.055203100000000005 0.584583
50 0.103266 0.566583 0.10267200000000001 0.5605619999999999 0.102359 0.555354 0.102359 0.55175 0.102359 0.548937 0.102359 0.546917 0.100859 0.544125 0.10026600000000001 0.541312 0.09875 0.5405 0.0981563 0.537687 0.0993594 0.5340830000000001 0.0993594 0.532875 0.10026600000000001 0.52725 0.09875 0.526062 0.0960469 0.524458 0.09514059999999999 0.524458 0.0927344 0.524458 0.09123440000000001 0.528062 0.09123440000000001 0.5300619999999999 0.09153120000000001 0.532875 0.0918281 0.5344789999999999 0.0918281 0.536479 0.0903281 0.537687 0.0885156 0.5388959999999999 0.0873125 0.539708 0.0855156 0.541708 0.0849063 0.5425 0.0834063 0.544917 0.0834063 0.5453119999999999 0.0834063 0.546521 0.0830937 0.5497289999999999 0.0830937 0.550542 0.0858125 0.550937 0.0888281 0.550937 0.0897187 0.551333 0.090625 0.555354 0.0897187 0.559375 0.0894219 0.565792 0.0897187 0.567396 0.0897187 0.5702079999999999 0.0894219 0.573417 0.0894219 0.575417 0.0894219 0.577438 0.0933281 0.577438 0.0954375 0.579437 0.0960469 0.579833 0.101156 0.5766249999999999 0.10357799999999999 0.573813 0.10387500000000001 0.575417 0.103266 0.571 0.103266 0.566583
50 0.545875 0.660479 0.54575 0.657833 0.5450470000000001 0.6500210000000001 0.5447029999999999 0.645958 0.5414220000000001 0.6442289999999999 0.5370779999999999 0.6434580000000001 0.533813 0.643917 0.530062 0.645792 0.528188 0.6492290000000001 0.527828 0.656729 0.528297 0.660333 0.528062 0.662979 0.528062 0.6645420000000001 0.5305310000000001 0.667188 0.531234 0.668438 0.542828 0.6679790000000001 0.545516 0.663771 0.545875 0.660479
50 0.5347500000000001 0.670292 0.528031 0.665208 0.526859 0.660542 0.524516 0.660542 0.5207189999999999 0.6632709999999999 0.525094 0.671458 0.530359 0.675354 0.539141 0.6737920000000001 0.552891 0.673021 0.562547 0.670667 0.560203 0.667167 0.554938 0.666396 0.555234 0.654292 0.553766 0.6465 0.5444060000000001 0.6429790000000001 0.545578 0.647271 0.547328 0.659375 0.544109 0.6683330000000001 0.5347500000000001 0.670292
33 0.697625 0.6027710000000001 0.6906559999999999 0.610437 0.686562 0.622458 0.6841090000000001 0.638292 0.689016 0.658521 0.7033590000000001 0.669979 0.7152499999999999 0.669979 0.7279530000000001 0.661792 0.7332810000000001 0.6459379999999999 0.734516 0.628458 0.728359 0.6120629999999999 0.7259059999999999 0.608792 0.720172 0.600583 0.708281 0.5983959999999999 0.697625 0.6027710000000001
50 0.125922 0.538646 0.125922 0.541292 0.125922 0.544292 0.125688 0.547937 0.12443800000000001 0.548937 0.12120299999999999 0.55325 0.11896899999999999 0.559875 0.11896899999999999 0.567833 0.119953 0.5698329999999999 0.119453 0.5728120000000001 0.118219 0.581104 0.119703 0.58475 0.12518800000000002 0.6106250000000001 0.128672 0.578792 0.128672 0.5731459999999999 0.129406 0.572479 0.137125 0.5695 0.136875 0.565854 0.134141 0.566187 0.131156 0.5665209999999999 0.128922 0.5665209999999999 0.128922 0.564187 0.12990600000000002 0.562208 0.129656 0.559542 0.128922 0.5558960000000001 0.127922 0.55325 0.127922 0.5505829999999999 0.129656 0.55025 0.131656 0.547937 0.13339099999999998 0.5456040000000001 0.13439099999999998 0.543625 0.134141 0.5406460000000001 0.132156 0.538312 0.130156 0.5359999999999999 0.128672 0.534667 0.126172 0.534 0.125922 0.538646
77 0.0565625 0.48966699999999996 0.100828 0.498083 0.0981094 0.472812 0.0935938 0.457146 0.0809531 0.446313 0 0.447521 0.0538594 0.448729 0.0565625 0.48966699999999996
77 0.09739060000000001 0.467854 0.0991094 0.481583 0.100828 0.489208 0.10425 0.495292 0.119125 0.5059790000000001 0.140266 0.5059790000000001 0.142547 0.493021 0.139703 0.475479 0.130547 0.46406200000000003 0.0979688 0.452625 0.09739060000000001 0.467854
77 0.139016 0.47050000000000003 0.143422 0.49056299999999997 0.141875 0.499542 0.139016 0.511313 0.144203 0.514083 0.14965599999999998 0.514083 0.163141 0.573562 0.16935899999999998 0.566292 0.16935899999999998 0.564208 0.164437 0.5503750000000001 0.157953 0.512354 0.160281 0.514771 0.172219 0.516833 0.183891 0.5175420000000001 0.189078 0.515458 0.190891 0.512354 0.19140600000000002 0.5085419999999999 0.192437 0.489167 0.185188 0.485021 0.16703099999999999 0.480188 0.156906 0.477063 0.141344 0.471875 0.139016 0.47050000000000003
22 0.0136406 0.591896 0.0127969 0.596937 0.012375 0.600042 0.01175 0.605938 0.0100625 0.613521 0.0100625 0.617167 0.012593799999999999 0.6219370000000001 0.012375 0.623917 0.0134375 0.629521 0.0144844 0.6292500000000001 0.01575 0.6256039999999999 0.0153281 0.6197079999999999 0.0159531 0.618854 0.0182812 0.619417 0.023125 0.6230619999999999 0.023328099999999997 0.6283960000000001 0.023968800000000002 0.637104 0.0250156 0.648354 0.0283906 0.6486249999999999 0.028593800000000003 0.634313 0.028593800000000003 0.6230619999999999 0.0302812 0.618021 0.0349219 0.616042 0.0326094 0.6152080000000001 0.027546900000000003 0.6157710000000001 0.0281719 0.610146 0.027968700000000003 0.601437 0.0292344 0.592458 0.0248125 0.590479 0.0132188 0.591604 0.0136406 0.591896
22 0.0876719 0.6016670000000001 0.0803281 0.602854 0.0791406 0.607542 0.0829688 0.6098960000000001 0.0856094 0.6138119999999999 0.0888437 0.629104 0.0914844 0.6326250000000001 0.0947187 0.615 0.0988281 0.6005 0.100016 0.587562 0.0976562 0.582083 0.0953125 0.580125 0.0920781 0.580125 0.0891406 0.5832499999999999 0.08825 0.598542 0.0876719 0.6016670000000001
22 0.10810900000000001 0.586854 0.102078 0.592375 0.09829689999999999 0.603437 0.09453120000000001 0.6195419999999999 0.0930156 0.6255620000000001 0.09829689999999999 0.632604 0.0990625 0.629583 0.0994375 0.6144999999999999 0.105469 0.6144999999999999 0.106219 0.6240629999999999 0.10923400000000001 0.6316039999999999 0.11074999999999999 0.618021 0.11187499999999999 0.592896 0.11074999999999999 0.582333 0.10810900000000001 0.586854
22 0.139344 0.617437 0.143922 0.617437 0.155594 0.616833 0.154688 0.610417 0.15490600000000002 0.6049380000000001 0.15834399999999998 0.6070620000000001 0.157891 0.617437 0.160172 0.616833 0.16064099999999998 0.611646 0.160859 0.6049380000000001 0.160406 0.599125 0.160172 0.596688 0.159266 0.589354 0.15879700000000002 0.582646 0.156969 0.5805 0.152844 0.5805 0.147125 0.582042 0.145984 0.584479 0.14553100000000002 0.589354 0.14553100000000002 0.5972919999999999 0.137969 0.5972919999999999 0.138656 0.616229 0.139344 0.617437
22 0.173031 0.5991040000000001 0.174359 0.618146 0.176156 0.6159579999999999 0.176 0.593854 0.179938 0.582479 0.176156 0.576792 0.163516 0.578542 0.161875 0.582479 0.161547 0.5901460000000001 0.159438 0.5905419999999999 0.16048400000000002 0.6028330000000001 0.162297 0.6024170000000001 0.162 0.6144999999999999 0.162297 0.616917 0.162 0.6191460000000001 0.165016 0.618333 0.1645 0.6159579999999999 0.165984 0.5999789999999999 0.173031 0.5991040000000001
22 0.175766 0.594437 0.175875 0.606271 0.178047 0.6127710000000001 0.180422 0.612187 0.184438 0.612625 0.185516 0.610896 0.18487499999999998 0.6067079999999999 0.186281 0.60525 0.19028099999999998 0.6120420000000001 0.19234400000000001 0.61075 0.192453 0.605688 0.191578 0.601792 0.192125 0.599625 0.193531 0.594583 0.190719 0.589667 0.190609 0.5875 0.19320299999999999 0.5795619999999999 0.192984 0.575375 0.183453 0.576667 0.18075000000000002 0.581 0.17739100000000002 0.592542 0.175766 0.594437
77 0.053000000000000005 0.45425 0.0525937 0.443542 0.029328100000000003 0.432854 0 0.4275 0.000046875 0.486333 0.0096718703125 0.493292 0.0233125 0.493292 0.038953100000000004 0.48472899999999997 0.0582187 0.487938 0.053000000000000005 0.45425
22 0.038703100000000004 0.6188330000000001 0.0407031 0.620042 0.0430625 0.646979 0.04525 0.644813 0.0434219 0.6188330000000001 0.0414219 0.6001460000000001 0.0417969 0.593125 0.039781300000000006 0.5902080000000001 0.0350625 0.5902080000000001 0.031781199999999996 0.592625 0.0299531 0.596271 0.029046899999999997 0.606229 0.0297812 0.6154379999999999 0.031234400000000002 0.6173749999999999 0.0345156 0.617625 0.0357813 0.64675 0.036515599999999995 0.644312 0.038703100000000004 0.6188330000000001
27 0.6670309999999999 0.624188 0.658031 0.7852709999999999 0.669609 0.781833 0.6734530000000001 0.7167290000000001 0.679891 0.704729 0.688891 0.701292 0.681172 0.802396 0.695312 0.805833 0.709453 0.732146 0.7132970000000001 0.711583 0.7595780000000001 0.7167290000000001 0.758281 0.795542 0.773703 0.7784169999999999 0.773703 0.701292 0.785281 0.718438 0.794266 0.768125 0.796844 0.7886869999999999 0.819984 0.780125 0.801984 0.629333 0.8315469999999999 0.629333 0.8418279999999999 0.613896 0.836688 0.6087710000000001 0.819984 0.598479 0.649047 0.598479 0.642609 0.596771 0.636188 0.6207499999999999 0.6670309999999999 0.624188