50 0.241793 0.703047 0.241793 0.713766 0.245832 0.728375 0.268704 0.731297 0.292937 0.739078 0.315832 0.740062 0.36697599999999997 0.733234 0.362937 0.7196089999999999 0.348121 0.696234 0.310432 0.678703 0.313132 0.654359 0.296976 0.6358590000000001 0.266026 0.6358590000000001 0.256587 0.648516 0.259287 0.689422 0.25121 0.698187 0.241793 0.703047
50 0.129806 0.715172 0.15043199999999998 0.715516 0.18529199999999998 0.721812 0.201339 0.722484 0.244449 0.727125 0.24168499999999998 0.702234 0.25041 0.698594 0.25408200000000003 0.693953 0.253153 0.6929529999999999 0.243996 0.6889689999999999 0.215551 0.679359 0.216933 0.6717190000000001 0.215551 0.652813 0.201339 0.644516 0.184363 0.644516 0.17475200000000002 0.656469 0.172916 0.670391 0.169244 0.681016 0.15870399999999998 0.687312 0.135767 0.687312 0.13989200000000002 0.6969369999999999 0.134384 0.70125 0.127516 0.715516 0.129806 0.715172
50 0.578575 0.7649060000000001 0.635529 0.7712030000000001 0.651339 0.7712030000000001 0.644233 0.754031 0.633153 0.7506090000000001 0.628402 0.735156 0.624449 0.713406 0.618121 0.701391 0.580151 0.69625 0.550108 0.707109 0.5453560000000001 0.719141 0.5453560000000001 0.739734 0.534276 0.742594 0.542203 0.755188 0.578575 0.7649060000000001
50 0.22054 0.242016 0.205011 0.242016 0.18948199999999998 0.22853099999999998 0.167732 0.212797 0.155313 0.217297 0.130454 0.24874999999999997 0.136674 0.275719 0.14909299999999998 0.298187 0.170842 0.286953 0.170842 0.304937 0.23298100000000002 0.331891 0.28267800000000004 0.349875 0.313737 0.361109 0.347905 0.356609 0.38829400000000003 0.322906 0.363434 0.30268700000000004 0.26092899999999997 0.242016 0.22987000000000002 0.237516 0.22054 0.242016
50 0.827106 0.722797 0.794017 0.752563 0.802959 0.763547 0.803844 0.763547 0.8047519999999999 0.774547 0.802959 0.777781 0.78149 0.777781 0.76987 0.771953 0.763607 0.768719 0.7511019999999999 0.7810159999999999 0.79581 0.816594 0.834255 0.806891 0.8726999999999999 0.798484 0.877171 0.7797189999999999 0.862851 0.761609 0.873585 0.756437 0.8807339999999999 0.749969 0.875378 0.734438 0.827106 0.722797
61 0.292657 0.185812 0.252181 0.19031199999999998 0.230389 0.22409400000000002 0.308207 0.273656 0.554168 0.42229700000000003 0.582181 0.41779700000000003 0.613305 0.375 0.289525 0.19031199999999998 0.292657 0.185812
50 0.793434 0.713609 0.785421 0.705328 0.765961 0.7003440000000001 0.733909 0.702828 0.7133050000000001 0.705328 0.705292 0.708641 0.70987 0.714438 0.722462 0.722719 0.73162 0.739281 0.7247520000000001 0.745906 0.706436 0.7575000000000001 0.682397 0.7657809999999999 0.694989 0.778203 0.722462 0.784 0.747646 0.783172 0.756803 0.785656 0.754514 0.7724059999999999 0.7636719999999999 0.768266 0.7842760000000001 0.774062 0.7899999999999999 0.776547 0.8037369999999999 0.779031 0.806026 0.771578 0.8037369999999999 0.764953 0.796868 0.755016 0.786566 0.750047 0.780842 0.746734 0.792289 0.725203 0.793434 0.713609
50 0.08092869978401727 0.701641 0.118639 0.719375 0.143153 0.6866410000000001 0.163909 0.681187 0.154471 0.663438 0.167667 0.6457029999999999 0.152592 0.6347970000000001 0.11486 0.626609 0.111102 0.6361559999999999 0.112981 0.659359 0.09600430021598272 0.682547 0.08092869978401727 0.701641
50 0.08842330021598271 0.698469 0.10734300000000001 0.671078 0.10194399999999999 0.654453 0.09518360043196544 0.632922 0.049222501079913605 0.6231410000000001 0.031641501079913606 0.6358590000000001 0.04110150107991361 0.661297 0.02082069978401728 0.666188 0.007300220302375811 0.679875 0.012699799136069114 0.6916089999999999 0.06678190064794817 0.707266 0.08842330021598271 0.698469
50 0.9080560000000001 0.741062 0.893844 0.735922 0.877279 0.735359 0.875702 0.748484 0.877279 0.754188 0.865443 0.761609 0.8701730000000001 0.770188 0.875702 0.779312 0.872549 0.799875 0.897019 0.8021559999999999 0.8922680000000001 0.787875 0.9041039999999999 0.777031 0.915162 0.76675 0.91594 0.7507659999999999 0.9080560000000001 0.741062
50 0.493413 0.696094 0.498251 0.693297 0.49727899999999997 0.67025 0.48375799999999997 0.654891 0.46060500000000004 0.652109 0.44613400000000003 0.659781 0.445162 0.682125 0.431641 0.689109 0.41138199999999997 0.703766 0.367948 0.7275 0.376652 0.743563 0.398834 0.758922 0.40794328941684666 0.7600407125 0.407991 0.759609 0.4508908509719222 0.765085325 0.504039 0.7582340000000001 0.5300860000000001 0.7554369999999999 0.528164 0.741469 0.532009 0.7135469999999999 0.493413 0.696094
50 0.557387 0.813641 0.530886 0.775297 0.4508908509719222 0.765085325 0.449978 0.765203 0.40794328941684666 0.7600407125 0.403175 0.803187 0.557387 0.813641
50 0.39924400000000004 0.6720780000000001 0.393844 0.6613279999999999 0.378963 0.652516 0.349222 0.651547 0.339762 0.664266 0.34652299999999997 0.682844 0.366803 0.725875 0.393844 0.711203 0.39924400000000004 0.6720780000000001
50 0.922743 0.7638130000000001 0.9070410000000001 0.7771250000000001 0.897603 0.789141 0.8967170000000001 0.793672 0.900756 0.795953 0.9052479999999999 0.799203 0.910173 0.8027659999999999 0.951922 0.806344 0.974363 0.8073119999999999 0.985119 0.809266 0.9900650000000001 0.789141 0.982441 0.776797 0.97121 0.769 0.946091 0.7618590000000001 0.9469759999999999 0.762188 0.924989 0.7634839999999999 0.922743 0.7638130000000001
50 0 0.674906 0.017084200863930886 0.6767190000000001 0.02146869978401728 0.6717190000000001 0.027753799136069113 0.6676409999999999 0.043434099352051836 0.659922 0.04218139956803456 0.65175 0.039675999999999996 0.644937 0.04030239956803456 0.6367659999999999 0.043434099352051836 0.634031 0.052851 0.6245 0.05598269978401728 0.613156 0.052851 0.600437 0.03401730021598272 0.592266 0.017084200863930886 0.594984 0.0020086393088552916 0.605438 0.002634989200863931 0.6154219999999999 0 0.630406 0 0.648562 0 0.672172 0 0.674906