53 0.728732 0.863297 0.858638 1 0.979249 0.9991720000000001 0.979249 0.9785780000000001 0.9730749999999999 0.920937 0.9823470000000001 0.533922 1 0.393937 0.997817 0.0069218703125 0.8091550000000001 0.00075 0.6885450000000001 0.12426600000000002 0.564836 0.11396900000000001 0.212254 0.120156 0.218451 0.34865599999999997 0.240094 0.5709839999999999 0.264836 0.8880000000000001 0.728732 0.863297
13 0.8470420000000001 0.29609399999999997 0.8573470000000001 0.290375 0.853052 0.252047 0.849601 0.221156 0.8513379999999999 0.207984 0.839296 0.197687 0.841009 0.18625 0.82554 0.18225 0.819531 0.167938 0.809202 0.167375 0.799765 0.168516 0.795469 0.170234 0.79115 0.184531 0.7765489999999999 0.193109 0.7799769999999999 0.20054699999999998 0.780845 0.20170300000000002 0.768803 0.21314099999999997 0.7739670000000001 0.244609 0.7782629999999999 0.296672 0.7782629999999999 0.320125 0.7782629999999999 0.353891 0.7756810000000001 0.35675 0.847887 0.33787500000000004 0.8470420000000001 0.29609399999999997
13 0.781009 0.187828 0.754554 0.187828 0.7556569999999999 0.20545300000000002 0.757864 0.250984 0.736901 0.286234 0.738005 0.367 0.778803 0.357453 0.7777000000000001 0.336094 0.76777 0.207594 0.781009 0.203187 0.778803 0.19437500000000002 0.781009 0.187828
13 0.604085 0.401328 0.604085 0.397562 0.604085 0.378719 0.594178 0.374953 0.578592 0.369297 0.560188 0.369297 0.5488729999999999 0.37778100000000003 0.546033 0.380594 0.540376 0.39849999999999997 0.604085 0.401328
13 0.535563 0.38121900000000003 0.530399 0.377219 0.525235 0.37492200000000003 0.513991 0.37492200000000003 0.49439 0.376781 0.485962 0.38239100000000004 0.485047 0.390469 0.49439 0.396062 0.50838 0.396062 0.534554 0.396062 0.540141 0.38487499999999997 0.535563 0.38121900000000003
13 0.35741799999999996 0.573484 0.365164 0.578062 0.376338 0.584359 0.396972 0.5855 0.415869 0.578062 0.423615 0.558609 0.415869 0.5477339999999999 0.408146 0.535156 0.38579800000000003 0.534 0.36600900000000003 0.539156 0.35570399999999996 0.551734 0.35657300000000003 0.5746249999999999 0.35741799999999996 0.573484
13 0.371925 0.403859 0.427817 0.402609 0.428944 0.402359 0.428944 0.399109 0.428944 0.396875 0.428944 0.393625 0.426315 0.38639100000000004 0.421056 0.379641 0.41542300000000004 0.375656 0.40154900000000004 0.375656 0.397066 0.375656 0.390681 0.375656 0.38579800000000003 0.377156 0.378685 0.379641 0.37568100000000004 0.382891 0.371549 0.387891 0.371174 0.400359 0.371925 0.403859
13 0.432582 0.403328 0.471948 0.403328 0.479648 0.400453 0.485399 0.397578 0.483967 0.389906 0.47915500000000005 0.383188 0.462347 0.37360899999999997 0.45178399999999996 0.37487499999999996 0.439296 0.378078 0.430188 0.387344 0.430188 0.396297 0.432089 0.40268800000000005 0.432582 0.403328
13 0.646784 0.366141 0.605845 0.376859 0.605845 0.398312 0.67162 0.39875 0.678333 0.390719 0.679014 0.376859 0.674977 0.37015600000000004 0.6588729999999999 0.372844 0.646784 0.366141
13 0.73892 0.699516 0.73892 0.711422 0.7154459999999999 0.7352190000000001 0.710986 0.755312 0.7221599999999999 0.815578 0.740047 0.8274839999999999 0.732207 0.722578 0.742277 0.715141 0.7825120000000001 0.709187 0.7802819999999999 0.6846409999999999 0.760164 0.674219 0.7545769999999999 0.677203 0.7556809999999999 0.675703 0.732207 0.6824060000000001 0.73892 0.699516
13 0.38814600000000005 0.341 0.443592 0.3415 0.439906 0.286875 0.438427 0.285391 0.433991 0.281953 0.437676 0.2785 0.437676 0.273578 0.433991 0.271125 0.41105600000000003 0.269156 0.371878 0.271125 0.370399 0.2785 0.370399 0.282438 0.36671400000000004 0.286875 0.36671400000000004 0.292281 0.371878 0.341 0.38814600000000005 0.341
13 0.363075 0.405547 0.367277 0.402531 0.369366 0.399734 0.371127 0.393906 0.370423 0.389953 0.369038 0.386937 0.363779 0.385297 0.354343 0.38087499999999996 0.348732 0.37948400000000004 0.34455399999999997 0.376688 0.340704 0.374359 0.328099 0.370875 0.319014 0.370875 0.31166699999999997 0.372734 0.300822 0.377156 0.295235 0.38204699999999997 0.293146 0.384141 0.287887 0.386937 0.28544600000000003 0.390188 0.284038 0.39740600000000004 0.286502 0.403 0.29279299999999997 0.406016 0.363075 0.405547
13 0.82777 0.561906 0.790399 0.560781 0.780211 0.600344 0.832864 0.616172 0.836244 0.569813 0.82777 0.561906
13 0.788685 0.654609 0.798873 0.663656 0.817559 0.673828 0.836244 0.665922 0.843052 0.626344 0.786995 0.615047 0.788685 0.654609
13 0.518944 0.640797 0.525587 0.6515310000000001 0.5379109999999999 0.655328 0.563545 0.6591090000000001 0.582512 0.6591090000000001 0.601502 0.664172 0.6119249999999999 0.656594 0.609085 0.650281 0.599601 0.645219 0.589155 0.6344839999999999 0.586315 0.630687 0.58061 0.625016 0.570188 0.6218589999999999 0.546455 0.620594 0.536009 0.629437 0.539812 0.622484 0.52939 0.637641 0.518944 0.640797