76 0.778656 0.45841699999999996 0.891578 0.469667 1 0.465167 0.9977499999999999 0.40897900000000004 0.999437 0.0202292 0.7045 0.042687499999999996 0.702813 0.0539375 0.702813 0.191021 0.69775 0.382021 0.723031 0.39775 0.800563 0.39775 0.800563 0.40449999999999997 0.778656 0.43820800000000004 0.778656 0.45841699999999996
76 0 0.637646 0.0017656203125 0.9858750000000001 0.42000000000000004 0.988229 0.35646900000000004 0.5976459999999999 0 0.637646
7 1 1 1 0.912417 0.991906 0.896688 0.938188 0.8705 0.908047 0.854771 0.826812 0.840792 0.778328 0.842542 0.712812 0.828562 0.647312 0.805854 0.571313 0.791875 0.518906 0.793625 0.463875 0.800604 0.42979699999999993 0.818083 0.407531 0.842542 0.397047 0.853021 0.418016 0.950854 0.42325 0.996271 1 1
42 0.417984 1 0.364047 0.60675 0.0016875000000000002 0.633708 0 1 0.417984 1
12 0.06504689999999999 0.505375 0.07270309999999999 0.542646 0.0750313 0.566604 0.0773594 0.603 0.0836875 0.603 0.0983281 0.597229 0.096 0.575479 0.1 0.543083 0.101328 0.520458 0.0923438 0.497833 0.0833594 0.484521 0.0800312 0.485417 0.0750313 0.49072899999999997 0.0624062 0.48725 0.06504689999999999 0.505375
12 0.0215156 0.513312 0.0215156 0.517188 0.0205469 0.528146 0.0200625 0.5675209999999999 0.025859399999999998 0.632042 0.050062499999999996 0.627542 0.0432969 0.6010829999999999 0.042812499999999996 0.5558960000000001 0.039906199999999996 0.5287919999999999 0.0389375 0.515896 0.0360313 0.506208 0.022 0.497167 0.0215156 0.508146 0.0215156 0.513312
12 0.0425156 0.5574790000000001 0.0431406 0.599521 0.0524219 0.626729 0.0660156 0.614375 0.05675 0.5871460000000001 0.050562499999999996 0.507167 0.037578099999999996 0.512938 0.0425156 0.5574790000000001
12 0 0.25018799999999997 0.002375 0.25018799999999997 0.09203120000000001 0.256 0.0882969 0.24437499999999998 0.0889219 0.241062 0.06526560000000001 0.239396 0.0646406 0.231104 0.0198125 0.230271 0.0198125 0.238563 0 0.238563 0 0.25018799999999997
12 0.08795309999999999 0.483479 0.0905938 0.456833 0.0690156 0.444208 0.029578100000000003 0.418271 0.029046899999999997 0.423875 0.0395625 0.43931200000000004 0.0779688 0.459646 0.0784844 0.48418700000000003 0.08795309999999999 0.483479
22 0.456281 0.6163329999999999 0.45465600000000006 0.584979 0.48224999999999996 0.563333 0.48710899999999996 0.655292 0.501719 0.652042 0.501719 0.543875 0.511453 0.30416699999999997 0.480625 0.29983299999999996 0.43114100000000005 0.28143799999999997 0.360547 0.2955 0.328109 0.29983299999999996 0.318359 0.347438 0.305391 0.369063 0.269766 0.37339599999999995 0.254359 0.386375 0.24706299999999998 0.420979 0.248672 0.442625 0.245438 0.46858299999999997 0.24706299999999998 0.498875 0.24300000000000002 0.5291669999999999 0.24706299999999998 0.593958 0.264094 0.5928749999999999 0.263281 0.563667 0.303844 0.574479 0.337109 0.5809789999999999 0.339547 0.6036870000000001 0.353328 0.605854 0.353328 0.586375 0.40981199999999995 0.5850620000000001 0.43673400000000007 0.581875 0.43673400000000007 0.5930420000000001 0.434328 0.61575 0.438828 0.658813 0.437031 0.667958 0.43732800000000005 0.693875 0.447344 0.695396 0.451422 0.690979 0.44979699999999995 0.658521 0.456281 0.6163329999999999
12 0.1275 0.457167 0.0354688 0.345 0.030218699999999998 0.329208 0.0275938 0.329208 0.029562500000000002 0.35025 0.122891 0.464167 0.1275 0.457167