50 0.485391 0.743812 0.508984 0.79325 0.519094 0.79325 0.520781 0.7910210000000001 0.541016 0.752812 0.5511250000000001 0.7213539999999999 0.562922 0.6876460000000001 0.5662969999999999 0.6539370000000001 0.5662969999999999 0.611229 0.564609 0.6 0.5511250000000001 0.559542 0.546063 0.550562 0.541016 0.534833 0.524156 0.5370830000000001 0.507297 0.566292 0.510672 0.631458 0.4955 0.752812 0.485391 0.743812
50 0.8540940000000001 0.637479 0.849766 0.653958 0.824406 0.672937 0.8157499999999999 0.691896 0.817609 0.730646 0.824406 0.785062 0.8231719999999999 0.844437 0.821313 0.846083 0.8305939999999999 0.858458 0.8448119999999999 0.858458 0.863984 0.852688 0.863984 0.841958 0.849766 0.826292 0.878828 0.641604 0.8540940000000001 0.637479
50 0.642938 0.586396 0.6441250000000001 0.590271 0.651141 0.589938 0.6514059999999999 0.5796880000000001 0.650609 0.5685629999999999 0.652594 0.564875 0.652594 0.557813 0.6537810000000001 0.556917 0.656031 0.5521670000000001 0.654984 0.546854 0.651016 0.540687 0.650219 0.5362709999999999 0.649281 0.5348539999999999 0.6457189999999999 0.533458 0.6441250000000001 0.535562 0.6457189999999999 0.540854 0.642938 0.5440419999999999 0.646641 0.549687 0.646641 0.5521670000000001 0.643328 0.558333 0.643328 0.5662710000000001 0.64425 0.583229 0.643328 0.586396 0.642938 0.586396
50 0.562922 0.559542 0.557859 0.5752710000000001 0.5730310000000001 0.60225 0.557859 0.660667 0.579781 0.660667 0.576406 0.6045 0.581453 0.5730419999999999 0.5730310000000001 0.557312 0.5730310000000001 0.5438120000000001 0.559547 0.5415829999999999 0.562922 0.559542
61 0.8574999999999999 0.8483750000000001 0.873969 0.85225 0.8831559999999999 0.845167 0.889937 0.792875 0.9122030000000001 0.686688 0.920422 0.657 0.9213910000000001 0.636333 0.9073589999999999 0.617625 0.8880000000000001 0.6234369999999999 0.878313 0.646021 0.871547 0.698292 0.8492810000000001 0.8151039999999999 0.8492810000000001 0.8357500000000001 0.8574999999999999 0.8483750000000001
50 0.589531 0.539979 0.588938 0.541937 0.591594 0.549375 0.595109 0.551729 0.5962810000000001 0.554479 0.596 0.5568329999999999 0.5942339999999999 0.562313 0.591875 0.567396 0.5865940000000001 0.578771 0.5865940000000001 0.585812 0.5860000000000001 0.591313 0.584828 0.596792 0.5860000000000001 0.6097079999999999 0.588359 0.616375 0.589531 0.62225 0.592766 0.633229 0.598938 0.6496879999999999 0.603344 0.648896 0.6065780000000001 0.6437919999999999 0.605391 0.6367499999999999 0.605391 0.6273540000000001 0.602172 0.617167 0.6018749999999999 0.605417 0.60275 0.59875 0.608328 0.593271 0.609812 0.590125 0.607156 0.583458 0.605687 0.5701459999999999 0.605391 0.553292 0.600984 0.5470210000000001 0.601281 0.543896 0.600703 0.537625 0.593938 0.534896 0.591 0.538417 0.589531 0.539979
60 0.641156 0.645292 0.644516 0.641562 0.610391 0.635604 0.608719 0.640063 0.617109 0.640812 0.641156 0.645292
60 0.620469 0.649771 0.626062 0.643812 0.608719 0.640812 0.607594 0.646792 0.620469 0.649771
60 0.584734 0.557833 0.584734 0.559771 0.584984 0.559125 0.584984 0.561063 0.587406 0.567875 0.586922 0.5847080000000001 0.586203 0.618708 0.586688 0.656604 0.588875 0.656917 0.588375 0.637167 0.588875 0.601542 0.590328 0.5701249999999999 0.588625 0.561708 0.586922 0.558146 0.584734 0.557833
60 0.594938 0.567875 0.593 0.657562 0.593234 0.658208 0.595187 0.656271 0.597125 0.565271 0.595672 0.561063 0.593484 0.560417 0.59275 0.561396 0.593719 0.563646 0.594938 0.567875
60 0.46525 0.799375 0.481078 0.8013119999999999 0.515891 0.7896249999999999 0.550969 0.775667 0.5733590000000001 0.7652920000000001 0.581406 0.756521 0.582125 0.7480829999999999 0.575797 0.747417 0.569953 0.752938 0.559734 0.761708 0.534891 0.770792 0.5334220000000001 0.771125 0.505422 0.77925 0.5015310000000001 0.77275 0.491297 0.778271 0.47523400000000005 0.784771 0.468406 0.788979 0.48166301562499997 0.7883511854166667 0.46525 0.7896249999999999 0.460625 0.793521 0.463781 0.798729 0.46525 0.799375
50 0.636234 0.537125 0.6338280000000001 0.5426040000000001 0.631281 0.543917 0.628453 0.5475 0.627891 0.5522290000000001 0.6318590000000001 0.557312 0.631578 0.5605209999999999 0.632703 0.563354 0.632 0.570521 0.632844 0.572958 0.6318590000000001 0.5771040000000001 0.633266 0.580313 0.632984 0.5935210000000001 0.639344 0.5931460000000001 0.638922 0.58975 0.640344 0.587292 0.639625 0.584479 0.641047 0.5818329999999999 0.639625 0.5793750000000001 0.639344 0.569187 0.640906 0.5667500000000001 0.640625 0.5582499999999999 0.643875 0.5578749999999999 0.646563 0.550708 0.642891 0.544875 0.6397809999999999 0.543917 0.639062 0.5407080000000001 0.641188 0.5363749999999999 0.637375 0.5331670000000001 0.636234 0.537125