20 0.14546900000000001 0.36422899999999997 0.142234 0.409479 0.156781 0.424563 0.177797 0.4375 0.21175000000000002 0.461208 0.24407800000000002 0.48922899999999997 0.313578 0.573271 0.352375 0.5754370000000001 0.344281 0.5409579999999999 0.34914100000000003 0.5280210000000001 0.363687 0.506458 0.360453 0.478458 0.34914100000000003 0.465521 0.316812 0.469833 0.35075 0.377146 0.358844 0.331896 0.358844 0.314646 0.365297 0.275854 0.360453 0.254312 0.35398399999999997 0.226292 0.360453 0.211208 0.363687 0.198271 0.360453 0.174563 0.299031 0.185354 0.274781 0.200437 0.248922 0.258625 0.227906 0.286646 0.214984 0.303875 0.158406 0.331896 0.147094 0.370688 0.14546900000000001 0.36422899999999997
22 0.375812 0.311833 0.361297 0.28816699999999995 0.356453 0.337625 0.354844 0.369896 0.343547 0.42364599999999997 0.320969 0.453771 0.256453 0.511833 0.23548399999999997 0.48816699999999996 0.16935899999999998 0.447313 0.138703 0.42581199999999997 0.145156 0.402146 0.15967199999999998 0.36775 0.167734 0.344083 0.16935899999999998 0.337625 0.196781 0.305375 0.22096900000000003 0.296771 0.24193699999999999 0.27095800000000003 0.24193699999999999 0.260208 0.246781 0.240854 0.23870300000000003 0.227958 0.21612499999999998 0.21720799999999998 0.191938 0.20860399999999998 0.17096899999999998 0.204292 0.0032187500000000003 0.163438 0.0064531203125 0.318271 0.0032187500000000003 0.329042 0.0064531203125 0.554833 0.0112969 0.612896 0.0064531203125 0.636563 0.0016093796875 0.6688120000000001 0.0064531203125 0.670958 0.0177344 0.701083 0.0403281 0.7440829999999999 0.0612969 0.763437 0.10645299999999999 0.8064579999999999 0.12742199999999998 0.815063 0.201609 0.819354 0.282266 0.815063 0.303219 0.8086040000000001 0.29032800000000003 0.795708 0.335484 0.784937 0.370969 0.772042 0.393547 0.748396 0.42096900000000004 0.716125 0.42096900000000004 0.718271 0.45645300000000005 0.6752710000000001 0.49678100000000003 0.630104 0.495156 0.5741879999999999 0.490328 0.529042 0.446781 0.451604 0.4306515703125 0.41577748541666665 0.414516 0.419354 0.40274120625 0.4236860791666667 0.42544144843750004 0.4098142875 0.40967200000000004 0.4 0.393547 0.354833 0.393547 0.348396 0.375812 0.311833
12 0.825297 0.188438 0.823297 0.192875 0.822625 0.19864600000000002 0.822953 0.20575000000000002 0.8655630000000001 0.220833 0.871562 0.21906299999999998 0.935469 0.21862499999999999 0.936469 0.21816700000000003 0.936469 0.212396 0.9394690000000001 0.19820800000000002 0.946125 0.19731200000000002 0.955109 0.195979 0.963438 0.20752099999999998 0.964438 0.20131200000000002 0.9704219999999999 0.19775 0.9690939999999999 0.19197899999999998 0.9527810000000001 0.192875 0.895859 0.19908299999999998 0.878891 0.202646 0.8728910000000001 0.20175 0.8269529999999999 0.18710400000000002 0.825297 0.188438
12 0.815156 0.217708 0.8176249999999999 0.218542 0.823203 0.218542 0.8324999999999999 0.218542 0.867828 0.232583 0.9409689999999999 0.22762500000000002 0.93725 0.217708 0.8746409999999999 0.217708 0.8665940000000001 0.222667 0.821969 0.203667 0.817016 0.20531200000000002 0.815156 0.217708
12 0.826 0.241104 0.830141 0.24564599999999998 0.834672 0.249167 0.8444689999999999 0.253688 0.8539059999999999 0.256188 0.862203 0.259708 0.8731410000000001 0.259208 0.927437 0.263229 0.9240470000000001 0.262729 0.922906 0.248146 0.923297 0.236583 0.9251720000000001 0.233063 0.930453 0.22904200000000002 0.934984 0.236083 0.9402659999999999 0.236583 0.939125 0.22754200000000002 0.8640779999999999 0.231063 0.827875 0.218979 0.824109 0.222 0.823734 0.241625 0.826 0.241104
12 0.794875 0.275938 0.8010160000000001 0.281938 0.8492660000000001 0.313 0.857859 0.313 0.9065160000000001 0.308104 0.910187 0.28302099999999997 0.881156 0.289021 0.857859 0.286833 0.821875 0.268854 0.809187 0.253042 0.794875 0.253583 0.794875 0.275938
12 0.811078 0.235896 0.818422 0.246771 0.8604369999999999 0.269083 0.8755470000000001 0.271792 0.913078 0.269083 0.923281 0.263083 0.897172 0.261458 0.862078 0.25983300000000004 0.8486090000000001 0.255479 0.8265779999999999 0.2435 0.8196410000000001 0.23806200000000002 0.817609 0.234812 0.815156 0.23316699999999999 0.8253590000000001 0.232625 0.815156 0.23208299999999998 0.811078 0.235896
12 0.7847500000000001 0.29214599999999996 0.844281 0.324417 0.856391 0.329583 0.906719 0.324417 0.907203 0.310229 0.857844 0.313458 0.848641 0.313458 0.792984 0.279896 0.7847500000000001 0.29214599999999996
56 0.951234 0.24112499999999998 0.9533440000000001 0.24675 0.9533440000000001 0.25025000000000003 0.954391 0.26006199999999996 0.9580780000000001 0.270583 0.9580780000000001 0.26568800000000004 0.958609 0.253063 0.960187 0.243938 0.960703 0.23552099999999998 0.962813 0.226417 0.963344 0.21868800000000002 0.963344 0.21168800000000002 0.9622809999999999 0.205375 0.958609 0.19764600000000002 0.9533440000000001 0.196958 0.950187 0.198354 0.9444060000000001 0.19906300000000002 0.941766 0.20116699999999998 0.939141 0.20606200000000002 0.9386089999999999 0.216583 0.939141 0.220792 0.940188 0.225708 0.9428280000000001 0.232021 0.9444060000000001 0.234125 0.9465 0.23691700000000002 0.951234 0.24112499999999998
7 0.200109 0.152354 0.114344 0.172542 0.0790312 0.18150000000000002 0.25223399999999996 0.228583 0.275781 0.19943799999999998 0.32287499999999997 0.19495800000000002 0.3565 0.165813 0.363234 0.212896 0.35985900000000004 0.29360400000000003 0.447312 0.42364599999999997 0.49607799999999996 0.419167 0.487672 0.313792 0.485984 0.10975 0.44395300000000004 0.049208299999999996 0.195062 0.103021 0.200109 0.152354
56 0.9522030000000001 0.264521 0.9519529999999999 0.257354 0.950484 0.247271 0.946828 0.243042 0.9456089999999999 0.24400000000000002 0.9453590000000001 0.235875 0.9417030000000001 0.23131300000000002 0.938031 0.232292 0.935844 0.235229 0.935359 0.23783300000000002 0.931203 0.23391699999999999 0.926313 0.236521 0.9236409999999999 0.240437 0.923391 0.247917 0.924859 0.25995799999999997 0.926313 0.26581299999999997 0.926812 0.269396 0.931203 0.270708 0.9363279999999999 0.272333 0.942672 0.271687 0.9480470000000001 0.273625 0.948531 0.273625 0.949266 0.27493799999999996 0.949266 0.271354 0.9522030000000001 0.264521
12 0.841734 0.282604 0.883375 0.28739600000000004 0.909938 0.282604 0.912094 0.270167 0.9070779999999999 0.272083 0.870453 0.274 0.817328 0.244312 0.813734 0.24335400000000001 0.810141 0.252937 0.841734 0.282604