15 0.579281 0.774122 0.6012500000000001 0.771756 0.607531 0.7694150000000001 0.615375 0.745878 0.621656 0.72 0.620094 0.6941219999999999 0.599688 0.663536 0.569859 0.647049 0.5447339999999999 0.647049 0.5227660000000001 0.6517559999999999 0.49450000000000005 0.611756 0.477234 0.6070490000000001 0.485078 0.647049 0.49921899999999997 0.701171 0.500781 0.752951 0.530609 0.7811710000000001 0.579281 0.774122
15 0.395609 0.73897 0.405016 0.7295780000000001 0.41757799999999995 0.6966279999999999 0.41757799999999995 0.6401640000000001 0.403453 0.6307489999999999 0.389328 0.604871 0.365781 0.5813349999999999 0.353219 0.595457 0.346938 0.6236769999999999 0.346938 0.644871 0.323391 0.684871 0.34223400000000004 0.724871 0.361063 0.722506 0.370484 0.748384 0.395609 0.73897
15 0.481109 0.632155 0.47885900000000003 0.6220140000000001 0.476609 0.605808 0.484719 0.6098589999999999 0.49328099999999997 0.603091 0.486531 0.586885 0.494187 0.581475 0.507266 0.5706559999999999 0.514484 0.5517559999999999 0.522141 0.53822 0.520781 0.524052 0.518984 0.50918 0.518078 0.487564 0.5054529999999999 0.484169 0.494641 0.480796 0.47885900000000003 0.479438 0.46262499999999995 0.47337199999999996 0.452719 0.465246 0.44640599999999997 0.460515 0.431531 0.459859 0.421609 0.459859 0.411688 0.467963 0.410344 0.488899 0.40267200000000003 0.50445 0.397266 0.515246 0.389594 0.521335 0.389156 0.539578 0.395016 0.55377 0.405375 0.565925 0.414391 0.574052 0.421609 0.585527 0.42521899999999996 0.601077 0.41845299999999996 0.616604 0.41935900000000004 0.618642 0.42206299999999997 0.620656 0.436484 0.6314749999999999 0.448203 0.638244 0.45903099999999997 0.6402580000000001 0.47751599999999994 0.640937 0.481109 0.632155
15 0.9215 0.531756 0.937203 0.512951 0.923078 0.48941500000000004 0.9167970000000001 0.461171 0.891672 0.444707 0.8775470000000001 0.45412199999999997 0.860281 0.46587799999999996 0.8398749999999999 0.517658 0.8539999999999999 0.543536 0.8759840000000001 0.5458780000000001 0.897953 0.524707 0.9215 0.531756
15 0.741578 0.43807999999999997 0.742375 0.43082 0.739156 0.421124 0.712516 0.429602 0.7068749999999999 0.424754 0.703641 0.41993 0.695578 0.4163 0.684281 0.411452 0.673781 0.424754 0.671359 0.43564400000000003 0.66975 0.461054 0.681859 0.480398 0.701219 0.47798599999999997 0.713328 0.462248 0.7375309999999999 0.445316 0.741578 0.43807999999999997
15 0.6461560000000001 0.439906 0.646781 0.427658 0.6461560000000001 0.422951 0.637344 0.42388800000000004 0.6172340000000001 0.420117 0.608422 0.410703 0.6015159999999999 0.394684 0.5945940000000001 0.377705 0.582641 0.373934 0.564406 0.381475 0.551203 0.40126500000000004 0.553094 0.408806 0.570703 0.426721 0.5945940000000001 0.451218 0.6461560000000001 0.439906
15 0.643641 0.442342 0.635797 0.444707 0.6012500000000001 0.451756 0.580844 0.442342 0.562 0.423536 0.536891 0.41882899999999995 0.5337500000000001 0.43295100000000003 0.532188 0.458829 0.530609 0.484707 0.530609 0.510585 0.5337500000000001 0.534122 0.543172 0.548244 0.560438 0.541171 0.568281 0.524707 0.566719 0.503536 0.579281 0.512951 0.598109 0.512951 0.613812 0.524707 0.629516 0.529415 0.638938 0.48941500000000004 0.6640469999999999 0.458829 0.656203 0.42824399999999996 0.643641 0.442342
15 0.7670939999999999 0.41318499999999997 0.774016 0.41159300000000004 0.776687 0.41159300000000004 0.780938 0.40761099999999995 0.790531 0.39484800000000003 0.800641 0.377283 0.798516 0.36051500000000003 0.795312 0.35653399999999996 0.784141 0.352553 0.7777499999999999 0.36051500000000003 0.7724219999999999 0.36770499999999995 0.7628440000000001 0.374098 0.760703 0.376487 0.7575160000000001 0.377283 0.751656 0.379672 0.745266 0.38606599999999996 0.742078 0.400422 0.749531 0.406019 0.7601720000000001 0.41318499999999997 0.7724219999999999 0.406019 0.7670939999999999 0.41318499999999997
15 0.672609 0.328782 0.684047 0.340211 0.6926249999999999 0.340211 0.712625 0.34163899999999997 0.734547 0.343068 0.739313 0.328782 0.732641 0.313068 0.72025 0.295925 0.707859 0.285925 0.698344 0.284496 0.685953 0.287354 0.673562 0.28878200000000004 0.664031 0.304496 0.674516 0.31735399999999997 0.686906 0.33592500000000003 0.672609 0.328782
51 0.0524687 0.660679 0.163422 0.75281 0.22939099999999998 0.7775179999999999 0.29535900000000004 0.813489 0.398813 0.8314520000000001 0.551734 0.8426929999999999 0.727156 0.813489 0.884578 0.7505620000000001 0.935562 0.7033720000000001 0.947563 0.656183 0.9745469999999999 0.6202340000000001 0.980547 0.5663 0.967047 0.498876 0.952047 0.44494100000000003 0.908578 0.424731 0.872594 0.408993 0.842609 0.382014 0.827609 0.34606600000000004 0.799125 0.341569 0.784125 0.339321 0.7331559999999999 0.32360700000000003 0.719656 0.287635 0.685172 0.274169 0.6417029999999999 0.276393 0.623703 0.287635 0.580234 0.28089 0.54425 0.283138 0.514266 0.283138 0.460281 0.285386 0.383813 0.294379 0.311859 0.316862 0.278875 0.31011700000000003 0.20090599999999997 0.34831399999999996 0.128937 0.386511 0.0764688 0.424731 0.0404844 0.48538600000000004 0.046484399999999995 0.510117 0.0269844 0.584262 0.0524687 0.660679
15 0.41646900000000003 0.610375 0.4205 0.604848 0.422844 0.597307 0.422516 0.594286 0.419828 0.588244 0.41748399999999997 0.576183 0.40774999999999995 0.56815 0.40339099999999994 0.5671430000000001 0.396672 0.560094 0.394328 0.556066 0.387953 0.541991 0.386953 0.539977 0.37789100000000003 0.533443 0.373203 0.532951 0.365141 0.53897 0.36145299999999997 0.548033 0.359109 0.555574 0.356094 0.559087 0.353063 0.5656209999999999 0.358094 0.5746840000000001 0.357766 0.589766 0.366484 0.5817100000000001 0.38593700000000003 0.599813 0.392656 0.589766 0.41143799999999997 0.609368 0.41646900000000003 0.610375
15 0.7766409999999999 0.687635 0.841109 0.6269560000000001 0.8515940000000001 0.6134890000000001 0.841109 0.579766 0.833609 0.5685479999999999 0.797625 0.5663 0.766141 0.532576 0.737656 0.555059 0.770641 0.6247309999999999 0.749656 0.6381969999999999 0.742156 0.667424 0.770641 0.6943790000000001 0.7766409999999999 0.687635
13 0.128859 0.237283 0.116922 0.115714 0.113937 0.08960189929742389 0.104484 0.0015925105386416863 0.0313281 0.00234192037470726 0.00096875 0.0015925105386416863 0.00096875 0.188056 0.00146875 0.218642 0.00046875 0.292482 0.0178906 0.367073 0.0382969 0.373794 0.05670309999999999 0.35962500000000003 0.0915469 0.339485 0.137328 0.314122 0.128859 0.237283
15 0.752359 0.5183139999999999 0.763781 0.5183139999999999 0.7691250000000001 0.5129739999999999 0.774125 0.503888 0.776984 0.49639300000000003 0.779484 0.481944 0.780188 0.468056 0.773406 0.461639 0.770563 0.45789199999999997 0.765203 0.446112 0.757359 0.457354 0.753078 0.45468400000000003 0.743797 0.458431 0.742016 0.464848 0.742719 0.47447300000000003 0.743437 0.47981300000000005 0.726312 0.490515 0.714531 0.495855 0.730953 0.515644 0.750219 0.509766 0.752359 0.5183139999999999
26 0.846141 0.194005 0.8565780000000001 0.149742 0.8530939999999999 0.05339580093676815 0.743641 0.03775180093676815 0.736688 0.05339580093676815 0.740156 0.186206 0.846141 0.194005
15 0.886109 0.621101 0.8982659999999999 0.613279 0.894797 0.571616 0.8652659999999999 0.550773 0.8409380000000001 0.527354 0.8270310000000001 0.51171 0.8027029999999999 0.51171 0.788812 0.5091100000000001 0.7714369999999999 0.519532 0.785328 0.558595 0.8270310000000001 0.569016 0.8409380000000001 0.569016 0.8530939999999999 0.587237 0.8530939999999999 0.584637 0.884375 0.602857 0.886109 0.621101