28 0.451761 0.640406 0.39960100000000004 0.639062 0.39960100000000004 0.6310469999999999 0.40561 0.6310469999999999 0.39558699999999997 0.6257189999999999 0.397606 0.617703 0.365493 0.608344 0.31333300000000003 0.624375 0.295258 0.643078 0.281221 0.656422 0.23908500000000002 0.6671090000000001 0.194953 0.691156 0.174883 0.723203 0.168873 0.753922 0.14880300000000002 0.761937 0.14880300000000002 0.760594 0.144789 0.779297 0.172864 0.798 0.259155 0.773953 0.259155 0.772625 0.271197 0.777969 0.265164 0.8113440000000001 0.295258 0.8247030000000001 0.31934300000000004 0.8100160000000001 0.31532899999999997 0.7859689999999999 0.311315 0.777969 0.35345099999999996 0.765937 0.35345099999999996 0.777969 0.371502 0.777969 0.371502 0.761937 0.39558699999999997 0.74725 0.407629 0.7365630000000001 0.421667 0.712516 0.425681 0.683141 0.421667 0.683141 0.44976499999999997 0.6671090000000001 0.451761 0.640406
13 0.8926529999999999 0.654594 0.84885 0.665813 0.791596 0.7801560000000001 0.7949529999999999 0.786891 0.825282 0.8093130000000001 0.879178 0.831719 0.973498 0.701688 0.956643 0.665813 0.986972 0.603031 0.96338 0.5873280000000001 0.946549 0.589578 0.8926529999999999 0.654594
13 0.171268 0.42134400000000005 0.179225 0.42134400000000005 0.172746 0.388578 0.168286 0.384266 0.16180799999999998 0.376 0.160822 0.369375 0.159836 0.367062 0.155845 0.366406 0.15335700000000002 0.368391 0.15335700000000002 0.372359 0.154366 0.377328 0.149883 0.380641 0.151878 0.403469 0.157347 0.40975 0.157347 0.42001600000000006 0.171268 0.42134400000000005
22 0.415822 0.562281 0.414601 0.565781 0.41985900000000004 0.566859 0.42833299999999996 0.566578 0.43316899999999997 0.552875 0.43636199999999997 0.538609 0.446455 0.540937 0.44821600000000006 0.5161089999999999 0.45216 0.479891 0.44821600000000006 0.481938 0.435469 0.489234 0.417042 0.497703 0.417042 0.502094 0.420117 0.5047189999999999 0.41967099999999996 0.517578 0.41967099999999996 0.5444530000000001 0.415282 0.561391 0.415822 0.562281
27 0.999413 0.481969 0.8511270000000001 0.432625 0.8640140000000001 0.47125000000000006 0.8511270000000001 0.501281 0.802746 0.539922 0.780188 0.413312 0.664131 0.509875 0.728615 0.539922 0.715704 0.569953 0.6286619999999999 0.544203 0.512606 0.630047 0.222441 0.9090159999999999 0.34495299999999995 0.984125 0.86723 0.981969 0.992958 0.8575160000000001 0.999413 0.481969
27 0.263169 0.44965599999999994 0.37075100000000005 0.46925 0.375845 0.544266 0.394108 0.5476409999999999 0.40323899999999996 0.544937 0.406291 0.492234 0.45401400000000003 0.471281 0.456033 0.455734 0.427606 0.455734 0.406291 0.451687 0.406291 0.44425 0.44079799999999997 0.438844 0.45401400000000003 0.4375 0.456033 0.42262500000000003 0.456033 0.421281 0.446901 0.42735900000000004 0.44079799999999997 0.430063 0.427606 0.430734 0.395117 0.430063 0.40021100000000004 0.423984 0.41746500000000003 0.423313 0.423545 0.42262500000000003 0.421526 0.414516 0.426596 0.413172 0.432676 0.413172 0.434718 0.410469 0.41542300000000004 0.408437 0.39715999999999996 0.411828 0.36366200000000004 0.41925 0.357559 0.419922 0.384977 0.42195299999999997 0.388028 0.42735900000000004 0.37786400000000003 0.434125 0.349437 0.434125 0.32812199999999997 0.43209400000000003 0.31899099999999997 0.426016 0.299695 0.43343699999999996 0.284484 0.434125 0.286502 0.435469 0.263169 0.439531 0.263169 0.44965599999999994
50 0.301197 0.34375 0.301197 0.349469 0.301197 0.358063 0.300329 0.36206299999999997 0.290869 0.363781 0.283991 0.367219 0.275399 0.370641 0.265094 0.380375 0.261643 0.386672 0.25993 0.391813 0.258216 0.40498399999999996 0.258216 0.416422 0.258216 0.42385900000000004 0.25563400000000003 0.43187499999999995 0.257347 0.441031 0.258216 0.44217199999999995 0.258216 0.44445300000000004 0.262512 0.441594 0.275399 0.43645300000000004 0.28831 0.433594 0.300329 0.434734 0.308075 0.426719 0.32183100000000003 0.42615600000000003 0.359648 0.420422 0.36481199999999997 0.415844 0.355352 0.375219 0.35277000000000003 0.360344 0.34331 0.34375 0.330423 0.330016 0.320962 0.330016 0.314085 0.330594 0.307207 0.33517199999999997 0.304624 0.336313 0.302911 0.339172 0.301197 0.34375
52 0.71284 0.414719 0.7207749999999999 0.41406200000000004 0.7237560000000001 0.41273400000000005 0.72723 0.40415599999999996 0.7296950000000001 0.4025 0.7222540000000001 0.40282799999999996 0.701925 0.40217200000000003 0.703404 0.40448399999999995 0.7048829999999999 0.404812 0.711338 0.413734 0.71284 0.414719
52 0.713756 0.40548400000000007 0.726009 0.397328 0.740282 0.391906 0.734155 0.381031 0.73007 0.37425 0.73007 0.367453 0.740282 0.364734 0.734155 0.363375 0.707629 0.36609400000000003 0.713756 0.363375 0.713756 0.355234 0.707629 0.363375 0.705587 0.36881200000000003 0.707629 0.36881200000000003 0.711714 0.36609400000000003 0.713756 0.36609400000000003 0.715798 0.370172 0.713756 0.37425 0.701526 0.372891 0.6933570000000001 0.37425 0.6933570000000001 0.375594 0.6913149999999999 0.379672 0.689272 0.38510900000000003 0.689272 0.389188 0.6933570000000001 0.397328 0.6933570000000001 0.408203 0.701526 0.414984 0.705587 0.41770300000000005 0.7096709999999999 0.421781 0.71784 0.421781 0.726009 0.4245 0.713756 0.40548400000000007
52 0.7469950000000001 0.421828 0.749601 0.42667200000000005 0.7620659999999999 0.431172 0.774014 0.425281 0.78284 0.42079700000000003 0.78493 0.406609 0.780258 0.405234 0.779202 0.396578 0.769343 0.397625 0.766221 0.39104700000000003 0.754789 0.39173399999999997 0.7527229999999999 0.397625 0.74284 0.395203 0.729859 0.398312 0.737653 0.40557800000000005 0.737653 0.41456299999999996 0.747512 0.42148399999999997 0.7469950000000001 0.421828
52 0.379202 0.409938 0.417136 0.409234 0.421362 0.40012499999999995 0.42450699999999997 0.36856300000000003 0.40870900000000004 0.360844 0.421362 0.324391 0.429789 0.29142199999999996 0.392911 0.290719 0.392911 0.312453 0.387629 0.332797 0.377089 0.344719 0.369718 0.366469 0.379202 0.414156 0.379202 0.409938
32 0.794061 0.550312 0.791784 0.568578 0.7963619999999999 0.568578 0.8018310000000001 0.544219 0.807324 0.546656 0.805962 0.567359 0.810986 0.566141 0.814202 0.544219 0.819695 0.539031 0.81831 0.530813 0.812817 0.531422 0.805493 0.530516 0.805047 0.530203 0.799554 0.535984 0.794061 0.550312
41 0.45680800000000005 0.730422 0.486667 0.741187 0.586221 0.761062 0.63723 0.7784690000000001 0.73554 0.807453 0.794014 0.830641 0.818897 0.830641 0.802723 0.819047 0.6048830000000001 0.745328 0.587465 0.7478119999999999 0.5439200000000001 0.730422 0.466761 0.714687 0.45680800000000005 0.730422
41 0.692019 0.5570630000000001 0.717113 0.5672659999999999 0.7282630000000001 0.570516 0.749155 0.578391 0.764484 0.582562 0.763099 0.577 0.7533329999999999 0.568187 0.7226760000000001 0.559375 0.6961970000000001 0.547328 0.692019 0.5570630000000001
8 0.17831 0.410266 0.180423 0.411672 0.2173 0.420094 0.209906 0.42570300000000005 0.21276039740446362 0.4528652619529838 0.213075 0.45585900000000007 0.216161916691777 0.45517420907721073 0.21624399999999996 0.455156 0.233099 0.441828 0.256268 0.439719 0.252066 0.43271899999999996 0.259437 0.41587499999999994 0.254155 0.414484 0.255211 0.4018590000000001 0.264695 0.382922 0.173028 0.392734 0.179366 0.403953 0.17831 0.410266
8 0.270634 0.461953 0.258333 0.456484 0.211197 0.461953 0.22554 0.502875 0.22554 0.504234 0.317793 0.472859 0.270634 0.461953
13 0.15216 0.413687 0.156174 0.408781 0.151479 0.399422 0.146808 0.399422 0.144789 0.39049999999999996 0.14880300000000002 0.38917199999999996 0.14880300000000002 0.378469 0.139437 0.374 0.138099 0.364203 0.127371 0.363313 0.127371 0.375797 0.12335700000000001 0.38025000000000003 0.12335700000000001 0.389609 0.128052 0.390953 0.128709 0.40521900000000005 0.133404 0.418141 0.15216 0.413687
79 0.650282 0.9076090000000001 0.6315959999999999 0.916938 0.624131 0.930625 0.6297419999999999 0.946781 0.6353519999999999 0.9536250000000001 0.6446949999999999 0.956734 0.667113 0.9536250000000001 0.6727 0.945547 0.673638 0.935594 0.684859 0.916328 0.698873 0.916328 0.711009 0.914453 0.71662 0.9007809999999999 0.7240850000000001 0.878391 0.726878 0.85725 0.7194130000000001 0.8504060000000001 0.694202 0.844203 0.6615019999999999 0.8529059999999999 0.65216 0.863469 0.6465489999999999 0.875906 0.64561 0.8815 0.648427 0.884609 0.664296 0.908234 0.658709 0.912594 0.650282 0.9076090000000001
52 0.423286 0.367141 0.43568100000000004 0.325313 0.451268 0.297844 0.428803 0.297844 0.408146 0.361344 0.423286 0.367141
50 0.631221 0.5430780000000001 0.6628170000000001 0.54775 0.671573 0.5547500000000001 0.7014079999999999 0.557094 0.699648 0.537234 0.724225 0.569937 0.740023 0.568766 0.713685 0.534906 0.6768540000000001 0.506875 0.645258 0.48818700000000004 0.652277 0.46482799999999996 0.6628170000000001 0.43562500000000004 0.664554 0.40292199999999995 0.692629 0.346859 0.7049300000000001 0.350359 0.706667 0.362047 0.736502 0.360875 0.757559 0.35853100000000004 0.7891549999999999 0.376063 0.787394 0.419266 0.785634 0.45196899999999995 0.787394 0.483516 0.7979109999999999 0.49401599999999996 0.8049299999999999 0.531391 0.820728 0.536062 0.820728 0.520891 0.820728 0.49753100000000006 0.845305 0.510375 0.850563 0.508031 0.840047 0.495188 0.855822 0.495188 0.86284 0.471828 0.854085 0.450812 0.841784 0.430953 0.857582 0.400578 0.855822 0.350359 0.813709 0.317656 0.736502 0.275609 0.675094 0.25225 0.6698360000000001 0.242906 0.6838730000000001 0.238234 0.668075 0.197359 0.647488 0.158047 0.545986 0.160219 0.5001410000000001 0.22125 0.513239 0.260484 0.45758200000000004 0.27573400000000003 0.451033 0.301891 0.424836 0.404328 0.464131 0.419578 0.44448400000000005 0.513297 0.45758200000000004 0.696375 0.631221 0.5430780000000001
26 0.719038 0.9710470000000001 0.7496240000000001 0.9881249999999999 0.779202 0.99075 0.8097890000000001 0.990094 0.823615 0.972359 0.8640610000000001 0.918516 0.868991 0.8843590000000001 0.85716 0.8646559999999999 0.835446 0.8456089999999999 0.8097890000000001 0.832484 0.7742720000000001 0.825906 0.7515959999999999 0.8311719999999999 0.733826 0.848234 0.724953 0.887641 0.712113 0.909969 0.69338 0.917859 0.69831 0.948719 0.719038 0.9710470000000001
41 0.30537600000000004 0.43371899999999997 0.32197200000000004 0.439891 0.34002299999999996 0.442812 0.342934 0.441516 0.33124400000000004 0.439891 0.30880300000000005 0.431766 0.30537600000000004 0.43371899999999997
41 0.8453290000000001 0.600719 0.8061499999999999 0.591797 0.81338 0.602781 0.833991 0.6062190000000001 0.8453290000000001 0.600719
32 0.401948 0.45137499999999997 0.398826 0.449125 0.395423 0.449875 0.394014 0.452891 0.39654900000000004 0.456281 0.40307499999999996 0.456656 0.431127 0.46193799999999996 0.439906 0.46270300000000003 0.438498 0.45985899999999996 0.43168999999999996 0.45779699999999995 0.41441300000000003 0.45401600000000003 0.40307499999999996 0.45232799999999995 0.401948 0.45137499999999997
52 0.430282 0.243094 0.435563 0.20785899999999996 0.432934 0.191125 0.435563 0.169969 0.403803 0.165578 0.379977 0.176141 0.379977 0.193766 0.385282 0.223719 0.364108 0.227234 0.370728 0.251906 0.386596 0.260703 0.398521 0.264234 0.394554 0.266875 0.422347 0.251906 0.430282 0.243094
52 0.455423 0.265109 0.479249 0.270406 0.477911 0.239562 0.48586900000000005 0.244859 0.496455 0.270406 0.516291 0.251906 0.513662 0.223719 0.513662 0.202562 0.451455 0.20785899999999996 0.439531 0.20873400000000003 0.443521 0.217547 0.444836 0.251016 0.455423 0.265109
52 0.36939 0.366422 0.379977 0.37875 0.410423 0.394609 0.406455 0.380516 0.402488 0.361141 0.413075 0.362016 0.40777 0.364656 0.421009 0.364656 0.451455 0.292422 0.382629 0.293297 0.393216 0.316203 0.37338 0.342641 0.36939 0.366422
48 0.23227699999999998 0.548625 0.2173 0.428922 0 0.458859 0.06368539906103286 0.615953 0.23227699999999998 0.548625