15 0.368859 0.32943700000000004 0.354797 0.362208 0.353047 0.390313 0.33020299999999997 0.432479 0.281031 0.48164599999999996 0.291563 0.5355209999999999 0.305625 0.5964170000000001 0.335484 0.64325 0.365344 0.666667 0.426813 0.5589379999999999 0.41276599999999997 0.4395 0.379391 0.315375 0.368859 0.32943700000000004
15 0.501156 0.586229 0.529 0.583917 0.570766 0.5746249999999999 0.544656 0.507354 0.549891 0.463271 0.5690310000000001 0.45631299999999997 0.582953 0.426146 0.570766 0.375104 0.541188 0.34260399999999996 0.492453 0.331021 0.450703 0.344938 0.414156 0.414542 0.422859 0.500396 0.45243700000000003 0.5050209999999999 0.473313 0.528229 0.501156 0.576958 0.501156 0.586229
15 0.46807800000000005 0.9545 0.505312 0.966313 0.501766 0.952125 0.49290599999999996 0.930854 0.46276599999999996 0.87175 0.427313 0.831562 0.40070300000000003 0.784271 0.40957800000000005 0.770104 0.40425000000000005 0.713354 0.39007800000000004 0.711 0.372344 0.699167 0.342203 0.713354 0.315609 0.734625 0.306734 0.798458 0.315609 0.836292 0.35992199999999996 0.8575630000000001 0.386531 0.8812080000000001 0.398938 0.87175 0.45921900000000004 0.952125 0.46807800000000005 0.9545
15 0.169406 0.891771 0.144703 0.983521 0.39 0.9858750000000001 0.398828 0.967063 0.400594 0.9082290000000001 0.391766 0.8847079999999999 0.363531 0.854125 0.298234 0.825875 0.252359 0.818833 0.204703 0.856479 0.169406 0.891771
15 0.007062499999999999 0.647062 0.0052968796875000005 0.748229 0.044125 0.804708 0.040593699999999996 0.823521 0.0370625 0.861167 0.03 0.8941250000000001 0.0494062 0.903521 0.0635312 0.917646 0.0670625 0.948229 0.0917656 0.9623539999999999 0.112937 0.938833 0.134125 0.964708 0.160594 0.927063 0.183531 0.877646 0.199406 0.8305830000000001 0.187062 0.795292 0.18 0.745875 0.15706199999999998 0.6894170000000001 0.11823399999999999 0.694125 0.07940620000000001 0.717646 0.007062499999999999 0.642354 0.007062499999999999 0.647062
15 0.197641 0.705875 0.162359 0.642354 0.15 0.5976459999999999 0.17293799999999998 0.585875 0.192359 0.536479 0.183531 0.475292 0.18 0.43529199999999996 0.116469 0.449417 0.0652969 0.49412500000000004 0.0370625 0.538833 0.014124999999999999 0.6 0.015875 0.644708 0.0317656 0.677646 0.06 0.6635209999999999 0.0917656 0.6635209999999999 0.06 0.708229 0.08117189999999999 0.7223539999999999 0.09529689999999999 0.687063 0.12353099999999999 0.682354 0.14117200000000002 0.694125 0.204703 0.729417 0.197641 0.705875
15 0.843313 0.370896 0.8591559999999999 0.39437500000000003 0.911969 0.431917 0.936625 0.476521 0.9577500000000001 0.450708 0.9753590000000001 0.39437500000000003 0.970078 0.286375 0.940141 0.206563 0.904922 0.126771 0.853875 0.0727708 0.806344 0.025812500000000002 0.732391 0.0234792 0.711266 0.0868542 0.732391 0.107979 0.732391 0.13614600000000002 0.727109 0.171354 0.75 0.206563 0.7535160000000001 0.253521 0.718313 0.267604 0.697187 0.312208 0.732391 0.349771 0.774641 0.366187 0.809859 0.366187 0.836266 0.38029199999999996 0.843313 0.370896
15 0.196437 0.5382079999999999 0.151688 0.600812 0.153891 0.610583 0.169297 0.651667 0.192047 0.688833 0.20818799999999998 0.730896 0.22725 0.7582920000000001 0.22725 0.7817710000000001 0.245594 0.804271 0.272734 0.8052499999999999 0.288875 0.7758959999999999 0.28446899999999997 0.717208 0.31601599999999996 0.6917709999999999 0.31528100000000003 0.6761250000000001 0.313828 0.60375 0.29695299999999997 0.593958 0.296219 0.547 0.267609 0.492229 0.262469 0.49125 0.250734 0.494188 0.236063 0.505938 0.230922 0.518646 0.219922 0.5489580000000001 0.192781 0.531354 0.196437 0.5382079999999999
15 0.8477499999999999 0.0651667 0.9084220000000001 0.103375 0.9303440000000001 0.0763958 0.942141 0.0494375 0.947188 0.033708300000000004 0.950562 0.0022500000000000003 0.770219 0 0.8477499999999999 0.0651667
15 0.657297 0.138958 0.657297 0.150188 0.706187 0.15243800000000002 0.721344 0.15468800000000002 0.726406 0.118729 0.714609 0.0760208 0.723031 0.033333299999999996 0.755062 0.026583299999999997 0.7904530000000001 0.0243542 0.780344 0.0063750000000000005 0.729781 0.008604170833333334 0.7112339999999999 0.0131042 0.682578 0.0063750000000000005 0.655625 0.0558125 0.642141 0.0558125 0.6320159999999999 0.07379169999999999 0.630344 0.0805208 0.623594 0.0985 0.621906 0.123229 0.621906 0.136708 0.625281 0.132208 0.643813 0.1075 0.657297 0.138958
15 0.588953 0.7752079999999999 0.608328 0.731271 0.619969 0.664083 0.606391 0.62275 0.592828 0.5969169999999999 0.588953 0.5555629999999999 0.563766 0.540063 0.530813 0.576229 0.466859 0.5374789999999999 0.43198400000000003 0.5555629999999999 0.412594 0.604667 0.37578100000000003 0.656333 0.40484400000000004 0.723521 0.43198400000000003 0.829458 0.468797 0.832042 0.492047 0.865646 0.546312 0.9198959999999999 0.5405 0.886313 0.567641 0.816542 0.588953 0.7752079999999999
15 0.582469 0.462333 0.594156 0.522083 0.619484 0.555854 0.642859 0.568833 0.668187 0.6026039999999999 0.685719 0.6285620000000001 0.7032499999999999 0.623375 0.732469 0.563646 0.753891 0.524667 0.75 0.454542 0.697406 0.405188 0.666234 0.3065 0.652594 0.249354 0.6175309999999999 0.241563 0.574672 0.25975000000000004 0.584422 0.288312 0.584422 0.389604 0.582469 0.462333