22 0.261297 0.7166950000000001 0.269156 0.7075940000000001 0.269687 0.6676150000000001 0.267062 0.633243 0.262344 0.632552 0.261828 0.633243 0.244547 0.638159 0.261297 0.7166950000000001
22 0.344047 0.6402300000000001 0.348422 0.65705 0.351688 0.65705 0.35114100000000004 0.639498 0.351688 0.6365900000000001 0.360969 0.608808 0.342406 0.6153770000000001 0.339688 0.625607 0.344047 0.6402300000000001
50 0.264344 0.861213 0.286516 0.850418 0.308703 0.836004 0.302656 0.807218 0.293922 0.7730130000000001 0.292578 0.736109 0.286516 0.696506 0.295938 0.676695 0.324172 0.6667989999999999 0.342984 0.6614019999999999 0.344328 0.603787 0.330219 0.5741 0.336266 0.5416949999999999 0.316766 0.513787 0.308703 0.513787 0.297281 0.524582 0.291906 0.5407949999999999 0.29459399999999997 0.565983 0.28450000000000003 0.581297 0.27240600000000004 0.59749 0.264344 0.621799 0.261641 0.668598 0.263672 0.701904 0.260969 0.711799 0.263672 0.729812 0.26770299999999997 0.752301 0.271062 0.77751 0.283828 0.808117 0.261641 0.844121 0.264344 0.861213
50 0.352453 0.651318 0.399453 0.649059 0.397781 0.631088 0.419594 0.592887 0.41456299999999996 0.552427 0.38937499999999997 0.534456 0.380984 0.5726570000000001 0.369234 0.581653 0.355812 0.615356 0.350781 0.651318 0.352453 0.651318
50 0.41825 0.5964640000000001 0.40959399999999996 0.6130329999999999 0.399078 0.6469870000000001 0.392891 0.6536190000000001 0.386703 0.668515 0.386703 0.6892259999999999 0.387313 0.70249 0.387313 0.7157319999999999 0.387313 0.7198739999999999 0.38607800000000003 0.727322 0.382984 0.741402 0.382984 0.747197 0.379891 0.752176 0.38051599999999997 0.7629499999999999 0.382984 0.772887 0.382984 0.784477 0.388563 0.7770290000000001 0.397844 0.769561 0.41453100000000004 0.769561 0.428766 0.767908 0.439281 0.767908 0.45103099999999996 0.770397 0.457844 0.770397 0.46093799999999996 0.767908 0.46835899999999997 0.751339 0.464031 0.745544 0.44979699999999995 0.755481 0.439906 0.747197 0.45103099999999996 0.7000000000000001 0.45535899999999996 0.680126 0.48320299999999994 0.671004 0.48320299999999994 0.6660459999999999 0.49000000000000005 0.654435 0.496812 0.651967 0.5042340000000001 0.6469870000000001 0.512891 0.649477 0.514125 0.6619039999999999 0.520937 0.658577 0.521547 0.6536190000000001 0.516609 0.6395400000000001 0.507328 0.610544 0.492484 0.581548 0.47824999999999995 0.568305 0.47206200000000004 0.568305 0.464641 0.5666530000000001 0.457844 0.5567150000000001 0.454125 0.540983 0.446094 0.535167 0.434953 0.531025 0.42134400000000005 0.536841 0.417016 0.5467780000000001 0.417016 0.560021 0.417016 0.577406 0.42071899999999995 0.589833 0.41825 0.5964640000000001
50 0.548828 0.6516949999999999 0.5974999999999999 0.633703 0.582391 0.566297 0.58575 0.546067 0.5773590000000001 0.523598 0.5505 0.523598 0.547156 0.557301 0.553859 0.577531 0.560578 0.593264 0.545469 0.604498 0.540438 0.6516949999999999 0.548828 0.6516949999999999
50 0.5925469999999999 0.560314 0.594891 0.559142 0.596953 0.55954 0.601063 0.560314 0.606922 0.560314 0.606922 0.5587449999999999 0.606047 0.556778 0.601938 0.553264 0.600469 0.552071 0.599297 0.5449999999999999 0.598125 0.539895 0.597828 0.531653 0.595484 0.524205 0.592266 0.521046 0.590797 0.517531 0.5875619999999999 0.51477 0.586391 0.51477 0.584641 0.513598 0.5820000000000001 0.512427 0.578188 0.506527 0.577016 0.5018199999999999 0.577016 0.498285 0.577016 0.490042 0.575828 0.486109 0.573203 0.483368 0.5729059999999999 0.482573 0.5723130000000001 0.478264 0.569094 0.474728 0.5652809999999999 0.473933 0.562047 0.474728 0.5599999999999999 0.4759 0.558531 0.479435 0.558234 0.48414199999999996 0.558234 0.490042 0.555891 0.492782 0.555016 0.49905900000000003 0.554719 0.506925 0.554141 0.513996 0.553844 0.521841 0.554719 0.526946 0.556187 0.5281170000000001 0.558828 0.526548 0.564984 0.526548 0.570844 0.5281170000000001 0.573484 0.531255 0.576719 0.535188 0.578469 0.539895 0.579641 0.545397 0.5799369999999999 0.554833 0.580234 0.5615060000000001 0.5905 0.563075 0.5925469999999999 0.560314
50 0.8116410000000001 0.5160669999999999 0.8271089999999999 0.5165690000000001 0.8274839999999999 0.500418 0.822203 0.483745 0.819187 0.47364 0.819187 0.462531 0.814281 0.45949799999999996 0.806734 0.468598 0.799188 0.47868200000000005 0.797312 0.49131800000000003 0.800703 0.49889100000000003 0.810891 0.502929 0.8154220000000001 0.511025 0.8116410000000001 0.5160669999999999
50 0.934484 0.481109 0.9360160000000001 0.481862 0.9383589999999999 0.48278200000000004 0.940859 0.485377 0.940859 0.487971 0.940719 0.491485 0.940984 0.495753 0.943484 0.495941 0.9480470000000001 0.494644 0.948188 0.487238 0.9475 0.480188 0.9436249999999999 0.476485 0.938781 0.474623 0.935047 0.471841 0.9304690000000001 0.46573200000000003 0.9289529999999999 0.462406 0.9285310000000001 0.460167 0.927984 0.456088 0.9270160000000001 0.455732 0.9243750000000001 0.45589999999999997 0.923141 0.457197 0.922578 0.460167 0.922578 0.467406 0.924109 0.47202900000000003 0.9253439999999999 0.477971 0.9283910000000001 0.479623 0.9329689999999999 0.480921 0.934484 0.48 0.934484 0.481109
8 0.10500000000000001 0.613619 0.11810899999999999 0.624142 0.108922 0.639937 0.10631299999999999 0.6452089999999999 0.11810899999999999 0.6452089999999999 0.128594 0.6171129999999999 0.161359 0.629414 0.21509399999999998 0.6153770000000001 0.21640600000000002 0.5872799999999999 0.201984 0.578515 0.18756299999999998 0.548682 0.09320310000000001 0.564477 0.10500000000000001 0.613619
65 0.693172 0.842699 0.706594 0.8337030000000001 0.7149840000000001 0.714603 0.711625 0.694372 0.706594 0.6696650000000001 0.696531 0.662929 0.657922 0.6516949999999999 0.621 0.660669 0.6075630000000001 0.676402 0.6092500000000001 0.730335 0.6075630000000001 0.7438279999999999 0.5974999999999999 0.793264 0.6092500000000001 0.824728 0.693172 0.842699
9 0.68825 0.6164229999999999 0.688031 0.62931 0.7042029999999999 0.6287240000000001 0.716234 0.621987 0.723891 0.6164229999999999 0.729344 0.5976990000000001 0.7328439999999999 0.577782 0.736125 0.567824 0.739187 0.558766 0.73875 0.551736 0.73525 0.550858 0.7332810000000001 0.552615 0.721703 0.546757 0.712078 0.543243 0.707922 0.540021 0.702672 0.541485 0.700484 0.541485 0.697438 0.537678 0.691531 0.541485 0.691531 0.547343 0.6900000000000001 0.552615 0.688469 0.5567150000000001 0.691312 0.560523 0.695469 0.5634520000000001 0.689562 0.567824 0.685844 0.570167 0.685844 0.5751459999999999 0.68825 0.6164229999999999
8 0.36621899999999996 0.8050419999999999 0.382063 0.8114020000000001 0.400281 0.8357950000000001 0.431172 0.844289 0.43829700000000005 0.8623219999999999 0.440672 0.899435 0.473953 0.908975 0.486625 0.900502 0.49534399999999995 0.7817149999999999 0.521484 0.763682 0.5484060000000001 0.7817149999999999 0.552375 0.810356 0.563453 0.8294349999999999 0.5856410000000001 0.831569 0.591984 0.822008 0.595141 0.719142 0.603062 0.691569 0.614156 0.6756489999999999 0.63 0.6565690000000001 0.6561410000000001 0.6555019999999999 0.6664380000000001 0.651255 0.676672 0.659226 0.677641 0.627029 0.684859 0.606444 0.6877340000000001 0.594854 0.6819689999999999 0.587762 0.673797 0.5838909999999999 0.663219 0.599351 0.660328 0.607071 0.6175309999999999 0.621883 0.612719 0.618661 0.6079060000000001 0.61159 0.597813 0.6154390000000001 0.5915619999999999 0.627678 0.588187 0.6321969999999999 0.515578 0.660523 0.513172 0.649582 0.505953 0.647008 0.492484 0.653431 0.480469 0.674686 0.45401600000000003 0.683703 0.44825 0.723619 0.442469 0.740356 0.442953 0.755167 0.46651600000000004 0.749372 0.457391 0.768054 0.43142199999999997 0.768054 0.41506299999999996 0.766109 0.41770300000000005 0.767929 0.364641 0.795502 0.36621899999999996 0.8050419999999999
8 0.711188 0.679895 0.711969 0.704393 0.714359 0.7065269999999999 0.727094 0.712908 0.731875 0.71931 0.735844 0.716109 0.735844 0.673494 0.739031 0.65113 0.747781 0.659644 0.750172 0.689477 0.772453 0.68841 0.774844 0.686276 0.775625 0.646862 0.777219 0.634079 0.783594 0.6425940000000001 0.783594 0.664979 0.801094 0.666046 0.805875 0.655377 0.809844 0.611715 0.8233750000000001 0.543515 0.8193909999999999 0.535 0.813031 0.537134 0.8066720000000001 0.546715 0.792344 0.55205 0.788359 0.548849 0.781203 0.549916 0.777219 0.556297 0.751766 0.568033 0.749375 0.560565 0.743797 0.561632 0.73425 0.566967 0.731078 0.574414 0.723109 0.580816 0.711969 0.615962 0.713562 0.622364 0.688109 0.63728 0.685719 0.664979 0.708 0.673494 0.711188 0.679895
8 0.494328 0.53818 0.495297 0.5614020000000001 0.49095300000000003 0.564623 0.496266 0.564623 0.501563 0.555586 0.5078280000000001 0.555586 0.511203 0.568494 0.516016 0.570439 0.515531 0.5607530000000001 0.544937 0.550439 0.547344 0.53818 0.550234 0.531715 0.554094 0.513013 0.494328 0.519456 0.494328 0.53818
2 0.558453 0.596967 0.547391 0.606088 0.5554840000000001 0.610628 0.565688 0.635711 0.570797 0.636841 0.588234 0.631151 0.590797 0.626025 0.59675 0.610628 0.5912189999999999 0.609498 0.581 0.613494 0.575469 0.610063 0.567812 0.6015269999999999 0.560578 0.5958370000000001 0.558453 0.596967
59 0.957406 0.5159 0.9578749999999999 0.522741 0.961578 0.525858 0.9620469999999999 0.525858 0.9671559999999999 0.525858 0.968547 0.525858 0.972734 0.52523 0.9745779999999999 0.52523 0.977375 0.522741 0.977375 0.522134 0.977375 0.520879 0.9769059999999999 0.518389 0.9745779999999999 0.518389 0.972734 0.519017 0.971328 0.519017 0.970875 0.518389 0.9643750000000001 0.517782 0.957406 0.5159
8 0.827922 0.503598 0.831609 0.511004 0.833719 0.510649 0.829766 0.49972800000000006 0.8334530000000001 0.493724 0.8260780000000001 0.490544 0.826859 0.483138 0.816594 0.484895 0.822391 0.496548 0.8245000000000001 0.508536 0.827922 0.503598
8 0.800516 0.483849 0.789969 0.483849 0.792609 0.496904 0.790766 0.514895 0.803672 0.517364 0.812641 0.517008 0.8128910000000001 0.500063 0.797609 0.49795 0.800516 0.483849
8 0.914828 0.475711 0.915938 0.478933 0.916578 0.486213 0.916906 0.49006299999999997 0.9186719999999999 0.490921 0.921219 0.491778 0.9229839999999999 0.49414199999999997 0.924109 0.49671499999999996 0.9285780000000001 0.497134 0.931938 0.496485 0.9340310000000001 0.494791 0.9352969999999999 0.493494 0.9361090000000001 0.492636 0.9369059999999999 0.491778 0.9373910000000001 0.488787 0.9373910000000001 0.48493699999999995 0.932109 0.485356 0.9306559999999999 0.48493699999999995 0.928422 0.482134 0.927297 0.47935099999999997 0.926031 0.474435 0.925703 0.47272000000000003 0.924266 0.471862 0.91275 0.47251 0.914828 0.475711
8 0.9802500000000001 0.479498 0.9891719999999999 0.482469 0.993625 0.479498 0.996406 0.469791 0.994734 0.465314 0.9802500000000001 0.469791 0.9802500000000001 0.479498
8 0.20254699999999998 0.5746230000000001 0.211219 0.572866 0.21770299999999998 0.575188 0.22073399999999999 0.586799 0.22246899999999997 0.605921 0.219875 0.6169250000000001 0.222031 0.632008 0.22246899999999997 0.638954 0.222031 0.618096 0.22332800000000003 0.606506 0.227234 0.602448 0.283078 0.588536 0.290016 0.581569 0.296063 0.57751 0.299531 0.570565 0.296937 0.5665060000000001 0.297375 0.561276 0.293031 0.560126 0.286547 0.560711 0.280922 0.565921 0.27875 0.5618620000000001 0.279188 0.553745 0.276594 0.545042 0.19692199999999999 0.5531590000000001 0.19692199999999999 0.557218 0.200828 0.572866 0.20254699999999998 0.5746230000000001