11 0.605438 0.503396 0.607141 0.453521 0.607141 0.421771 0.595234 0.399083 0.598641 0.378688 0.5816250000000001 0.287979 0.561219 0.281187 0.496594 0.27891699999999997 0.428578 0.28570799999999996 0.43196899999999994 0.369604 0.409859 0.41495800000000005 0.403062 0.458042 0.423469 0.505667 0.61225 0.505667 0.605438 0.503396
50 0.430563 0.263521 0.431719 0.265479 0.433188 0.265708 0.43499999999999994 0.265708 0.437141 0.263958 0.438938 0.261771 0.445828 0.260458 0.446328 0.259583 0.44764100000000007 0.253667 0.447797 0.252792 0.444031 0.251479 0.44385899999999995 0.249083 0.442875 0.246667 0.441734 0.245125 0.440422 0.242938 0.439438 0.241187 0.438938 0.237687 0.43417200000000006 0.229167 0.434016 0.229604 0.433359 0.230479 0.430734 0.231354 0.42957800000000007 0.234187 0.42810899999999996 0.23637500000000003 0.427937 0.240542 0.430234 0.244042 0.430891 0.246438 0.43139099999999997 0.247979 0.432047 0.249083 0.430563 0.251271 0.429094 0.256083 0.429094 0.260229 0.430563 0.263521
50 0.393437 0.27775 0.395328 0.28674999999999995 0.40315599999999996 0.289979 0.399109 0.30581200000000003 0.405312 0.311563 0.408547 0.283854 0.409891 0.271625 0.413141 0.272 0.414484 0.26947899999999997 0.410969 0.266229 0.410141 0.263771 0.409687 0.259813 0.410609 0.257667 0.41082799999999997 0.2525 0.409234 0.24670799999999998 0.40557800000000005 0.24579199999999998 0.40146899999999996 0.248833 0.40146899999999996 0.251875 0.40170300000000003 0.257979 0.401234 0.262542 0.395078 0.267417 0.393437 0.27775
50 0.458359 0.283396 0.47560900000000006 0.279979 0.48454699999999995 0.27658299999999997 0.49859400000000004 0.27658299999999997 0.500516 0.273167 0.500828 0.266354 0.501156 0.263813 0.500828 0.263375 0.500516 0.256563 0.496359 0.25018799999999997 0.495406 0.247208 0.494766 0.244646 0.49668799999999996 0.240813 0.499875 0.231021 0.499875 0.222083 0.49956300000000003 0.217396 0.49859400000000004 0.214854 0.497328 0.212708 0.49253099999999994 0.206333 0.490297 0.206333 0.489656 0.206333 0.48646900000000004 0.20804199999999998 0.482313 0.20845799999999998 0.477203 0.231458 0.464109 0.248062 0.465391 0.251458 0.46698399999999995 0.254875 0.455172 0.282542 0.458359 0.283396
50 0.496938 0.24554199999999998 0.49971899999999997 0.254562 0.501109 0.258292 0.511062 0.258021 0.511672 0.264917 0.5134529999999999 0.271021 0.518031 0.272354 0.5319689999999999 0.272625 0.536547 0.271292 0.542531 0.260667 0.5480940000000001 0.253771 0.548891 0.251646 0.5475 0.24475 0.543922 0.243146 0.541531 0.245812 0.537141 0.253771 0.535562 0.25987499999999997 0.5283909999999999 0.26677100000000004 0.524406 0.263062 0.525 0.259083 0.522219 0.25325000000000003 0.519625 0.247146 0.522219 0.243146 0.521219 0.237042 0.524406 0.233063 0.520625 0.222708 0.5144529999999999 0.218729 0.505891 0.219792 0.502703 0.223771 0.500312 0.229875 0.49653099999999994 0.242896 0.496938 0.24554199999999998
36 0.342484 0.248583 0.33890600000000004 0.249146 0.33932799999999996 0.253896 0.338078 0.273187 0.337438 0.277667 0.333047 0.280188 0.327172 0.284938 0.327172 0.29668700000000003 0.329266 0.307312 0.334094 0.308146 0.336187 0.308146 0.34520300000000004 0.298354 0.343953 0.2855 0.341641 0.275708 0.341844 0.255021 0.342484 0.248583
11 0.420547 0.362708 0.42575 0.288667 0.454906 0.28450000000000003 0.46287500000000004 0.265542 0.419844 0.268313 0.418813 0.266 0.41637500000000005 0.238708 0.409781 0.240083 0.412219 0.269708 0.392781 0.31643699999999997 0.394516 0.360396 0.419156 0.361771 0.420547 0.362708
50 0.456203 0.265896 0.45817199999999997 0.261958 0.461625 0.258021 0.461953 0.252542 0.458 0.247729 0.45340600000000003 0.247083 0.449969 0.249708 0.44800000000000006 0.252542 0.446188 0.26175 0.445359 0.26525 0.456203 0.265896
50 0.344875 0.369792 0.343922 0.351146 0.346781 0.32697899999999996 0.347109 0.36300000000000004 0.35059399999999996 0.36725 0.352187 0.369792 0.357281 0.365979 0.356328 0.352833 0.358547 0.31427099999999997 0.362687 0.310875 0.360453 0.28712499999999996 0.363 0.283313 0.365219 0.27949999999999997 0.366812 0.26975 0.364266 0.260854 0.35695299999999996 0.254917 0.354422 0.248146 0.355047 0.24560400000000002 0.356328 0.24177099999999999 0.356328 0.23712499999999997 0.355047 0.22991699999999998 0.352187 0.226521 0.344562 0.227792 0.341703 0.23668699999999998 0.34265599999999996 0.245167 0.34296899999999997 0.251104 0.335984 0.2545 0.332484 0.258313 0.327391 0.268479 0.326437 0.277375 0.330891 0.281208 0.34075 0.274 0.344875 0.288833 0.341375 0.302396 0.33470300000000003 0.308333 0.334391 0.316375 0.33756200000000003 0.337146 0.335656 0.348583 0.33375 0.357062 0.33629699999999996 0.363854 0.341375 0.36852100000000004 0.344875 0.369792
50 0.361281 0.286083 0.362359 0.292563 0.367203 0.292563 0.368828 0.288604 0.36990599999999996 0.274208 0.369094 0.260896 0.36748400000000003 0.253708 0.361281 0.246521 0.363156 0.24183300000000002 0.363437 0.237167 0.361547 0.23391699999999999 0.361 0.234271 0.360187 0.23068799999999998 0.35695299999999996 0.227813 0.354266 0.23033299999999998 0.356141 0.235 0.356141 0.242563 0.355875 0.247583 0.35992199999999996 0.254063 0.363703 0.261979 0.366672 0.274208 0.364516 0.285354 0.361281 0.286083
50 0.0291406 1 0.0330312 0.9689169999999999 0.042749999999999996 0.927458 0.046625 0.896375 0.08549999999999999 0.823833 0.10103100000000001 0.800521 0.0913281 0.743521 0.0738281 0.6709790000000001 0.007765620312500001 0.492229 0 0.487042 0 0.992229 0.00971875 1 0.0291406 1
50 0.365875 0.358146 0.365875 0.344542 0.370125 0.296938 0.364172 0.298083 0.357375 0.361563 0.365875 0.358146
36 0.371375 0.303979 0.371922 0.304229 0.371563 0.308854 0.375766 0.311771 0.377031 0.303 0.378312 0.28743799999999997 0.374484 0.278438 0.372297 0.274792 0.370469 0.27210399999999996 0.36792199999999997 0.28208300000000003 0.37028099999999997 0.301792 0.371375 0.303979
21 0.5467660000000001 0.235042 0.5430159999999999 0.234875 0.542516 0.24370799999999998 0.5466409999999999 0.242042 0.546891 0.236542 0.5467660000000001 0.235042