76 0.180766 0.182587 0.231969 0.44550100000000004 0.522687 0.409557 0.501609 0.11967399999999999 0.189797 0.16011699999999998 0.180766 0.182587
76 0.512969 0.07512820046620047 0.5224059999999999 0.39906800000000003 0.682906 0.44130499999999995 0.8449690000000001 0.43897400000000003 0.884313 0.07277389976689977 0.5113909999999999 0.07041959906759906 0.512969 0.07512820046620047
21 0.913547 0.958578 0.904641 0.865641 0.8997809999999999 0.853566 0.854484 0.848741 0.847203 0.8547790000000001 0.8593439999999999 0.946503 0.868234 0.953753 0.897359 0.960979 0.911922 0.957366 0.913547 0.958578
42 0 0.584266 0.030125000000000002 0.7168530000000001 0.0482031 0.7640560000000001 0.0858594 0.865175 0.115984 0.943823 0.21842199999999998 0.8629140000000001 0.343438 0.759557 0.343438 0.7393240000000001 0.266625 0.6022379999999999 0.253063 0.550559 0.219922 0.391002 0.114484 0.447179 0 0.512354 0 0.584266
45 0.783031 0.934033 0.791203 0.938601 0.800906 0.940909 0.810094 0.9416549999999999 0.8187810000000001 0.938601 0.827469 0.9286949999999999 0.827469 0.911166 0.830531 0.8883220000000001 0.825422 0.8555480000000001 0.819812 0.844872 0.8136720000000001 0.839534 0.8070309999999999 0.83648 0.7906869999999999 0.833427 0.776391 0.835734 0.768719 0.856294 0.778937 0.9248949999999999 0.783031 0.934033
39 0.33793799999999996 0.780793 0.297828 0.906643 0.303359 0.929347 0.647719 0.98711 0.6657029999999999 0.970606 0.674 0.822051 0.668469 0.8138000000000001 0.34484400000000004 0.772541 0.33793799999999996 0.780793
39 0.115984 0.9304899999999999 0.343438 0.746224 0.263609 0.611375 0.0467031 0.746224 0.115984 0.9304899999999999
50 0.177922 0.23708600000000002 0.177344 0.234289 0.172734 0.228648 0.169906 0.22979 0.168391 0.234009 0.16878100000000001 0.239767 0.16878100000000001 0.243706 0.166328 0.253683 0.166609 0.255501 0.169344 0.262401 0.173766 0.27014 0.18168800000000002 0.26972 0.185453 0.26564099999999996 0.186672 0.260163 0.186969 0.255221 0.184703 0.24862499999999998 0.180172 0.24272700000000003 0.177734 0.242005 0.177922 0.23708600000000002
50 0.613219 0.302005 0.613219 0.322051 0.6144999999999999 0.33445199999999997 0.641375 0.337319 0.645219 0.333497 0.6484219999999999 0.322051 0.659297 0.311538 0.670188 0.297226 0.658016 0.261888 0.655469 0.251399 0.657375 0.23610699999999998 0.6560940000000001 0.22655 0.655469 0.221795 0.658016 0.213193 0.659297 0.207459 0.649062 0.201725 0.6407339999999999 0.20363599999999998 0.633703 0.19888099999999997 0.626656 0.19888099999999997 0.6228119999999999 0.216061 0.628578 0.238974 0.627297 0.24662 0.623453 0.250443 0.618344 0.26762199999999997 0.610016 0.295315 0.613219 0.302005
50 0.333203 0.368112 0.333531 0.35776199999999997 0.343766 0.353823 0.336828 0.346457 0.321984 0.295758 0.32825000000000004 0.28641 0.330891 0.273613 0.325625 0.26820499999999997 0.322984 0.267716 0.31671900000000003 0.259837 0.31407799999999997 0.251469 0.3055 0.25540799999999997 0.299891 0.28641 0.294937 0.28445200000000004 0.291641 0.295758 0.303516 0.371049 0.333203 0.368112
50 0.794047 0.239161 0.798719 0.234499 0.804172 0.222867 0.804172 0.221725 0.8033909999999999 0.215315 0.799891 0.212424 0.797937 0.20370600000000003 0.798719 0.197879 0.799891 0.192657 0.8006720000000002 0.184522 0.8010620000000002 0.179277 0.797937 0.178135 0.792484 0.17869500000000002 0.789375 0.176387 0.785859 0.17869500000000002 0.78625 0.180443 0.786641 0.189744 0.78625 0.196131 0.776516 0.21881099999999998 0.778078 0.222284 0.778859 0.22345 0.777688 0.23100200000000004 0.776125 0.233333 0.776516 0.240303 0.776906 0.240303 0.794047 0.239161
50 0.125469 0.54683 0.11973400000000001 0.541469 0.112563 0.536667 0.113281 0.5302560000000001 0.110406 0.517413 0.108609 0.512611 0.10467200000000002 0.517949 0.10073399999999999 0.520093 0.0971406 0.517413 0.0957031 0.524359 0.10037499999999999 0.539883 0.0975 0.560186 0.10287500000000001 0.581049 0.11829700000000001 0.5724940000000001 0.125469 0.54683