9 0.952234 0.777494 0.967953 0.817096 0.983672 0.830281 0.9993909999999999 0.831218 1 0.675714 0.9861869999999999 0.680422 0.967328 0.702108 0.95475 0.654965 0.9710940000000001 0.638009 0.9629220000000001 0.628571 0.957266 0.627635 0.939656 0.6266979999999999 0.9283280000000002 0.638009 0.928969 0.647424 0.939031 0.650258 0.944688 0.668173 0.950344 0.688899 0.9377660000000001 0.691733 0.9302189999999999 0.6794850000000001 0.923297 0.731311 0.942172 0.776557 0.952234 0.777494
9 0.8949999999999999 0.69267 0.8924839999999999 0.689859 0.883062 0.69267 0.876141 0.693607 0.866703 0.7058779999999999 0.856641 0.71623 0.854766 0.7247310000000001 0.854125 0.7360420000000001 0.8572810000000001 0.763372 0.859797 0.773724 0.869844 0.7907029999999999 0.881172 0.798244 0.89375 0.798244 0.9006719999999999 0.796347 0.906953 0.7831619999999999 0.906953 0.77185 0.9038129999999999 0.749227 0.895641 0.7058779999999999 0.8949999999999999 0.69267
9 0.8226559999999999 0.684192 0.8215619999999999 0.6602809999999999 0.8210000000000001 0.6289459999999999 0.79625 0.630585 0.7984530000000001 0.647096 0.796797 0.6602809999999999 0.794594 0.6726460000000001 0.797906 0.69904 0.80175 0.719649 0.8067030000000001 0.727073 0.8116559999999999 0.713044 0.81275 0.719649 0.8270630000000001 0.739438 0.8226559999999999 0.684192
47 0.15770299999999998 0.833489 0.163734 0.833489 0.169234 0.83185 0.173625 0.82363 0.175266 0.8145899999999999 0.174719 0.803068 0.17142200000000002 0.798548 0.171156 0.797728 0.168406 0.794426 0.166219 0.7940280000000001 0.161828 0.7911480000000001 0.159359 0.7911480000000001 0.15606199999999998 0.793208 0.147 0.8018270000000001 0.14453100000000002 0.80719 0.144266 0.8117099999999999 0.144813 0.81993 0.148109 0.824871 0.15770299999999998 0.833489
36 0.774609 0.8412649999999999 0.7625 0.78911 0.747375 0.786838 0.717109 0.76644 0.689875 0.675738 0.679297 0.569157 0.6550779999999999 0.57822 0.6550779999999999 0.59637 0.677781 0.693888 0.7035 0.7596489999999999 0.708031 0.814052 0.708031 0.8979630000000001 0.717109 0.916089 0.745859 0.913841 0.782172 0.895691 0.774609 0.8412649999999999
9 0.707188 0.962108 0.703672 0.9441220000000001 0.690953 0.840281 0.691656 0.8159480000000001 0.694484 0.793724 0.679656 0.794778 0.676125 0.794778 0.665531 0.794778 0.65 0.8011240000000001 0.640828 0.818782 0.657062 0.832553 0.657062 0.849485 0.654953 0.873817 0.65 0.89815 0.641531 0.920375 0.633063 0.952131 0.621063 0.997635 0.653531 0.996581 0.712844 0.991733 0.710016 0.987518 0.707188 0.962108
9 0.764391 0.989157 0.763672 0.983864 0.760859 0.952131 0.760859 0.928852 0.758031 0.89815 0.750266 0.857939 0.743203 0.882881 0.7305 0.899813 0.745328 0.996112 0.762266 0.997635 0.764391 0.989157
50 0.662531 0.5100939999999999 0.661281 0.525059 0.665656 0.540984 0.665031 0.550351 0.658156 0.556909 0.6537810000000001 0.569063 0.644406 0.577494 0.635672 0.594356 0.636297 0.66082 0.630047 0.6935830000000001 0.620047 0.7329040000000001 0.621297 0.750703 0.6237969999999999 0.773162 0.630672 0.801241 0.633797 0.815293 0.636922 0.836815 0.633172 0.891124 0.641297 0.961335 0.6550309999999999 0.966956 0.6631560000000001 0.9660190000000001 0.6631560000000001 0.954778 0.667531 0.9248240000000001 0.6537810000000001 0.8377519999999999 0.661281 0.8068620000000001 0.666906 0.803115 0.680016 0.8049879999999999 0.6856410000000001 0.81904 0.692516 0.848056 0.69375 0.8677050000000001 0.6950000000000001 0.891124 0.7206089999999999 0.9987820000000001 0.732484 0.997845 0.741859 0.992225 0.743734 0.979133 0.754969 0.9538409999999999 0.754969 0.937002 0.746219 0.928571 0.738734 0.936066 0.7349840000000001 0.912646 0.743734 0.901429 0.753094 0.8836299999999999 0.754969 0.8461829999999999 0.754344 0.8049879999999999 0.748719 0.7722249999999999 0.728734 0.746019 0.728109 0.737588 0.724359 0.7235360000000001 0.7206089999999999 0.704824 0.721234 0.677658 0.723109 0.63555 0.7256090000000001 0.645831 0.739984 0.677658 0.746219 0.6954570000000001 0.755594 0.726347 0.7512190000000001 0.7291569999999999 0.744359 0.7366510000000001 0.739984 0.745082 0.7512190000000001 0.7591100000000001 0.760594 0.760047 0.771828 0.7619199999999999 0.787453 0.760047 0.795578 0.760047 0.7943279999999999 0.748829 0.786203 0.737588 0.773078 0.699204 0.7630939999999999 0.661756 0.758094 0.654262 0.754969 0.6439579999999999 0.745594 0.628993 0.736859 0.60089 0.722484 0.579368 0.708125 0.5728099999999999 0.70875 0.564379 0.7150000000000001 0.5475409999999999 0.7175 0.533489 0.715625 0.515714 0.711875 0.49978900000000004 0.6906410000000001 0.47920399999999996 0.670641 0.489485 0.663781 0.5044730000000001 0.662531 0.5100939999999999
50 0.9664059999999999 0.646651 0.9616720000000001 0.605363 0.972438 0.601499 0.973297 0.578267 0.9526410000000001 0.547283 0.9431559999999999 0.5363 0.940141 0.5169560000000001 0.922063 0.514379 0.919484 0.5279159999999999 0.922922 0.545995 0.911734 0.556323 0.9121560000000001 0.569859 0.927656 0.578899 0.935844 0.595035 0.940578 0.600187 0.941016 0.624075 0.9474690000000001 0.656979 0.9664059999999999 0.646651
50 0.864156 0.597588 0.8688750000000001 0.60726 0.871453 0.615621 0.8680160000000001 0.63623 0.862438 0.654895 0.871891 0.675504 0.882625 0.68904 0.8895 0.693536 0.892938 0.671639 0.8864839999999999 0.6426700000000001 0.8895 0.629157 0.896797 0.6246369999999999 0.899813 0.6104679999999999 0.9075469999999999 0.60726 0.912687 0.599532 0.909266 0.5892270000000001 0.902391 0.578923 0.8985160000000001 0.580211 0.892078 0.575059 0.899375 0.571194 0.90625 0.562834 0.902391 0.560258 0.901094 0.551874 0.9075469999999999 0.546089 0.904969 0.534496 0.899813 0.526136 0.887781 0.522904 0.877891 0.533841 0.8809060000000001 0.548009 0.877891 0.561546 0.8774689999999999 0.569274 0.8619999999999999 0.596956 0.864156 0.597588
50 0.770578 0.618244 0.779141 0.6227400000000001 0.791141 0.619532 0.789438 0.6150349999999999 0.795 0.616956 0.801437 0.612459 0.804438 0.6060420000000001 0.806578 0.598337 0.804438 0.5938410000000001 0.797141 0.59897 0.795438 0.600258 0.785578 0.5764870000000001 0.7834380000000001 0.5739110000000001 0.787281 0.562342 0.787719 0.550796 0.783859 0.536651 0.776578 0.5347310000000001 0.770578 0.540515 0.7658590000000001 0.555925 0.761562 0.567494 0.762422 0.575855 0.7564219999999999 0.588056 0.758563 0.609251 0.760719 0.625948 0.759859 0.6394380000000001 0.758563 0.6484310000000001 0.763281 0.66 0.770578 0.6728569999999999 0.772719 0.6953400000000001 0.774422 0.700468 0.7787189999999999 0.677354 0.783 0.693419 0.784719 0.710749 0.787719 0.73452 0.7889999999999999 0.744169 0.788141 0.75637 0.793281 0.75829 0.797578 0.757658 0.795438 0.7223189999999999 0.795 0.6966279999999999 0.794141 0.685059 0.790719 0.685059 0.774 0.654215 0.770578 0.618244
50 0.758531 0.6330679999999999 0.750953 0.607611 0.756188 0.599766 0.757484 0.589977 0.748344 0.589204 0.745203 0.585269 0.756969 0.5837 0.75775 0.576276 0.755922 0.555504 0.748344 0.548454 0.750687 0.539438 0.751219 0.527681 0.743375 0.518665 0.735266 0.519859 0.731609 0.527283 0.731344 0.54178 0.726125 0.546487 0.719328 0.556276 0.7175 0.57274 0.726641 0.582529 0.736313 0.597026 0.741812 0.615831 0.750172 0.637775 0.757234 0.648361 0.758531 0.6330679999999999
50 0.726344 0.720726 0.731313 0.723934 0.733437 0.728173 0.739828 0.718618 0.737688 0.675035 0.725641 0.6505849999999999 0.724922 0.679274 0.726344 0.720726
50 0.581547 0.725035 0.579562 0.808244 0.594437 0.818642 0.594437 0.689368 0.615266 0.5942620000000001 0.5875 0.549696 0.581547 0.505105 0.559734 0.497681 0.554781 0.534824 0.565688 0.531874 0.5765939999999999 0.543747 0.572625 0.561593 0.5845309999999999 0.595761 0.586516 0.689368 0.581547 0.725035
50 0.563797 0.7181259999999999 0.5646720000000001 0.7607259999999999 0.5694060000000001 0.786089 0.570688 0.813841 0.5780160000000001 0.833841 0.585766 0.822857 0.585766 0.810609 0.58275 0.8048010000000001 0.58275 0.778993 0.58275 0.766089 0.58275 0.754473 0.5792970000000001 0.745433 0.581453 0.718314 0.586625 0.687799 0.585328 0.643934 0.584469 0.602623 0.584469 0.594239 0.576719 0.583255 0.572844 0.566487 0.572844 0.547119 0.5780160000000001 0.5426 0.5586409999999999 0.533583 0.547438 0.536159 0.5500309999999999 0.7168380000000001 0.563797 0.7181259999999999
9 0.6082810000000001 0.6623420000000001 0.606359 0.66993 0.6032339999999999 0.686511 0.605406 0.702717 0.613828 0.71822 0.623203 0.7258079999999999 0.628734 0.697681 0.630422 0.686862 0.6318590000000001 0.674614 0.633297 0.670281 0.635953 0.6565810000000001 0.6328280000000001 0.6565810000000001 0.63475 0.6468379999999999 0.634984 0.6410769999999999 0.634031 0.636745 0.633781 0.627377 0.633781 0.6226929999999999 0.629453 0.6183609999999999 0.6268119999999999 0.616557 0.621516 0.6133259999999999 0.615016 0.613677 0.613578 0.6187349999999999 0.623203 0.6190869999999999 0.6260939999999999 0.6190869999999999 0.631375 0.6230439999999999 0.632578 0.624848 0.632094 0.630632 0.6301720000000001 0.630984 0.613828 0.63171 0.6104529999999999 0.636393 0.611422 0.644333 0.6145470000000001 0.647939 0.6198279999999999 0.652248 0.623203 0.650445 0.627297 0.6500940000000001 0.628016 0.6500940000000001 0.628969 0.653326 0.629219 0.6551290000000001 0.6251249999999999 0.6573070000000001 0.61575 0.6569320000000001 0.6082810000000001 0.6623420000000001
75 0.462828 0.7319910000000001 0.492875 0.743232 0.509406 0.781522 0.507906 0.8130680000000001 0.507906 0.833326 0.542469 0.81082 0.549984 0.781522 0.549984 0.720726 0.542469 0.231991 0.4688280000000001 0.21171 0.47184400000000004 0.186932 0.465828 0.15089 0.4538130000000001 0.144145 0.4267659999999999 0.144145 0.41173399999999993 0.144145 0.381672 0.146393 0.371156 0.164403 0.377172 0.191452 0.21187499999999998 0.144145 0.11871899999999999 0.229719 0.271984 0.362623 0.2795 0.398642 0.297531 0.7342389999999999 0.324578 0.7342389999999999 0.462828 0.7319910000000001
36 0.807531 0.659344 0.803984 0.651663 0.790172 0.659344 0.776375 0.616792 0.768875 0.59904 0.780312 0.665855 0.787813 0.677681 0.794109 0.682412 0.809891 0.671756 0.807531 0.659344
50 0.653687 0.5663 0.668687 0.541569 0.656687 0.521358 0.643203 0.534824 0.653687 0.5663
50 0.846109 0.559859 0.838984 0.554052 0.8363440000000001 0.545199 0.8310470000000001 0.547049 0.829813 0.543372 0.833687 0.540023 0.833891 0.535129 0.827375 0.524754 0.817594 0.52445 0.8112809999999999 0.530867 0.807828 0.5397190000000001 0.810672 0.54459 0.810469 0.551311 0.809656 0.5549879999999999 0.812703 0.559859 0.8133279999999999 0.562904 0.816781 0.565222 0.8122809999999999 0.57185 0.8067030000000001 0.559087 0.8054690000000001 0.577939 0.809859 0.594379 0.815563 0.592693 0.819125 0.6444730000000001 0.827078 0.735644 0.821453 0.741265 0.821453 0.7489699999999999 0.8429840000000001 0.75808 0.847188 0.751077 0.850109 0.629157 0.8474999999999999 0.611124 0.850625 0.6044729999999999 0.848531 0.571944 0.846109 0.559859
47 0.215656 0.856745 0.217828 0.8555740000000001 0.219547 0.853466 0.22015600000000002 0.850211 0.219234 0.845105 0.216438 0.838103 0.21364100000000003 0.838103 0.20975000000000002 0.839508 0.207891 0.841382 0.20618799999999998 0.8467210000000001 0.20618799999999998 0.8537 0.21426599999999998 0.858361 0.215656 0.856745
47 0.142094 0.819016 0.135688 0.813279 0.131344 0.822482 0.12981199999999998 0.829368 0.12673399999999999 0.820164 0.121875 0.8125060000000001 0.11523399999999999 0.8159479999999999 0.113187 0.823232 0.107297 0.816347 0.100141 0.816721 0.0978281 0.8217099999999999 0.0973125 0.832834 0.0904062 0.8378220000000001 0.0860625 0.833208 0.0809531 0.8355039999999999 0.07607810000000001 0.843958 0.0691719 0.844333 0.0663594 0.849696 0.06278120000000001 0.850094 0.0645781 0.8408899999999999 0.0597188 0.832834 0.0530625 0.833583 0.0474375 0.845105 0.0405313 0.834356 0.0356719 0.834356 0.028765600000000002 0.8412649999999999 0.0244062 0.848923 0.0213438 0.8566039999999999 0.0190312 0.863888 0.0144375 0.863513 0.014687500000000001 0.8608199999999999 0.00803125 0.851991 0.00240625 0.8623419999999999 0.00010937500000000002 0.88 0.0026562499999999998 0.905293 0.0190312 0.909133 0.0361719 0.9144960000000001 0.046406199999999995 0.916417 0.07225000000000001 0.9122009999999999 0.0837656 0.907986 0.0911719 0.908361 0.10064100000000001 0.907986 0.105766 0.900703 0.117281 0.9033720000000001 0.116766 0.9129740000000001 0.136453 0.916417 0.152578 0.913349 0.156922 0.906838 0.173047 0.9160419999999999 0.180469 0.9118269999999999 0.189156 0.907986 0.201187 0.906838 0.21423399999999998 0.90377 0.21909399999999998 0.8972370000000001 0.219609 0.8792270000000001 0.219609 0.868876 0.213969 0.859274 0.207328 0.8573770000000001 0.199906 0.858126 0.199656 0.850468 0.19120299999999998 0.843958 0.191719 0.8370489999999999 0.185062 0.835902 0.18225 0.838197 0.175094 0.843185 0.170484 0.838197 0.167156 0.8408899999999999 0.15923400000000001 0.8378220000000001 0.154109 0.839344 0.150531 0.832834 0.150531 0.828618 0.143875 0.8182670000000001 0.142094 0.819016
47 0.350047 0.8498829999999999 0.343812 0.8311940000000001 0.33134399999999997 0.837869 0.28768699999999997 0.795129 0.278781 0.795129 0.224437 0.795129 0.21018799999999999 0.8071659999999999 0.171875 0.816511 0.170984 0.8311940000000001 0.176344 0.839204 0.203953 0.8538880000000001 0.214641 0.833864 0.217313 0.8405389999999999 0.21909399999999998 0.9033019999999999 0.34203100000000003 0.877916 0.350047 0.8498829999999999
2 0.905062 0.568033 0.898875 0.56466 0.9011250000000001 0.579836 0.903937 0.596698 0.903937 0.612693 0.905625 0.634614 0.917437 0.6472600000000001 0.926437 0.646417 0.9393750000000001 0.634614 0.941062 0.62534 0.9404999999999999 0.61103 0.935437 0.592482 0.92925 0.577307 0.914062 0.56719 0.905062 0.568033