50 0.368542 0.213109 0.29362499999999997 0.208609 0.25168799999999997 0.285016 0.263667 0.34120300000000003 0.254688 0.392891 0.152812 0.419844 0.114771 0.47039099999999995 0.0922917 0.555891 0.0874792 0.637781 0.10191700000000001 0.685953 0.145271 0.720875 0.14366700000000002 0.731703 0.15652100000000002 0.74375 0.190229 0.754594 0.172563 0.809984 0.309042 0.862969 0.352396 0.843703 0.503333 0.797937 0.500125 0.757 0.468021 0.731703 0.461583 0.700391 0.472833 0.687156 0.49531200000000003 0.706422 0.504938 0.7100310000000001 0.530625 0.6883589999999999 0.567562 0.687156 0.5996670000000001 0.645 0.585229 0.622125 0.541875 0.583594 0.567562 0.577562 0.468021 0.44268799999999997 0.392542 0.400547 0.402188 0.382484 0.41983299999999996 0.371641 0.418229 0.34393799999999997 0.44875000000000004 0.305406 0.434292 0.269281 0.360437 0.229547 0.368542 0.213109
79 0.832604 0.781891 0.845646 0.772109 0.8599790000000002 0.758422 0.873021 0.727109 0.871729 0.689937 0.858688 0.650813 0.846937 0.643969 0.827375 0.642016 0.806521 0.640062 0.7739169999999999 0.640062 0.760875 0.644953 0.750437 0.663531 0.745208 0.674297 0.74 0.696797 0.753042 0.701688 0.775208 0.711469 0.781729 0.725156 0.7686879999999999 0.771125 0.776521 0.777984 0.797375 0.785797 0.816937 0.786781 0.832604 0.781891
79 0.790854 0.852313 0.775208 0.852313 0.760875 0.8572029999999999 0.7569579999999999 0.8699220000000001 0.746521 0.8845940000000001 0.754354 0.8885 0.7686879999999999 0.893406 0.8 0.898297 0.828687 0.8943749999999999 0.850854 0.8875309999999998 0.852167 0.874812 0.8364999999999999 0.8620940000000001 0.820854 0.8572029999999999 0.806521 0.854266 0.807813 0.8102500000000001 0.797375 0.8053589999999999 0.794771 0.809281 0.790854 0.852313
79 0.684542 0.435469 0.681937 0.442 0.683083 0.45159399999999994 0.682792 0.45834400000000003 0.686875 0.460313 0.698187 0.461391 0.7005210000000001 0.461391 0.702854 0.455734 0.7040000000000001 0.44918800000000003 0.703708 0.440266 0.699646 0.434594 0.6993539999999999 0.421734 0.695292 0.421734 0.693833 0.42217200000000005 0.692688 0.43371899999999997 0.684542 0.435469
13 0.47639600000000004 0.591703 0.463667 0.6006560000000001 0.46049999999999996 0.611984 0.443792 0.633453 0.46208299999999997 0.670438 0.468438 0.6716249999999999 0.481958 0.672234 0.483563 0.666859 0.479583 0.658516 0.502646 0.653734 0.522521 0.644187 0.5344580000000001 0.636437 0.523312 0.611984 0.508208 0.590516 0.489917 0.582766 0.47639600000000004 0.591703
13 0.15806299999999998 0.0802188 0.15806299999999998 0.0793281 0.153896 0.051625 0.14733300000000002 0.0301719 0.141375 0.015875 0.133625 0.0015781296875 0.122917 0.001125 0.12231299999999999 0.00425 0.10979199999999999 0.0243594 0.10741700000000001 0.043125000000000004 0.10802099999999999 0.0627969 0.114562 0.0744062 0.12231299999999999 0.0752969 0.13839600000000002 0.0775312 0.149125 0.0797656 0.15806299999999998 0.0802188
13 0.18152100000000002 0.08421870000000001 0.214125 0.0901875 0.21016700000000002 0.0388906 0.204583 0.0305469 0.201417 0.00728125 0.196646 0.0025156296875 0.18550000000000003 0.0055 0.183917 0.034718700000000005 0.175958 0.0424687 0.179938 0.0848125 0.18152100000000002 0.08421870000000001
13 0.572375 0.0618281 0.5585 0.0644219 0.5527289999999999 0.06876560000000001 0.54925 0.155484 0.612854 0.163281 0.612854 0.0730937 0.5931879999999999 0.0626875 0.592042 0.0548906 0.590875 0.028875 0.577 0.027140599999999997 0.572375 0.0618281
13 0.314896 0 0.319771 0.0133281 0.314896 0.029406300000000003 0.307375 0.0373125 0.30850000000000005 0.0965625 0.320167 0.0945781 0.328437 0.0914844 0.341229 0.09120310000000001 0.341604 0.032796900000000004 0.33408299999999996 0.028843800000000003 0.32993700000000004 0.00034375 0.317896 0.000625 0.314896 0
13 0.30433299999999996 0.10625 0.303479 0.0909062 0.303479 0.0746094 0.303479 0.0688594 0.30177099999999996 0.0653438 0.298792 0.0599063 0.295375 0.0547969 0.294104 0.0515938 0.292396 0.0452031 0.292396 0.0372188 0.292396 0.028265600000000002 0.291104 0.028265600000000002 0.280042 0.028593800000000003 0.280042 0.029546899999999997 0.280042 0.0311406 0.280042 0.0365781 0.280042 0.0407344 0.281313 0.047765600000000005 0.278333 0.0567187 0.276625 0.058625000000000003 0.275771 0.059265599999999995 0.270646 0.06726560000000001 0.269812 0.072375 0.271083 0.10049999999999999 0.30433299999999996 0.10625
13 0.689667 0.174563 0.689667 0.163719 0.687854 0.131891 0.6761250000000001 0.12173400000000001 0.6725 0.105484 0.6598539999999999 0.10682799999999999 0.6580619999999999 0.114953 0.65625 0.12240599999999999 0.6526460000000001 0.140703 0.649938 0.168469 0.6580619999999999 0.174563 0.686042 0.175922 0.689667 0.174563
13 0.721271 0.182141 0.7163959999999999 0.138656 0.7114999999999999 0.132891 0.709396 0.115594 0.709396 0.11192200000000001 0.700313 0.111406 0.6996249999999999 0.12975 0.6954170000000001 0.135516 0.6926249999999999 0.174812 0.721271 0.182141
13 0.145708 0.24735900000000002 0.148458 0.245891 0.149646 0.235578 0.141396 0.230859 0.128021 0.22937500000000002 0.11347900000000001 0.225844 0.10562500000000001 0.22348400000000002 0.0914792 0.223781 0.09108329999999999 0.231156 0.08989580000000001 0.237047 0.0875417 0.244719 0.0891042 0.24735900000000002 0.102479 0.25060899999999997 0.11072900000000001 0.250312 0.121729 0.248547 0.140208 0.24529700000000002 0.145708 0.24735900000000002
13 0.359958 0.0592188 0.36577099999999996 0.06454689999999999 0.37481200000000003 0.05437499999999999 0.385146 0.05437499999999999 0.377396 0.0345156 0.37287499999999996 0.01175 0.36254200000000003 0.0112656 0.359312 0.0112656 0.359958 0.039843699999999996 0.359958 0.0592188
13 0.727563 0.124453 0.7265 0.120578 0.719708 0.119781 0.716333 0.121906 0.716333 0.134078 0.7138329999999999 0.137828 0.717938 0.156141 0.7161460000000001 0.178594 0.7136669999999999 0.18207800000000002 0.724708 0.183281 0.7348750000000001 0.183812 0.735042 0.16735899999999998 0.7345210000000001 0.144906 0.729333 0.138359 0.727563 0.124453
79 0.7398330000000001 0.41232800000000003 0.7245 0.41232800000000003 0.7249169999999999 0.416172 0.730042 0.41745299999999996 0.7283329999999999 0.428312 0.718958 0.43503100000000006 0.717667 0.46251600000000004 0.7462289999999999 0.462188 0.747938 0.438859 0.7377079999999999 0.432156 0.735583 0.417766 0.739417 0.41648399999999997 0.7398330000000001 0.41232800000000003
79 0.7688330000000001 0.415937 0.7679790000000001 0.422938 0.7675630000000001 0.430891 0.76375 0.436297 0.762479 0.45792200000000005 0.782396 0.45696899999999996 0.781125 0.432797 0.776458 0.43151599999999996 0.7773129999999999 0.417844 0.779021 0.414984 0.782396 0.41053100000000003 0.779021 0.407344 0.774354 0.406391 0.770521 0.407984 0.7675630000000001 0.41053100000000003 0.766292 0.414344 0.7688330000000001 0.415937
79 0.745896 0.437984 0.7502289999999999 0.43898400000000004 0.7565620000000001 0.44496900000000006 0.758875 0.43998400000000004 0.7635419999999999 0.436984 0.759208 0.43099999999999994 0.754896 0.42275 0.754563 0.419766 0.7635419999999999 0.417766 0.764208 0.416516 0.7485630000000001 0.41501599999999994 0.74225 0.417016 0.74225 0.418516 0.751229 0.42001600000000006 0.746563 0.43548400000000004 0.745896 0.437984
26 0.734083 0.9813280000000001 0.731083 0.967859 0.731083 0.889203 0.782021 0.756609 0.782021 0.7296560000000001 0.770042 0.707172 0.731083 0.693703 0.698125 0.686953 0.617229 0.6847030000000001 0.560292 0.693703 0.509354 0.7049369999999999 0.5453119999999999 0.945375 0.5333330000000001 0.9813280000000001 0.734083 0.9813280000000001
50 1 0.774219 0.972208 0.7704690000000001 0.93475 0.752688 0.9160419999999999 0.7461409999999999 0.863604 0.7461409999999999 0.859854 0.759234 0.843646 0.774219 0.819917 0.781703 0.7937080000000001 0.781703 0.774979 0.783578 0.76375 0.790141 0.76375 0.809797 0.7937080000000001 0.809797 0.803687 0.8126089999999999 0.822417 0.8126089999999999 0.8211670000000001 0.8275779999999999 0.8274170000000001 0.835078 0.844875 0.835078 0.847375 0.845375 0.863604 0.8519220000000001 0.886083 0.8566090000000001 0.901062 0.8603440000000001 0.9235209999999999 0.865969 0.957229 0.868781 1 0.868781 1 0.814484 1 0.774219
13 0.522583 0.146562 0.523104 0.0859688 0.523104 0.0771563 0.519521 0.0729375 0.512875 0.0694844 0.512875 0.0349844 0.510312 0.034218700000000005 0.499583 0.0349844 0.498563 0.038421899999999995 0.498563 0.0426406 0.498563 0.047625 0.498042 0.0622031 0.497021 0.0687187 0.494979 0.0710156 0.492438 0.0737031 0.48987499999999995 0.0767656 0.487312 0.0855937 0.487312 0.14081300000000002 0.522583 0.146562
13 0.7606459999999999 0.14117200000000002 0.759313 0.149562 0.754708 0.154484 0.751417 0.160906 0.750104 0.18507800000000002 0.772479 0.189031 0.776417 0.162875 0.772479 0.156953 0.768521 0.148562 0.765896 0.13081199999999998 0.757354 0.130312 0.7606459999999999 0.14117200000000002
79 0.706792 0.44001599999999996 0.706146 0.445937 0.707458 0.45778100000000005 0.717979 0.45876599999999995 0.721271 0.45284399999999997 0.721937 0.437547 0.719958 0.43260899999999997 0.7192919999999999 0.429156 0.717979 0.42471899999999996 0.718646 0.42225 0.716 0.42176600000000003 0.721937 0.41831300000000005 0.721937 0.41632800000000003 0.716 0.41632800000000003 0.701542 0.41682800000000003 0.711396 0.420781 0.712729 0.423234 0.714688 0.43162500000000004 0.706792 0.44001599999999996
50 1 0.469688 1 0.4121560000000001 0.993833 0.41901599999999994 0.974375 0.43232799999999993 0.937146 0.47828100000000007 0.928 0.49846899999999994 0.931437 0.513062 0.934292 0.522938 0.935438 0.537547 0.938292 0.542687 0.923979 0.557719 0.908521 0.581344 0.907375 0.600672 0.913104 0.623422 0.921125 0.630719 0.9245630000000001 0.641891 0.950896 0.630719 0.950896 0.610969 0.950896 0.596797 0.9629169999999999 0.587359 0.966354 0.573609 0.975521 0.57275 0.979521 0.591641 0.9863960000000002 0.598953 0.984667 0.608391 0.978958 0.616125 0.978958 0.622141 1 0.608391 1 0.563312 1 0.553 1 0.49846899999999994 1 0.469688
79 0.7587499999999999 0.46054700000000004 0.762854 0.45962500000000006 0.763667 0.45654700000000004 0.7638130000000001 0.43817199999999995 0.757854 0.442828 0.755708 0.444047 0.750021 0.43898400000000004 0.7473329999999999 0.438375 0.747292 0.43996899999999994 0.748104 0.459312 0.7587499999999999 0.46054700000000004