22 0.193391 0.843479 0.275813 0.9053749999999999 0.283875 0.8301040000000001 0.28548399999999996 0.823646 0.258062 0.776354 0.227422 0.765583 0.2 0.7462289999999999 0.198391 0.748396 0.198391 0.761292 0.196781 0.7785 0.193547 0.804292 0.191938 0.8301040000000001 0.188703 0.834417 0.193391 0.843479
22 0.0992656 0.762271 0.149109 0.8006460000000001 0.146297 0.802521 0.135766 0.8100210000000001 0.156125 0.824063 0.16525 0.823125 0.172984 0.8268749999999999 0.17578100000000002 0.822187 0.176484 0.815625 0.178594 0.742625 0.106984 0.70425 0.0999687 0.760396 0.0992656 0.762271
24 0.922578 0.959146 0.941938 0.959146 0.943547 0.931188 0.998391 0.883875 1 0.559146 0.920969 0.544083 0.924188 0.522583 0.737094 0.490312 0.712906 0.518271 0.625812 0.511833 0.611297 0.643021 0.570969 0.6408539999999999 0.498391 0.681729 0.504844 0.698917 0.49354700000000007 0.696771 0.49354700000000007 0.724729 0.49193699999999996 0.724729 0.677422 0.7892500000000001 0.667734 0.843021 0.922578 0.933333 0.922578 0.959146
24 0.384703 0.7058129999999999 0.41540600000000005 0.714438 0.421875 0.7402920000000001 0.449359 0.742458 0.44773399999999997 0.6777920000000001 0.460672 0.658396 0.446125 0.647625 0.42834399999999995 0.639 0.421875 0.589438 0.383078 0.5786669999999999 0.368531 0.5743539999999999 0.358844 0.524792 0.318422 0.522625 0.25539100000000003 0.554958 0.118 0.5657289999999999 0.11476599999999999 0.6088330000000001 0.11960900000000001 0.664875 0.13739099999999999 0.695042 0.197203 0.7402920000000001 0.290953 0.8027920000000001 0.292563 0.720896 0.384703 0.7058129999999999
27 0 0.7777499999999999 0.0052656296875000005 0.976812 0.19320299999999999 0.9815 0.305625 0.927625 0.0948438 0.7379370000000001 0.00878125 0.7753960000000001 0 0.7777499999999999
52 0.16475 0.552312 0.17532799999999998 0.5531039999999999 0.186781 0.554667 0.187672 0.554271 0.18825 0.5531039999999999 0.189141 0.541354 0.189141 0.534687 0.188547 0.522542 0.18207800000000002 0.51275 0.17826599999999998 0.508437 0.172094 0.506083 0.169156 0.505687 0.16445300000000002 0.507271 0.15798399999999999 0.511188 0.152703 0.511188 0.148 0.518625 0.147125 0.520188 0.143 0.520583 0.143594 0.52725 0.147703 0.532333 0.152109 0.5378120000000001 0.152703 0.542917 0.15770299999999998 0.5531039999999999 0.16475 0.552312
52 0.23082799999999998 0.548542 0.231578 0.5374789999999999 0.236484 0.513854 0.23573400000000003 0.488708 0.225547 0.485187 0.20443699999999998 0.49474999999999997 0.200656 0.501771 0.18859399999999998 0.511833 0.191234 0.524417 0.198391 0.531438 0.203672 0.553562 0.228563 0.5500419999999999 0.23082799999999998 0.548542
26 0.539625 0.820396 0.545875 0.8241040000000001 0.549687 0.822708 0.5580160000000001 0.8208749999999999 0.5587030000000001 0.818083 0.561828 0.803292 0.562188 0.7810830000000001 0.560094 0.775062 0.552109 0.770896 0.542047 0.771813 0.5351090000000001 0.775979 0.5337189999999999 0.7796869999999999 0.5337189999999999 0.7843129999999999 0.536156 0.81625 0.539625 0.820396
12 0.452766 0.8169369999999999 0.409609 0.8371670000000001 0.412812 0.8393130000000001 0.451156 0.8691460000000001 0.49110899999999996 0.83825 0.45754700000000004 0.8275830000000001 0.452766 0.8169369999999999
54 0.577172 0.801562 0.576859 0.8075209999999999 0.585156 0.814771 0.628594 0.7905 0.632734 0.783687 0.619641 0.777292 0.577813 0.801562 0.577172 0.801562
54 0.565547 0.7988959999999999 0.568375 0.805104 0.5729059999999999 0.807229 0.57475 0.802979 0.609094 0.783521 0.6007659999999999 0.777792 0.567391 0.794479 0.565547 0.7988959999999999
78 0.47304700000000005 0.726917 0.47365599999999997 0.641604 0.47925000000000006 0.628354 0.485469 0.593563 0.501 0.576167 0.496031 0.5637500000000001 0.491062 0.5637500000000001 0.485469 0.5736880000000001 0.462484 0.575333 0.456266 0.572854 0.451297 0.562917 0.441984 0.567896 0.443844 0.577833 0.46371900000000005 0.613437 0.469313 0.686333 0.45999999999999996 0.7252500000000001 0.47304700000000005 0.726917
78 0.43415600000000004 0.598792 0.4365 0.5939169999999999 0.439156 0.5872499999999999 0.444156 0.579708 0.443156 0.572167 0.443156 0.566833 0.442484 0.5628329999999999 0.43550000000000005 0.565063 0.431828 0.563292 0.42351599999999995 0.5592919999999999 0.413531 0.5557289999999999 0.40520300000000004 0.553521 0.396219 0.556625 0.392547 0.5557289999999999 0.391219 0.5619580000000001 0.394219 0.565063 0.396547 0.566833 0.396547 0.5734999999999999 0.393219 0.578812 0.404875 0.5832499999999999 0.420516 0.585021 0.431828 0.597896 0.43415600000000004 0.598792
78 0.158422 0.546208 0.15767199999999998 0.5562919999999999 0.187156 0.553771 0.18298399999999998 0.539667 0.18375 0.529583 0.18487499999999998 0.528083 0.15237499999999998 0.528583 0.158422 0.536646 0.158422 0.546208
78 0.20375000000000001 0.552417 0.215734 0.54975 0.22937500000000002 0.551083 0.229703 0.541771 0.23337500000000003 0.5373330000000001 0.23337500000000003 0.530229 0.199078 0.530229 0.20042200000000002 0.5395420000000001 0.20375000000000001 0.552417
52 0.453609 0.442437 0.436859 0.514604 0.453609 0.5609999999999999 0.44459400000000004 0.5609999999999999 0.445875 0.585042 0.467781 0.6211249999999999 0.467781 0.672667 0.46262499999999995 0.703604 0.467781 0.731083 0.492266 0.7242080000000001 0.48453099999999993 0.629708 0.509016 0.593646 0.496141 0.54725 0.509016 0.454479 0.45103099999999996 0.435562 0.453609 0.442437
12 0.5725 0.889417 0.5725 0.9067710000000001 0.588391 0.916396 0.653438 0.899062 0.6519999999999999 0.8605 0.5826089999999999 0.899062 0.5725 0.889417
12 0.568719 0.873229 0.585297 0.8987499999999999 0.645266 0.8613130000000001 0.644 0.842604 0.637609 0.8408960000000001 0.585297 0.873229 0.573813 0.873229 0.568719 0.873229
54 0.566906 0.794438 0.600562 0.778104 0.6052500000000001 0.779875 0.6065780000000001 0.779875 0.6105940000000001 0.775729 0.604797 0.771563 0.591422 0.7718539999999999 0.559766 0.7873129999999999 0.565781 0.7947500000000001 0.566906 0.794438