51 0.968828 0.374594 0.953787 0.338641 0.830418 0.316172 0.767238 0.374594 0.722113 0.39481299999999997 0.7311300000000001 0.412797 0.863515 0.437516 0.968828 0.374594
51 0.863515 0.298875 0.872552 0.303375 0.878577 0.310109 0.9056489999999999 0.32134399999999996 0.9206899999999999 0.328094 0.9387449999999999 0.337078 0.962803 0.350562 1 0.337078 0.989895 0.267422 0.9718410000000001 0.260672 0.956799 0.251688 0.9417570000000001 0.251688 0.9146650000000001 0.25842200000000004 0.899623 0.262922 0.8755649999999999 0.265172 0.85751 0.274156 0.84546 0.285391 0.8424689999999999 0.298875 0.863515 0.298875
51 0.6408790000000001 0.278656 0.713075 0.278656 0.7552089999999999 0.278656 0.791318 0.278656 0.827427 0.269656 0.8424689999999999 0.262922 0.84546 0.24045299999999997 0.827427 0.22471899999999997 0.7852929999999999 0.20673400000000003 0.7311300000000001 0.2 0.679979 0.2 0.637866 0.2045 0.592741 0.211234 0.5566319999999999 0.215734 0.526548 0.233703 0.526548 0.25618799999999997 0.559644 0.274156 0.5506070000000001 0.265172 0.58069 0.269656 0.6408790000000001 0.278656
51 0.413996 0.308016 0.404414 0.300844 0.389331 0.304953 0.38659 0.320312 0.368745 0.337719 0.445544 0.361281 0.453766 0.36025 0.47159 0.304953 0.437322 0.309047 0.413996 0.308016
51 0.5854180000000001 0.375609 0.710209 0.364344 0.79249 0.345922 0.819895 0.329531 0.814414 0.323375 0.79659 0.321328 0.79523 0.302906 0.785628 0.293687 0.782887 0.293687 0.685523 0.300844 0.573075 0.317234 0.5141 0.312109 0.501757 0.371516 0.5854180000000001 0.375609
51 0.273891 0.306453 0.348975 0.302406 0.423159 0.28685900000000003 0.480167 0.270641 0.493724 0.241594 0.46476999999999996 0.2355 0.425879 0.22942200000000001 0.344456 0.256453 0.215084 0.288891 0.20784499999999997 0.291594 0.240418 0.304422 0.273891 0.306453
51 0.49805399999999994 0.192547 0.494791 0.189766 0.470607 0.188375 0.4641 0.184563 0.448745 0.187688 0.435732 0.187688 0.421318 0.187344 0.420377 0.188719 0.39991600000000005 0.185953 0.38177799999999995 0.187344 0.372469 0.186984 0.364561 0.188375 0.359916 0.188031 0.356674 0.190109 0.346904 0.190109 0.342238 0.192203 0.331548 0.194984 0.32364 0.194281 0.316192 0.196375 0.30364 0.194625 0.295272 0.200875 0.29341 0.209906 0.301318 0.21581299999999998 0.319916 0.221719 0.327824 0.22345300000000004 0.367364 0.22381299999999998 0.41292900000000005 0.225203 0.462238 0.228672 0.487343 0.23179699999999998 0.48780299999999993 0.225547 0.496653 0.22659400000000002 0.508745 0.193594 0.500377 0.192891 0.49805399999999994 0.192547
51 0.125188 0.21484399999999998 0.115628 0.216188 0.10131799999999999 0.216641 0.06847279916317991 0.217969 0.06489539958158996 0.21842199999999998 0.04640170083682008 0.217969 0.0356485 0.216641 0.020732200836820085 0.216641 0.009393309623430962 0.215734 0.004016740585774058 0.22332800000000003 0.006401669456066946 0.23579699999999998 0.03326360041841004 0.24560900000000002 0.057740600418410046 0.2465 0.11146400000000001 0.237594 0.13891199999999998 0.238484 0.15682 0.238922 0.21113 0.23446899999999998 0.258285 0.232687 0.27499999999999997 0.228219 0.285753 0.220641 0.290523 0.21084399999999998 0.282762 0.20237500000000003 0.26546000000000003 0.198797 0.246946 0.197469 0.22845200000000002 0.19389099999999998 0.206967 0.190781 0.192029 0.192109 0.188452 0.193 0.18667399999999998 0.199687 0.169351 0.21351599999999998 0.159812 0.216641 0.152636 0.219313 0.150858 0.21842199999999998 0.141904 0.21484399999999998 0.125188 0.21484399999999998
51 0.04577410041841004 0.198922 0.07485360041841004 0.196594 0.09953970083682008 0.193687 0.122929 0.191359 0.131234 0.189609 0.132803 0.18359399999999998 0.132531 0.180094 0.130209 0.179125 0.115397 0.180484 0.09746860041841003 0.181844 0.08864020083682009 0.180484 0.0956485 0.176797 0.08629710041841004 0.176219 0.083954 0.174469 0.083954 0.170016 0.07512550000000001 0.169625 0.06836820083682009 0.167687 0.065 0.17039100000000001 0.062133899581589956 0.169031 0.0551255 0.169031 0.04991629916317992 0.168844 0.04577410041841004 0.168844 0.043431 0.170984 0.033556499999999996 0.171563 0.029142299163179914 0.173703 0.021861899581589957 0.173703 0.018221799163179918 0.174281 0.011987399581589958 0.174281 0.007573219665271967 0.173703 0.0028870292887029285 0.174078 0 0.173891 0.0005648535564853557 0.200469 0.022636 0.20182799999999998 0.04577410041841004 0.198922
51 0.04414229916317992 0.16481300000000002 0.06177820083682008 0.16309400000000002 0.09317989958158995 0.16195299999999999 0.116925 0.159656 0.115397 0.15451600000000001 0.09623429916317991 0.152219 0.08397489958158996 0.155078 0.06635979916317991 0.153938 0.05179920083682008 0.155656 0.03956070083682009 0.149359 0.03035560041841004 0.152219 0.0012552301255230125 0.158516 0.0004811715481171548 0.164234 0.0004811715481171548 0.165953 0.02422589958158996 0.165953 0.04414229916317992 0.16481300000000002
50 0.439163 0 0.358787 0 0.346004 0.0364531 0.483013 0.0323594 0.47569 0.0050625 0.439163 0
50 0.230921 0.145594 0.27477 0.170141 0.331402 0.1565 0.367929 0.1565 0.369749 0.181062 0.512238 0.194703 0.5359829999999999 0.122391 0.515879 0.110125 0.325921 0.09375 0.296695 0.125125 0.230921 0.145594
51 0.2459 0.14296899999999998 0.24161100000000002 0.14125000000000001 0.235293 0.14125000000000001 0.22870300000000002 0.14081300000000002 0.225251 0.14017200000000002 0.220105 0.13974999999999999 0.209477 0.14081300000000002 0.20288699999999998 0.14296899999999998 0.194289 0.14253100000000002 0.18138100000000001 0.14253100000000002 0.17420500000000003 0.14575 0.177364 0.150453 0.184247 0.150453 0.203745 0.153672 0.21523 0.150453 0.243912 0.145109 0.2459 0.14296899999999998