32 0.831734 0.14102099999999998 0.851844 0.146979 0.8663589999999999 0.127625 0.876422 0.0888958 0.93675 0.0516458 0.970266 0.0203542 0.9389839999999999 0.0024791708333333335 0.909938 0.0248333 0.875297 0.06356250000000001 0.863016 0.0963333 0.8462500000000001 0.0993125 0.807141 0.0859167 0.795969 0.0873958 0.7881560000000001 0.0978333 0.787031 0.10379200000000001 0.807141 0.13656300000000002 0.831734 0.14102099999999998
14 0.0625 0.311937 0.0726406 0.24662499999999998 0.047296899999999996 0.185812 0.0523594 0.226354 0.0523594 0.260125 0.0202656 0.28491700000000003 0.0016875000000000002 0.291667 0.0016875000000000002 0.447063 0.037156299999999996 0.393021 0.0625 0.311937
15 0.292594 0.6724169999999999 0.315875 0.658438 0.333344 0.6336040000000001 0.326359 0.619625 0.335672 0.602542 0.384563 0.613417 0.39970300000000003 0.576167 0.412516 0.532687 0.39504700000000004 0.506313 0.391547 0.462833 0.355453 0.410063 0.328688 0.424021 0.310047 0.453521 0.271625 0.450417 0.247187 0.459729 0.18198399999999998 0.548208 0.185469 0.594792 0.204109 0.596333 0.219234 0.6242920000000001 0.273953 0.632042 0.289094 0.6724169999999999 0.292594 0.6724169999999999
15 0.533375 0.326937 0.44760900000000003 0.48204199999999997 0.433812 0.522792 0.409156 0.556958 0.397328 0.625312 0.435781 0.6595 0.49690599999999996 0.6529170000000001 0.505781 0.6003329999999999 0.5225310000000001 0.574063 0.519578 0.497812 0.550938 0.41152099999999997 0.544219 0.345333 0.533375 0.326937
15 0.5752970000000001 0.468229 0.534703 0.487063 0.527641 0.512938 0.524125 0.6 0.517062 0.632938 0.566469 0.64 0.6723589999999999 0.64 0.6900000000000001 0.635292 0.746469 0.6282289999999999 0.776469 0.6070620000000001 0.78 0.604708 0.769406 0.52 0.711172 0.468229 0.697063 0.465875 0.6511720000000001 0.451771 0.612359 0.44470800000000005 0.5752970000000001 0.468229
19 0.3445 0.396521 0.341453 0.383687 0.338922 0.375583 0.334875 0.366104 0.331828 0.361375 0.328781 0.359354 0.327781 0.358687 0.314094 0.359354 0.27253099999999997 0.389771 0.27101600000000003 0.395167 0.282172 0.420854 0.28368699999999997 0.434354 0.285719 0.449896 0.290281 0.458 0.300406 0.45125 0.349062 0.413417 0.3445 0.396521
32 0.546063 0.413479 0.8545 0.19775 0.869656 0.15954200000000002 0.8292189999999999 0.152812 0.549438 0.39325 0.546063 0.413479
26 0.05175 0.11547900000000001 0.06693750000000001 0.119896 0.0986563 0.12164599999999999 0.124422 0.119896 0.15679700000000002 0.111083 0.163406 0.0969792 0.1885 0.0018541708333333331 0.0087968703125 0.00008333333333333333 0.0154062 0.0203542 0.0292812 0.08466670000000001 0.05175 0.11547900000000001
14 0.13671899999999998 0.126312 0.205078 0.08725000000000001 0.205078 0.0169375 0.140625 0.0039166708333333335 0.109375 0.0117292 0.0136719 0.0195417 0.050781200000000006 0.108083 0.13671899999999998 0.126312
27 1 0.008270829166666667 0.8433590000000001 0.008270829166666667 0.0039375 0.0039166708333333335 0.0014843796875000002 0.07875 0.0014843796875000002 0.295667 0.0014843796875000002 0.512563 0.0014843796875000002 0.729479 0.0063750000000000005 0.997354 0.06168749999999999 0.999521 0.223547 0.999521 1 0.991938 0.999531 0.988687 0.999531 0.907333 1 0.6915209999999999 0.9979060000000001 0.503896 1 0.008270829166666667
15 0.401984 0.451917 0.40014099999999997 0.437646 0.394594 0.417958 0.374297 0.401229 0.363234 0.385 0.354 0.390417 0.352156 0.405667 0.39054700000000003 0.456354 0.395703 0.49227099999999996 0.415266 0.504583 0.428922 0.499667 0.427453 0.497687 0.442219 0.483917 0.401984 0.451917