13 0.539828 0.3549999999999999 0.531953 0.356229 0.517141 0.353771 0.509734 0.350062 0.49629700000000004 0.341417 0.492594 0.341417 0.49629700000000004 0.351292 0.494906 0.354375 0.48285900000000004 0.353771 0.453688 0.337708 0.4346880000000001 0.340187 0.431453 0.343271 0.356406 0.364875 0.32075 0.374146 0.314719 0.377854 0.311016 0.384646 0.309172 0.397 0.307781 0.408104 0.306859 0.419229 0.306859 0.432188 0.308703 0.445167 0.310562 0.455667 0.312875 0.467396 0.316109 0.479125 0.322594 0.492729 0.32075 0.492104 0.325844 0.501375 0.332328 0.510021 0.339281 0.510625 0.354094 0.506917 0.390687 0.49704199999999993 0.425891 0.488396 0.48517200000000005 0.468021 0.508344 0.447646 0.518062 0.439 0.532891 0.422313 0.533344 0.419229 0.532422 0.4075 0.532422 0.403792 0.537062 0.388354 0.540766 0.376625 0.538906 0.364875 0.539828 0.3549999999999999
13 0.07757810000000001 0.6182920000000001 0.08006250000000001 0.57075 0.0659687 0.49779199999999996 0.047734399999999996 0.495583 0.0394375 0.5574790000000001 0.0278281 0.572958 0.027000000000000003 0.7509370000000001 0 0.8382919999999999 0.047734399999999996 0.848229 0.050218700000000005 1 0.139766 0.998583 0.128156 0.9101459999999999 0.12981199999999998 0.924521 0.0825469 0.726625 0.07757810000000001 0.6182920000000001
13 0.390375 0.9953749999999999 0.434344 0.999271 0.410891 0.913292 0.404047 0.8755000000000001 0.391344 0.883333 0.386469 0.9536669999999999 0.390375 0.9953749999999999
50 0.57175 0.316396 0.595297 0.334333 0.625563 0.338833 0.665922 0.34556200000000004 0.726453 0.417292 0.716375 0.44645799999999997 0.7348589999999999 0.48233299999999996 0.790359 0.480083 0.968609 0.338833 0.955156 0.28950000000000004 0.919844 0.19756300000000002 0.9114380000000001 0.101167 0.884531 0.0607917 0.840812 0.0294167 0.817266 0.00475 0.689469 0.00475 0.6827340000000001 0.022687500000000003 0.6827340000000001 0.0249167 0.681047 0.0518333 0.669281 0.0787292 0.652469 0.10564599999999999 0.6474219999999999 0.11237499999999999 0.644062 0.114604 0.642375 0.116854 0.630609 0.139271 0.617156 0.157208 0.612109 0.166187 0.5902499999999999 0.19756300000000002 0.585203 0.204292 0.581844 0.305188 0.57175 0.316396
50 0.221578 0 0.217625 0.039 0.189984 0.0284792 0.154453 0.0460208 0.116281 0.0951667 0.0478438 0.26537499999999997 0.0241563 0.453167 0.0215312 0.512813 0 0.612854 0 0.823438 0.025468800000000003 0.726917 0.030734400000000002 0.5795 0.0425781 0.5461670000000001 0.0425781 0.502292 0.0649531 0.49 0.0689063 0.540896 0.08206250000000001 0.558458 0.08075 0.581271 0.07943750000000001 0.593542 0.0847031 0.730417 0.0912813 0.739208 0.0886406 0.7585 0.08732809999999999 0.7620210000000001 0.104438 0.832208 0.11365600000000001 0.832208 0.116281 0.8181670000000001 0.147875 0.7918540000000001 0.176828 0.786583 0.204469 0.786583 0.216312 0.726917 0.226844 0.7181460000000001 0.26237499999999997 0.7181460000000001 0.276859 0.726917 0.282125 0.8041250000000001 0.274219 0.840979 0.24790600000000002 0.874333 0.249219 0.941021 0.25975000000000004 0.923458 0.297922 0.9357500000000001 0.301859 0.6655 0.366359 0.651458 0.353203 0.523354 0.330828 0.502292 0.309766 0.437354 0.309766 0.391729 0.330828 0.372438 0.3295 0.311021 0.345297 0.30924999999999997 0.432172 0.347854 0.480859 0.347854 0.519031 0.358396 0.5400940000000001 0.34962499999999996 0.537453 0.389979 0.529563 0.426833 0.533516 0.433854 0.5730000000000001 0.400521 0.605891 0.382958 0.620375 0.34260399999999996 0.583516 0.31979199999999997 0.5506249999999999 0.296979 0.5098130000000001 0.267146 0.401891 0.182896 0.358453 0.153083 0.345297 0.149563 0.353203 0.13025 0.36109399999999997 0.116229 0.380828 0.11095799999999999 0.382156 0.0863958 0.390047 0.0723542 0.382156 0.0600625 0.39531299999999997 0.0512917 0.38742200000000004 0.03725 0.390047 0 0.221578 0
50 0.933563 0.374125 0.790312 0.481896 0.746312 0.488729 0.705375 0.490083 0.669578 0.502375 0.669578 0.514646 0.670594 0.561021 0.678781 0.588313 0.700266 0.577396 0.728922 0.56375 0.737094 0.586958 0.739141 0.610146 0.752453 0.606042 0.782125 0.577396 0.877281 0.541937 0.972438 0.491458 0.966297 0.470979 0.979594 0.476438 0.995969 0.434146 1 0.278625 0.9509529999999999 0.345479 0.933563 0.374125
79 0.695406 0.497854 0.700266 0.490437 0.707891 0.473333 0.709625 0.453437 0.7065 0.430292 0.692625 0.371542 0.688453 0.367375 0.666937 0.367375 0.647172 0.373854 0.635719 0.382646 0.636406 0.40808300000000003 0.636406 0.417813 0.637094 0.459437 0.645781 0.485812 0.663828 0.500625 0.681172 0.513125 0.686719 0.511271 0.695406 0.497854
79 0.580156 0.499312 0.586406 0.495146 0.601672 0.484042 0.609656 0.462292 0.609656 0.426208 0.605141 0.385021 0.595078 0.387813 0.586406 0.389188 0.578422 0.402604 0.565578 0.414187 0.555859 0.415104 0.547531 0.424354 0.546844 0.455813 0.551703 0.481729 0.563844 0.491917 0.569391 0.502542 0.574594 0.514125 0.579109 0.513667 0.580156 0.499312
79 0.565813 0.573562 0.564766 0.581708 0.564141 0.589021 0.560969 0.592396 0.549813 0.592667 0.541172 0.5943540000000002 0.54075 0.603625 0.547281 0.610083 0.567297 0.614854 0.576562 0.616542 0.590047 0.614021 0.595953 0.609812 0.593625 0.600542 0.587094 0.598292 0.578875 0.597167 0.57425 0.5921040000000001 0.573406 0.582562 0.572344 0.572437 0.573828 0.555875 0.565188 0.5702079999999999 0.565813 0.573562
50 0.509406 0.264771 0.514719 0.244125 0.511813 0.2125 0.497781 0.19185400000000002 0.496328 0.164104 0.484234 0.160229 0.477453 0.170563 0.474062 0.18862500000000001 0.458578 0.193146 0.453734 0.223479 0.484234 0.24670799999999998 0.507953 0.267354 0.509406 0.264771
50 0.438312 0.210458 0.438312 0.20793699999999998 0.438734 0.20681200000000002 0.438734 0.204563 0.439156 0.201187 0.438516 0.197833 0.44084399999999996 0.19614600000000001 0.442734 0.19614600000000001 0.445266 0.19614600000000001 0.445469 0.192208 0.445688 0.18939599999999998 0.44653099999999996 0.186875 0.446953 0.1835 0.446953 0.18125 0.446953 0.178729 0.44610900000000003 0.174229 0.44610900000000003 0.170021 0.447156 0.167208 0.44484399999999996 0.164687 0.44000000000000006 0.163271 0.42967199999999994 0.163562 0.42545299999999997 0.166083 0.42335900000000004 0.169729 0.422719 0.17675000000000002 0.422938 0.18743800000000002 0.424406 0.190812 0.424625 0.192479 0.42378099999999996 0.193896 0.42145299999999997 0.196708 0.438312 0.210458
36 0.9455 0.660667 0.982578 0.521354 0.999437 0.444937 0.999437 0.41572899999999996 0.9640470000000001 0.514604 0.9556250000000001 0.507875 0.8848280000000001 0.651687 0.8898910000000001 0.683146 0.940453 0.730333 0.9455 0.660667
69 0.723047 0.283188 0.737187 0.33258299999999996 0.761437 0.273313 0.750672 0.220333 0.761437 0.209542 0.755375 0.18979200000000002 0.753359 0.18710400000000002 0.741906 0.19608299999999998 0.733828 0.204167 0.732484 0.226604 0.732484 0.240083 0.727094 0.262542 0.721031 0.283188 0.723047 0.283188
79 0.21909399999999998 0.729437 0.204156 0.7814789999999999 0.2145 0.789146 0.232859 0.796792 0.24434399999999998 0.808271 0.2455 0.877938 0.26501600000000003 0.859562 0.277078 0.8358329999999999 0.27937500000000004 0.8121039999999999 0.275922 0.7386250000000001 0.271328 0.727896 0.26387499999999997 0.716417 0.243766 0.716417 0.217359 0.722542 0.21909399999999998 0.729437
26 0.537344 0.888208 0.511781 0.874271 0.48623399999999994 0.874271 0.467641 0.878917 0.465313 0.9486249999999999 0.47576599999999997 0.968771 0.48506299999999997 0.954812 0.509469 0.933125 0.537344 0.9362290000000001 0.544312 0.903708 0.537344 0.888208
50 0 0.424729 0.0235938 0.43820800000000004 0.0337031 0.33033300000000004 0.06909370000000001 0.19775 0.0775312 0.177521 0.0387656 0.150562 0 0.150562 0.0016875000000000002 0.422479 0 0.424729
14 0.777266 0.987021 0.755844 0.955854 0.6720780000000001 0.924667 0.6 0.919479 0.529875 0.927271 0.48310899999999996 0.955854 0.48310899999999996 0.984417 0.777266 0.987021
13 0.378844 0.799042 0.376672 0.997729 0.38818800000000003 1 0.385313 0.966042 0.389641 0.8815829999999999 0.40690600000000005 0.873917 0.40475000000000005 0.8192079999999999 0.40690600000000005 0.7491249999999999 0.41698399999999997 0.694417 0.407625 0.695375 0.38675000000000004 0.7021040000000001 0.378844 0.799042