18 0.449219 0.612562 0.44807800000000003 0.6143959999999999 0.445766 0.6162500000000001 0.444609 0.621479 0.444609 0.6217710000000001 0.44299999999999995 0.632542 0.445078 0.638062 0.449453 0.638375 0.460984 0.638375 0.474125 0.6374580000000001 0.4755 0.631917 0.476891 0.623625 0.477578 0.617792 0.476187 0.616854 0.474125 0.613167 0.474125 0.611333 0.463047 0.608563 0.455672 0.6079380000000001 0.448531 0.6103959999999999 0.449219 0.612562
18 0.200563 0.610042 0.207687 0.610333 0.207891 0.611437 0.208937 0.612854 0.211672 0.612562 0.21334400000000003 0.611729 0.21376600000000004 0.610333 0.216906 0.610896 0.22048399999999999 0.610333 0.22215599999999996 0.613396 0.227406 0.613396 0.229281 0.610896 0.23075 0.603063 0.23075 0.598854 0.22949999999999998 0.592438 0.22404700000000002 0.585167 0.217969 0.585167 0.20642199999999997 0.585167 0.203281 0.588521 0.19825 0.593833 0.198672 0.596896 0.199719 0.605854 0.200563 0.610042
73 0.309266 0.491104 0.317234 0.49033299999999996 0.32107800000000003 0.477333 0.320781 0.465521 0.320187 0.45687500000000003 0.318703 0.45647899999999997 0.310734 0.455687 0.306016 0.458437 0.302469 0.48325 0.309266 0.491104
73 0.386969 0.449083 0.38504700000000003 0.44329199999999996 0.374563 0.44345799999999996 0.378656 0.46393799999999996 0.378531 0.476542 0.378531 0.49735399999999996 0.384797 0.500583 0.388375 0.481833 0.386969 0.449083
73 0.765219 0.6159579999999999 0.771172 0.615646 0.77575 0.606792 0.775516 0.5964170000000001 0.771859 0.590313 0.765453 0.590625 0.763625 0.605271 0.765219 0.6159579999999999
73 0.815906 0.607979 0.815734 0.597792 0.813953 0.5980209999999999 0.812703 0.5987290000000001 0.811453 0.5999169999999999 0.8103910000000001 0.6001460000000001 0.810562 0.609646 0.815906 0.607979
73 0.189188 0.41891700000000004 0.201016 0.41891700000000004 0.20607799999999998 0.34685400000000005 0.185812 0.34685400000000005 0.182438 0.41441700000000004 0.189188 0.41891700000000004
73 0.11203099999999999 0.43122900000000003 0.113781 0.406271 0.116484 0.394937 0.107594 0.385688 0.104891 0.39237500000000003 0.10393699999999999 0.396229 0.10160899999999999 0.430708 0.11203099999999999 0.43122900000000003
73 0.441016 0.479667 0.436047 0.474125 0.43025 0.476333 0.427344 0.481875 0.426094 0.4885 0.424859 0.499542 0.431906 0.506167 0.44349999999999995 0.508937 0.441016 0.479667
73 0.760734 0.47133299999999995 0.7604059999999999 0.524458 0.775344 0.524896 0.775016 0.47200000000000003 0.760734 0.47133299999999995
73 0.141516 0.36958300000000005 0.13999999999999999 0.42010400000000003 0.152047 0.419771 0.155062 0.411729 0.15054700000000001 0.407375 0.148281 0.404375 0.15054700000000001 0.399687 0.15279700000000002 0.40270799999999995 0.155062 0.40270799999999995 0.156562 0.393667 0.155812 0.388312 0.15054700000000001 0.38797899999999996 0.15054700000000001 0.384625 0.155812 0.38564600000000004 0.156562 0.37660400000000005 0.15054700000000001 0.372583 0.149797 0.368563 0.143266 0.36958300000000005 0.141516 0.36958300000000005