24 0.463516 0.7427499999999999 0.46673400000000004 0.7878120000000001 0.49087500000000006 0.807125 0.5600780000000001 0.858625 0.589063 0.847896 0.601938 0.824292 0.618031 0.807125 0.651828 0.777083 0.667922 0.7620629999999999 0.667922 0.749188 0.650219 0.721271 0.637344 0.714833 0.613203 0.6869379999999999 0.582625 0.646167 0.572969 0.583937 0.527891 0.605396 0.5150159999999999 0.6332920000000001 0.511797 0.652604 0.5021410000000001 0.656896 0.48443800000000004 0.652604 0.474781 0.652604 0.46673400000000004 0.648312 0.460297 0.695521 0.463516 0.7427499999999999
22 0.618609 0.454917 0.622266 0.46760399999999996 0.622266 0.46954199999999996 0.621531 0.478333 0.620797 0.492979 0.622266 0.498833 0.625188 0.498833 0.629578 0.497854 0.636172 0.497854 0.636172 0.50175 0.637641 0.5105419999999999 0.638375 0.509563 0.641297 0.46077100000000004 0.648609 0.410021 0.648609 0.396354 0.6471560000000001 0.388542 0.6427660000000001 0.391479 0.6427660000000001 0.395375 0.642031 0.393417 0.641297 0.387562 0.63325 0.383667 0.627391 0.384646 0.627391 0.382688 0.627391 0.37879199999999996 0.627391 0.372937 0.624469 0.370979 0.622266 0.377812 0.621531 0.384646 0.620062 0.39245800000000003 0.620062 0.404167 0.620062 0.419771 0.620062 0.431479 0.618609 0.439292 0.6171409999999999 0.439292 0.6149530000000001 0.44125000000000003 0.607625 0.44416700000000003 0.618609 0.454917
14 0.284172 0.6837289999999999 0.294203 0.680083 0.294891 0.6761250000000001 0.298078 0.6712710000000001 0.298531 0.6676249999999999 0.298531 0.6600210000000001 0.294891 0.656375 0.289641 0.6560830000000001 0.280297 0.658813 0.276422 0.6615420000000001 0.275281 0.666104 0.27506200000000003 0.669458 0.276656 0.673396 0.27825 0.6761250000000001 0.279391 0.677042 0.28235899999999997 0.681917 0.284172 0.6837289999999999
58 0.144875 0.555333 0.141922 0.538479 0.135187 0.536792 0.132016 0.530333 0.13223400000000002 0.526125 0.0726094 0.5452290000000001 0.08504690000000001 0.550292 0.08798439999999999 0.5617920000000001 0.0882031 0.5671250000000001 0.0842031 0.5713539999999999 0.0793594 0.5713539999999999 0.07956250000000001 0.578937 0.14214100000000002 0.558438 0.144875 0.555333
12 0.651281 0.377458 0.628469 0.363562 0.60475 0.37 0.605063 0.374437 0.621969 0.385521 0.629828 0.386521 0.629375 0.387125 0.650828 0.381292 0.651281 0.377458
14 0.196219 0.594729 0.207297 0.5973120000000001 0.220578 0.594917 0.233578 0.583667 0.235937 0.574979 0.237453 0.570187 0.23773399999999997 0.561708 0.23496899999999998 0.560958 0.228609 0.560958 0.215047 0.560229 0.20535899999999999 0.560792 0.198859 0.564833 0.195391 0.5694579999999999 0.19 0.5742499999999999 0.188891 0.574979 0.18723399999999998 0.5775629999999999 0.193188 0.592521 0.196219 0.594729
22 0.722109 0.490312 0.722719 0.500521 0.713141 0.530333 0.7105 0.546792 0.701391 0.605167 0.711125 0.608396 0.731812 0.614146 0.7502340000000001 0.6181249999999999 0.765156 0.620104 0.777594 0.62575 0.788547 0.630729 0.7930159999999999 0.62575 0.793266 0.5939169999999999 0.795516 0.571021 0.79775 0.558417 0.798766 0.547792 0.8009999999999999 0.526563 0.7990160000000001 0.513958 0.799078 0.491917 0.799906 0.483208 0.798266 0.477354 0.778797 0.475896 0.752297 0.469771 0.7265780000000001 0.46645800000000004 0.717641 0.47200000000000003 0.722109 0.490312
27 0.156594 0.519354 0.162891 0.5406460000000001 0.161922 0.562604 0.166766 0.592292 0.195797 0.665854 0.206937 0.694896 0.23306300000000002 0.764583 0.27420300000000003 0.7471669999999999 0.282438 0.7981459999999999 0.293078 0.849771 0.305672 0.845896 0.300828 0.8084790000000001 0.289219 0.737479 0.342453 0.712313 0.326969 0.679396 0.229203 0.5038750000000001 0.184188 0.524521 0.176437 0.516771 0.159016 0.521938 0.156594 0.519354
22 0.651188 0.707437 0.659609 0.6972919999999999 0.673641 0.696208 0.674844 0.690875 0.685281 0.6106459999999999 0.678453 0.602021 0.628328 0.5672499999999999 0.636344 0.6186039999999999 0.608672 0.633042 0.597438 0.6170000000000001 0.589016 0.6170000000000001 0.588203 0.564042 0.626312 0.561917 0.619094 0.536771 0.606656 0.5373129999999999 0.5465 0.5677920000000001 0.550109 0.611646 0.559328 0.607375 0.56575 0.593458 0.5749690000000001 0.6062919999999999 0.587406 0.63625 0.5942339999999999 0.6693960000000001 0.614687 0.689187 0.632734 0.7095210000000001 0.635938 0.7122499999999999 0.645563 0.706917 0.651188 0.707437
27 0.526344 0.525104 0.534703 0.520938 0.539922 0.544604 0.546188 0.541813 0.549312 0.511188 0.606734 0.48475 0.606734 0.53625 0.616125 0.53625 0.623437 0.46804199999999996 0.605687 0.44716700000000004 0.5962810000000001 0.430458 0.5879380000000001 0.415146 0.578547 0.399833 0.567063 0.394271 0.5440940000000001 0.37339599999999995 0.534703 0.41793800000000003 0.506516 0.422104 0.5002500000000001 0.420708 0.475187 0.437417 0.44492200000000004 0.44993700000000003 0.45535899999999996 0.540417 0.46475 0.540417 0.46684400000000004 0.487521 0.506516 0.519542 0.511734 0.5961040000000001 0.520078 0.597479 0.526344 0.525104
12 0.603172 0.376354 0.602078 0.384167 0.622594 0.394917 0.623328 0.386604 0.60575 0.37683300000000003 0.603172 0.376354