77 0.4426 0.223937 0.519719 0.223937 0.650492 0.22617199999999998 0.60356 0.199328 0.546557 0.176953 0.46271700000000004 0.138922 0.31519899999999995 0.141156 0.21124099999999998 0.156812 0.228009 0.170234 0.204543 0.19037500000000002 0.14082 0.206031 0.09388759953161592 0.223937 0.130773 0.22617199999999998 0.261546 0.22840600000000003 0.402365 0.22617199999999998 0.5532549999999999 0.22840600000000003 0.4426 0.223937
77 0.229883 0.169344 0.213466 0.1625 0.19297399999999998 0.158406 0.176581 0.14746900000000002 0.117166 0.11601600000000001 0.07206089929742389 0.107813 0.004449651053864169 0.096875 0.00238876112412178 0.21720299999999998 0.0864168992974239 0.209 0.20117100000000002 0.191219 0.229883 0.169344
16 1 0 0 0 0.00271663 0.097125 0.10719 0.111281 0.187447 0.160266 0.257096 0.143594 0.356276 0.140063 0.440304 0.142078 0.466042 0.145109 0.508431 0.154719 0.6628810000000002 0.226437 0.3517330000000001 0.229469 0.346417 0.310281 0.377471 0.316844 0.416838 0.365344 0.418337 0.373422 0.415316 0.384031 0.410023 0.394125 0.413794 0.400687 0.420609 0.413312 0.428946 0.45625 0.377471 0.45575 0.38049199999999994 0.459781 0.391101 0.4739380000000001 0.388056 0.48504699999999995 0.38503499999999996 0.500203 0.388829 0.516359 0.4044730000000001 0.577813 0.418103 0.584891 0.44534 0.607609 0.459719 0.628828 0.464262 0.638938 0.751194 0.665203 0.745059 0.631875 0.749859 0.606234 0.797869 0.58275 0.861874 0.567797 0.9995080000000001 0.550719 1 0
50 0.263513 0.638828 0.266136 0.630062 0.339789 0.630062 0.32662800000000003 0.6809529999999999 0.30559699999999995 0.724828 0.30822 0.733594 0.34503500000000004 0.747641 0.36608900000000005 0.7757189999999999 0.408173 0.780984 0.413419 0.782734 0.42658100000000004 0.786234 0.416066 0.759922 0.39238900000000004 0.737109 0.395012 0.70025 0.408173 0.649359 0.42658100000000004 0.621281 0.450258 0.619531 0.395012 0.535297 0.389766 0.47387499999999994 0.368712 0.447547 0.36608900000000005 0.419469 0.39238900000000004 0.380859 0.413419 0.389641 0.408173 0.351031 0.387119 0.329969 0.363466 0.319437 0.347681 0.307156 0.352927 0.251 0.34124099999999996 0.225406 0.29711899999999997 0.22696900000000003 0.236768 0.22696900000000003 0.211218 0.2595 0.197307 0.270328 0.174075 0.304422 0.169438 0.316812 0.148548 0.340047 0.150867 0.42678099999999997 0.16480099999999998 0.44846899999999995 0.162459 0.47015599999999996 0.16480099999999998 0.535219 0.127635 0.5925309999999999 0.127635 0.6142190000000001 0.134614 0.631266 0.190328 0.637453 0.21587800000000001 0.625063 0.211218 0.634359 0.204262 0.6730780000000001 0.222834 0.718 0.218197 0.759828 0.229789 0.784609 0.269274 0.7830619999999999 0.284543 0.780984 0.25824400000000003 0.7265780000000001 0.263513 0.638828
36 0.383536 0.386297 0.368712 0.419656 0.37573799999999996 0.447797 0.405433 0.44676600000000005 0.42885199999999996 0.435297 0.419485 0.412875 0.38276299999999996 0.38525 0.383536 0.386297
22 0.5041220000000001 0.15234399999999998 0.596651 0.194516 0.596651 0.185312 0.600094 0.115906 0.5863 0.091375 0.567916 0.0814062 0.5477989999999999 0.055703100000000005 0.467916 0.056484400000000004 0.46676799999999996 0.0752656 0.490328 0.150031 0.5041220000000001 0.15234399999999998
22 0.438244 0.0726875 0.41623 0.05267190000000001 0.38421500000000003 0.055328100000000005 0.352201 0.0660156 0.354192 0.104734 0.370211 0.135453 0.420234 0.138125 0.484286 0.148797 0.470281 0.122094 0.454262 0.0820469 0.440258 0.0660156 0.438244 0.0726875
22 0.237354 0.0664844 0.242693 0.0927656 0.22777499999999998 0.106266 0.228852 0.118344 0.233115 0.129 0.233115 0.147469 0.234169 0.149594 0.290609 0.141078 0.291663 0.0657812 0.237354 0.0664844
22 0.90459 0.165781 0.9029980000000001 0.183953 0.914215 0.214438 0.917424 0.21604700000000002 0.950281 0.21496900000000002 0.9478690000000001 0.198391 0.929438 0.198937 0.915012 0.191984 0.911007 0.180219 0.917424 0.17807800000000001 0.931054 0.17646900000000001 0.9486889999999999 0.177547 0.952693 0.177 0.9534889999999999 0.166313 0.952693 0.164172 0.915012 0.164172 0.90459 0.165781
22 0.7762530000000001 0.21484399999999998 0.77377 0.20764100000000002 0.757986 0.191578 0.742225 0.177187 0.7256210000000001 0.165547 0.6890869999999999 0.163891 0.653396 0.165547 0.653396 0.2165 0.7762530000000001 0.21484399999999998
22 0.776932 0.213594 0.913841 0.217516 0.9089700000000001 0.20837500000000003 0.906019 0.20249999999999999 0.898197 0.199234 0.890375 0.195984 0.8835360000000001 0.19075 0.880609 0.184891 0.8747309999999999 0.176406 0.862014 0.163359 0.780843 0.162703 0.7720370000000001 0.166609 0.771077 0.172484 0.780843 0.207719 0.776932 0.213594