50 0.544641 0.988665 0.535562 0.975059 0.508328 0.877541 0.508328 0.843536 0.529516 0.795925 0.529516 0.684801 0.523469 0.569157 0.562797 0.59637 0.599109 0.580492 0.629359 0.530609 0.614234 0.47618299999999997 0.582469 0.378689 0.571875 0.312927 0.5461560000000001 0.31519899999999995 0.541609 0.287986 0.535562 0.258501 0.505312 0.23356 0.47959399999999996 0.226768 0.46143799999999996 0.24035099999999998 0.42664099999999994 0.253958 0.40848399999999996 0.294778 0.413016 0.349204 0.372172 0.371874 0.346453 0.41496500000000003 0.33434400000000003 0.458056 0.340406 0.535152 0.34796900000000003 0.698407 0.3525 0.7800469999999999 0.363094 0.84808 0.350984 0.895691 0.33434400000000003 0.8843559999999999 0.340406 0.9410540000000001 0.354016 0.9863930000000001 0.544641 0.988665
50 0.25025 0.608525 0.263109 0.602576 0.279922 0.590726 0.274969 0.590726 0.273984 0.592201 0.270031 0.5596019999999999 0.272 0.546253 0.274969 0.52993 0.282891 0.5166040000000001 0.28485900000000003 0.504731 0.282891 0.485457 0.280906 0.45580800000000005 0.263109 0.427635 0.26210900000000004 0.426159 0.259141 0.41281 0.257172 0.403911 0.261125 0.37426200000000004 0.260141 0.36981300000000006 0.27101600000000003 0.357963 0.276953 0.36686199999999997 0.281906 0.35943800000000004 0.290797 0.35943800000000004 0.290797 0.346089 0.290797 0.313489 0.293766 0.292717 0.296734 0.270492 0.286844 0.260117 0.259141 0.251218 0.24232800000000002 0.266042 0.23935900000000002 0.274941 0.234422 0.295691 0.234422 0.311991 0.23639100000000002 0.329789 0.23343799999999998 0.346089 0.18595299999999998 0.393536 0.175063 0.433583 0.15825 0.47063200000000005 0.15825 0.512155 0.174078 0.537354 0.189906 0.567002 0.196828 0.602576 0.217609 0.602576 0.235406 0.6070260000000001 0.25025 0.611475 0.25025 0.608525
50 0.003 0.521405 0.0045156296875 0.717354 0.0601094 0.706089 0.0586094 0.6722950000000001 0.06310940000000001 0.575457 0.0345625 0.505621 0.0060156296875 0.519133 0.003 0.521405
50 0.926562 0.824731 0.9385619999999999 0.797752 0.968547 0.723607 0.985031 0.6404450000000002 0.9655470000000002 0.6202339999999998 0.9700469999999999 0.611241 0.989531 0.564052 0.9700469999999999 0.543817 0.950562 0.501124 0.914578 0.48089 0.916078 0.462927 0.922063 0.426956 0.922063 0.391007 0.8980780000000002 0.375269 0.8605940000000001 0.379766 0.842609 0.411241 0.8530940000000001 0.44719 0.832109 0.478642 0.812625 0.532576 0.883094 0.52808 0.905578 0.829204 0.926562 0.824731
50 0.755641 0.631452 0.749656 0.764052 0.778141 0.773044 0.803625 0.773044 0.799125 0.853934 0.847109 0.8449409999999999 0.839609 0.797752 0.856094 0.768548 0.8680939999999999 0.7573070000000001 0.8770939999999999 0.660679 0.8665939999999999 0.6449410000000001 0.8680939999999999 0.568548 0.794625 0.582014 0.755641 0.631452
50 0.9655469999999999 0.370515 0.952047 0.370515 0.943062 0.379508 0.932563 0.399742 0.926562 0.435691 0.917563 0.469391 0.917563 0.482881 0.9550470000000001 0.503115 0.9910310000000001 0.554801 0.968547 0.6132319999999999 0.989531 0.6379389999999999 0.943062 0.810984 0.9985310000000001 0.797494 1 0.397494 0.9910310000000001 0.379508 0.9655469999999999 0.370515
50 0.659859 0.556042 0.671594 0.584614 0.6774530000000001 0.628571 0.695047 0.650539 0.700906 0.681311 0.695047 0.740656 0.737578 0.745059 0.747844 0.716487 0.749297 0.674731 0.752234 0.6527400000000001 0.7859689999999999 0.6022010000000001 0.815281 0.560445 0.815281 0.5406559999999999 0.810891 0.48351299999999997 0.8050309999999999 0.463747 0.765437 0.42857100000000004 0.765437 0.42196700000000004 0.758094 0.384614 0.7507659999999999 0.340656 0.712641 0.35163900000000003 0.7053130000000001 0.380211 0.706781 0.42857100000000004 0.68625 0.450539 0.667188 0.492319 0.655453 0.545059 0.659859 0.556042
4 0.421375 0 0.41840599999999994 0 0.390703 0.0026697899999999996 0.41345299999999996 0.0679157 0.41445300000000007 0.09608900000000001 0.43720300000000006 0.147963 0.450063 0.171686 0.46589099999999994 0.188009 0.469844 0.171686 0.503469 0.259157 0.507422 0.263607 0.515344 0.260656 0.487641 0.164286 0.488641 0.158337 0.48962500000000003 0.143513 0.456984 0.0590164 0.453031 0.0545667 0.442141 0.050117100000000005 0.421375 0
8 0.240797 0.6057850000000001 0.189703 0.611265 0.196094 0.663208 0.24535900000000002 0.62082 0.240797 0.6057850000000001
8 0.0966562 0.648173 0.11217199999999998 0.6768850000000001 0.134063 0.667307 0.158688 0.683724 0.16325 0.683724 0.164172 0.6604679999999999 0.155047 0.645433 0.151391 0.6235600000000001 0.0966562 0.648173
8 0.254484 0.795855 0.228031 0.701499 0.200656 0.726112 0.19975 0.791733 0.254484 0.795855
50 0.175422 0.101124 0.181422 0.0022482388758782203 0.0434844 0 0.0404844 0.101124 0.175422 0.101124
50 0.680656 0.8834190000000001 0.685141 0.86548 0.688125 0.822881 0.6716719999999999 0.7219669999999999 0.670172 0.665925 0.656719 0.6322949999999999 0.6387660000000001 0.6165809999999999 0.6118439999999999 0.598665 0.572937 0.5874469999999999 0.531062 0.580726 0.517594 0.695059 0.514609 0.829602 0.520578 0.818384 0.543031 0.822881 0.569953 0.8565109999999999 0.596875 0.901335 0.616328 0.921522 0.629797 0.917049 0.6656869999999999 0.901335 0.680656 0.8834190000000001
50 0.34575 0.733068 0.340547 0.600258 0.278 0.654941 0.291891 0.7539110000000001 0.307531 0.787752 0.34575 0.733068
50 0.340547 0.957026 0.338813 0.897143 0.366609 0.863279 0.350969 0.764333 0.304063 0.816417 0.309266 0.907541 0.317953 0.967447 0.340547 0.957026