5 0.434328 0.637049 0.433828 0.638501 0.432859 0.644356 0.43334400000000006 0.6502110000000001 0.434812 0.656042 0.44260900000000003 0.6611710000000001 0.45187499999999997 0.661897 0.456766 0.6611710000000001 0.463094 0.656768 0.463094 0.645808 0.461641 0.628993 0.460656 0.612178 0.455297 0.607799 0.44359400000000004 0.615105 0.43187499999999995 0.639953 0.434328 0.637049
50 0.23839100000000002 0.829204 0.23239100000000001 0.8 0.24439099999999997 0.707869 0.22939099999999998 0.660679 0.239891 0.6247309999999999 0.25787499999999997 0.573044 0.26237499999999997 0.5236069999999999 0.25187499999999996 0.510117 0.233891 0.510117 0.224891 0.510117 0.21140599999999998 0.550562 0.182922 0.557307 0.170922 0.608993 0.152922 0.676393 0.157422 0.6988759999999999 0.18440600000000001 0.734824 0.16942200000000002 0.813489 0.173922 0.824731 0.194906 0.835948 0.197906 0.8449409999999999 0.239891 0.8337 0.23839100000000002 0.829204
50 0.11832800000000002 0.10700199999999999 0.114344 0.0963466 0.11178099999999999 0.0891101 0.110375 0.0788993 0.108375 0.0750585 0.105531 0.0750585 0.102984 0.0806089 0.102125 0.0869789 0.099 0.0903981 0.0950312 0.104028 0.09275 0.104028 0.09511088756793605 0.10482969591446853 0.114062 0.11126500000000002 0.11832800000000002 0.10700199999999999
50 0.1115 0.130422 0.115766 0.137658 0.118031 0.144052 0.12201599999999999 0.142763 0.120594 0.136792 0.121156 0.129555 0.121453 0.127424 0.12173399999999998 0.119766 0.0961719 0.115504 0.0972969 0.122319 0.10725 0.124871 0.1115 0.130422
50 0.174656 0.518689 0.175125 0.51096 0.170437 0.503958 0.164359 0.509555 0.163891 0.520773 0.161078 0.531311 0.163891 0.534098 0.180734 0.539016 0.184484 0.533396 0.174656 0.518689
50 0.161547 0.56356 0.165297 0.568478 0.166234 0.597237 0.167172 0.611944 0.167641 0.616159 0.178859 0.580398 0.177937 0.543934 0.161078 0.54534 0.161547 0.56356
50 0.101719 0.53089 0.0987344 0.521499 0.0976406 0.51822 0.0973594 0.507611 0.0965469 0.501475 0.0921875 0.499859 0.0889219 0.500679 0.0851094 0.508829 0.08375 0.514543 0.0796562 0.522319 0.07475 0.529251 0.0717656 0.537002 0.0728437 0.540281 0.0785781 0.543138 0.085375 0.543958 0.0916406 0.543138 0.0957344 0.542319 0.10064100000000001 0.545995 0.10254699999999999 0.539461 0.101719 0.53089
50 0.0804844 0.566815 0.0818438 0.587635 0.08375 0.612131 0.0859219 0.6219439999999999 0.0881094 0.628454 0.0894687 0.628876 0.091375 0.613349 0.0935469 0.6100939999999999 0.096 0.611311 0.096 0.6145900000000001 0.0973594 0.617447 0.0979063 0.629696 0.105266 0.633372 0.10881300000000001 0.628876 0.108266 0.625199 0.105266 0.6219439999999999 0.10390600000000001 0.61377 0.102266 0.607635 0.102266 0.603958 0.102266 0.591311 0.10145299999999999 0.584778 0.10145299999999999 0.564356 0.100359 0.552529 0.0812969 0.551288 0.0804844 0.566815
50 0.0615625 0.547096 0.0634062 0.549859 0.0666719 0.548033 0.0662656 0.54466 0.0695313 0.542506 0.07075 0.538852 0.0701406 0.532108 0.0687187 0.523864 0.0650469 0.519578 0.0634062 0.517728 0.064625 0.514052 0.0644219 0.511007 0.0634062 0.509157 0.0640156 0.506417 0.0625938 0.503958 0.0623906 0.5 0.05850000000000001 0.49815 0.0532031 0.500609 0.0534063 0.506112 0.0534063 0.510703 0.0511563 0.514052 0.046875 0.519883 0.0450313 0.525082 0.0427969 0.531194 0.042375 0.535176 0.0434063 0.537916 0.0464687 0.542201 0.050953099999999994 0.544052 0.0556562 0.544356 0.0566719 0.546183 0.0560625 0.549251 0.056874999999999995 0.550773 0.0599375 0.551382 0.059531299999999995 0.550773 0.0615625 0.547096
50 0.050890599999999994 0.561007 0.050979982160888795 0.5614088887265677 0.052281299999999996 0.56726 0.0430313 0.587002 0.0434844 0.59082 0.0411719 0.596019 0.0411719 0.628244 0.0421094 0.632061 0.0414062 0.6386419999999999 0.0427969 0.640047 0.0485781 0.640047 0.0492656 0.636581 0.0488125 0.629977 0.0492656 0.576604 0.050890599999999994 0.575925 0.0506562 0.626862 0.0504219 0.636909 0.05251560000000001 0.63726 0.0566719 0.63726 0.0582969 0.633443 0.055984400000000004 0.629649 0.0571406 0.627916 0.0582969 0.624098 0.05705431693925671 0.5600200740354443 0.0571406 0.559977 0.057053481658370264 0.559977 0.0506562 0.559977 0.050890599999999994 0.561007
50 0.545891 0.478009 0.545891 0.474356 0.540047 0.467775 0.539062 0.46191999999999994 0.536625 0.448759 0.527359 0.437049 0.515172 0.43852500000000005 0.5088280000000001 0.450211 0.502969 0.467775 0.499078 0.468501 0.49175 0.476534 0.48492199999999996 0.493349 0.48296900000000004 0.509438 0.48296900000000004 0.542342 0.478578 0.570843 0.479563 0.581827 0.480047 0.611054 0.489797 0.635176 0.496141 0.639578 0.496141 0.649087 0.49809400000000004 0.6827169999999999 0.495172 0.687096 0.481016 0.69733 0.472734 0.707564 0.46735899999999997 0.711218 0.458094 0.713419 0.457125 0.719251 0.45273399999999997 0.7177990000000001 0.439562 0.721452 0.437125 0.7309599999999999 0.440047 0.744122 0.442 0.765316 0.44492200000000004 0.777752 0.44834399999999996 0.785785 0.45273399999999997 0.784333 0.453219 0.772623 0.45370299999999997 0.766042 0.458094 0.757283 0.46540600000000004 0.745574 0.46882799999999997 0.741194 0.473703 0.738267 0.477125 0.738267 0.48590600000000006 0.7309599999999999 0.504437 0.72 0.5180939999999999 0.709766 0.5224840000000001 0.695855 0.527359 0.706838 0.535656 0.722178 0.543953 0.7492270000000001 0.543953 0.75363 0.5454060000000001 0.763115 0.5454060000000001 0.76897 0.557109 0.768244 0.5815 0.768244 0.588828 0.763115 0.5839369999999999 0.758735 0.569797 0.751429 0.562484 0.742646 0.559547 0.731686 0.559063 0.72 0.549797 0.70829 0.5415 0.687822 0.539062 0.6637 0.53175 0.649087 0.525891 0.616909 0.522 0.593513 0.534188 0.586206 0.534188 0.584005 0.531266 0.575972 0.534188 0.57377 0.536625 0.581827 0.539562 0.581827 0.550281 0.571569 0.560047 0.557681 0.570766 0.548197 0.575156 0.548197 0.582484 0.550375 0.5858909999999999 0.545269 0.586375 0.535761 0.5839369999999999 0.532108 0.5815 0.526979 0.580531 0.518946 0.576625 0.514567 0.569312 0.513091 0.563453 0.509438 0.558578 0.500656 0.549312 0.492623 0.538578 0.48458999999999997 0.5415 0.482389 0.5454060000000001 0.47726 0.545891 0.478009
50 0.358187 0.815527 0.354234 0.797728 0.358187 0.803653 0.365109 0.7918029999999999 0.365109 0.7710539999999999 0.379953 0.750281 0.390828 0.7206319999999999 0.382922 0.705808 0.36312500000000003 0.696909 0.372031 0.682084 0.41951599999999994 0.670234 0.43632799999999994 0.65541 0.433359 0.643536 0.428422 0.6450349999999999 0.388844 0.664309 0.38984399999999997 0.616862 0.374016 0.594614 0.350266 0.597588 0.34235899999999997 0.6272369999999999 0.344344 0.649485 0.334453 0.658361 0.317625 0.670234 0.302797 0.689508 0.285984 0.744356 0.287953 0.775504 0.302797 0.7843789999999999 0.300813 0.812553 0.311703 0.814052 0.358187 0.819977 0.358187 0.815527
50 0.334609 0.506136 0.335797 0.544145 0.342125 0.570867 0.336984 0.5839340000000001 0.339359 0.592857 0.346891 0.57623 0.346891 0.58274 0.347672 0.591054 0.351641 0.5916629999999999 0.354016 0.554239 0.35362499999999997 0.516253 0.350453 0.501991 0.34926599999999997 0.489508 0.345297 0.485948 0.339359 0.485948 0.33817200000000003 0.496651 0.333812 0.50377 0.334609 0.506136
50 0.10190600000000001 0.560211 0.10687500000000001 0.578431 0.11184400000000001 0.5842149999999999 0.10964100000000002 0.619016 0.11571899999999999 0.6355740000000001 0.124 0.633911 0.12234400000000001 0.585878 0.119578 0.537002 0.11184400000000001 0.500562 0.0996875 0.494778 0.10190600000000001 0.50637 0.105219 0.535363 0.10190600000000001 0.560211
50 0.0400156 0.556604 0.0429062 0.556604 0.046 0.562272 0.0446719 0.570585 0.041125 0.580211 0.0355781 0.58719 0.0333594 0.588197 0.0333594 0.591194 0.0346875 0.593841 0.0349219 0.596838 0.0384688 0.600164 0.0433438 0.591194 0.0442344 0.585878 0.052437500000000005 0.567588 0.052218799999999996 0.561593 0.05178130000000001 0.557939 0.05 0.553958 0.0475625 0.547963 0.0471094 0.547635 0.0455625 0.539321 0.0426719 0.535667 0.0380156 0.534005 0.0384688 0.529672 0.0397969 0.5237 0.0397969 0.518033 0.0389062 0.517049 0.0384688 0.512061 0.0346875 0.509719 0.030921899999999995 0.51007 0.0278125 0.512061 0.0260469 0.518712 0.025375 0.522037 0.0231562 0.525691 0.0178281 0.529016 0.015171899999999999 0.534005 0.0142813 0.540984 0.0171719 0.544965 0.0278125 0.54897 0.0300312 0.54897 0.0320312 0.552623 0.0351406 0.556604 0.0373594 0.556604 0.0400156 0.556604
50 0.0142813 0.556604 0.014500000000000002 0.558595 0.00984375 0.559274 0.00984375 0.564262 0.00785938 0.571569 0.00564062 0.578548 0.00453125 0.582881 0.00429688 0.583864 0.011625 0.591194 0.0165 0.598173 0.0167187 0.60815 0.0165 0.627096 0.0171719 0.6340750000000002 0.0196094 0.6354099999999999 0.023375 0.6354099999999999 0.0264844 0.6307489999999999 0.0278125 0.617119 0.0275938 0.597518 0.0209375 0.597166 0.0191719 0.596183 0.0187187 0.592857 0.0207188 0.586534 0.0202813 0.58089 0.0202813 0.57822 0.0198281 0.568923 0.0176094 0.56192 0.0158438 0.558946 0.0142813 0.556604
50 0.403344 0.484192 0.407219 0.479016 0.408516 0.490632 0.41367200000000004 0.48934399999999995 0.411094 0.46159300000000003 0.414969 0.46096 0.41325 0.44805599999999995 0.40678099999999995 0.44482400000000005 0.409375 0.43772799999999995 0.40204700000000004 0.433864 0.40076599999999996 0.437073 0.40204700000000004 0.44548 0.39946899999999996 0.4474 0.398609 0.449344 0.401187 0.46159300000000003 0.400328 0.46740000000000004 0.401187 0.484192 0.403344 0.484192
50 0.376 0.5258079999999999 0.377984 0.5240980000000001 0.377141 0.516019 0.375719 0.510047 0.374859 0.504941 0.374297 0.498548 0.374297 0.491756 0.373156 0.48707300000000003 0.37031200000000003 0.481944 0.366625 0.479836 0.365203 0.48749400000000004 0.364344 0.49089 0.360656 0.488337 0.363781 0.494309 0.365766 0.503232 0.368047 0.513044 0.368609 0.516019 0.371172 0.520703 0.374297 0.52452 0.376 0.5258079999999999
63 0.663078 0.577986 0.6681250000000001 0.580211 0.675859 0.579766 0.682109 0.577541 0.682703 0.564169 0.6752659999999999 0.560164 0.666937 0.559274 0.660094 0.5668380000000001 0.663078 0.577986
4 0.574125 0.544052 0.5862499999999999 0.611593 0.600109 0.595995 0.581047 0.536253 0.574125 0.544052
50 0.6212500000000001 0.464005 0.623359 0.464169 0.624812 0.458173 0.625469 0.468173 0.626703 0.474871 0.629812 0.471686 0.6328280000000001 0.472693 0.6345 0.474192 0.635266 0.47386399999999995 0.634266 0.462014 0.634375 0.460515 0.637609 0.448829 0.6345 0.44648699999999997 0.6337189999999999 0.446651 0.631938 0.443817 0.629375 0.443981 0.629031 0.440304 0.625703 0.43864200000000003 0.625578 0.44098400000000004 0.624922 0.44482400000000005 0.625359 0.44733 0.6237969999999999 0.44733 0.621797 0.44915700000000003 0.621578 0.45733 0.6212500000000001 0.464005