18 0.290047 0.714906 0.295943 0.713719 0.303632 0.716078 0.31309 0.714109 0.332618 0.7145159999999999 0.33674499999999996 0.715297 0.342665 0.719203 0.347995 0.7180310000000001 0.344434 0.7109840000000001 0.352123 0.713328 0.36040099999999997 0.717641 0.362783 0.701187 0.362783 0.692562 0.35627400000000004 0.683563 0.34089600000000003 0.6675 0.33202800000000005 0.6643589999999999 0.290637 0.6643589999999999 0.271108 0.665922 0.2575 0.687078 0.255142 0.699234 0.259882 0.719203 0.266392 0.722344 0.273467 0.722734 0.27228800000000003 0.716469 0.278208 0.71725 0.28056600000000004 0.7211719999999999 0.285307 0.716469 0.290047 0.714906
18 0.365708 0.719234 0.365708 0.694234 0.33551899999999996 0.669234 0.277028 0.669234 0.256274 0.694234 0.267594 0.724219 0.269481 0.719234 0.290236 0.717984 0.301557 0.719234 0.310991 0.715484 0.341179 0.714234 0.365708 0.719234
18 0.43231100000000006 0.655344 0.44950500000000004 0.676391 0.458349 0.677422 0.459929 0.680531 0.46566 0.679844 0.468255 0.676047 0.467217 0.6677660000000001 0.461486 0.66225 0.455236 0.655 0.430236 0.655344 0.43231100000000006 0.655344
18 0.602406 0.6803589999999999 0.626108 0.717266 0.6474530000000001 0.718453 0.64625 0.728266 0.659882 0.728656 0.664033 0.723156 0.659882 0.698813 0.64566 0.675656 0.581061 0.6736869999999999 0.573939 0.678 0.602406 0.6803589999999999
18 0.467807 0.6554059999999999 0.465283 0.65625 0.45955199999999996 0.658766 0.45955199999999996 0.660672 0.46082500000000004 0.661922 0.46337300000000003 0.664656 0.46686300000000003 0.666984 0.468774 0.671609 0.46941 0.6730780000000001 0.472264 0.672656 0.47290099999999996 0.671609 0.490377 0.6720309999999999 0.490684 0.6730780000000001 0.495778 0.6730780000000001 0.49830199999999997 0.672453 0.499575 0.670141 0.499575 0.662984 0.498632 0.662344 0.497358 0.6615 0.494505 0.660453 0.490684 0.6564530000000001 0.48624999999999996 0.6554059999999999 0.47195800000000004 0.655188 0.467807 0.6554059999999999
18 0.543325 0.650219 0.544175 0.651516 0.544175 0.65225 0.544175 0.653531 0.543892 0.655203 0.541651 0.656672 0.5425 0.658516 0.543608 0.659438 0.543608 0.660547 0.548066 0.661844 0.550024 0.661656 0.553915 0.661844 0.5628299999999999 0.6623910000000001 0.564222 0.664797 0.5667220000000001 0.6635 0.566156 0.661109 0.56783 0.661281 0.56783 0.658516 0.568113 0.655203 0.568396 0.651687 0.567005 0.650219 0.564505 0.648922 0.561439 0.648187 0.5555899999999999 0.649484 0.549458 0.6491089999999999 0.545566 0.6491089999999999 0.544717 0.648562 0.543325 0.650219
73 0.381321 0.584875 0.40533 0.584875 0.405873 0.5585 0.381887 0.559219 0.381321 0.558859 0.381321 0.584875
73 0.5481293000967833 0.5960914547162972 0.584764 0.598969 0.584764 0.604031 0.596226 0.605109 0.595118 0.591734 0.626203 0.548375 0.5481293000967833 0.5960914547162972
73 0.235165 0.622453 0.270071 0.622453 0.270071 0.594984 0.248255 0.596438 0.24934 0.596797 0.232429 0.59825 0.235165 0.622453
73 0.270071 0.622453 0.513325 0.624266 0.517123 0.624266 0.51846466350903 0.6224917474889724 0.522594 0.617031 0.5143597888480285 0.6167304324551542 0.512759 0.616672 0.513868 0.617031 0.513458219513242 0.6224909665224583 0.270071 0.622453
73 0.851675 0.620703 0.851675 0.6225437257224599 0.851675 0.622547 0.84467 0.622547 0.8474760000000001 0.623484 0.84816 0.626266 0.851675 0.626719 0.846769 0.629047 0.842571 0.629516 0.84467 0.631828 0.852358 0.634609 0.8544580000000002 0.634609 0.858656 0.632297 0.859068785097248 0.6225448790957081 0.8726650000000001 0.622547 0.859363 0.615594 0.857972 0.613281 0.8453540000000002 0.615141 0.848868 0.620234 0.851675 0.620703
18 0.355142 0.6807030000000001 0.35669799999999996 0.6850780000000001 0.372241 0.6853279999999999 0.40875 0.686625 0.411085 0.686359 0.401769 0.668094 0.401769 0.6590779999999999 0.39592 0.654703 0.36601399999999995 0.654703 0.36601399999999995 0.6554840000000001 0.35669799999999996 0.662687 0.355142 0.6807030000000001
50 1 0.673797 0.9983730000000001 0.699219 0.999858 0.670859 0.979198 0.659125 0.95408 0.679656 0.94967 0.699219 0.931934 0.7148749999999999 0.9083249999999999 0.738344 0.911274 0.775516 0.9157080000000001 0.786281 0.948184 0.784328 0.9363680000000001 0.806813 0.940802 0.8371409999999999 0.961462 0.935937 0.9688439999999999 0.969187 0.971816 0.983859 0.951132 0.993641 0.995425 0.9965780000000001 1 0.9946249999999999 1 0.673797
73 0.511038 0.631875 0.511321 0.6351720000000001 0.515094 0.637266 0.519316 0.635875 0.519151 0.630281 0.516156 0.628688 0.512547 0.629891 0.511038 0.631875
73 0.23063699999999998 0.6690159999999999 0.254057 0.668422 0.255566 0.626734 0.23367900000000003 0.6265310000000001 0.23063699999999998 0.6690159999999999
18 0.503915 0.7424839999999999 0.524764 0.741594 0.525448 0.734016 0.607547 0.7362339999999999 0.612925 0.743375 0.6283960000000001 0.74025 0.629741 0.718406 0.602146 0.680063 0.583302 0.677391 0.529481 0.6787340000000001 0.5126649999999999 0.694781 0.5005419999999999 0.696562 0.5005419999999999 0.701469 0.504575 0.703703 0.5005419999999999 0.713953 0.502571 0.74025 0.503915 0.7424839999999999
18 0.0071934 0.690609 0.0291038 0.702219 0.035684 0.716375 0.0384198 0.730531 0.0379953 0.730891 0.0389623 0.730531 0.0513443 0.731266 0.0603302 0.734156 0.064717 0.731266 0.0641745 0.726547 0.0745755 0.727266 0.0816981 0.731266 0.0849764 0.728719 0.08729747197956339 0.7243321232432869 0.0855425 0.724719 0.0866274 0.710562 0.08548850749580725 0.7043108528934012 0.08205485079886857 0.698259966670363 0.07650594419214203 0.699035671910838 0.0729245 0.699688 0.07287740803360636 0.6995429204037242 0.0718396 0.699688 0.07087751068 0.69338169328 0.070566 0.692422 0.06714075152155971 0.6901335439219018 0.05705190000000001 0.683703 0.057255798529916524 0.683529269546531 0.05384429999999999 0.68125 0.044646200000000004 0.681656 0.0376179 0.681344 0.0132075 0.680813 0.0071934 0.690609
18 0.0970283 0.722187 0.0986792 0.728359 0.114575 0.728719 0.108538 0.721453 0.11839600000000002 0.719641 0.120047 0.725812 0.131557 0.726547 0.131557 0.709125 0.128821 0.698953 0.117854 0.694969 0.0981368 0.676813 0.064717 0.677172 0.057255798529916524 0.683529269546531 0.06714075152155971 0.6901335439219018 0.0707311 0.692422 0.07087751068 0.69338169328 0.07287740803360636 0.6995429204037242 0.07650594419214203 0.699035671910838 0.081934 0.698047 0.08205485079886857 0.698259966670363 0.08224060000000001 0.698234 0.0849764 0.7015 0.08548850749580725 0.7043108528934012 0.0855425 0.704406 0.0888208 0.721453 0.08729747197956339 0.7243321232432869 0.0970283 0.722187
18 0.509788 0.668672 0.514222 0.670438 0.519104 0.669266 0.520425 0.6680780000000001 0.526203 0.6680780000000001 0.5306369999999999 0.667781 0.5306369999999999 0.6625 0.52842 0.6586719999999999 0.5253300000000001 0.654844 0.522217 0.6525000000000001 0.502689 0.6525000000000001 0.497358 0.653078 0.498679 0.656609 0.505778 0.6610159999999999 0.505778 0.6683749999999999 0.509788 0.668672
18 0.47469300000000003 0.653797 0.490236 0.6561250000000001 0.49657999999999997 0.660344 0.500118 0.6626719999999999 0.500118 0.671563 0.50717 0.671563 0.5057550000000001 0.662203 0.49941 0.6528590000000001 0.480354 0.6528590000000001 0.47469300000000003 0.653797
18 0.131486 0.668547 0.124835 0.695828 0.13066 0.704922 0.13066 0.717609 0.13441 0.721187 0.15228799999999998 0.720094 0.156368 0.710781 0.161179 0.712281 0.16622599999999998 0.712625 0.192241 0.711344 0.20985800000000002 0.720094 0.21205200000000002 0.706953 0.216108 0.7135309999999999 0.22125 0.718391 0.22566 0.709141 0.22566 0.706953 0.22490600000000002 0.6979529999999999 0.22125 0.690172 0.215 0.691141 0.215731 0.684094 0.208396 0.667297 0.20325500000000002 0.6631560000000001 0.17018899999999998 0.663656 0.136038 0.666563 0.131486 0.668547