52 0.6141220000000001 0.662625 0.622295 0.674906 0.675457 0.677641 0.7490629999999999 0.676266 0.761335 0.658531 0.7633960000000001 0.6380779999999999 0.767471 0.606703 0.7633960000000001 0.588953 0.7633960000000001 0.578047 0.738852 0.575313 0.724543 0.5685 0.718407 0.561672 0.720445 0.561672 0.747026 0.542578 0.761335 0.523469 0.726581 0.53575 0.744988 0.5207499999999999 0.679555 0.5084690000000001 0.644778 0.513922 0.636604 0.5248440000000001 0.630468 0.538484 0.6386419999999999 0.561672 0.610023 0.575313 0.610023 0.593047 0.610023 0.605328 0.620258 0.584875 0.610023 0.632609 0.6141220000000001 0.662625
18 0 0.8226559999999999 0.16280999999999998 0.740844 0.17440299999999997 0.7552190000000001 0.18103 0.759641 0.194286 0.766266 0.219133 0.766266 0.245644 0.761844 0.252272 0.757422 0.25726 0.740844 0.26719 0.7032499999999999 0.27548 0.655719 0.268852 0.635813 0.263888 0.6247659999999999 0.262225 0.584969 0.255597 0.5783280000000001 0.251335 0.562719 0.183302 0.508813 0.151382 0.49887499999999996 0.04718970023419204 0.493203 0.013161599531615924 0.501719 0 0.523062 0 0.8226559999999999
23 0.495504 0.235609 0.5304220000000001 0.246359 0.576089 0.244563 0.625785 0.226641 0.6593680000000001 0.197078 0.662037 0.16123400000000002 0.645925 0.125391 0.594895 0.10657799999999999 0.547892 0.101203 0.498197 0.111047 0.471335 0.125391 0.444473 0.160344 0.447166 0.198875 0.48620599999999997 0.232875 0.495504 0.235609
18 0.32299800000000006 0.520141 0.329274 0.522 0.333466 0.522 0.337658 0.516406 0.338361 0.513609 0.332763 0.503359 0.333466 0.49823399999999995 0.337658 0.48845299999999997 0.34463699999999997 0.478672 0.339766 0.476344 0.302061 0.47728099999999996 0.307635 0.519203 0.32299800000000006 0.520141
18 0.239602 0.523328 0.245363 0.524281 0.252061 0.523656 0.253981 0.528766 0.253607 0.531422 0.274098 0.530797 0.278759 0.519594 0.281569 0.519594 0.281569 0.523953 0.289016 0.525813 0.291827 0.49037500000000006 0.269438 0.4748279999999999 0.262927 0.469234 0.238689 0.46675000000000005 0.23482399999999998 0.479859 0.235785 0.506062 0.236721 0.515016 0.229063 0.516297 0.228595 0.522047 0.239602 0.523328
52 0.7259249999999999 0.848984 0.7127870000000001 0.8115159999999999 0.629133 0.7923910000000001 0.588501 0.793984 0.572974 0.799563 0.5789460000000001 0.8760939999999999 0.692459 0.8760939999999999 0.7259249999999999 0.848984
52 0.418407 0.8732340000000001 0.448689 0.878922 0.464778 0.871344 0.462881 0.867563 0.45627599999999996 0.8599840000000001 0.447752 0.8555619999999999 0.44302100000000005 0.852406 0.44302100000000005 0.847344 0.44489500000000004 0.840406 0.450585 0.8359840000000001 0.453419 0.828406 0.45627599999999996 0.821453 0.462881 0.815141 0.46384099999999995 0.811984 0.464778 0.8031409999999999 0.465738 0.7980780000000001 0.44302100000000005 0.797453 0.434496 0.794297 0.420281 0.7905 0.418407 0.7905 0.387166 0.7905 0.37295100000000003 0.794297 0.354028 0.8018750000000001 0.322787 0.810719 0.313326 0.829031 0.311429 0.845453 0.317096 0.852406 0.32751800000000003 0.863766 0.34267 0.869453 0.37864200000000003 0.8732340000000001 0.398525 0.8732340000000001 0.423138 0.871344 0.418407 0.8732340000000001
52 0.64171 0.742891 0.607822 0.7281869999999999 0.570539 0.7168910000000001 0.511218 0.721406 0.462084 0.740625 0.450234 0.754203 0.450234 0.777937 0.458689 0.7824690000000001 0.6383139999999999 0.780203 0.64171 0.742891
52 0.441827 0.764609 0.46538599999999997 0.744125 0.513489 0.722281 0.512459 0.716812 0.49709600000000004 0.710672 0.463326 0.708625 0.407049 0.707937 0.37224799999999997 0.731156 0.374286 0.750953 0.386581 0.772813 0.448993 0.777578 0.441827 0.764609
52 0.64541 0.773516 0.69 0.774547 0.720749 0.777109 0.746136 0.760687 0.755363 0.7381249999999999 0.7476579999999999 0.711437 0.7338169999999999 0.6975939999999999 0.696932 0.6796409999999999 0.628478 0.677578 0.61541 0.6745 0.6123419999999999 0.689391 0.617728 0.695031 0.610796 0.704781 0.617728 0.716062 0.607728 0.718109 0.598501 0.7252970000000001 0.639251 0.743766 0.6415690000000001 0.7581249999999999 0.6546369999999999 0.764797 0.64541 0.773516
52 0.525386 0.690609 0.47601899999999997 0.6809999999999999 0.46058499999999997 0.6837500000000001 0.427658 0.6912969999999999 0.41016400000000003 0.705031 0.445152 0.703656 0.518197 0.713953 0.525386 0.690609
18 0.009953159250585479 0.488687 0.043021100702576115 0.48976600000000003 0.04365340046838407 0.48612500000000003 0.04430910070257612 0.47948399999999997 0.05039810070257611 0.47754700000000005 0.05264640046838407 0.470047 0.08283370023419204 0.468984 0.08154570023419204 0.465562 0.024074899297423888 0.467047 0.008009370023419204 0.486547 0.009953159250585479 0.488687