3 0.21315599999999998 0.475209 0.223219 0.497699 0.229937 0.522406 0.276938 0.576339 0.443094 0.661736 0.493438 0.657238 0.570641 0.6415059999999999 0.604219 0.61454 0.614281 0.59431 0.626031 0.5741 0.634422 0.565105 0.6428130000000001 0.5358999999999999 0.6780630000000001 0.49543899999999996 0.676391 0.493201 0.673031 0.48420500000000005 0.657922 0.475209 0.646172 0.47746900000000003 0.641141 0.481967 0.6327499999999999 0.493201 0.624359 0.508933 0.614281 0.524665 0.570641 0.529142 0.516937 0.540377 0.46154700000000004 0.544874 0.387703 0.524665 0.315531 0.49543899999999996 0.229937 0.452741 0.21985899999999997 0.455 0.21315599999999998 0.475209
3 0.409516 0.7977620000000001 0.33903099999999997 0.8494349999999999 0.335672 0.892134 0.354141 0.8943720000000001 0.402813 0.9033680000000001 0.47162499999999996 0.9146029999999999 0.548828 0.9146029999999999 0.6075630000000001 0.912364 0.662953 0.896632 0.698203 0.876402 0.698203 0.838201 0.595828 0.817971 0.530359 0.804498 0.41456299999999996 0.786527 0.409516 0.7977620000000001
3 0.908984 0.014372399581589958 0.901859 0.018891200836820086 0.884953 0.017887 0.8804529999999999 0.02391210041841004 0.877828 0.048054399581589954 0.888719 0.06062760041841004 0.901484 0.07119249999999999 0.9164999999999999 0.08023010041841006 0.933781 0.08577410041841003 0.9476720000000001 0.0822385 0.969078 0.07119249999999999 0.9822190000000001 0.06313810041841005 0.9957499999999999 0.046046 0.999875 0.02341 0.9822190000000001 0.027447700836820084 0.9788439999999999 0.02845189958158996 0.9484220000000001 0.027447700836820084 0.9157500000000001 0.01989539958158996 0.908984 0.014372399581589958
3 0.738812 0 0.7308589999999999 0.0017991589958158997 0.7331719999999999 0.0319665 0.743109 0.04792889958158996 0.777578 0.05414229916317992 0.800781 0.04349370083682008 0.8243119999999999 0.024414200836820082 0.8408749999999999 0.0031171506276150627 0.8319380000000001 0 0.8130470000000001 0.0106695 0.781562 0.007552299163179917 0.767641 0 0.738812 0
3 0.0755625 0.283222 0.113563 0.307803 0.139781 0.31656900000000004 0.189578 0.292008 0.238078 0.244623 0.264297 0.21479099999999998 0.265609 0.177929 0.141094 0.18847299999999997 0.0899688 0.270941 0.0755625 0.283222
3 1 0.717343 0.9756410000000001 0.679059 0.921813 0.636255 0.8915469999999999 0.638515 0.832672 0.620502 0.864625 0.625 0.8477969999999999 0.586715 0.8192030000000001 0.591213 0.7939689999999999 0.638515 0.770422 0.595711 0.730047 0.638515 0.730047 0.800669 0.782203 0.9020290000000001 0.8528439999999999 0.9223009999999999 0.906672 0.8772589999999999 0.9470470000000001 0.931297 0.9756410000000001 0.908787 1 0.958326 1 0.717343
3 0.0050468796875 0.6396440000000001 0.0033593703125 0.6846859999999999 0.0857969 0.704958 0.166531 0.718473 0.179984 0.677929 0.195125 0.637385 0.211953 0.567573 0.21867200000000003 0.5180130000000001 0.191766 0.46395400000000003 0.15812500000000002 0.441444 0.146344 0.425669 0.13120300000000001 0.39864 0.11775 0.38512599999999997 0.0740156 0.38512599999999997 0.06896870000000001 0.403159 0.0639219 0.412155 0.058875 0.47746900000000003 0.0050468796875 0.6396440000000001
3 0.32728100000000004 0.739895 0.35750000000000004 0.74887 0.33399999999999996 0.847762 0.396094 0.782594 0.584078 0.735397 0.684781 0.742134 0.698203 0.7309 0.693172 0.699435 0.589109 0.6410039999999999 0.5354059999999999 0.652238 0.396094 0.674728 0.32225000000000004 0.733138 0.32728100000000004 0.739895
3 0.911359 0.5299579999999999 0.916391 0.498494 0.9365309999999999 0.455795 0.9365309999999999 0.40636 0.8912190000000001 0.24682 0.879469 0.197385 0.871078 0.208619 0.859328 0.253556 0.8576409999999999 0.311987 0.847578 0.311987 0.8375 0.311987 0.8207190000000001 0.311987 0.788828 0.311987 0.760297 0.309728 0.733453 0.316485 0.711625 0.323222 0.698203 0.336695 0.689813 0.354686 0.686453 0.381653 0.686453 0.42659 0.711625 0.48276199999999997 0.730094 0.500753 0.7485470000000001 0.520983 0.758625 0.5299579999999999 0.7837970000000001 0.552427 0.814016 0.556925 0.844219 0.556925 0.869391 0.5456899999999999 0.9180619999999999 0.5299579999999999 0.911359 0.5299579999999999
3 0.989937 0.463536 1 0.458577 0.9985630000000001 0.412406 0.964687 0.404979 0.941906 0.38767799999999997 0.933906 0.36705000000000004 0.9361090000000001 0.319351 0.9250619999999999 0.302803 0.917563 0.296883 0.910937 0.30163199999999996 0.9100630000000001 0.30931 0.9294840000000001 0.38497899999999996 0.938312 0.406255 0.935672 0.449812 0.931688 0.469916 0.93575 0.470941 0.9579219999999999 0.478368 0.989937 0.463536
3 0.121609 0.319749 0.117859 0.331025 0.120672 0.353556 0.13564099999999998 0.389895 0.151531 0.419958 0.219828 0.445 0.25725 0.44 0.267547 0.414937 0.271281 0.377364 0.269406 0.34730099999999997 0.267547 0.339791 0.24695299999999998 0.342301 0.248828 0.32725899999999997 0.261 0.288431 0.269406 0.244603 0.268484 0.220795 0.260062 0.22205 0.243219 0.239582 0.194578 0.289686 0.136578 0.319749 0.121609 0.319749
3 0.0268594 0.0044979100418410045 0.025171900000000004 0.03596229916317992 0.0134219 0.112364 0.00671875 0.229205 0.0033593703125 0.29437199999999997 0.0201406 0.361799 0.0436406 0.359561 0.0654531 0.330335 0.060421899999999994 0.247197 0.0688125 0.114603 0.050343700000000005 0.031464399581589954 0.0268594 0.0044979100418410045
3 0.528234 0.42 0.47598399999999996 0.39926799999999996 0.41793800000000003 0.39148499999999997 0.348281 0.383724 0.301844 0.414812 0.317328 0.430356 0.3715 0.469205 0.458578 0.5080749999999999 0.510813 0.515837 0.574672 0.495126 0.628844 0.476987 0.657875 0.453661 0.690766 0.435544 0.663672 0.412218 0.603688 0.425167 0.528234 0.42