27 0.153 0.699875 0.153 0.716417 0.739234 0.784667 0.78575 0.7494999999999999 0.5965469999999999 0.716417 0.514359 0.7081459999999999 0.477125 0.737104 0.46628100000000006 0.712292 0.342203 0.6936669999999999 0.28946900000000003 0.691604 0.157656 0.656458 0.151453 0.710208 0.153 0.699875
12 0.08226560000000001 0.609396 0.0912813 0.608396 0.0909062 0.500271 0.0777656 0.502771 0.0807656 0.608896 0.08226560000000001 0.609396
13 0.737563 0.467813 0.741 0.488479 0.737563 0.517563 0.730672 0.546667 0.719187 0.577271 0.713438 0.607896 0.712875 0.645417 0.717453 0.6553540000000001 0.745594 0.657646 0.775453 0.6630210000000001 0.789219 0.656896 0.7875 0.619375 0.777172 0.567333 0.757656 0.5099170000000001 0.755922 0.46475000000000005 0.758219 0.45479200000000003 0.7381249999999999 0.45479200000000003 0.737563 0.467813
79 0.861594 0.242417 0.859828 0.209146 0.872047 0.199146 0.870078 0.19704200000000002 0.8499380000000001 0.19704200000000002 0.838484 0.198437 0.8525159999999999 0.20875000000000002 0.8546720000000001 0.24325000000000002 0.8517189999999999 0.275729 0.840062 0.33549999999999996 0.845984 0.341292 0.865531 0.343667 0.882797 0.339583 0.8688119999999999 0.278021 0.861594 0.242417
79 0.920828 0.248708 0.9205780000000001 0.264333 0.9135310000000001 0.277188 0.904687 0.30566699999999997 0.905203 0.335542 0.9458439999999999 0.33310399999999996 0.946359 0.319208 0.9398440000000001 0.2935 0.9273440000000001 0.266417 0.925516 0.211542 0.939063 0.19381199999999998 0.9356880000000001 0.18860400000000002 0.9085940000000001 0.190354 0.9205780000000001 0.207021 0.9216089999999999 0.249042 0.920828 0.248708
79 0.8715780000000001 0.29706299999999997 0.8872030000000001 0.303312 0.896562 0.294979 0.877828 0.26375 0.877828 0.26168800000000003 0.877828 0.220042 0.8715780000000001 0.21170799999999998 0.865344 0.21170799999999998 0.866906 0.25543699999999997 0.8715780000000001 0.29706299999999997
79 0.9867190000000001 0.296938 0.9800470000000001 0.32366700000000004 0.9918279999999999 0.32785400000000003 1 0.32785400000000003 0.9981249999999999 0.259208 0.9922340000000001 0.269687 0.9867190000000001 0.296938
79 0.608594 0.5527920000000001 0.608594 0.556875 0.611672 0.570646 0.623078 0.580896 0.626375 0.596396 0.634062 0.6013750000000001 0.633406 0.636208 0.625938 0.640896 0.621109 0.6441250000000001 0.6274689999999999 0.649104 0.650969 0.6488130000000001 0.652937 0.64325 0.649875 0.6423749999999999 0.642406 0.6423749999999999 0.639984 0.636208 0.6397660000000001 0.599625 0.646359 0.592021 0.647234 0.5829369999999999 0.660625 0.5697709999999999 0.6632659999999999 0.5630419999999999 0.663922 0.552208 0.6560159999999999 0.550146 0.6184689999999999 0.550146 0.608594 0.5527920000000001
79 0.44482799999999995 0.572896 0.44373399999999996 0.572542 0.44157799999999997 0.5678540000000001 0.438063 0.563167 0.428875 0.5552499999999999 0.429484 0.549687 0.4255 0.549208 0.415313 0.549833 0.41032799999999997 0.549833 0.410219 0.5530830000000001 0.41082799999999997 0.559917 0.415234 0.567646 0.42060899999999996 0.5697709999999999 0.423844 0.5743539999999999 0.426703 0.587333 0.43076600000000004 0.5898540000000001 0.42967199999999994 0.631667 0.422375 0.631667 0.42129700000000003 0.634917 0.436437 0.6359999999999999 0.447797 0.634917 0.44832799999999995 0.632396 0.44832799999999995 0.630938 0.43724999999999997 0.630938 0.438609 0.5887709999999999 0.43995300000000004 0.586604 0.44239100000000003 0.5779580000000001 0.445906 0.572187 0.44482799999999995 0.572896
12 0.11687499999999999 0.606625 0.116391 0.500792 0.10575000000000001 0.49756300000000003 0.10575000000000001 0.60275 0.11687499999999999 0.606625
23 0.17432799999999998 0.417688 0.178781 0.41560400000000003 0.183828 0.40810399999999997 0.187125 0.401646 0.187891 0.38925 0.186734 0.377604 0.18265599999999999 0.36625 0.177422 0.357458 0.167156 0.357187 0.159203 0.363646 0.153578 0.37683300000000003 0.153391 0.391313 0.156484 0.40708300000000003 0.161719 0.414313 0.169281 0.41870799999999997 0.17432799999999998 0.417688
78 0.51 0.725208 0.5130779999999999 0.643354 0.45475000000000004 0.644708 0.466 0.7292919999999999 0.51 0.725208
26 0.83725 0.91875 0.855109 0.9205 0.872547 0.919333 0.872547 0.905958 0.8712500000000001 0.8879370000000001 0.8708130000000001 0.874583 0.872547 0.865854 0.8668910000000001 0.858896 0.857734 0.8559789999999999 0.8498910000000001 0.854812 0.840734 0.854812 0.833766 0.856563 0.830703 0.861208 0.830266 0.910604 0.83725 0.91875
12 0.123922 0.37445799999999996 0.12357800000000001 0.26775000000000004 0.109281 0.26547899999999997 0.10893699999999999 0.374 0.123922 0.37445799999999996
12 0.09575 0.266646 0.10024999999999999 0.368625 0.107563 0.375375 0.10700000000000001 0.259896 0.098 0.259896 0.09575 0.266646
12 0.105203 0.606417 0.10446899999999999 0.500125 0.0893281 0.499625 0.0930156 0.6054379999999999 0.105203 0.606417
12 0.127531 0.5980000000000001 0.127531 0.498792 0.114672 0.501771 0.11914100000000001 0.599479 0.127531 0.5980000000000001
12 0.12350000000000001 0.373354 0.132766 0.374146 0.13367199999999999 0.369771 0.133375 0.2665 0.122 0.26731299999999997 0.12350000000000001 0.373354
12 0.0815781 0.378083 0.104406 0.374708 0.0948906 0.263167 0.0809531 0.261458 0.0815781 0.378083
12 0.144203 0.597938 0.140875 0.5005000000000001 0.127969 0.495083 0.127219 0.5024580000000001 0.127219 0.5619999999999999 0.127219 0.5816870000000001 0.128328 0.6018749999999999 0.131656 0.604333 0.14235899999999999 0.604833 0.144203 0.597938
78 0.512734 0.651062 0.5104219999999999 0.7148540000000001 0.516203 0.7200000000000001 0.542828 0.714333 0.547453 0.707646 0.549 0.687083 0.553625 0.647979 0.519297 0.647979 0.512734 0.651062
78 0.78 0.498625 0.78 0.421458 0.768031 0.423521 0.769187 0.441521 0.766875 0.45387500000000003 0.765344 0.46929200000000004 0.767266 0.479583 0.768813 0.493979 0.767656 0.511479 0.763016 0.528958 0.778844 0.570104 0.78 0.498625
78 0.617281 0.605187 0.623875 0.602563 0.615297 0.58675 0.5823590000000001 0.584979 0.5810310000000001 0.584104 0.5705 0.6016670000000001 0.617281 0.605187
78 0.209422 0.5707920000000001 0.197641 0.587646 0.24776600000000001 0.5899789999999999 0.240797 0.569625 0.208984 0.569625 0.209422 0.5707920000000001
26 0.8744999999999999 0.9243539999999999 0.8770939999999999 0.927312 0.885203 0.931729 0.894063 0.932729 0.903297 0.932729 0.9143589999999999 0.931729 0.9162190000000001 0.870229 0.9125159999999999 0.866292 0.909563 0.863833 0.905875 0.862354 0.902562 0.8613540000000001 0.897391 0.8598960000000001 0.89075 0.858896 0.886688 0.858896 0.8833589999999999 0.8608750000000001 0.880406 0.862354 0.8767189999999999 0.864812 0.8744999999999999 0.86875 0.873391 0.872188 0.873766 0.919917 0.8744999999999999 0.9243539999999999
26 0.8023910000000001 0.9142290000000001 0.813203 0.916979 0.8224690000000001 0.9142290000000001 0.830188 0.910813 0.8312189999999999 0.861375 0.8296720000000001 0.857958 0.825047 0.857271 0.8199059999999999 0.856583 0.8152659999999999 0.856583 0.8054840000000001 0.856583 0.7957029999999999 0.859333 0.798281 0.9128539999999999 0.8023910000000001 0.9142290000000001
26 1 0.868542 0.966 0.8644580000000001 0.9625159999999999 0.9272290000000001 1 0.9254789999999999 1 0.868542
26 0.756484 0.915625 0.769406 0.917542 0.7895 0.914667 0.790937 0.877333 0.790219 0.862021 0.787359 0.8524379999999999 0.778016 0.8476459999999999 0.768687 0.8457290000000001 0.757203 0.8476459999999999 0.752891 0.913708 0.756484 0.915625
26 0.860938 0.8192079999999999 0.865437 0.8181670000000001 0.865437 0.817104 0.864391 0.810396 0.859094 0.8093330000000001 0.851953 0.810396 0.8508910000000001 0.817104 0.854594 0.818875 0.860938 0.8192079999999999
26 0.874563 0.845708 0.890062 0.844979 0.8959530000000001 0.835708 0.887922 0.8328749999999999 0.8782970000000001 0.831437 0.8692030000000001 0.831437 0.8622500000000001 0.83 0.860125 0.8371460000000001 0.874563 0.845708
26 0.846688 0.8498129999999999 0.846984 0.850208 0.848188 0.8450000000000001 0.847578 0.843 0.8433909999999999 0.841 0.837984 0.8418119999999999 0.8382809999999999 0.8462080000000001 0.8433909999999999 0.848604 0.846688 0.8498129999999999
26 0.8425779999999999 0.856 0.854031 0.856479 0.8602969999999999 0.857479 0.865469 0.858958 0.8695309999999999 0.8599370000000001 0.874687 0.862896 0.877281 0.860917 0.8787499999999999 0.856979 0.8787499999999999 0.8515619999999999 0.877641 0.848125 0.875062 0.8456670000000001 0.8710000000000001 0.843688 0.864359 0.842708 0.857719 0.842208 0.851812 0.84075 0.848484 0.84075 0.844797 0.841229 0.839266 0.842708 0.837781 0.8471460000000001 0.838156 0.8520629999999999 0.8425779999999999 0.856
26 0.524359 0.652104 0.514844 0.658813 0.513719 0.719979 0.5484060000000001 0.714771 0.556234 0.648375 0.522672 0.6446459999999999 0.524359 0.652104
14 0.225203 0.7862290000000001 0.249891 0.794979 0.26223399999999997 0.801667 0.285766 0.783146 0.293094 0.7713129999999999 0.295016 0.763083 0.256453 0.756917 0.244875 0.756917 0.22442199999999998 0.767208 0.21401599999999998 0.7718330000000001 0.21671900000000002 0.782625 0.225203 0.7862290000000001
14 0.289625 0.755646 0.32104699999999997 0.774125 0.337375 0.773833 0.35909399999999997 0.7636459999999999 0.363016 0.747938 0.361984 0.7426879999999999 0.318984 0.737187 0.300172 0.741583 0.297281 0.744625 0.288797 0.7501460000000001 0.289625 0.755646
26 0.914312 0.927396 0.9621409999999999 0.932937 0.962734 0.9254169999999999 0.961547 0.900854 0.9618439999999999 0.879854 0.960953 0.8691669999999999 0.9579840000000001 0.8663959999999999 0.952047 0.8636250000000001 0.941938 0.86125 0.929172 0.8620420000000001 0.9220470000000001 0.8652080000000001 0.917578 0.8703540000000001 0.9155 0.879458 0.914906 0.9254169999999999 0.914312 0.927396
26 0.941969 0.863104 0.949797 0.863104 0.954203 0.863771 0.957141 0.863771 0.9625159999999999 0.8624580000000001 0.9654529999999999 0.8605 0.967422 0.855938 0.9679059999999999 0.852021 0.9654529999999999 0.8507079999999999 0.957141 0.846792 0.9507809999999999 0.846792 0.939031 0.846792 0.933656 0.8474579999999999 0.92875 0.84875 0.923859 0.8533329999999999 0.9228910000000001 0.859188 0.92925 0.858542 0.941969 0.863104
26 0.9456720000000001 0.830396 0.9576560000000001 0.830396 0.973359 0.829292 0.976672 0.822125 0.974187 0.812771 0.959719 0.808354 0.944844 0.812208 0.9440160000000001 0.823792 0.9456720000000001 0.830396
26 0.918641 0.867625 0.923438 0.862667 0.923438 0.856271 0.9244999999999999 0.849896 0.918641 0.847062 0.9112030000000001 0.8463539999999999 0.8995 0.8449380000000001 0.891531 0.8463539999999999 0.884609 0.852021 0.881953 0.858396 0.884609 0.858396 0.896312 0.856979 0.914391 0.866208 0.918641 0.867625
26 0.9232659999999999 0.836833 0.9046559999999999 0.835417 0.8982659999999999 0.83825 0.900938 0.8432080000000001 0.926984 0.8481869999999999 0.9307190000000001 0.840375 0.9232659999999999 0.836833