62 0.05393790032679739 0.9889220000000001 0.357304 0.737222 0.341569 0.7057680000000001 0.323595 0.728235 0.258431 0.786667 0.03370919934640523 0.966438 0.05393790032679739 0.9889220000000001
62 0.45393799999999995 0.833709 0.375278 0.982026 0.402255 0.98652 0.46965700000000005 0.820229 0.501127 0.811242 0.5033660000000001 0.782026 0.47191199999999994 0.775278 0.43594800000000006 0.761797 0.451683 0.797745 0.45393799999999995 0.833709
14 0.271307 0.030490199346405226 0.20627500000000001 0.0103105 0.15470599999999998 0.0103105 0.103137 0.026013099673202613 0.05830069934640523 0.0529085 0.013447699346405228 0.126912 0.004477119281045752 0.221078 0.05156859967320261 0.321977 0.09640519934640523 0.353366 0.16367600000000002 0.380261 0.239918 0.380261 0.318382 0.342157 0.354265 0.292827 0.374444 0.230049 0.37219 0.16951 0.358742 0.12018000000000001 0.329592 0.07758169934640523 0.27578400000000003 0.03272880065359477 0.271307 0.030490199346405226
14 0.659608 0.228137 0.68848 0.292157 0.757533 0.32982 0.820294 0.324804 0.885588 0.283366 0.9219930000000001 0.204281 0.919477 0.15155200000000002 0.878056 0.09003269934640523 0.81152 0.06869280065359477 0.7374510000000001 0.0825 0.703546 0.10008199999999999 0.670915 0.141503 0.654592 0.208039 0.659608 0.228137
19 0.806601 0.191046 0.804248 0.21462399999999998 0.804248 0.219346 0.8089540000000001 0.23585 0.823121 0.24527800000000002 0.849052 0.257075 0.8726470000000001 0.24527800000000002 0.8726470000000001 0.23349699999999998 0.875 0.226422 0.875 0.21462399999999998 0.875 0.212271 0.818399 0.176879 0.8136760000000001 0.183954 0.806601 0.191046
19 0.752353 0.11910100000000001 0.752353 0.128546 0.761797 0.137974 0.783023 0.147402 0.823121 0.14504899999999998 0.806601 0.112026 0.806601 0.10259800000000001 0.806601 0.09315359967320261 0.757075 0.10259800000000001 0.757075 0.107304 0.752353 0.11910100000000001
19 0.760049 0.22192800000000001 0.7567969999999999 0.233154 0.75969 0.251977 0.75969 0.253431 0.766928 0.27225499999999997 0.783954 0.273709 0.8020590000000001 0.276601 0.826324 0.27225499999999997 0.8295750000000001 0.26176499999999997 0.814363 0.261029 0.798791 0.24366000000000002 0.795539 0.225196 0.76549 0.224101 0.760049 0.22192800000000001
19 0.753317 0.250016 0.744624 0.254722 0.733039 0.271373 0.736307 0.296716 0.7359479999999999 0.299624 0.766716 0.30576800000000004 0.770703 0.29491799999999996 0.796046 0.275719 0.768529 0.274265 0.765637 0.268121 0.765637 0.26776099999999997 0.756225 0.251454 0.753317 0.250016
32 0.383333 1 0.393513 0.9971409999999999 0.400294 0.9847060000000001 0.415 0.95531 0.428562 0.914608 0.445523 0.8829580000000001 0.454559 0.859216 0.461356 0.836601 0.46586599999999995 0.8309479999999999 0.47152 0.8151309999999999 0.493007 0.807206 0.502059 0.803824 0.48848 0.792516 0.47604599999999997 0.7834639999999999 0.443268 0.764248 0.435343 0.761993 0.437614 0.784592 0.445523 0.795899 0.44890499999999994 0.7981699999999999 0.43196100000000004 0.836601 0.411601 0.8987910000000001 0.38673199999999996 0.953056 0.366373 0.989232 0.36299 0.9971409999999999 0.36299 1 0.383333 1
19 0.8593789999999999 0.14238599999999998 0.867157 0.124216 0.8645750000000001 0.116422 0.835997 0.108627 0.828203 0.10083299999999999 0.8230069999999999 0.131993 0.8593789999999999 0.14238599999999998
27 0.010392199346405229 0.132467 0.005196080065359477 0.9844120000000001 0.049346400326797386 0.948056 0.06753269934640524 0.327271 0.023382400326797385 0.264935 0.01818630065359477 0.111683 0.08312090032679738 0.0311765 0.21299 0.007794119281045751 0.358448 0.10648700000000001 0.680523 0.12986899999999998 0.763644 0.07013069934640523 0.8623369999999999 0.06753269934640524 0.9376629999999999 0.161046 0.922075 0.197402 0.8805230000000001 0.283121 0.883121 0.916879 0.698709 0.942859 0.594804 0.976618 0.9922059999999999 0.9844120000000001 1 0.0025980392156862747 0.24415 0.0025980392156862747 0.015588199346405228 0.010392199346405229 0.010392199346405229 0.132467