9 0.492266 0.600208 0.492266 0.631312 0.504359 0.626708 0.504359 0.597896 0.5052190000000001 0.581771 0.506953 0.574854 0.506953 0.5564169999999999 0.502625 0.539125 0.501766 0.524146 0.49571899999999997 0.520687 0.490531 0.52875 0.489672 0.558708 0.492266 0.600208
9 0.34926599999999997 0.7483540000000001 0.362781 0.749563 0.361875 0.690687 0.38260900000000003 0.708708 0.388016 0.694292 0.363687 0.672667 0.36548400000000003 0.583771 0.366391 0.564542 0.333047 0.5453119999999999 0.330344 0.584958 0.345656 0.589771 0.345656 0.681083 0.348359 0.7531669999999999 0.34926599999999997 0.7483540000000001
44 0.5443749999999999 0.826958 0.542703 0.856188 0.588203 0.856188 0.5898909999999999 0.856188 0.605063 0.885396 0.605063 0.9213539999999999 0.610109 0.941583 0.628656 0.939333 0.628656 0.9348329999999999 0.635391 0.9280830000000001 0.637078 0.910104 0.642141 0.876396 0.643813 0.851688 0.65225 0.851688 0.684063 0.850375 0.6893279999999999 0.8346250000000001 0.697203 0.806604 0.702453 0.771583 0.709016 0.734812 0.707703 0.696292 0.707703 0.6735209999999999 0.707703 0.6297499999999999 0.706391 0.621 0.699828 0.6105 0.697203 0.587729 0.6985159999999999 0.578979 0.6985159999999999 0.570229 0.719531 0.563229 0.733969 0.557958 0.732656 0.556208 0.7168910000000001 0.547458 0.674875 0.512437 0.622344 0.512437 0.6065940000000001 0.524708 0.546188 0.556208 0.546188 0.568479 0.588203 0.542208 0.5895159999999999 0.556208 0.571141 0.635 0.552813 0.835958 0.5443749999999999 0.826958
50 0.0033593703125 0.38041699999999995 0 0.5306460000000001 0.00671875 0.748125 0.0134531 0.795208 0.0168125 0.7997080000000001 0.0218594 0.790729 0.033625 0.7997080000000001 0.037 0.7997080000000001 0.0420469 0.797458 0.0454062 0.795208 0.05550000000000001 0.795208 0.0639062 0.801937 0.0655781 0.7929790000000001 0.0639062 0.7885000000000001 0.0662031 0.71325 0.0751094 0.685542 0.0765938 0.673667 0.0825313 0.66575 0.08549999999999999 0.661792 0.0929219 0.6598120000000001 0.10034400000000002 0.649917 0.101828 0.638042 0.104797 0.622208 0.10925 0.6043959999999999 0.119641 0.5608540000000001 0.112219 0.400542 0.106281 0.38668800000000003 0.0840156 0.37481200000000003 0.0721406 0.368875 0.0676875 0.355021 0.0825313 0.335229 0.073625 0.305542 0.0721406 0.29960400000000004 0.0572969 0.289708 0.052843799999999996 0.289708 0.033546900000000004 0.289708 0.030578100000000004 0.293667 0.0276094 0.29564599999999996 0.0276094 0.29762500000000003 0.015734400000000003 0.311479 0.0187031 0.319396 0.0276094 0.34710399999999997 0 0.366896 0.0083125 0.366896 0.0033593703125 0.38041699999999995
50 0.148672 0.686833 0.15906199999999998 0.686833 0.16864099999999999 0.647417 0.173437 0.633563 0.185422 0.6303540000000001 0.186219 0.596271 0.18701600000000002 0.579229 0.171047 0.515312 0.157453 0.474812 0.139875 0.45137499999999997 0.135891 0.436458 0.126297 0.426875 0.11351599999999999 0.42262500000000003 0.115906 0.438604 0.123094 0.45137499999999997 0.130297 0.488667 0.137484 0.497188 0.135891 0.535542 0.127891 0.556854 0.132688 0.58775 0.135094 0.642083 0.131094 0.674042 0.12709399999999998 0.690021 0.1295 0.7049369999999999 0.127891 0.737958 0.12470300000000001 0.761396 0.14546900000000001 0.7646040000000001 0.148672 0.720917 0.148672 0.686833
50 0.216219 0.681312 0.241547 0.692562 0.25 0.6452709999999999 0.255063 0.584458 0.255063 0.5371670000000001 0.255063 0.505625 0.248312 0.476354 0.241547 0.440312 0.236484 0.393021 0.21453099999999997 0.408792 0.21453099999999997 0.43581200000000003 0.197641 0.46058299999999996 0.192562 0.5123960000000001 0.195953 0.5664370000000001 0.20945299999999997 0.6092289999999999 0.20776599999999998 0.6204999999999999 0.21284399999999998 0.672292 0.216219 0.681312
75 0.743609 0.431917 0.745062 0.424812 0.75475 0.420292 0.759594 0.422875 0.76975 0.4345 0.775078 0.427396 0.778953 0.420292 0.771687 0.404167 0.738781 0.406104 0.738781 0.408042 0.741672 0.416437 0.743609 0.431917
50 0.33137500000000003 0.705375 0.337406 0.703771 0.341016 0.6828749999999999 0.338609 0.626604 0.330172 0.575167 0.34825 0.554271 0.361516 0.562313 0.366344 0.589625 0.361516 0.637854 0.36754699999999996 0.676438 0.36875 0.694125 0.386828 0.702167 0.39285899999999996 0.686083 0.391656 0.661979 0.395281 0.600875 0.38925 0.552667 0.396484 0.5317500000000001 0.408531 0.510854 0.402516 0.478708 0.38925 0.45781299999999997 0.36754699999999996 0.414396 0.36995300000000003 0.379042 0.36392199999999997 0.35814599999999996 0.339812 0.369396 0.336203 0.414396 0.32775 0.43208300000000005 0.303641 0.45781299999999997 0.302438 0.491562 0.31207799999999997 0.523729 0.316906 0.549438 0.310875 0.584812 0.31570299999999996 0.607313 0.3145 0.61375 0.316906 0.671625 0.32775 0.710208 0.33137500000000003 0.705375
50 0.310438 0.414937 0.30559400000000003 0.425917 0.306562 0.430438 0.31189100000000003 0.431729 0.318656 0.437521 0.320594 0.429792 0.324953 0.423333 0.326891 0.416875 0.322047 0.412354 0.318656 0.408479 0.310438 0.414937
50 0.43371899999999997 0.454667 0.439297 0.455833 0.446938 0.465229 0.455156 0.468771 0.454578 0.449562 0.458094 0.444854 0.460156 0.440563 0.45985899999999996 0.434667 0.45692199999999994 0.427625 0.448984 0.42056299999999996 0.446344 0.42056299999999996 0.44400000000000006 0.419396 0.44457800000000003 0.411167 0.44310900000000003 0.40449999999999997 0.440172 0.401375 0.43635900000000005 0.40097900000000003 0.43371899999999997 0.406854 0.43342200000000003 0.413521 0.43224999999999997 0.420958 0.42929700000000004 0.42175 0.42342199999999997 0.427625 0.419313 0.44329199999999996 0.419609 0.455042 0.424891 0.45427100000000004 0.429891 0.449562 0.43371899999999997 0.454667
50 0.110047 0.399604 0.11376599999999999 0.421146 0.129297 0.43025 0.130531 0.431917 0.139234 0.45427100000000004 0.145453 0.45841699999999996 0.163469 0.482437 0.18892199999999998 0.580167 0.194516 0.579333 0.190797 0.5685830000000001 0.197625 0.522188 0.190172 0.5106040000000001 0.17278100000000002 0.450125 0.17045300000000002 0.417688 0.165828 0.408396 0.156547 0.39604199999999995 0.147281 0.38677100000000003 0.14843800000000001 0.383667 0.154234 0.352771 0.141484 0.331125 0.131047 0.331125 0.12293799999999999 0.331125 0.114828 0.332667 0.10903099999999999 0.34349999999999997 0.107859 0.346583 0.10554699999999999 0.357396 0.11829700000000001 0.379042 0.119453 0.379042 0.10439099999999998 0.39295800000000003 0.110047 0.399604
50 0.543859 0.5494789999999999 0.552828 0.553958 0.568531 0.5494789999999999 0.580859 0.522563 0.597687 0.519562 0.6212340000000001 0.503125 0.623484 0.47920799999999997 0.622359 0.446313 0.648156 0.441812 0.6694530000000001 0.45975 0.667219 0.483687 0.6649689999999999 0.515083 0.693016 0.537521 0.7109530000000001 0.5524789999999999 0.7165619999999999 0.576396 0.730016 0.586854 0.73675 0.5674170000000001 0.7389840000000001 0.512104 0.709828 0.444812 0.673953 0.408917 0.676187 0.398458 0.684047 0.376021 0.676187 0.30574999999999997 0.629094 0.316208 0.622359 0.358083 0.643672 0.396958 0.629094 0.408917 0.5999220000000001 0.422375 0.576375 0.441812 0.567406 0.471729 0.555063 0.503125 0.541609 0.547979 0.543859 0.5494789999999999
50 0.19628099999999998 0.43272900000000003 0.191766 0.436604 0.18662499999999999 0.437458 0.183391 0.451625 0.18371900000000002 0.46408299999999997 0.18371900000000002 0.483396 0.187906 0.508729 0.188547 0.5134580000000001 0.18984399999999998 0.5340830000000001 0.193062 0.506583 0.19789099999999998 0.460208 0.214312 0.436167 0.214641 0.414271 0.214641 0.40868699999999997 0.214641 0.40395800000000004 0.213672 0.397521 0.21012499999999998 0.392792 0.206266 0.390229 0.1995 0.391083 0.19434400000000002 0.398375 0.19337500000000002 0.40739600000000004 0.194031 0.419854 0.19789099999999998 0.424146 0.19628099999999998 0.43272900000000003
50 1 0.566917 0.9981410000000001 0.553521 0.987328 0.541146 0.975719 0.537021 0.975719 0.529813 0.975719 0.518479 0.974953 0.499917 0.9780469999999999 0.49372900000000003 0.981141 0.474146 0.980359 0.453521 0.978813 0.436 0.9532970000000001 0.416396 0.940156 0.425688 0.9378439999999999 0.433937 0.936297 0.452479 0.935516 0.472083 0.920047 0.483417 0.9177339999999999 0.495792 0.9154059999999999 0.515375 0.919281 0.530833 0.920828 0.571042 0.937063 0.5762079999999999 0.95175 0.5834170000000001 0.9695309999999999 0.584458 0.995828 0.6401249999999999 1 0.5875419999999999 1 0.566917
50 0.616563 0.509958 0.620781 0.508354 0.635234 0.508354 0.660531 0.505938 0.683437 0.523604 0.676813 0.5131669999999999 0.6689689999999999 0.503521 0.662344 0.5011249999999999 0.667172 0.488271 0.6689689999999999 0.47541700000000003 0.6689689999999999 0.45854199999999995 0.6683749999999999 0.441667 0.659328 0.436042 0.650906 0.432042 0.635844 0.438458 0.624984 0.445688 0.6231880000000001 0.460958 0.6225780000000001 0.48425 0.628 0.497104 0.612344 0.512354 0.616563 0.509958
50 0.529125 0.459375 0.524875 0.445896 0.523281 0.432417 0.512641 0.415396 0.503062 0.401938 0.503062 0.400521 0.503062 0.391292 0.502 0.377833 0.49509400000000003 0.371437 0.482328 0.382792 0.4844530000000001 0.406896 0.482328 0.409021 0.481797 0.40972899999999995 0.481266 0.41114599999999996 0.479672 0.412562 0.479672 0.413271 0.47487500000000005 0.415396 0.47062499999999996 0.41824999999999996 0.46637500000000004 0.423917 0.46425 0.431 0.46265600000000007 0.43454199999999993 0.460516 0.440938 0.460516 0.446604 0.460516 0.455813 0.46104699999999993 0.463625 0.463187 0.466458 0.46425 0.472833 0.465313 0.481354 0.470094 0.487021 0.475938 0.484896 0.475938 0.482062 0.47754700000000005 0.474958 0.4844530000000001 0.474958 0.491906 0.471417 0.491906 0.467167 0.49243800000000004 0.448021 0.490297 0.442354 0.486047 0.4388119999999999 0.483922 0.435958 0.483391 0.430292 0.483391 0.427458 0.483391 0.423208 0.48551599999999995 0.413271 0.48817199999999994 0.407604 0.492969 0.404771 0.49934399999999995 0.407604 0.505719 0.417542 0.510516 0.4317079999999999 0.514234 0.456521 0.518484 0.486313 0.52275 0.490563 0.530188 0.478521 0.529125 0.459375
50 0.512078 0.514333 0.512078 0.529375 0.510469 0.533687 0.504016 0.550875 0.500797 0.55625 0.500797 0.573458 0.504828 0.586354 0.516109 0.586354 0.524172 0.578812 0.518531 0.560542 0.519344 0.555188 0.527406 0.529375 0.529016 0.519708 0.518531 0.499292 0.516109 0.500375 0.512078 0.514333
44 0.4455 0.530875 0.450063 0.530875 0.45234399999999997 0.529729 0.4535 0.517917 0.4535 0.506104 0.4535 0.495438 0.45464099999999996 0.48516699999999996 0.45292199999999994 0.46839600000000003 0.448641 0.467646 0.44664099999999995 0.46572899999999995 0.44520299999999996 0.460021 0.435781 0.45391699999999996 0.42692199999999997 0.459646 0.4255 0.46649999999999997 0.42520300000000005 0.479833 0.42520300000000005 0.485542 0.42664099999999994 0.491625 0.428641 0.49924999999999997 0.428922 0.509542 0.43092199999999997 0.517917 0.434344 0.5255420000000001 0.436641 0.531625 0.43949999999999995 0.532021 0.442063 0.528208 0.4455 0.530875
50 0.5061720000000001 0.42766699999999996 0.505062 0.4165 0.499484 0.409062 0.49390599999999996 0.406833 0.490547 0.406833 0.48831199999999997 0.41204199999999996 0.486094 0.417979 0.484969 0.423938 0.484969 0.43064600000000003 0.48553100000000005 0.43583299999999997 0.489438 0.441792 0.495016 0.444771 0.493844 0.446708 0.492641 0.47177100000000005 0.490812 0.476625 0.479906 0.47825 0.478078 0.486333 0.470812 0.494417 0.462313 0.5025 0.455656 0.506542 0.455656 0.515437 0.45625 0.520292 0.452625 0.528375 0.454437 0.535646 0.452016 0.541312 0.45625 0.548583 0.45625 0.584958 0.44837499999999997 0.593854 0.44351599999999997 0.597896 0.454437 0.606792 0.473234 0.593854 0.471422 0.584958 0.471422 0.5728329999999999 0.471422 0.559083 0.471422 0.549396 0.476266 0.5388750000000001 0.47929700000000003 0.538062 0.48415600000000003 0.543729 0.485359 0.555854 0.492031 0.5502079999999999 0.491422 0.537271 0.491422 0.528375 0.496281 0.525937 0.501734 0.530792 0.501734 0.537271 0.501734 0.545354 0.501734 0.5502079999999999 0.511437 0.529188 0.511437 0.512208 0.513859 0.486333 0.513859 0.468542 0.513984 0.449229 0.508969 0.43733299999999997 0.5061720000000001 0.42766699999999996
36 0.0702812 0.932771 0.0903281 0.938125 0.111984 0.932771 0.11278099999999999 0.9156669999999999 0.110375 0.876083 0.116797 0.807646 0.128031 0.702833 0.121609 0.6793119999999999 0.111187 0.662188 0.0983437 0.6568539999999999 0.0895312 0.6632709999999999 0.07990620000000001 0.675021 0.0726875 0.698562 0.0598437 0.801229 0.0558438 0.884646 0.0598437 0.9285 0.0702812 0.932771