55 1 0.747413 0.9781799999999999 0.73848 0.9295399999999999 0.7228 0.8674400000000001 0.707147 0.6241599999999999 0.6914929999999999 0.55536 0.7899200000000001 0.52852 0.845867 0.51846 0.9442929999999999 0.53692 0.9442929999999999 0.6795399999999999 0.930853 1 0.86152 1 0.8570399999999999 1 0.747413
79 0.21980000000000002 0.723013 0.16778 0.7565599999999999 0.14765999999999999 0.796853 0.16778 0.841573 0.26006 0.859467 0.3255 0.83264 0.36410000000000003 0.794613 0.3557 0.745387 0.30872000000000005 0.723013 0.27348 0.6894669999999999 0.27182 0.407573 0.34732 0.30466699999999997 0.36744 0.21296 0.36242 0.107813 0.34396 0.00042666666666666667 0.14765999999999999 0 0.12919999999999998 0.04962669866666667 0.13422 0.224133 0.151 0.313627 0.21644 0.38967999999999997 0.23322 0.44784 0.2349 0.687227 0.2349 0.6894669999999999 0.21980000000000002 0.723013
79 0.1425 0.476693 0.13382 0.50464 0.1245 0.514613 0.10859999999999999 0.519013 0.09106 0.529973 0.09654 0.554827 0.12066 0.562133 0.15302000000000002 0.5694670000000001 0.17934 0.571653 0.18380000000000002 0.572853 0.17052 0.5600269999999999 0.15975999999999999 0.544773 0.1554 0.532853 0.1545 0.514853 0.15702000000000002 0.504773 0.15997999999999998 0.49837299999999995 0.1641 0.49194699999999997 0.16754 0.488587 0.16634000000000002 0.47130700000000003 0.16038 0.40202699999999997 0.15786 0.365707 0.16062 0.32448 0.14122 0.27088 0.13406 0.238693 0.13218000000000002 0.19042699999999999 0.1333 0.17434700000000003 0.13104 0.13512000000000002 0.12990000000000002 0.08434669866666666 0.12925999999999999 0.05954669866666667 0.12844 0.050293298666666666 0.13147999999999999 0.042426698666666665 0.11184000000000001 0.040293298666666665 0.10096 0.040293298666666665 0.09258 0.04293330133333333 0.09026 0.05504 0.08678 0.07218670133333333 0.08294 0.09264 0.08134000000000001 0.106907 0.07687999999999999 0.142853 0.0773 0.163787 0.07708 0.18053300000000003 0.07837999999999999 0.187893 0.07945999999999999 0.19178699999999999 0.08348 0.21536000000000002 0.0865 0.23053300000000002 0.09745999999999999 0.25376 0.11116 0.271947 0.12308 0.28352 0.1336 0.30024 0.13863999999999999 0.30696 0.13926 0.31477299999999997 0.14006 0.325547 0.14096 0.344267 0.14424 0.41445299999999996 0.1425 0.476693
32 0.74672 0.537707 0.7422799999999999 0.55432 0.75742 0.583413 0.79438 0.616667 0.83312 0.629733 0.87098 0.63984 0.90306 0.632107 0.99926 0.6808000000000001 1 0.656453 0.97564 0.640427 0.92444 0.621413 0.8754400000000001 0.619653 0.8482799999999999 0.6184529999999999 0.822 0.6012270000000001 0.7894800000000001 0.574507 0.7592000000000001 0.538293 0.74672 0.537707
41 0 0.6941069999999999 0.0182 0.714933 0.04498 0.714933 0.05256 0.711973 0.0557 0.7042130000000001 0.054799999999999995 0.7042130000000001 0.00034 0.5851999999999999 0 0.6941069999999999
62 0.9475 0.610267 0.92398 0.606667 0.90316 0.605227 0.87828 0.58792 0.85802 0.5724 0.8323200000000001 0.55728 0.81124 0.547173 0.78284 0.53672 0.7863600000000001 0.5594399999999999 0.82232 0.593307 0.86558 0.617467 0.89344 0.6192799999999999 0.90316 0.616747 0.97076 0.63008 0.99862 0.6528 1 0.6308 0.9759 0.62 0.9475 0.610267
18 1 0.22434700000000002 0.99606 0.16368000000000002 0.92696 0.150187 0.84776 0.132213 0.70956 0.105253 0.72304 0.015359999999999999 0.63034 0.0018666693333333332 0.4955 0.0018666693333333332 0.3472 0.010853298666666667 0.36236 0.136693 0.36236 0.231093 0.34887999999999997 0.311973 0.48369999999999996 0.34343999999999997 0.8393200000000001 0.424347 0.8730399999999999 0.39511999999999997 0.94044 0.332213 1 0.307493 1 0.22434700000000002
29 0.5328200000000001 0.52984 0.55862 0.463493 0.53188 0.400827 0.49872000000000005 0.392213 0.47476 0.35903999999999997 0.45172 0.35781300000000005 0.43236 0.405733 0.43051999999999996 0.40696000000000004 0.4121 0.42048 0.39458 0.42906700000000003 0.36694 0.446293 0.3605 0.456107 0.3605 0.469627 0.3697 0.53352 0.37616000000000005 0.54704 0.41118 0.563013 0.43882 0.57528 0.43974 0.56424 0.49964 0.561787 0.5328200000000001 0.52984
41 0.9763200000000001 0.7046129999999999 0.9946799999999999 0.711467 0.99872 0.6874929999999999 0.89812 0.644907 0.80448 0.6150399999999999 0.73582 0.580773 0.71672 0.600827 0.79714 0.634613 0.9763200000000001 0.7046129999999999
27 0.42468 0.4 0.46364 0.368827 0.50454 0.402587 0.53962 0.420773 0.61168 0.39479999999999993 1 0.496107 0.9935 0.303893 0.87272 0.309093 0.67402 0.337653 0.38572 0.28832 0.33506 0.376613 0.37208 0.41040000000000004 0.41884 0.418187 0.42468 0.4
27 0.27858 0.662347 0.3 0.72208 0.3487 0.77144 0.3487 0.797413 0.3448 0.820773 0.27662 0.86752 0.2474 0.864933 0.17142 0.83896 0.16168 0.77144 0.18896 0.740267 0.22012 0.7376529999999999 0.22792 0.714293 0.23376 0.641547 0.22598 0.607787 0.19676 0.576613 0.16364 0.568827 0.13636 0.568827 0.1052 0.55064 0.1052 0.51688 0.12468 0.47792 0.07208 0.446747 0.0078 0.470133 0.0078 0.47272 0.00584 0.576613 0.04676 0.67792 0.0487 0.71688 0.0448 0.73248 0.00974 0.7065070000000001 0.0078 0.9844269999999999 0.43636 0.9844269999999999 0.38182 0.88312 0.36624 0.8051999999999999 0.37988 0.75584 0.41494 0.71688 0.4948 0.646747 0.38572 0.654533 0.30194 0.6104 0.27662 0.62856 0.27858 0.662347