23 0.830656 0.5030209999999999 0.83375 0.505082 0.8394220000000001 0.505855 0.842703 0.503794 0.8447660000000001 0.49578500000000003 0.845281 0.48779900000000004 0.8451090000000001 0.481101 0.8439059999999999 0.473607 0.842187 0.46897 0.838734 0.465363 0.835297 0.46356 0.8325469999999999 0.463817 0.828937 0.466393 0.826875 0.47 0.825484 0.47644 0.825672 0.482904 0.8263590000000001 0.49089 0.828078 0.496557 0.830484 0.502506 0.830656 0.5030209999999999
23 0.787047 0.48023400000000005 0.786672 0.494496 0.787984 0.501499 0.790781 0.506815 0.79525 0.509602 0.799547 0.508759 0.803844 0.505972 0.8062659999999999 0.499532 0.8077500000000001 0.490867 0.807016 0.474918 0.8040309999999999 0.465972 0.796 0.463747 0.791531 0.467096 0.787984 0.47466 0.787047 0.48023400000000005
50 0.735969 0.80096 0.736375 0.797728 0.7346250000000001 0.797728 0.732469 0.800749 0.732469 0.803794 0.733406 0.804403 0.734078 0.806206 0.7344839999999999 0.8086420000000001 0.7358279999999999 0.808829 0.7365 0.8049879999999999 0.735969 0.80096
50 0.743922 0.805176 0.744672 0.805948 0.745344 0.809415 0.746469 0.809415 0.746469 0.8073069999999999 0.746156 0.804941 0.746531 0.8038169999999999 0.746531 0.8019200000000001 0.745797 0.799906 0.743844 0.800023 0.742953 0.8019200000000001 0.743406 0.8036070000000001 0.743922 0.805176
50 0.685391 0.795785 0.684937 0.7978219999999999 0.683672 0.7995080000000001 0.684422 0.802201 0.68825 0.802084 0.6875 0.7960189999999999 0.685391 0.795785
50 0.700641 0.8019200000000001 0.702984 0.801733 0.7037340000000001 0.801733 0.7033590000000001 0.798759 0.7033590000000001 0.797283 0.702984 0.7943089999999999 0.701125 0.7933960000000001 0.700891 0.7961590000000001 0.699031 0.798759 0.699531 0.801733 0.700641 0.8019200000000001
50 0.696906 0.797588 0.696078 0.796979 0.695156 0.796979 0.694422 0.799157 0.694016 0.800539 0.694109 0.801639 0.695563 0.8021079999999999 0.6967030000000001 0.8021079999999999 0.697219 0.802412 0.6965 0.800539 0.696906 0.798829 0.696906 0.797588
50 0.764625 0.805738 0.764625 0.807869 0.765125 0.811569 0.7664839999999999 0.813981 0.768281 0.813981 0.768703 0.812412 0.768703 0.8101869999999999 0.767719 0.800913 0.768281 0.797658 0.767531 0.795152 0.7661089999999999 0.795152 0.765313 0.7959019999999999 0.76525 0.797658 0.764625 0.805738
50 0.5300309999999999 0.795785 0.529344 0.7911009999999999 0.5278590000000001 0.788852 0.5258130000000001 0.788852 0.5258130000000001 0.791288 0.525406 0.795785 0.5300309999999999 0.795785
50 0.14607799999999999 0.788337 0.146625 0.787611 0.146625 0.7859480000000001 0.146313 0.781756 0.14407799999999998 0.7810300000000001 0.141609 0.78356 0.140328 0.78726 0.14607799999999999 0.788337
50 0.0363906 0.780468 0.0351094 0.778548 0.034125 0.7829740000000001 0.032937499999999995 0.78918 0.0326406 0.79096 0.0380625 0.789485 0.0371719 0.788454 0.0364844 0.784005 0.0363906 0.780468
50 0.711016 0.8021550000000001 0.711406 0.8003750000000001 0.7100310000000001 0.797892 0.708453 0.7981729999999999 0.7079690000000001 0.801546 0.711016 0.8021550000000001
50 0.594875 0.7968149999999999 0.594437 0.794614 0.593234 0.793185 0.592703 0.792014 0.592875 0.7890159999999999 0.591844 0.788642 0.5908909999999999 0.7890159999999999 0.590453 0.789415 0.5903590000000001 0.7914990000000001 0.590188 0.793185 0.589938 0.793443 0.589063 0.7942149999999999 0.5885469999999999 0.794871 0.5885469999999999 0.79644 0.594875 0.7968149999999999