50 0.385391 0.9644349999999999 0.38443700000000003 0.9836090000000001 0.39481299999999997 0.984435 0.396266 0.9784849999999999 0.402297 0.9725339999999999 0.398922 0.932507 0.40012499999999995 0.900992 0.394328 0.8967489999999999 0.392891 0.886529 0.389984 0.881405 0.387813 0.886088 0.387813 0.8899170000000001 0.388781 0.8929199999999999 0.391672 0.9137740000000001 0.385391 0.9644349999999999
50 0.410625 0.973388 0.41310900000000006 0.973388 0.415266 0.9684849999999999 0.41371900000000006 0.957548 0.414656 0.9471630000000001 0.41682800000000003 0.9318730000000001 0.42023400000000005 0.935702 0.42115600000000003 0.944435 0.419609 0.958099 0.42084400000000005 0.975041 0.42364100000000005 0.9821489999999999 0.426734 0.9826720000000001 0.42581199999999997 0.9777689999999999 0.42581199999999997 0.966832 0.42518700000000004 0.9564460000000001 0.424266 0.9406059999999999 0.423953 0.931322 0.424266 0.923664 0.42364100000000005 0.9111020000000001 0.424266 0.9078240000000001 0.4255 0.9001649999999999 0.426734 0.893609 0.426438 0.890331 0.423953 0.884876 0.419922 0.879421 0.418375 0.873388 0.418375 0.8668319999999999 0.415578 0.860275 0.412797 0.8592010000000001 0.409687 0.861377 0.41185900000000003 0.871212 0.41248399999999996 0.876667 0.414344 0.880496 0.41371900000000006 0.882149 0.41093799999999997 0.8854270000000001 0.408453 0.889256 0.408453 0.895813 0.40907799999999994 0.902893 0.409687 0.9083749999999999 0.41 0.917658 0.41093799999999997 0.927493 0.41125 0.942782 0.409687 0.9679340000000001 0.410625 0.973388
50 0.44556300000000004 0.9046279999999999 0.44556300000000004 0.882066 0.435313 0.8639939999999999 0.423797 0.8685120000000001 0.423797 0.8933329999999999 0.43018799999999996 0.940744 0.43018799999999996 0.965565 0.43659400000000004 0.988154 0.43659400000000004 0.9768600000000001 0.43659400000000004 0.954298 0.440437 0.9475210000000001 0.446844 0.963306 0.446844 0.983636 0.45195299999999994 0.985895 0.449141 0.950826 0.44639100000000004 0.937521 0.44639100000000004 0.9193659999999999 0.44570299999999996 0.909697 0.445016 0.9012119999999999 0.44364100000000006 0.884298 0.44556300000000004 0.9046279999999999
50 0.46665599999999996 0.9573 0.468656 0.969917 0.471797 0.971433 0.47121899999999994 0.9391740000000001 0.474937 0.9381539999999999 0.476656 0.952259 0.480938 0.949256 0.496094 0.9603309999999999 0.496375 0.952782 0.49437499999999995 0.9462259999999999 0.489234 0.932121 0.48323400000000005 0.917493 0.48009399999999997 0.91146 0.480375 0.8857579999999999 0.476656 0.877686 0.47293799999999997 0.8731399999999999 0.472375 0.8650960000000001 0.467516 0.864077 0.46407800000000005 0.87416 0.467516 0.879201 0.462359 0.886749 0.464656 0.9064190000000001 0.46551600000000004 0.902893 0.465219 0.9290910000000001 0.46665599999999996 0.9573
60 0.45415600000000006 0.981212 0.45392200000000005 0.974821 0.4440160000000001 0.9727 0.445953 0.980799 0.45415600000000006 0.981212
60 0.431453 0.97865 0.431703 0.985041 0.440875 0.986336 0.439672 0.977383 0.431703 0.977824 0.431453 0.97865
2 0.403937 0.9681540000000001 0.40434400000000004 0.9756750000000001 0.408406 0.976391 0.41085900000000003 0.976033 0.412281 0.964545 0.411266 0.954132 0.40800000000000003 0.946612 0.40556200000000003 0.945895 0.40292199999999995 0.949118 0.4025 0.9613219999999999 0.403937 0.9681540000000001
2 0.428141 0.878567 0.42525 0.8909640000000001 0.42482800000000004 0.904077 0.42648400000000003 0.916501 0.42979700000000004 0.926694 0.44096900000000006 0.928898 0.438484 0.912121 0.439313 0.9004409999999999 0.43600000000000005 0.883664 0.43145300000000003 0.8807440000000001 0.428141 0.878567
50 0.382312 0.924353 0.379406 0.906116 0.381016 0.889614 0.379406 0.881625 0.380687 0.874793 0.373578 0.875372 0.372609 0.88562 0.36809400000000003 0.891873 0.367453 0.9169419999999999 0.368734 0.9380170000000001 0.36939099999999997 0.95168 0.367453 0.979614 0.368734 0.980165 0.370672 0.9790359999999999 0.373578 0.97449 0.37390599999999996 0.97449 0.379406 0.956832 0.382312 0.924353
2 0.480859 0.917245 0.48007799999999995 0.925344 0.48029700000000003 0.933802 0.480406 0.942287 0.480406 0.959835 0.48689099999999996 0.961791 0.489234 0.956474 0.494266 0.955895 0.49582800000000005 0.948402 0.494937 0.947025 0.493719 0.94427 0.49348400000000003 0.9381539999999999 0.492703 0.9257299999999999 0.490922 0.9249310000000001 0.490688 0.9170520000000001 0.48431199999999996 0.915868 0.480859 0.917245
50 0.379609 0.904435 0.382125 0.9227270000000001 0.38060900000000003 0.946061 0.37943699999999997 0.9584849999999999 0.37910900000000003 0.9815149999999999 0.38178100000000004 0.9803310000000001 0.385641 0.9835809999999999 0.386484 0.974132 0.388484 0.9398620000000001 0.39117199999999996 0.917135 0.391672 0.9135810000000001 0.391672 0.911818 0.388828 0.8929199999999999 0.387313 0.889063 0.387313 0.885813 0.388484 0.8831680000000001 0.389156 0.881102 0.389156 0.878733 0.389156 0.875179 0.388328 0.87135 0.387656 0.869862 0.384469 0.8689810000000001 0.382297 0.871928 0.38178100000000004 0.875179 0.381953 0.878154 0.382297 0.88168 0.380953 0.884628 0.380953 0.889366 0.379609 0.904435