9 0.588234 0.08601680083857442 0.601063 0.09463310062893082 0.604266 0.09463310062893082 0.625094 0.103229 0.6683749999999999 0.109686 0.686016 0.09893080083857442 0.708453 0.062369 0.7228749999999999 0.05807129979035639 0.730891 0.05377359958071279 0.735703 0.060209599580712786 0.753328 0.08387840041928721 0.7645470000000001 0.09893080083857442 0.7645470000000001 0.12044 0.748516 0.129036 0.742109 0.14838600000000002 0.746922 0.14838600000000002 0.748516 0.14838600000000002 0.775766 0.13117399999999999 0.774156 0.133333 0.766156 0.146226 0.8062189999999999 0.135493 0.8382809999999999 0.15914 0.8831559999999999 0.176352 0.9376559999999999 0.167736 0.958484 0.154843 0.956891 0.124738 0.952078 0.08601680083857442 0.952078 0.0666667002096436 0.9472659999999999 0.045157199161425576 0.9152189999999999 0.05377359958071279 0.8591089999999999 0.04301889937106918 0.734094 0.03870019916142557 0.5962500000000001 0.04731659958071279 0.577016 0.03870019916142557 0.575406 0.05377359958071279 0.586641 0.08387840041928721 0.588234 0.08601680083857442
3 0.254062 0.29721200000000003 0.22087500000000002 0.317358 0.207437 0.325828 0.190828 0.336436 0.136281 0.359769 0.0975625 0.377799 0.0663125 0.401971 0.0537813 0.417589 0.0519844 0.432013 0.074375 0.46685499999999996 0.0833281 0.47167699999999996 0.13617200000000002 0.474067 0.205125 0.470461 0.227516 0.474067 0.257953 0.46446499999999996 0.323328 0.42840700000000004 0.365422 0.39477999999999996 0.404828 0.341908 0.429 0.283019 0.43975 0.237358 0.43975 0.189308 0.436172 0.166478 0.424531 0.136436 0.415578 0.122013 0.410203 0.07876310062893083 0.404828 0.053543 0.393187 0.045115299790356396 0.36990599999999996 0.039119498951781975 0.313484 0.039119498951781975 0.33496899999999996 0.0643395995807128 0.343031 0.052327 0.35198399999999996 0.07035640041928722 0.364531 0.05953880083857442 0.380641 0.06675050104821803 0.387813 0.081174 0.384234 0.102788 0.37975 0.12442299999999999 0.371688 0.141237 0.357359 0.160461 0.332281 0.202516 0.30542199999999997 0.243375 0.29439099999999996 0.255828 0.25801599999999997 0.292956 0.254062 0.29721200000000003
3 0.6414690000000001 0.355052 0.6799999999999999 0.337086 0.723547 0.305618 0.782156 0.29886799999999997 0.907781 0.323606 0.916141 0.305618 0.887672 0.26742099999999996 0.8457969999999999 0.244948 0.762063 0.242704 0.733594 0.244948 0.701766 0.258428 0.6465 0.28763099999999997 0.624719 0.316855 0.604625 0.36853199999999997 0.594578 0.40899399999999997 0.619703 0.41123699999999996 0.618016 0.382013 0.6414690000000001 0.355052
3 0.697891 0.670377 0.681672 0.67522 0.633891 0.560294 0.620359 0.561509 0.602328 0.58086 0.595125 0.599015 0.639297 0.692159 0.623062 0.69457 0.606844 0.713941 0.608641 0.724822 0.608641 0.749015 0.608641 0.750231 0.651922 0.713941 0.694297 0.711509 0.688875 0.7018239999999999 0.694297 0.692159 0.706906 0.695786 0.712328 0.712725 0.722234 0.716352 0.722234 0.698197 0.697891 0.670377
3 0.253719 0.47283 0.467797 0.47283 0.503484 0.424948 0.531234 0.35580700000000004 0.541141 0.28400400000000003 0.541141 0.22016799999999997 0.5153749999999999 0.137715 0.467797 0.09251570020964361 0.428156 0.06324950104821803 0.40635899999999997 0.049958100628930815 0.414281 0.0978197002096436 0.438063 0.113795 0.428156 0.137715 0.44203099999999995 0.20155099999999998 0.432125 0.270692 0.41229699999999997 0.353145 0.368688 0.411656 0.317156 0.43027299999999996 0.24778099999999997 0.47283 0.253719 0.47283
1 0.0612344 0.34742100000000004 0.0822344 0.352117 0.11371899999999999 0.326289 0.125969 0.305157 0.132969 0.274654 0.136469 0.25587 0.136469 0.239434 0.125969 0.211258 0.10321899999999999 0.19484300000000002 0.0857344 0.180755 0.0489844 0.185451 0.0402344 0.201887 0.0349844 0.19484300000000002 0.0402344 0.333333 0.0612344 0.34742100000000004
1 0.32092200000000004 0.232935 0.338453 0.20469600000000002 0.312156 0.2 0.27181299999999997 0.211761 0.252531 0.228239 0.2385 0.24706499999999998 0.233234 0.27293500000000004 0.23500000000000001 0.305891 0.257797 0.291761 0.28935900000000003 0.268239 0.32092200000000004 0.232935
47 0.151891 0.25608 0.187578 0.26478 0.208891 0.27970599999999995 0.209359 0.27970599999999995 0.219547 0.272243 0.22835899999999998 0.25918199999999997 0.23531200000000002 0.24488500000000002 0.23993699999999998 0.226855 0.232531 0.203836 0.22048399999999999 0.180839 0.20842200000000002 0.169644 0.19128099999999998 0.163417 0.181094 0.16467500000000002 0.159312 0.17213799999999999 0.148656 0.182075 0.140313 0.19949699999999998 0.135672 0.228721 0.145875 0.254214 0.151891 0.25608
2 0.690172 0.205388 0.670109 0.198658 0.631672 0.247987 0.608281 0.259182 0.578203 0.373543 0.641703 0.297317 0.725266 0.241258 0.690172 0.205388
2 0.616641 0.472201 0.959219 0.469958 0.9625619999999999 0.241258 0.944172 0.212117 0.939156 0.218826 0.919109 0.223312 0.9007190000000002 0.252474 0.9425000000000001 0.28385699999999997 0.930813 0.312998 0.902391 0.339916 0.787094 0.333187 0.691844 0.346646 0.645047 0.40717 0.616641 0.472201
50 0.0772188 0.566436 0.0772188 0.541677 0.0654687 0.532662 0.0503594 0.566436 0.0386094 0.597966 0.0386094 0.654277 0.0688281 0.600231 0.0772188 0.566436
50 0.125891 0.8051780000000001 0.141 0.780398 0.144359 0.735367 0.169547 0.708344 0.156109 0.672306 0.137641 0.683564 0.10574999999999998 0.735367 0.100719 0.816436 0.125891 0.8051780000000001
14 0.0398281 0.471992 0.0709063 0.476688 0.221281 0.471992 0.5045 0.47132100000000005 0.5150159999999999 0.461216 0.536078 0.42758900000000005 0.546094 0.404738 0.543094 0.28704399999999997 0.546094 0.177421 0.530563 0.13907799999999998 0.49848400000000004 0.08595389937106919 0.453359 0.0462682997903564 0.384484 0.027211700209643606 0.0965312 0.039434 0.05475 0.08020959958071279 0.0319531 0.10773600000000001 0.028906300000000003 0.115891 0.0441094 0.29836500000000005 0.0441094 0.360545 0.037265599999999996 0.435975 0.0398281 0.471992
50 0.8607340000000001 0.707799 0.807234 0.710922 0.799484 0.711971 0.780094 0.705723 0.768469 0.707799 0.763047 0.712998 0.7198439999999999 0.6846749999999999 0.712266 0.686122 0.736062 0.7151569999999999 0.789062 0.7427250000000001 0.8128439999999999 0.7630399999999999 0.834484 0.8080080000000001 0.823656 0.8225159999999999 0.7501249999999999 0.813816 0.731734 0.8225159999999999 0.687406 0.815262 0.663609 0.818176 0.6441410000000001 0.848637 0.656031 0.873312 0.6755 0.874759 0.697125 0.863145 0.703625 0.870419 0.710109 0.899434 0.731734 0.921195 0.762016 0.929895 0.802031 0.969078 0.96425 0.9545699999999999 0.9675 0.9255559999999999 0.97075 0.687589 0.959922 0.6716139999999999 0.956109 0.671384 0.900281 0.6974 0.8607340000000001 0.707799