40 0.256888 0.22216 0.24928199999999998 0.2253 0.247819 0.2299 0.243883 0.23268 0.248803 0.23544 0.247819 0.2395 0.247819 0.24356 0.25050500000000003 0.24430000000000002 0.251968 0.24982 0.255904 0.24963999999999997 0.25859 0.24522 0.262766 0.24724000000000002 0.26989399999999997 0.24872 0.267926 0.24337999999999999 0.276277 0.24152 0.26891 0.23674 0.266463 0.23304 0.270638 0.22972 0.265239 0.22972 0.258351 0.22566 0.256888 0.22216
40 0.07952130053191489 0.29868 0.0668883005319149 0.29722000000000004 0.061037199468085106 0.30234 0.061037199468085106 0.30966000000000005 0.0649201994680851 0.30966000000000005 0.0717286994680851 0.32282 0.0717286994680851 0.33306 0.0843883005319149 0.3272 0.104787 0.33377999999999997 0.0970213005319149 0.325 0.0960371994680851 0.32354 0.101862 0.3177 0.0882713005319149 0.31038 0.0950798005319149 0.30526 0.0853456994680851 0.30162 0.0717286994680851 0.29868 0.07952130053191489 0.29868
40 0.14305900000000002 0.43401999999999996 0.147021 0.42466000000000004 0.151543 0.4353 0.168537 0.44083999999999995 0.167979 0.44042000000000003 0.16116999999999998 0.42594 0.167979 0.41998 0.157793 0.41402 0.169096 0.41018 0.145904 0.39486 0.13683499999999998 0.39527999999999996 0.128351 0.40124 0.11984 0.40806 0.130612 0.41232 0.13117 0.42081999999999997 0.135133 0.4285 0.134574 0.43744 0.14305900000000002 0.43401999999999996
40 0.488803 0.38802 0.498511 0.38072 0.498511 0.38583999999999996 0.50242 0.38730000000000003 0.5082450000000001 0.39168000000000003 0.51117 0.39242 0.5092289999999999 0.38583999999999996 0.5092289999999999 0.38289999999999996 0.518936 0.38364 0.512128 0.37632 0.515053 0.36974 0.51992 0.36756 0.506303 0.35658 0.495612 0.35658 0.48491999999999996 0.36610000000000004 0.489761 0.37194 0.481011 0.37926 0.483936 0.38218 0.489761 0.38436000000000003 0.485878 0.38876 0.488803 0.38802
40 0.218644 0.07658 0.218644 0.08784 0.227633 0.09459999999999999 0.23960099999999998 0.08784 0.233617 0.06531999999999999 0.23960099999999998 0.06082 0.227633 0.054060000000000004 0.209654 0.033780000000000004 0.19766 0.047299999999999995 0.18268600000000002 0.06306 0.185691 0.06756000000000001 0.191676 0.07208 0.200665 0.08334 0.19766 0.0991 0.218644 0.07658
40 0.418005 0.33588 0.416463 0.33548 0.413856 0.33588 0.41021299999999994 0.33706 0.406543 0.33822 0.40550499999999995 0.34058 0.40550499999999995 0.34096 0.40550499999999995 0.34332 0.404468 0.34646 0.40396299999999996 0.3492 0.40396299999999996 0.35194 0.405 0.35586 0.40603700000000004 0.35624 0.407606 0.35624 0.409149 0.35546 0.412287 0.35312 0.41332399999999997 0.35037999999999997 0.416463 0.35076 0.416463 0.35194 0.418537 0.35428 0.42218100000000003 0.35508 0.42375 0.3539 0.42375 0.35194 0.42218100000000003 0.34802 0.42218100000000003 0.3441 0.42218100000000003 0.34096 0.418005 0.33548 0.418005 0.33588
40 0.44484 0.19291999999999998 0.44598400000000005 0.1993 0.449388 0.20314 0.43409600000000004 0.21294 0.442021 0.21336000000000002 0.453351 0.21547999999999998 0.453351 0.22102000000000002 0.461835 0.2189 0.46297900000000003 0.20782 0.470319 0.19504 0.46127700000000005 0.18782 0.448245 0.19419999999999998 0.44484 0.19291999999999998
40 0.33452099999999996 0.39092 0.344628 0.38586000000000004 0.35545200000000005 0.39148 0.352846 0.38388 0.357686 0.37995999999999996 0.352447 0.37574 0.360665 0.37322000000000005 0.347979 0.36338 0.34236700000000003 0.36282 0.329309 0.37151999999999996 0.333404 0.37433999999999995 0.33005300000000004 0.37714 0.332287 0.38474 0.33641 0.38782 0.33452099999999996 0.39092
40 0.49571800000000005 0.30201999999999996 0.502793 0.31063999999999997 0.502793 0.304 0.508963 0.30566000000000004 0.512048 0.304 0.508085 0.30134 0.507633 0.29638 0.513803 0.29306 0.512926 0.2904 0.513803 0.28742 0.507633 0.28576 0.507633 0.28542 0.502793 0.2831 0.49704800000000005 0.28708 0.493511 0.28708 0.49220699999999995 0.29006 0.495293 0.29406 0.49000000000000005 0.29669999999999996 0.491755 0.29936 0.486915 0.30368 0.49571800000000005 0.30201999999999996
40 0.606915 0.40482 0.608777 0.39666 0.606543 0.39218000000000003 0.6091759999999999 0.38936000000000004 0.6091759999999999 0.38908 0.600957 0.38289999999999996 0.589734 0.38880000000000003 0.593112 0.39246 0.5878720000000001 0.39777999999999997 0.590479 0.40396 0.5938559999999999 0.4034 0.598697 0.39836 0.606915 0.40482
36 0.563963 0.6273200000000001 0.594814 0.6256799999999999 0.6146280000000001 0.63312 0.627846 0.63312 0.605824 0.60746 0.56508 0.60414 0.5232180000000001 0.62402 0.48247300000000004 0.6472 0.439521 0.6852999999999999 0.416383 0.71596 0.424096 0.72754 0.445027 0.71016 0.50891 0.66046 0.563963 0.6273200000000001
50 0.9951059999999999 0.98614 0.9951059999999999 0.59962 0.950266 0.5794 0.9114359999999999 0.55468 0.923378 0.5277200000000001 0.9323400000000001 0.50524 0.947287 0.47378 0.944309 0.44456 0.9173939999999999 0.42210000000000003 0.920399 0.4176 0.9084310000000001 0.40188 0.8815430000000001 0.40636 0.839707 0.40636 0.800851 0.40636 0.773963 0.42660000000000003 0.747074 0.44682 0.747074 0.45580000000000004 0.753059 0.5591799999999999 0.729149 0.56592 0.669388 0.58614 0.621569 0.6266 0.582713 0.72772 0.603644 0.79962 0.603644 0.83558 0.65742 0.87602 0.654441 0.91872 0.654441 0.9591799999999999 0.654441 0.98614 0.9951059999999999 0.98614
50 0.564787 0.6067400000000001 0.5588029999999999 0.6 0.588697 0.57304 0.603644 0.55956 0.603644 0.53034 0.570771 0.46516 0.49904299999999996 0.46068000000000003 0.433298 0.51686 0.478138 0.5618 0.47215399999999996 0.56404 0.439282 0.5865199999999999 0.40641 0.6359600000000001 0.40042600000000006 0.6786599999999999 0.39744699999999994 0.7483200000000001 0.41239400000000004 0.82472 0.41537199999999996 0.8764 0.41239400000000004 0.9528 0.42731399999999997 0.98426 0.48409599999999997 0.97978 0.618564 0.98876 0.594681 0.81348 0.588697 0.7505599999999999 0.594681 0.70112 0.621569 0.6269600000000001 0.588697 0.60898 0.564787 0.6067400000000001
50 0.359043 0.9478 0.377181 0.9614400000000001 0.377181 0.98054 0.39893599999999996 0.99282 0.411649 0.94916 0.41891000000000006 0.81956 0.400771 0.76908 0.39531900000000003 0.6804 0.41891000000000006 0.6149199999999999 0.424335 0.58762 0.467872 0.55898 0.46244700000000005 0.55352 0.431596 0.5166799999999999 0.42614399999999997 0.52488 0.36992 0.53032 0.348138 0.57126 0.37172900000000003 0.59172 0.351782 0.619 0.344521 0.6599400000000001 0.34632999999999997 0.69676 0.36085100000000003 0.7677200000000001 0.368112 0.8181799999999999 0.36446799999999996 0.9096000000000001 0.36446799999999996 0.91096 0.357207 0.95052 0.359043 0.9478
50 0.24625 0.84168 0.245027 0.85094 0.24071800000000002 0.85602 0.239495 0.86158 0.243803 0.8652799999999999 0.252394 0.86574 0.262872 0.86342 0.272713 0.85648 0.27763299999999996 0.84724 0.269016 0.8477 0.26470699999999997 0.83196 0.262872 0.81576 0.269016 0.80236 0.277021 0.8088200000000001 0.281941 0.8092999999999999 0.290559 0.80744 0.292394 0.80976 0.29670199999999997 0.81808 0.30101100000000003 0.83104 0.305319 0.8412200000000001 0.309016 0.85278 0.312101 0.85972 0.319468 0.8662000000000001 0.327473 0.8680599999999999 0.338537 0.86852 0.349628 0.86758 0.350239 0.85788 0.344096 0.8523200000000001 0.32992 0.8523200000000001 0.329309 0.84538 0.328697 0.8185399999999999 0.327473 0.8051200000000001 0.33547899999999997 0.8005 0.33239399999999997 0.78476 0.329309 0.7657999999999999 0.32133 0.74776 0.31577099999999997 0.71074 0.310851 0.7024 0.30409600000000003 0.69316 0.297926 0.6806599999999999 0.29670199999999997 0.6714 0.30039899999999997 0.65476 0.29978699999999997 0.63716 0.293005 0.62098 0.28502700000000003 0.60756 0.28132999999999997 0.6033999999999999 0.279468 0.5982999999999999 0.289947 0.59646 0.294255 0.5946 0.294867 0.59182 0.295479 0.58904 0.297926 0.58396 0.297926 0.5798 0.29609 0.56962 0.29670199999999997 0.56176 0.30654299999999995 0.5575800000000001 0.309628 0.55528 0.309016 0.5534199999999999 0.30039899999999997 0.5511 0.294867 0.54972 0.28747300000000003 0.5474 0.279468 0.5437000000000001 0.272713 0.54186 0.267793 0.54186 0.261622 0.54416 0.25609 0.54648 0.24994700000000003 0.54926 0.245638 0.55528 0.245638 0.56036 0.245638 0.5654600000000001 0.24441500000000002 0.56962 0.241941 0.57378 0.24010599999999999 0.57794 0.238883 0.58488 0.247553 0.59166 0.240452 0.6084400000000001 0.23640999999999998 0.61834 0.23436200000000001 0.62672 0.233351 0.6396799999999999 0.233351 0.66484 0.246543 0.6724600000000001 0.24146299999999998 0.6724600000000001 0.233351 0.7052200000000001 0.233351 0.71514 0.23640999999999998 0.7319 0.240452 0.73952 0.24449500000000002 0.74866 0.24348399999999998 0.75782 0.239441 0.77078 0.239441 0.78144 0.239441 0.79212 0.239441 0.8058200000000001 0.240452 0.81498 0.24449500000000002 0.82716 0.246543 0.83936 0.24625 0.84168
50 0.171383 0.60872 0.172234 0.6055 0.179096 0.58614 0.18340399999999998 0.5512999999999999 0.18340399999999998 0.5371 0.176543 0.52934 0.176543 0.5248400000000001 0.169681 0.51774 0.15766 0.5209600000000001 0.159362 0.53322 0.15593100000000001 0.53452 0.14992 0.56032 0.149069 0.6126 0.171383 0.61324 0.171383 0.60872
50 0.109574 0.5398999999999999 0.10484 0.5464199999999999 0.100904 0.5873999999999999 0.105638 0.6034400000000001 0.130106 0.60522 0.129335 0.56898 0.132473 0.5458200000000001 0.113537 0.53158 0.11117 0.53218 0.10484 0.53276 0.109574 0.5398999999999999
50 0.03752660106382979 0.7035800000000001 0.031542601063829785 0.6945800000000001 0.043510601063829785 0.6801799999999999 0.04710110106382979 0.64416 0.05547869946808511 0.58836 0.045904300531914896 0.57396 0.05547869946808511 0.56316 0.032739398936170214 0.54696 0.012393601063829788 0.55236 0.012393601063829788 0.5604600000000001 0.014787199468085105 0.57216 0.007606380319148937 0.58116 0.000425531914893617 0.6225599999999999 0.011196800531914896 0.70898 0.03872339893617021 0.70628 0.03752660106382979 0.7035800000000001
50 0.33752699999999997 0.6223 0.33811199999999997 0.61164 0.336968 0.6014400000000001 0.34715399999999996 0.5959 0.36244699999999996 0.5992999999999999 0.363564 0.6022799999999999 0.375479 0.58738 0.371516 0.5844 0.36414900000000006 0.5737599999999999 0.371516 0.56184 0.36585100000000004 0.55076 0.356223 0.55076 0.34489400000000003 0.55502 0.33867 0.5648200000000001 0.34148900000000004 0.57716 0.319415 0.58312 0.305824 0.59334 0.306968 0.601 0.32281899999999997 0.60484 0.324521 0.61846 0.319973 0.6389 0.33752699999999997 0.6223
50 0.251436 0.54892 0.271835 0.5408200000000001 0.264468 0.5387000000000001 0.271835 0.53232 0.267287 0.52976 0.26617 0.52508 0.25372300000000003 0.5229400000000001 0.24861699999999998 0.53018 0.251436 0.5387000000000001 0.24465399999999998 0.5519 0.251436 0.54892
50 0.665293 0.55524 0.660426 0.5589 0.6563829999999999 0.56652 0.653936 0.5766 0.65516 0.5821000000000001 0.6401330000000001 0.58972 0.634043 0.59094 0.62391 0.59674 0.606037 0.61414 0.608484 0.62086 0.621463 0.62758 0.625532 0.62452 0.619441 0.61872 0.625931 0.61262 0.63 0.61048 0.6320209999999999 0.60956 0.635665 0.6077400000000001 0.638112 0.61262 0.669761 0.58484 0.6933239999999999 0.5793400000000001 0.690878 0.57812 0.684787 0.57812 0.6823400000000001 0.57324 0.681144 0.56774 0.680718 0.56256 0.679521 0.55798 0.677473 0.55432 0.671809 0.55248 0.665293 0.55524
2 0.655878 0.8432799999999999 0.658697 0.86566 0.662952 0.8763 0.7011970000000001 0.83262 0.733803 0.7932 0.7479520000000001 0.78042 0.759282 0.7719 0.964707 0.5812 0.909468 0.55776 0.9023939999999999 0.55988 0.892473 0.56628 0.8712230000000001 0.58866 0.8386170000000001 0.61636 0.808883 0.6397999999999999 0.796117 0.65364 0.7777130000000001 0.67602 0.713963 0.7271599999999999 0.660133 0.80172 0.655878 0.8432799999999999
40 0.711383 0.28694 0.7179260000000001 0.28776 0.720106 0.2894 0.724468 0.29268 0.7266490000000001 0.29719999999999996 0.732101 0.29678 0.731569 0.2898 0.741941 0.29225999999999996 0.742473 0.29022000000000003 0.7386699999999999 0.2894 0.73758 0.28652 0.745745 0.28694 0.743032 0.28406 0.735931 0.28366 0.732101 0.28202 0.7353719999999999 0.27996 0.7353719999999999 0.27792 0.729388 0.27792 0.717394 0.27586 0.714654 0.28488 0.711383 0.28694
40 0.585133 0.40904 0.577128 0.41116 0.575878 0.41564 0.570878 0.41636 0.574628 0.41788 0.572128 0.42484 0.578697 0.42094 0.580585 0.42506 0.588271 0.41587999999999997 0.59109 0.41587999999999997 0.590293 0.40988 0.585133 0.40904
50 0.211223 0.6130599999999999 0.216489 0.6023 0.21742 0.58866 0.216489 0.58148 0.220771 0.56856 0.226968 0.55996 0.219335 0.55062 0.215053 0.53986 0.205505 0.54164 0.201197 0.55206 0.19930900000000001 0.55924 0.19930900000000001 0.57108 0.19883 0.58436 0.197872 0.5933200000000001 0.194043 0.60446 0.19499999999999998 0.6130599999999999 0.205505 0.60912 0.211223 0.6130599999999999
50 0.05699469946808511 0.6025 0.06545210106382979 0.60356 0.0743616994680851 0.60284 0.0757713005319149 0.59966 0.07529260106382979 0.59438 0.07250000000000001 0.5873200000000001 0.06920210106382979 0.5774400000000001 0.06920210106382979 0.56438 0.06968089893617022 0.55204 0.07109039893617021 0.5435599999999999 0.07109039893617021 0.53898 0.070133 0.5357999999999999 0.070133 0.53228 0.07343089893617022 0.5297999999999999 0.07390960106382978 0.52734 0.0729521010638298 0.5231 0.070133 0.52028 0.066383 0.51922 0.06356380053191489 0.51922 0.060771300531914894 0.51958 0.055611699468085106 0.52558 0.053723398936170216 0.53016 0.0485638005319149 0.53934 0.045265999999999994 0.54252 0.043404300531914894 0.5464 0.043404300531914894 0.54992 0.046675499999999995 0.5538 0.04904260106382978 0.55628 0.050904300531914894 0.55838 0.05183510106382979 0.56332 0.0504255 0.5672 0.04904260106382978 0.57038 0.04904260106382978 0.58096 0.054202101063829784 0.6014400000000001 0.05699469946808511 0.6025
36 0.309681 0.72446 0.319255 0.73424 0.334282 0.7327 0.34385599999999994 0.7265199999999999 0.354122 0.71316 0.346596 0.6936 0.346596 0.66172 0.34385599999999994 0.65658 0.318564 0.6972 0.309681 0.72446