50 0.276375 0.061986 0.280734 0.07441589953271027 0.281141 0.089229 0.277969 0.106425 0.276375 0.124182 0.280734 0.140771 0.282328 0.150257 0.284313 0.162103 0.286281 0.16803700000000002 0.297375 0.216612 0.300156 0.228481 0.306094 0.23203300000000002 0.308469 0.22906500000000002 0.31718799999999997 0.20537399999999997 0.320359 0.19469599999999998 0.325125 0.16922900000000002 0.32789100000000004 0.153808 0.329469 0.14493 0.328688 0.128925 0.329078 0.10997699999999999 0.32987500000000003 0.09574770093457943 0.329469 0.08212620093457944 0.330266 0.0708645 0.336609 0.057243 0.338187 0.054859799065420566 0.336219 0.04894860046728972 0.328281 0.047172899532710276 0.320766 0.04420560046728972 0.316 0.03591120093457944 0.301734 0.01457939953271028 0.293812 0.01042060046728972 0.285891 0.008644859813084112 0.282719 0.007476640186915888 0.282719 0.006869158878504673 0.269641 0.03058410046728972 0.276375 0.061986
50 0.322187 0.18850499999999998 0.3295 0.18850499999999998 0.366906 0.16394899999999998 0.398828 0.148949 0.416172 0.170771 0.419813 0.143481 0.445359 0.138037 0.43259400000000003 0.05343460046728972 0.41707799999999995 0.04252339953271028 0.416172 0.005700929906542056 0.365984 0.0015887897196261683 0.36324999999999996 0.019345799065420558 0.359594 0.03434579906542056 0.33496899999999996 0.050724299065420565 0.322187 0.18850499999999998
50 0.224797 0.17689300000000002 0.242422 0.188201 0.265094 0.212056 0.274328 0.214556 0.266766 0.15429900000000002 0.24998399999999998 0.07773360046728972 0.230672 0.0563785 0.209672 0.07271029906542056 0.20212500000000003 0.101565 0.18701600000000002 0.117897 0.179453 0.18317799999999998 0.224797 0.17689300000000002
36 0.34084400000000004 0.06747660046728972 0.34156200000000003 0.135514 0.335156 0.150397 0.325922 0.18229 0.320953 0.18654199999999999 0.315266 0.202477 0.331609 0.188668 0.367156 0.16420600000000002 0.35293800000000003 0.038785 0.344406 0.046215 0.34084400000000004 0.06747660046728972
38 0.5440159999999999 0.6539250000000001 0.584594 0.6876399999999999 0.604125 0.746075 0.6161559999999999 0.788762 0.647703 0.808995 0.7123280000000001 0.842687 0.790484 0.8494389999999999 0.858109 0.8606779999999999 0.880641 0.8539249999999999 0.897172 0.7415649999999999 0.8731249999999999 0.658435 0.796484 0.579766 0.713828 0.49439299999999997 0.6867810000000001 0.5101169999999999 0.611641 0.532593 0.5755779999999999 0.555047 0.551531 0.6112380000000001 0.5440159999999999 0.6539250000000001
38 0.351016 0.450794 0.355203 0.46579400000000004 0.38110900000000003 0.492033 0.439609 0.519533 0.5031410000000001 0.535771 0.586719 0.537033 0.675312 0.504533 0.673641 0.482033 0.666109 0.43329399999999996 0.637687 0.355818 0.627672 0.33207899999999996 0.581703 0.320818 0.564984 0.278341 0.546594 0.252079 0.529047 0.23457899999999998 0.48724999999999996 0.232079 0.45549999999999996 0.237079 0.41454700000000005 0.257079 0.383625 0.285841 0.356031 0.33207899999999996 0.33431299999999997 0.383318 0.351016 0.450794
50 0.163047 0.107336 0.166813 0.12703299999999998 0.183125 0.09700929906542055 0.183125 0.07261679906542055 0.17746900000000002 0.054789700934579445 0.163047 0.0500935 0.162406 0.02476639953271028 0.153 0.001308408878504673 0.137313 0 0.114094 0.01350470093457944 0.11975 0.02757010046728972 0.123516 0.04446260046728972 0.131047 0.051986000000000004 0.102797 0.07918220093457945 0.10154700000000001 0.107336 0.163047 0.107336
50 0.8243280000000001 0.05392520093457944 0.8416560000000001 0.06348129906542056 0.862641 0.07574770093457943 0.881797 0.08668220093457943 0.9073439999999999 0.08257010046728973 0.9037029999999999 0.052570100467289715 0.899141 0.02392520093457944 0.881797 0.002079439252336449 0.830703 0.002079439252336449 0.8197660000000001 0.011635499999999998 0.808812 0.028014 0.8069839999999999 0.04983639953271028 0.8106410000000001 0.066215 0.8243280000000001 0.05392520093457944
38 0.0918281 1 0.140328 0.9756539999999999 0.147266 0.936799 0.185375 0.931612 0.20443699999999998 0.786519 0.190578 0.6414489999999999 0.143797 0.597407 0.08489060000000001 0.558551 0 0.568902 0.0052031296875 1 0.0918281 1
38 0.967844 0.476893 0.9723280000000001 0.45967300000000005 0.9659380000000001 0.440514 0.9512029999999999 0.403178 0.9313589999999999 0.33042099999999996 0.918562 0.31799099999999997 0.9038280000000001 0.308411 0.887187 0.29404199999999997 0.874375 0.28542100000000004 0.8321249999999999 0.270117 0.827 0.250958 0.8090780000000001 0.231822 0.7828280000000001 0.224159 0.7604219999999999 0.23278000000000001 0.745703 0.257664 0.736734 0.271075 0.6996089999999999 0.272033 0.682953 0.256706 0.653516 0.23469600000000002 0.633016 0.23565399999999997 0.613812 0.23948599999999998 0.5958910000000001 0.25 0.584375 0.263411 0.562594 0.274907 0.568359 0.29021 0.580531 0.31415899999999997 0.598453 0.319883 0.631109 0.338084 0.657984 0.407009 0.670156 0.434766 0.682312 0.443388 0.705359 0.461565 0.753375 0.478808 0.822531 0.49222000000000005 0.858375 0.485514 0.8833439999999999 0.47785 0.8910310000000001 0.48264 0.9352029999999999 0.483598 0.961453 0.483598 0.967844 0.476893
38 0.527578 0.751402 0.5250779999999999 0.750654 0.518844 0.759626 0.511109 0.79507 0.509859 0.8036449999999999 0.5330619999999999 0.8055140000000001 0.532062 0.7607240000000001 0.527578 0.751776 0.527578 0.751402
38 0.262062 0.486495 0.26725 0.491495 0.297609 0.492593 0.30131199999999997 0.492033 0.302063 0.484276 0.30131199999999997 0.472103 0.292422 0.45771 0.274656 0.447173 0.249828 0.44329399999999997 0.24465599999999998 0.458808 0.24798399999999998 0.475981 0.262062 0.486495
38 0.255312 0.835257 0.28167200000000003 0.864813 0.314609 0.8820560000000001 0.321203 0.8796029999999999 0.49579700000000004 0.8525 0.510625 0.921472 0.5666249999999999 0.946098 0.5995619999999999 0.928855 0.617687 0.8475699999999999 0.5995619999999999 0.7490650000000001 0.568266 0.677617 0.525453 0.611121 0.489203 0.571706 0.446375 0.5273829999999999 0.370609 0.5396960000000001 0.31625000000000003 0.5840420000000001 0.26684399999999997 0.613598 0.242141 0.6800930000000001 0.235547 0.763832 0.255312 0.835257
38 0.046234399999999995 0.340748 0.0379844 0.38271 0.0148594 0.434579 0 0.461729 0.0016562500000000002 0.553084 0.0148594 0.5555610000000001 0.0594375 0.5555610000000001 0.138703 0.59507 0.179984 0.6074069999999999 0.262547 0.597523 0.308781 0.5703739999999999 0.355016 0.5432009999999999 0.359969 0.501238 0.333547 0.402477 0.255938 0.333341 0.146953 0.283949 0.0610938 0.34567800000000004 0.046234399999999995 0.340748