76 0.279609 0.6324369999999999 0.49824999999999997 0.520521 0.490437 0.44372900000000004 0.49225 0.351938 0.493438 0.348771 0.491656 0.321917 0.487516 0.250792 0.236266 0.291104 0.244563 0.398542 0.244563 0.42541700000000005 0.23567200000000002 0.42856299999999997 0.239812 0.526542 0.24929700000000002 0.533646 0.256406 0.621354 0.279609 0.6324369999999999
26 0.37578100000000003 0.902958 0.394422 0.9037919999999999 0.40870300000000004 0.884729 0.41492199999999996 0.799417 0.406219 0.787 0.386969 0.784521 0.366469 0.784521 0.350312 0.796937 0.350938 0.8135 0.352187 0.807708 0.359641 0.888042 0.37578100000000003 0.902958
62 0.210875 0.807333 0.224437 0.8204999999999999 0.24362499999999998 0.837562 0.24265599999999998 0.844812 0.245766 0.853854 0.253125 0.85825 0.259328 0.860833 0.263797 0.856958 0.267281 0.847917 0.264766 0.844021 0.253328 0.837562 0.248125 0.836021 0.245766 0.832896 0.240781 0.828583 0.224609 0.812917 0.21079699999999998 0.801167 0.20514100000000002 0.802667 0.210875 0.807333
42 0.512063 0.539104 0.702953 0.525896 0.699344 0.5115000000000001 0.657922 0.457458 0.657922 0.30379199999999995 0.652531 0.298979 0.494047 0.30139600000000005 0.49134399999999995 0.30018700000000004 0.50125 0.507896 0.512063 0.539104
39 0.508984 0.777521 0.655625 0.6651670000000001 0.5696559999999999 0.6179790000000001 0.417984 0.725833 0.507297 0.782021 0.508984 0.777521
52 0.388125 0.267333 0.386953 0.250333 0.35914100000000004 0.261146 0.35914100000000004 0.233333 0.340594 0.231792 0.326688 0.245688 0.315094 0.250333 0.294219 0.250333 0.26640600000000003 0.236417 0.249016 0.236417 0.243219 0.267333 0.22931200000000002 0.267333 0.23046899999999998 0.29670799999999997 0.209609 0.29206299999999996 0.19570300000000002 0.29206299999999996 0.196859 0.31525 0.198016 0.338438 0.204969 0.356979 0.21307800000000002 0.375521 0.22120299999999998 0.392521 0.227 0.41725 0.22120299999999998 0.438896 0.232797 0.46825 0.240906 0.458979 0.235109 0.415708 0.24670299999999998 0.414167 0.23859400000000003 0.29670799999999997 0.388125 0.267333
39 0.661484 0.490958 0.641141 0.46129200000000004 0.509531 0.47104199999999996 0.522578 0.500708 0.661484 0.490958
50 0.8688750000000001 0.29210400000000003 0.868313 0.289458 0.8677339999999999 0.285271 0.867453 0.28070799999999996 0.8685940000000001 0.274625 0.869156 0.270458 0.869734 0.26475 0.8688750000000001 0.26018800000000003 0.8677339999999999 0.257146 0.866875 0.254125 0.860328 0.248417 0.855766 0.248417 0.8506410000000001 0.252604 0.848641 0.26095799999999997 0.8494999999999999 0.272354 0.847781 0.275771 0.844656 0.277292 0.837813 0.281479 0.835812 0.290979 0.8688750000000001 0.29210400000000003
26 0.261656 0.713125 0.258062 0.6997289999999999 0.257344 0.713125 0.248734 0.716 0.232938 0.7226870000000001 0.21642199999999998 0.725562 0.197031 0.714083 0.200625 0.798333 0.204937 0.802146 0.21426599999999998 0.805021 0.230063 0.805021 0.257344 0.799292 0.265969 0.791625 0.261656 0.713125
26 0.294578 0.8029170000000001 0.310234 0.8119999999999999 0.32454700000000003 0.816542 0.335094 0.807917 0.337828 0.7906669999999999 0.341234 0.7507079999999999 0.343953 0.7271040000000001 0.343609 0.709854 0.331359 0.7016880000000001 0.314672 0.700313 0.292875 0.7025830000000001 0.278922 0.713479 0.277547 0.723479 0.277547 0.7289169999999999 0.278578 0.738917 0.279594 0.749813 0.281984 0.772062 0.289812 0.8033750000000001 0.294578 0.8029170000000001
45 0.43779700000000005 0.812021 0.45171900000000004 0.812583 0.466062 0.8027289999999999 0.466062 0.789396 0.456062 0.761583 0.44518800000000003 0.755208 0.43475 0.7523129999999999 0.42910899999999996 0.7586879999999999 0.414766 0.7609999999999999 0.41345299999999996 0.7725829999999999 0.419109 0.790563 0.430844 0.810271 0.43779700000000005 0.812021