21 0.893474 0.525186 0.9 0.523697 0.9041939999999999 0.522655 0.907345 0.524342 0.909231 0.526427 0.911538 0.528536 0.914268 0.528734 0.9148879999999999 0.504591 0.909231 0.502084 0.891166 0.5029279999999999 0.8901239999999999 0.506501 0.889082 0.52727 0.893474 0.525186
34 0.46017399999999997 0.277543 0.446923 0.279181 0.435335 0.2767 0.41794000000000003 0.282506 0.40799 0.28746900000000003 0.398065 0.29409399999999997 0.393077 0.29409399999999997 0.38067 0.29409399999999997 0.383151 0.31067 0.385633 0.318933 0.382333 0.330546 0.372382 0.342953 0.35995000000000005 0.357866 0.34421799999999997 0.375261 0.33759300000000003 0.384367 0.333449 0.404243 0.335931 0.415012 0.35498799999999997 0.410868 0.369082 0.404243 0.384814 0.38769200000000004 0.393077 0.368635 0.389777 0.396799 0.39143900000000004 0.41915600000000003 0.39473899999999995 0.438213 0.398065 0.45642699999999997 0.400546 0.476303 0.403027 0.492035 0.40635200000000005 0.507792 0.41047100000000003 0.51938 0.412134 0.520199 0.425112 0.560199 0.425112 0.581886 0.42873399999999995 0.608362 0.42029800000000006 0.628834 0.414268 0.646898 0.413077 0.678213 0.41067000000000004 0.713151 0.417891 0.7600990000000001 0.418313 0.793945 0.42362299999999997 0.8247639999999999 0.43 0.850273 0.431067 0.868337 0.427891 0.8949130000000001 0.42682400000000004 0.9161790000000001 0.418313 0.950199 0.414069 0.975707 0.41300200000000004 0.996973 0.456576 0.996973 0.46084400000000003 0.936377 0.46295299999999995 0.903424 0.48421800000000004 0.837519 0.49166299999999996 0.882159 0.50866 0.9161790000000001 0.519305 0.936377 0.517171 0.9587100000000001 0.523548 0.983151 0.524615 1 0.6558060000000001 0.997568 0.658486 0.963027 0.647667 0.942928 0.646104 0.885757 0.660025 0.8424809999999999 0.663002 0.7764759999999999 0.6696279999999999 0.729256 0.6646650000000001 0.691166 0.6646650000000001 0.6688090000000001 0.65804 0.64727 0.644789 0.607519 0.61995 0.57273 0.600893 0.556998 0.58268 0.53794 0.573573 0.529653 0.557246 0.5166 0.5430269999999999 0.502357 0.533896 0.49325100000000005 0.521365 0.467047 0.506551 0.438561 0.499156 0.43173700000000004 0.483772 0.432283 0.46952900000000003 0.43173700000000004 0.45642699999999997 0.43173700000000004 0.45074400000000003 0.431166 0.447891 0.419752 0.45074400000000003 0.40553300000000003 0.45528499999999994 0.388437 0.45871 0.37533500000000003 0.476377 0.35938 0.48548399999999997 0.351414 0.49516099999999996 0.32861 0.5094040000000001 0.310397 0.519653 0.308114 0.529355 0.290447 0.527072 0.28019900000000003 0.519082 0.273375 0.5020100000000001 0.262531 0.499156 0.264243 0.49910699999999997 0.26263 0.478387 0.2734 0.46017399999999997 0.277543
50 0.525558 0.447916 0.523275 0.453251 0.533176 0.473077 0.5308930000000001 0.48831300000000005 0.537742 0.495931 0.548412 0.498238 0.552233 0.500521 0.5567989999999999 0.515757 0.56062 0.526427 0.5849880000000001 0.53861 0.6116630000000001 0.566055 0.633002 0.5919599999999999 0.65206 0.55005 0.6703469999999999 0.5355829999999999 0.651315 0.45173700000000006 0.627667 0.444888 0.626923 0.419727 0.57129 0.392283 0.543846 0.402953 0.525558 0.425062 0.529355 0.447171 0.525558 0.447916
50 0.225484 0.695112 0.37871 0.693449 0.324864 0.6106199999999999 0.301687 0.572531 0.28511200000000003 0.551836 0.268561 0.551836 0.242035 0.55928 0.22962799999999997 0.570868 0.228784 0.589926 0.218859 0.601514 0.219677 0.656179 0.225484 0.695112
50 0.216179 0.56727 0.217469 0.56727 0.22392099999999998 0.56598 0.234218 0.561464 0.23938 0.555682 0.25416900000000003 0.553102 0.270273 0.553747 0.281216 0.553747 0.288958 0.552457 0.291514 0.541514 0.290868 0.52928 0.288313 0.516402 0.285732 0.500943 0.286377 0.49 0.28508700000000003 0.477767 0.278635 0.472605 0.270273 0.464243 0.246452 0.45330000000000004 0.230347 0.454591 0.217469 0.468759 0.216179 0.56727
50 0.03858560049627791 0.44523599999999997 0 0.44523599999999997 0.011612900744416873 0.721638 0.08578160049627792 0.7081639999999999 0.137444 0.705906 0.137444 0.667717 0.13072 0.611538 0.09699750124069478 0.564342 0.04307690074441688 0.55536 0.07004960049627791 0.481191 0.03858560049627791 0.44297800000000004 0.03858560049627791 0.44523599999999997
50 0.828635 0.645955 0.81268 0.634268 0.828635 0.615136 0.8307690000000001 0.5874940000000001 0.831836 0.571538 0.829702 0.550273 0.820124 0.543896 0.788238 0.54072 0.7754840000000001 0.55134 0.766973 0.5662280000000001 0.7659309999999999 0.61938 0.77335 0.62469 0.781861 0.632134 0.778685 0.645955 0.774417 0.6491319999999999 0.820124 0.643821 0.828635 0.645955
50 0.770422 0.561663 0.7831760000000001 0.538288 0.831017 0.545211 0.826774 0.613747 0.8182630000000001 0.636079 0.82995 0.6466999999999999 0.9670719999999999 0.631811 0.960695 0.613747 0.935186 0.5595289999999999 0.928809 0.553151 0.9192560000000001 0.538288 0.913921 0.520199 0.918189 0.502134 0.910744 0.5 0.910744 0.48938 0.917122 0.48406899999999997 0.910744 0.470248 0.914988 0.45962800000000004 0.9192560000000001 0.433052 0.900099 0.429851 0.883102 0.42029800000000006 0.855459 0.419231 0.838462 0.433052 0.81402 0.45642699999999997 0.7991320000000001 0.45642699999999997 0.7831760000000001 0.477692 0.7682880000000001 0.529777 0.770422 0.561663
50 0.303896 0.436551 0.298015 0.410918 0.295087 0.388189 0.278238 0.367667 0.253325 0.354491 0.23134 0.36034700000000003 0.215955 0.380868 0.20935500000000004 0.42776700000000006 0.214491 0.47831299999999993 0.235732 0.45707200000000003 0.257717 0.461464 0.278983 0.477593 0.287767 0.505434 0.287767 0.46292800000000006 0.295831 0.4534 0.313424 0.448288 0.303896 0.436551
50 0.327047 0.43895799999999996 0.321737 0.441067 0.300521 0.45272999999999997 0.29310200000000003 0.465459 0.292035 0.487742 0.292035 0.5131760000000001 0.286725 0.5481889999999999 0.324913 0.623499 0.33871 0.606526 0.391737 0.577891 0.40022300000000005 0.537593 0.38218399999999997 0.514243 0.37900700000000004 0.482432 0.357792 0.43789100000000003 0.32598000000000005 0.43682400000000005 0.327047 0.43895799999999996
13 0.526551 0.29188600000000003 0.531712 0.276476 0.555682 0.273027 0.610521 0.219926 0.607097 0.189082 0.567692 0.17022299999999999 0.5145660000000001 0.228486 0.504293 0.25933 0.526551 0.29188600000000003
50 0.9995040000000001 0.569628 1 0.463499 0.989107 0.469752 0.9807939999999999 0.477022 0.9734989999999999 0.494715 0.9703970000000001 0.506154 0.9703970000000001 0.517593 0.9880650000000001 0.567543 0.9995040000000001 0.569628