78 0.404146 0.989391 0.397208 0.9088749999999999 0.407604 0.82575 0.407604 0.7712030000000001 0.39375 0.753031 0.27254199999999995 0.7478279999999999 0.269083 0.7712030000000001 0.269083 0.823156 0.269083 0.911469 0.255229 0.9971880000000001 0.404146 0.9997809999999999 0.404146 0.989391
78 0.122333 0.99175 0.11775000000000001 0.9437659999999999 0.12460399999999999 0.883797 0.126896 0.81525 0.126896 0.792969 0.0994792 0.79125 0.0812083 0.763828 0.0515 0.789531 0.0377917 0.789531 0.0309375 0.839234 0.0240833 0.8992190000000001 0.0172292 0.9454840000000001 0.005791670833333333 0.9883279999999999 0.0172292 0.984891 0.0606458 0.9900309999999999 0.122333 0.99175
78 0.038375000000000006 0.726063 0.117729 0.728297 0.158396 0.5832189999999999 0.163354 0.549 0.027458299999999998 0.543797 0.0195208 0.553469 0.0175417 0.569094 0.027458299999999998 0.5780160000000001 0.0393542 0.720109 0.038375000000000006 0.726063
78 0.704521 0.663859 0.696292 0.6550469999999999 0.5788329999999999 0.654172 0.577667 0.901703 0.7103959999999999 0.901703 0.704521 0.663859
78 0.8155629999999999 0.746375 0.8629370000000001 0.9914529999999999 0.867833 0.998812 0.9593330000000001 1 0.977313 0.996359 0.9985630000000001 0.843172 0.9985630000000001 0.742687 0.98875 0.746375 0.827 0.745141 0.8155629999999999 0.746375
78 0.8029580000000001 0.48545299999999997 0.8089379999999999 0.521266 0.826833 0.5891409999999999 0.829812 0.610766 0.831812 0.624188 0.837771 0.638359 0.864625 0.709969 0.900438 0.714453 0.952146 0.711469 0.967063 0.7069840000000001 0.982979 0.634641 0.9909370000000001 0.572719 0.9949169999999999 0.539906 0.997896 0.515297 1 0.47800000000000004 0.979 0.457859 0.8904789999999999 0.463078 0.9839789999999999 0.465313 0.818875 0.465313 0.8029580000000001 0.48545299999999997
78 0.835229 0.394516 0.958458 0.396687 0.936729 0.177047 0.929479 0.174875 0.8279789999999999 0.178125 0.838125 0.383641 0.835229 0.394516
78 0.6594169999999999 0.35653100000000004 0.6683749999999999 0.343094 0.676042 0.321984 0.678604 0.318141 0.6837289999999999 0.292219 0.685 0.278781 0.685 0.260547 0.692688 0.23271899999999998 0.7080420000000001 0.18568800000000002 0.7170000000000001 0.158812 0.7080420000000001 0.145375 0.6683749999999999 0.136734 0.603104 0.136734 0.550625 0.139609 0.522479 0.14440599999999998 0.51225 0.180891 0.532708 0.228875 0.546792 0.251906 0.572396 0.35653100000000004 0.6594169999999999 0.35653100000000004
78 0.384417 0.698703 0.41212499999999996 0.610391 0.44675 0.454547 0.387875 0.44156300000000004 0.311688 0.467531 0.242417 0.459734 0.23895799999999998 0.514281 0.256271 0.6779219999999999 0.301292 0.7065 0.297833 0.711688 0.384417 0.698703
78 0.40172899999999995 0.389609 0.394812 0.176625 0.342854 0.176625 0.297833 0.179219 0.270125 0.18701600000000002 0.270125 0.2935 0.266667 0.384422 0.363646 0.389609 0.40172899999999995 0.389609
78 0.10800000000000001 0.280078 0.111875 0.278641 0.117688 0.278641 0.11962500000000001 0.285891 0.148646 0.278641 0.166042 0.220594 0.197 0.11612499999999999 0.18927100000000002 0.10306200000000001 0.185396 0.09290620000000001 0.166042 0.09435940000000001 0.150562 0.10306200000000001 0.10220800000000001 0.10306200000000001 0.0828542 0.10306200000000001 0.06931250000000001 0.10160899999999999 0.0731875 0.252516 0.0809167 0.278641 0.0828542 0.28153100000000003 0.10800000000000001 0.285891 0.10800000000000001 0.280078
78 0.283313 0.104328 0.294917 0.152219 0.376188 0.14640599999999998 0.39552099999999996 0.0811094 0.401333 0.0506406 0.436167 0.0042031296874999995 0.2485 0.0013124999999999999 0.265896 0.0419375 0.283313 0.104328
78 0.150104 0.31925 0.146271 0.307797 0.0612917 0.310656 0.0546042 0.331437 0.0460208 0.46893799999999997 0.0479167 0.47609399999999996 0.145313 0.46893799999999997 0.150104 0.31925