10 0.183188 0.48975 0.19760899999999998 0.505354 0.180484 0.519771 0.17868699999999998 0.530583 0.187703 0.5257919999999999 0.198516 0.526979 0.203016 0.529396 0.203016 0.524583 0.202109 0.50175 0.212031 0.500563 0.224641 0.500563 0.268797 0.518583 0.27599999999999997 0.514979 0.22825 0.46812499999999996 0.199406 0.428479 0.185 0.410458 0.161562 0.390021 0.16067199999999998 0.391229 0.142641 0.40325 0.127328 0.40443799999999996 0.135438 0.412854 0.14804699999999998 0.426062 0.15075 0.43447899999999995 0.15075 0.45489599999999997 0.163375 0.480125 0.184094 0.49814600000000003 0.183188 0.48975
10 0 0.509687 0.0112969 0.524729 0.016125 0.522583 0.038703100000000004 0.490312 0.058062499999999996 0.48816699999999996 0.0629062 0.47312499999999996 0.0725781 0.455917 0.0548438 0.438708 0.0467813 0.445167 0.033875 0.453771 0.0241875 0.462375 0.0064531203125 0.464521 0.0112969 0.453771 0 0.462375 0 0.509687
10 0.18459399999999998 0.373125 0.189219 0.369417 0.189219 0.373729 0.190141 0.37989599999999996 0.191984 0.383583 0.194766 0.39037499999999997 0.181812 0.400854 0.172578 0.399 0.182281 0.406396 0.18598399999999998 0.403937 0.198 0.394687 0.20400000000000001 0.401458 0.20909399999999997 0.405167 0.216938 0.405771 0.218797 0.408854 0.21185900000000002 0.414396 0.21601599999999999 0.41564599999999996 0.220641 0.41564599999999996 0.226187 0.41564599999999996 0.22665600000000002 0.41070799999999996 0.22989099999999998 0.41070799999999996 0.240984 0.41564599999999996 0.24421900000000002 0.41316699999999995 0.24004699999999998 0.402083 0.233578 0.39283300000000004 0.23173400000000002 0.381125 0.22989099999999998 0.366333 0.224797 0.35770799999999997 0.218328 0.346625 0.21140599999999998 0.342313 0.204922 0.33675 0.194297 0.334917 0.187359 0.338 0.181812 0.34722899999999995 0.183672 0.355854 0.182281 0.373125 0.18459399999999998 0.373125
3 0.391688 0.67725 0.390219 0.669438 0.37925 0.6528539999999999 0.364609 0.635292 0.316297 0.624563 0.282625 0.6294369999999999 0.24603100000000003 0.644062 0.22332800000000003 0.6635829999999999 0.22406199999999998 0.671396 0.256281 0.676271 0.27749999999999997 0.669438 0.303859 0.6675 0.33751600000000004 0.6675 0.364609 0.675312 0.388031 0.682125 0.391688 0.67725
3 0.503937 0.619854 0.505625 0.619854 0.508984 0.617604 0.519094 0.606375 0.549438 0.604125 0.6117969999999999 0.604125 0.621906 0.599625 0.615172 0.581646 0.5915779999999999 0.583896 0.564609 0.5793959999999999 0.5443749999999999 0.5793959999999999 0.5140469999999999 0.583896 0.49887499999999996 0.608604 0.503937 0.619854
3 0.347719 0.613708 0.360234 0.6214999999999999 0.391953 0.6159370000000001 0.421172 0.589229 0.427844 0.579208 0.429516 0.5580630000000001 0.417828 0.54025 0.404469 0.529125 0.394453 0.54025 0.393625 0.563625 0.386937 0.5703119999999999 0.346875 0.6037079999999999 0.347719 0.613708
3 0.198687 0.521042 0.18375 0.5002289999999999 0.16581300000000002 0.490938 0.11203099999999999 0.499792 0.0745156 0.503333 0.0293594 0.515729 0 0.529 0.000484375 0.583458 0.0210625 0.593625 0.0788281 0.589646 0.0877969 0.585667 0.0907813 0.5750419999999999 0.0970938 0.570167 0.128641 0.552896 0.133609 0.539188 0.17478100000000002 0.541833 0.198687 0.521042
10 0.388281 0.47454199999999996 0.402578 0.497729 0.418719 0.532521 0.423688 0.5615 0.42306299999999997 0.536667 0.437984 0.543292 0.44543699999999997 0.543292 0.458484 0.5623330000000001 0.46903100000000003 0.5606880000000001 0.452891 0.533354 0.462203 0.526729 0.46593799999999996 0.5151249999999999 0.461578 0.499396 0.463453 0.491937 0.462203 0.484479 0.457234 0.478688 0.448531 0.47952100000000003 0.44170299999999996 0.47952100000000003 0.42742199999999997 0.472875 0.425547 0.448875 0.42120300000000005 0.448042 0.411266 0.444729 0.40070300000000003 0.440583 0.39201600000000003 0.444729 0.38704700000000003 0.448042 0.378969 0.454667 0.388281 0.47454199999999996
3 0.173875 0.489854 0.156469 0.465458 0.11584399999999999 0.473187 0.08325 0.483896 0.0805781 0.492229 0.0890625 0.502938 0.12745299999999998 0.495208 0.173875 0.489854
3 0.499531 0.5750620000000001 0.494203 0.5550630000000001 0.488406 0.5415 0.471938 0.530542 0.45548400000000006 0.535062 0.46420300000000003 0.558292 0.44775 0.540208 0.441453 0.544729 0.425484 0.5395629999999999 0.425969 0.547958 0.44920299999999996 0.5595829999999999 0.45548400000000006 0.583458 0.46081300000000003 0.601521 0.475812 0.608625 0.47435900000000003 0.607333 0.494203 0.591187 0.499531 0.5750620000000001
10 0.6520940000000001 0.539146 0.65025 0.5332709999999999 0.652828 0.5244380000000001 0.658344 0.517062 0.660922 0.518042 0.659094 0.5273749999999999 0.661297 0.529833 0.671609 0.540146 0.676391 0.535729 0.674188 0.5332709999999999 0.667922 0.528354 0.666453 0.5229579999999999 0.6705 0.5156040000000001 0.69075 0.49056299999999997 0.695156 0.474375 0.697 0.459646 0.704734 0.44785400000000003 0.714313 0.44539599999999996 0.714313 0.439521 0.709891 0.437062 0.704734 0.434125 0.6962659999999999 0.427729 0.688172 0.427729 0.680813 0.429208 0.676016 0.434125 0.667188 0.446875 0.657609 0.45425 0.6450940000000001 0.464542 0.624484 0.483687 0.623016 0.491542 0.620437 0.497917 0.605703 0.505292 0.594297 0.514604 0.606812 0.518042 0.6171249999999999 0.516583 0.63 0.511667 0.634422 0.513625 0.646938 0.525417 0.6450940000000001 0.542583 0.6520940000000001 0.539146