18 0.568516 0.378771 0.5633589999999999 0.37914600000000004 0.562109 0.38229199999999997 0.560156 0.384333 0.5586249999999999 0.38879199999999997 0.560016 0.389729 0.560859 0.38731299999999996 0.562812 0.387875 0.563094 0.390646 0.576328 0.38991699999999996 0.576328 0.386188 0.574094 0.38379199999999997 0.572562 0.378771 0.567547 0.378396 0.568516 0.378771
18 0.561188 0.373125 0.560438 0.375729 0.560109 0.37775 0.5587030000000001 0.379479 0.558047 0.380771 0.5572969999999999 0.381792 0.5572969999999999 0.38395799999999997 0.5583750000000001 0.38425 0.560547 0.38395799999999997 0.560438 0.383667 0.561516 0.383083 0.5622659999999999 0.381792 0.563141 0.379042 0.5726720000000001 0.378604 0.573422 0.378896 0.573422 0.380771 0.573859 0.381646 0.5747340000000001 0.381792 0.5747340000000001 0.380625 0.5747340000000001 0.379042 0.57375 0.377896 0.572562 0.377021 0.5699690000000001 0.373125 0.561516 0.373708 0.561188 0.373125
18 0.5048440000000001 0.3725 0.511625 0.382042 0.515406 0.390604 0.527469 0.40920799999999996 0.529359 0.413229 0.5346409999999999 0.411708 0.5335 0.377021 0.523703 0.368979 0.505594 0.369979 0.5048440000000001 0.3725
16 0 0.41775 0.0663906 0.370563 0.0765 0.339104 0.0765 0.276167 0.110219 0.244708 0.138875 0.24695799999999998 0.177625 0.278417 0.164141 0.361563 0.20290599999999998 0.397521 0.266953 0.521125 0.27706200000000003 0.460437 0.287188 0.354833 0.282125 0.22225 0.031 0 0 0.0020208291666666666 0 0.41775
9 0.300031 0.619229 0.294734 0.6288750000000001 0.292813 0.641083 0.29135900000000003 0.684125 0.295703 0.722021 0.308234 0.732313 0.333766 0.736812 0.336656 0.748375 0.3275 0.781125 0.325094 0.8106880000000001 0.3275 0.8691460000000001 0.333281 0.8877710000000001 0.337141 0.913479 0.345812 0.9417500000000001 0.357375 0.953958 0.36990599999999996 0.948813 0.380984 0.926979 0.383875 0.8865 0.384359 0.8652920000000001 0.396891 0.8318960000000001 0.404594 0.8338129999999999 0.408938 0.8338129999999999 0.415672 0.822896 0.4205 0.8016869999999999 0.41904700000000006 0.772792 0.41326599999999997 0.772792 0.40121900000000005 0.751583 0.394953 0.7246039999999999 0.395437 0.6648540000000001 0.397844 0.6108750000000001 0.308234 0.608313 0.300031 0.619229
9 0.453469 0.695646 0.453469 0.689729 0.45792200000000005 0.679354 0.46014099999999997 0.663042 0.466812 0.6452500000000001 0.46903100000000003 0.618563 0.47014100000000003 0.60225 0.465703 0.5815 0.456797 0.5815 0.45792200000000005 0.562229 0.454578 0.532562 0.46125 0.499958 0.44457800000000003 0.499958 0.43234399999999995 0.498479 0.42121899999999995 0.501437 0.424563 0.5296040000000001 0.41676599999999997 0.55925 0.422328 0.5815 0.4252403546875 0.5815705916666667 0.424563 0.577042 0.4253742171875 0.5815738354166666 0.434375 0.581792 0.446797 0.5859380000000001 0.4265727640625 0.5882694833333333 0.44227612031249997 0.6759957895833334 0.45235900000000007 0.695646 0.453469 0.695646
73 0.435687 0.0558125 0.43535899999999994 0.0702917 0.477187 0.066875 0.47559399999999996 0.0004583333333333333 0.42929700000000004 0.0004583333333333333 0.431203 0.0545208 0.435687 0.0558125
73 0.690609 0.240958 0.7168910000000001 0.23681300000000002 0.714219 0.16675 0.690156 0.172083 0.690609 0.240958
50 0.7787189999999999 0.46508299999999997 0.787156 0.469604 0.792234 0.451583 0.804047 0.45608299999999996 0.804047 0.429062 0.8006719999999999 0.395271 0.797297 0.386271 0.7820940000000001 0.361479 0.763516 0.347979 0.768578 0.366 0.766891 0.375 0.758453 0.42004199999999997 0.768578 0.413292 0.773656 0.462833 0.7787189999999999 0.46508299999999997
50 0.393766 0.710812 0.396953 0.731021 0.39775 0.7352709999999999 0.398547 0.736333 0.400953 0.745896 0.404141 0.752271 0.404141 0.758646 0.404141 0.766104 0.408922 0.770354 0.416891 0.766104 0.418484 0.762896 0.420078 0.762896 0.424062 0.761833 0.424062 0.758646 0.42326600000000003 0.7554579999999999 0.424062 0.754396 0.42884399999999995 0.7501459999999999 0.429641 0.7501459999999999 0.430438 0.744833 0.431234 0.734208 0.430438 0.733146 0.42884399999999995 0.726771 0.4256559999999999 0.727833 0.420875 0.7352709999999999 0.418484 0.731021 0.416891 0.719333 0.41529699999999997 0.70125 0.399359 0.624354 0.397344 0.612646 0.4000310000000001 0.600042 0.399359 0.588354 0.395313 0.570354 0.395313 0.560438 0.398687 0.556833 0.41151599999999994 0.525333 0.412859 0.510938 0.410156 0.483937 0.389906 0.435333 0.385188 0.422729 0.383156 0.422729 0.375734 0.42004199999999997 0.371016 0.411937 0.371016 0.407438 0.370328 0.401125 0.362234 0.393937 0.363578 0.359729 0.359531 0.339021 0.346031 0.327333 0.324437 0.332729 0.318359 0.343521 0.317 0.361521 0.317672 0.380438 0.317672 0.386729 0.312281 0.416437 0.295406 0.428125 0.282578 0.44254200000000005 0.277172 0.457833 0.275156 0.468646 0.273125 0.511833 0.271781 0.516333 0.271781 0.531646 0.298906 0.586458 0.299703 0.592833 0.299703 0.5938959999999999 0.304484 0.585396 0.304484 0.586458 0.307672 0.587521 0.308469 0.591771 0.308469 0.596021 0.308469 0.598146 0.308469 0.5992079999999999 0.308469 0.600271 0.307672 0.601333 0.307672 0.609833 0.312453 0.618333 0.314844 0.618333 0.318828 0.623646 0.330781 0.620458 0.335578 0.620458 0.338766 0.620458 0.341953 0.614083 0.357891 0.613021 0.378625 0.610896 0.389781 0.610896 0.392969 0.613021 0.392969 0.618333 0.396156 0.631104 0.396156 0.638542 0.396156 0.649167 0.396156 0.657667 0.395359 0.673625 0.393766 0.68 0.392969 0.683188 0.391375 0.689562 0.389781 0.703375 0.392172 0.7055 0.393766 0.710812
50 0.47375 0.567104 0.47375 0.5555 0.471891 0.514083 0.46009399999999995 0.453625 0.460703 0.43872900000000004 0.471891 0.476 0.479969 0.484271 0.487422 0.476813 0.482453 0.467708 0.46940600000000005 0.40889600000000004 0.46009399999999995 0.385708 0.46009399999999995 0.36831200000000003 0.456984 0.34429200000000004 0.441453 0.330229 0.422203 0.33354199999999995 0.41660899999999995 0.372458 0.399219 0.386542 0.38740600000000003 0.418833 0.41475 0.510771 0.39734400000000003 0.563792 0.399219 0.616792 0.405422 0.654062 0.419719 0.659042 0.42965600000000004 0.6482709999999999 0.423438 0.579521 0.42529700000000004 0.521542 0.43151599999999996 0.513271 0.43771899999999997 0.500833 0.45076599999999994 0.499188 0.461953 0.514917 0.465672 0.604375 0.481828 0.608521 0.47375 0.567104
50 0.498656 0.393562 0.49790599999999996 0.397563 0.498656 0.40456200000000003 0.5065310000000001 0.41008300000000003 0.511422 0.423583 0.515547 0.436104 0.514797 0.449625 0.509922 0.464146 0.513297 0.480167 0.521188 0.49016699999999996 0.519297 0.477146 0.522312 0.466646 0.521938 0.456625 0.523062 0.446125 0.521938 0.436104 0.522687 0.435104 0.524563 0.434104 0.526062 0.421583 0.524937 0.410583 0.522312 0.40006200000000003 0.513672 0.39306199999999997 0.513297 0.387042 0.5140469999999999 0.38004200000000005 0.510672 0.372542 0.505406 0.37204200000000004 0.500531 0.37704200000000004 0.500531 0.386042 0.499406 0.392563 0.498656 0.393562
50 0.486562 0.483208 0.484359 0.48516699999999996 0.47482800000000003 0.48614599999999997 0.472625 0.472458 0.460891 0.45679200000000003 0.46895300000000006 0.477333 0.474094 0.493 0.474094 0.511583 0.476297 0.532125 0.47850000000000004 0.537 0.47995299999999996 0.544833 0.480687 0.565375 0.480687 0.581021 0.482156 0.616229 0.49170299999999995 0.616229 0.5005 0.6064579999999999 0.49317200000000005 0.602542 0.49317200000000005 0.5732079999999999 0.49317200000000005 0.550708 0.49317200000000005 0.531146 0.49317200000000005 0.5155 0.495359 0.49983299999999997 0.498297 0.480271 0.510766 0.463646 0.513703 0.454854 0.515172 0.443104 0.514437 0.429417 0.5122340000000001 0.416687 0.507109 0.403979 0.504906 0.396146 0.499766 0.38735400000000003 0.496094 0.37562500000000004 0.496094 0.36974999999999997 0.49243800000000004 0.359958 0.48876600000000003 0.353125 0.485828 0.353125 0.47995299999999996 0.355083 0.47556200000000004 0.358979 0.472625 0.371708 0.472625 0.385396 0.471891 0.390292 0.46675000000000005 0.393229 0.46601600000000004 0.399083 0.46675000000000005 0.401042 0.470422 0.408875 0.47556200000000004 0.42550000000000004 0.47850000000000004 0.43625 0.48362499999999997 0.461688 0.486562 0.483208
9 0.504969 0.537729 0.505141 0.529875 0.504078 0.523208 0.501047 0.5137079999999999 0.501047 0.509417 0.497469 0.510854 0.495156 0.514188 0.49801599999999996 0.529396 0.49835900000000005 0.539146 0.5015780000000001 0.551292 0.501938 0.557 0.502109 0.557229 0.505141 0.558417 0.505328 0.558188 0.5042500000000001 0.546292 0.504969 0.537729
18 0.544141 0.391729 0.544562 0.39149999999999996 0.545734 0.390146 0.548266 0.390146 0.549625 0.39149999999999996 0.550125 0.389708 0.553922 0.389583 0.554766 0.39116700000000004 0.556531 0.391271 0.556625 0.38825000000000004 0.556031 0.386 0.5559529999999999 0.380146 0.547422 0.38025000000000003 0.54625 0.38025000000000003 0.544469 0.38025000000000003 0.542781 0.381375 0.542188 0.382167 0.5421090000000001 0.38431299999999996 0.5421090000000001 0.387333 0.542531 0.389708 0.543203 0.391063 0.544141 0.391729
73 0.649656 0.288062 0.649984 0.25825 0.638984 0.258708 0.639313 0.2885 0.649656 0.288062
50 0.175281 0.301125 0.165172 0.274167 0.15 0.24493700000000002 0.10954699999999999 0.233708 0.07584379999999999 0.24493700000000002 0.053937500000000006 0.278646 0.062359399999999995 0.32583300000000004 0.06909370000000001 0.352812 0.0707812 0.35954200000000003 0.0606719 0.373042 0.0033750000000000004 0.413479 0.0016875000000000002 0.8157289999999999 0.0572969 0.856188 0.133141 0.856188 0.146625 0.99775 0.234266 0.991021 0.217422 0.8247289999999999 0.22078099999999998 0.669667 0.20224999999999999 0.564042 0.20224999999999999 0.557312 0.271344 0.719104 0.286516 0.741583 0.311797 0.752812 0.30842200000000003 0.689896 0.303375 0.6471870000000001 0.315172 0.633708 0.320219 0.624729 0.2545 0.47416699999999995 0.235953 0.43370800000000004 0.22246899999999997 0.41572899999999996 0.215734 0.40897900000000004 0.171906 0.36629199999999995 0.168547 0.370792 0.168547 0.361792 0.175281 0.301125
50 0.8007500000000001 0.361104 0.799453 0.356625 0.795219 0.35562499999999997 0.793172 0.360958 0.790891 0.36775 0.788938 0.371792 0.7903439999999999 0.377271 0.797391 0.392583 0.802375 0.398938 0.8037810000000001 0.397208 0.8033440000000001 0.39475 0.802266 0.369479 0.8007500000000001 0.361104
50 0.8095000000000001 0.36052100000000004 0.8085000000000001 0.364083 0.800156 0.368979 0.8098280000000001 0.374771 0.809172 0.389896 0.810172 0.39745800000000003 0.8108280000000001 0.40502099999999996 0.8154999999999999 0.40412499999999996 0.8154999999999999 0.35075 0.812172 0.351625 0.8095000000000001 0.36052100000000004
50 0.7386090000000001 0.37424999999999997 0.738016 0.366417 0.7344839999999999 0.3625 0.7336090000000001 0.357021 0.729781 0.360146 0.730078 0.36524999999999996 0.729781 0.367604 0.728609 0.39149999999999996 0.730969 0.391896 0.7315470000000001 0.383271 0.733313 0.387583 0.7344839999999999 0.389937 0.735078 0.390708 0.7365470000000001 0.390313 0.73625 0.37424999999999997 0.7386090000000001 0.37424999999999997
50 0.683781 0.404083 0.685141 0.40650000000000003 0.6865 0.407708 0.690734 0.406917 0.691641 0.40570799999999996 0.690734 0.400875 0.69225 0.397042 0.692094 0.387583 0.691797 0.380521 0.689375 0.374479 0.686359 0.377104 0.687719 0.38275 0.684547 0.38879199999999997 0.6849999999999999 0.398458 0.683781 0.404083
50 0.800891 0.360833 0.800891 0.367396 0.80175 0.382083 0.8032030000000001 0.385167 0.805078 0.38575 0.8069689999999999 0.38325000000000004 0.8052339999999999 0.36606299999999997 0.804797 0.360458 0.8029059999999999 0.35910400000000003 0.801609 0.360833 0.800891 0.360833
9 0.148797 1 0.148063 0.998417 0.139906 0.937083 0.131734 0.861938 0.07610940000000001 0.856979 0.0924219 0.954896 0.074625 0.954896 0.07165629999999999 1 0.148797 1
73 0.36779700000000004 0.309 0.36642199999999997 0.279375 0.35229699999999997 0.279062 0.352766 0.310854 0.36779700000000004 0.309
73 0.728297 0.312938 0.729406 0.325937 0.738266 0.326229 0.737812 0.311479 0.730281 0.311479 0.728297 0.312938
73 0.5706559999999999 0.338958 0.572359 0.353646 0.578297 0.35139600000000004 0.578297 0.338958 0.5706559999999999 0.338958