63 0.608 0.474626 0.608328 0.476098 0.608906 0.476939 0.609891 0.477313 0.610375 0.47742999999999997 0.611766 0.47742999999999997 0.612344 0.477313 0.614234 0.477079 0.615297 0.476706 0.615703 0.475607 0.6158750000000001 0.474369 0.616203 0.47229 0.6157809999999999 0.470584 0.615625 0.469603 0.615047 0.46885499999999997 0.614234 0.46885499999999997 0.613078 0.46885499999999997 0.611688 0.469112 0.611031 0.469229 0.609797 0.46983600000000003 0.608828 0.470701 0.60825 0.47266400000000003 0.608 0.474626
22 0.591516 0.07766360046728972 0.6032339999999999 0.07906539953271027 0.602281 0.06747660046728972 0.603078 0.047827100467289725 0.600219 0.04686920093457944 0.595 0.045443899532710275 0.5886560000000001 0.04497660046728972 0.585969 0.04806070093457944 0.585969 0.058247700934579434 0.586453 0.07766360046728972 0.591516 0.07766360046728972
22 0.562719 0.07130839953271029 0.5622659999999999 0.07880839953271028 0.580172 0.07915889953271028 0.5805 0.06754670093457943 0.580172 0.051191600467289725 0.575609 0.04401870093457944 0.566484 0.04504670093457944 0.5663590000000001 0.048457899532710284 0.564766 0.06960279906542056 0.562719 0.07130839953271029
22 0.547453 0.02558410046728972 0.553344 0.02873829906542056 0.556281 0.039415899532710276 0.559078 0.046331799065420565 0.563422 0.04380839953271028 0.563141 0.03207939953271028 0.560906 0.029369200934579436 0.5574060000000001 0.02098129906542056 0.555297 0.019299100467289717 0.546188 0.01764020093457944 0.547453 0.02558410046728972
68 0.163875 0.331659 0.165344 0.32871500000000003 0.170234 0.326542 0.174625 0.326542 0.180016 0.327266 0.181469 0.32871500000000003 0.188328 0.32871500000000003 0.19517199999999998 0.327991 0.198594 0.322874 0.199563 0.31630800000000003 0.19760899999999998 0.311168 0.196141 0.306799 0.19517199999999998 0.306799 0.192234 0.306799 0.188812 0.306799 0.18440600000000001 0.310444 0.179031 0.317033 0.174141 0.319953 0.161437 0.327991 0.163875 0.331659
50 0.0916719 0.7235980000000001 0.09618750000000001 0.707874 0.0796562 0.6831539999999999 0.08415629999999999 0.6494390000000001 0.0931719 0.633715 0.0781406 0.6179669999999999 0.0601094 0.597757 0.0540937 0.593248 0.064625 0.573037 0.0571094 0.550561 0.043578099999999995 0.550561 0.0345625 0.564042 0.0255469 0.584276 0.0105156 0.582033 0.0120156 0.620234 0.0060156296875 0.671916 0.0150312 0.685397 0.0225469 0.705607 0.0240469 0.725841 0.0390781 0.716846 0.0360625 0.703364 0.0525937 0.6831539999999999 0.069125 0.674159 0.0540937 0.716846 0.0616094 0.7235980000000001 0.08415629999999999 0.7280840000000001 0.0916719 0.7235980000000001
50 0.178672 0.379089 0.177 0.35586399999999996 0.175891 0.346729 0.173672 0.337593 0.172563 0.33343500000000004 0.17145300000000002 0.32432200000000005 0.170891 0.31684599999999996 0.172 0.31352800000000003 0.17478100000000002 0.31352800000000003 0.175891 0.317664 0.177 0.31850500000000004 0.177563 0.30771000000000004 0.177 0.30023400000000006 0.176437 0.286121 0.176437 0.280327 0.17478100000000002 0.276986 0.173109 0.271192 0.16978100000000002 0.264556 0.165344 0.262874 0.162016 0.269533 0.161453 0.275327 0.160906 0.28114500000000003 0.158688 0.286121 0.150906 0.29028 0.141469 0.31021 0.150906 0.31850500000000004 0.14646900000000002 0.32764 0.145906 0.33343500000000004 0.14757800000000001 0.347547 0.150359 0.35420599999999997 0.148688 0.364159 0.14314100000000002 0.38243 0.142031 0.39154199999999995 0.141469 0.40233599999999997 0.14035899999999998 0.405654 0.140922 0.410654 0.14425 0.413972 0.148141 0.416449 0.148688 0.416449 0.148141 0.408995 0.14646900000000002 0.403178 0.14646900000000002 0.39736 0.148688 0.392383 0.153125 0.38158899999999996 0.15479700000000002 0.37743 0.15534399999999998 0.365 0.15534399999999998 0.36000000000000004 0.157562 0.34588800000000003 0.160344 0.34588800000000003 0.16978100000000002 0.35502300000000003 0.16978100000000002 0.365818 0.16978100000000002 0.38158899999999996 0.170891 0.384907 0.172 0.39820099999999997 0.173672 0.405654 0.177 0.40981300000000004 0.18365599999999999 0.412313 0.184766 0.412313 0.184219 0.40981300000000004 0.18643700000000002 0.40815399999999996 0.179219 0.39736 0.178672 0.379089
50 0.901938 0.232757 0.8985 0.245607 0.898938 0.249463 0.897219 0.259743 0.8980779999999999 0.260374 0.901938 0.260374 0.902797 0.268738 0.902797 0.274509 0.9045159999999999 0.27901899999999996 0.9070940000000001 0.280935 0.913547 0.262944 0.913547 0.25394900000000004 0.9131090000000001 0.249463 0.9165469999999999 0.239182 0.9118280000000001 0.217336 0.903656 0.213481 0.905375 0.20191599999999998 0.8993589999999999 0.198061 0.894641 0.19999999999999998 0.893781 0.21091100000000002 0.893781 0.215421 0.891203 0.219276 0.8899060000000001 0.224416 0.8881880000000001 0.234042 0.890766 0.23598100000000002 0.8909002890625001 0.23567945093457945 0.890766 0.23532699999999998 0.89104144375 0.2353624836448598 0.895063 0.226332 0.901938 0.232757
50 0.888234 0.233061 0.888984 0.22736 0.8901410000000001 0.220537 0.886328 0.21369200000000002 0.880984 0.211986 0.877188 0.218808 0.875281 0.22906500000000002 0.8748910000000001 0.236472 0.869938 0.243879 0.868047 0.260397 0.877188 0.263248 0.885563 0.267243 0.892031 0.271799 0.8927970000000001 0.266098 0.8927970000000001 0.254136 0.893938 0.23990699999999998 0.888234 0.234206 0.888234 0.233061
50 0.8399530000000001 0.264836 0.8459059999999999 0.273738 0.8661559999999999 0.266612 0.86775 0.254743 0.8621869999999999 0.248224 0.8621869999999999 0.236939 0.870531 0.242874 0.874094 0.23633200000000001 0.866953 0.22981300000000002 0.8594060000000001 0.221495 0.8621869999999999 0.211402 0.857812 0.201893 0.849484 0.201893 0.8459059999999999 0.209019 0.8455 0.219112 0.8399530000000001 0.223271 0.832797 0.239299 0.839156 0.248808 0.839156 0.26364499999999996 0.8399530000000001 0.264836
50 0.817344 0.227103 0.823359 0.22261699999999998 0.826797 0.23224299999999998 0.8297969999999999 0.23224299999999998 0.8302339999999999 0.22455599999999998 0.832812 0.225841 0.832812 0.229673 0.8353910000000001 0.233528 0.837531 0.23095800000000002 0.839687 0.22070099999999998 0.834094 0.21105100000000002 0.824219 0.199486 0.824641 0.18986 0.821203 0.178925 0.81175 0.18343500000000001 0.810469 0.198201 0.804453 0.204626 0.800578 0.22455599999999998 0.802297 0.23289700000000002 0.815625 0.234182 0.817344 0.227103
50 0.720969 0.22763999999999998 0.728812 0.231542 0.732094 0.206121 0.724234 0.19535000000000002 0.723578 0.181659 0.720313 0.180678 0.713125 0.18654199999999999 0.713766 0.197313 0.7078909999999999 0.20219600000000001 0.7059219999999999 0.213949 0.708547 0.221776 0.6993750000000001 0.23056100000000002 0.700688 0.24523399999999998 0.7072339999999999 0.24621500000000002 0.708547 0.232523 0.7190000000000001 0.22763999999999998 0.720969 0.22763999999999998
50 0.788 0.282126 0.787266 0.26465 0.788359 0.25535 0.786531 0.241682 0.780687 0.23457899999999998 0.779594 0.228037 0.7752030000000001 0.21764 0.7697339999999999 0.216565 0.766437 0.232407 0.756938 0.248785 0.758406 0.262453 0.75475 0.26792099999999996 0.754375 0.282126 0.785813 0.293061 0.788 0.282126
50 0.8337809999999999 0.239089 0.828813 0.23472 0.826187 0.233528 0.826187 0.227827 0.8249380000000001 0.22542099999999998 0.821828 0.225023 0.8202339999999999 0.225164 0.818547 0.22715000000000002 0.8170310000000001 0.229416 0.816953 0.23128500000000002 0.8170310000000001 0.235117 0.816141 0.238178 0.816328 0.23979 0.812594 0.24271 0.810812 0.250397 0.811078 0.264089 0.8113440000000001 0.267547 0.814641 0.269416 0.821922 0.268481 0.8339219999999999 0.268341 0.8353440000000001 0.26462600000000003 0.8359840000000001 0.265374 0.837156 0.24609799999999998 0.8337809999999999 0.239089
68 0.773703 0.544276 0.773438 0.541332 0.773438 0.541192 0.774125 0.539136 0.774984 0.53785 0.776453 0.536192 0.778953 0.534509 0.781438 0.532967 0.783328 0.530257 0.784969 0.526145 0.785406 0.522033 0.784453 0.51972 0.782469 0.51715 0.780844 0.515607 0.777828 0.514836 0.776109 0.514953 0.774813 0.515607 0.773359 0.516495 0.771203 0.517407 0.769234 0.518692 0.769141 0.518551 0.766219 0.519322 0.764328 0.521636 0.763031 0.523575 0.762781 0.525117 0.762266 0.528341 0.762953 0.531028 0.763547 0.533855 0.7645 0.535794 0.765359 0.536565 0.766219 0.537079 0.768109 0.539019 0.769234 0.540421 0.769141 0.543902 0.769062 0.547757 0.769062 0.549439 0.773875 0.549299 0.773703 0.544276
22 0.486641 0.019345799065420558 0.468781 0.01803739953271028 0.468344 0.03488320093457944 0.47126599999999996 0.03313079906542056 0.47609399999999996 0.03642520093457944 0.47609399999999996 0.04320089953271028 0.480641 0.04364489953271028 0.48415600000000003 0.04495329906542056 0.485469 0.04780370093457944 0.487656 0.049556100467289727 0.487078 0.02350470093457944 0.486641 0.019345799065420558
22 0.605469 0.04156539953271028 0.605063 0.025514000000000002 0.602281 0.02018689953271028 0.594344 0.0213785 0.587594 0.024345799065420563 0.5872029999999999 0.03502339953271028 0.5872029999999999 0.04392520093457944 0.590375 0.04572429906542056 0.596734 0.043341100467289714 0.6058589999999999 0.05165889953271029 0.605469 0.04156539953271028
22 0.20571899999999999 0.06420560046728972 0.20571899999999999 0.08537379906542056 0.232125 0.08429910046728972 0.231875 0.06313079906542056 0.20812499999999998 0.06313079906542056 0.20571899999999999 0.06420560046728972
22 0.74125 0.296636 0.747312 0.301659 0.745953 0.31925200000000004 0.744281 0.334346 0.742594 0.34238300000000005 0.7395780000000001 0.349439 0.7378910000000001 0.36049099999999995 0.748984 0.3625 0.751 0.298154 0.750672 0.292103 0.7378910000000001 0.289603 0.74125 0.296636
50 1 0.246145 0.9988910000000001 0.24399500000000002 0.997875 0.24278 0.995406 0.243084 0.9927339999999999 0.24523399999999998 0.991703 0.24738300000000002 0.991906 0.250771 0.991906 0.254136 0.9925309999999999 0.25782700000000003 0.9925309999999999 0.261822 0.9921089999999999 0.264276 0.989859 0.266121 0.988219 0.268271 0.990672 0.26981299999999997 0.9941720000000001 0.27133199999999996 0.996219 0.27472 0.99725 0.28207899999999997 0.996844 0.288224 1 0.291612 1 0.246145
50 0.796234 0.220093 0.797156 0.213294 0.795328 0.199673 0.791375 0.197407 0.792297 0.186963 0.792297 0.18105100000000002 0.7886409999999999 0.17743 0.782266 0.180607 0.781062 0.19331800000000002 0.781062 0.197407 0.7765 0.20376200000000003 0.775891 0.21829400000000002 0.779547 0.227827 0.782266 0.236893 0.783188 0.239182 0.7868280000000001 0.232804 0.795031 0.23236 0.795937 0.224182 0.796234 0.220093
50 0.831188 0.33215 0.830031 0.324042 0.825766 0.31301399999999996 0.8199529999999999 0.30722 0.8203440000000001 0.292734 0.812594 0.289836 0.8098750000000001 0.293879 0.810266 0.307804 0.802125 0.310701 0.800563 0.324603 0.831188 0.33215
50 0.7788280000000001 0.557383 0.768281 0.540047 0.764062 0.563692 0.756687 0.56528 0.753531 0.577897 0.7714529999999999 0.5826169999999999 0.783047 0.585771 0.7788280000000001 0.60785 0.7703909999999999 0.622033 0.776719 0.626776 0.766172 0.6882710000000001 0.754578 0.7324299999999999 0.765125 0.743458 0.776719 0.704042 0.7893749999999999 0.656729 0.797813 0.642547 0.8083589999999999 0.652009 0.8357810000000001 0.730841 0.8400000000000001 0.749766 0.846328 0.757664 0.854766 0.745047 0.849484 0.726121 0.8273440000000001 0.663037 0.821016 0.615724 0.8241720000000001 0.577897 0.8305 0.558972 0.8357810000000001 0.538458 0.8400000000000001 0.52743 0.832609 0.5148130000000001 0.8189059999999999 0.486425 0.8094060000000001 0.49116800000000005 0.80625 0.517967 0.792547 0.519533 0.788328 0.522687 0.786219 0.551075 0.7788280000000001 0.557383
22 0.446922 0.042616799065420555 0.460422 0.045584100467289716 0.464047 0.05296729906542056 0.465031 0.04803739953271028 0.463047 0.01654210046728972 0.445609 0.019486 0.445937 0.04359810046728972 0.446922 0.042616799065420555