52 0.09359999999999999 0.649147 0.06768 0.651013 0.08238 0.548267 0.031239999999999997 0.5352 0.05366 0.653813 0.01444 0.65568 0.01092 0.671467 0.01724 0.749013 0.08238 0.74432 0.09570000000000001 0.663067 0.09359999999999999 0.649147
76 0.5129 0.481173 0.5280199999999999 0.5551470000000001 0.5515599999999999 0.584293 0.5213 0.575333 0.5280199999999999 0.5955199999999999 0.79708 0.60448 0.80044 0.5708529999999999 0.8038200000000001 0.386987 0.52298 0.393733 0.5129 0.481173
13 0.6775800000000001 0.990987 0.72746 0.984987 0.71942 0.9742399999999999 0.70976 0.957093 0.70816 0.9442130000000001 0.70816 0.931333 0.70816 0.8991469999999999 0.70816 0.8626670000000001 0.6920599999999999 0.858373 0.6808 0.873387 0.6808 0.886267 0.6808 0.918453 0.67596 0.9828270000000001 0.6775800000000001 0.990987
50 0.32696 0.6436270000000001 0.3337 0.6324 0.35394 0.598693 0.37416000000000005 0.495307 0.37922 0.53128 0.38426 0.564987 0.39438 0.63464 0.39944 0.688587 0.41124 0.722293 0.42134 0.76048 0.40786 0.81216 0.38764 0.870587 0.40956 0.9065599999999999 0.45338 0.9065599999999999 0.45168 0.8616 0.47022 0.8234130000000001 0.50224 0.7582399999999999 0.50224 0.73128 0.5039399999999999 0.7043200000000001 0.49382 0.6324 0.47696 0.517787 0.49382 0.5267729999999999 0.4972 0.53128 0.51236 0.562747 0.53258 0.591947 0.5427000000000001 0.58296 0.54102 0.571733 0.53258 0.5402669999999999 0.52248 0.499813 0.48034 0.44138700000000003 0.46348 0.396453 0.4736 0.37397300000000006 0.46854 0.313307 0.43483999999999995 0.28632 0.41124 0.317787 0.41798 0.326773 0.4264 0.338027 0.42304 0.37397300000000006 0.38932 0.38296 0.35898 0.423413 0.3455 0.46386700000000003 0.32696 0.5133070000000001 0.31516000000000005 0.625653 0.32696 0.6436270000000001
13 0.3331 0.9928 0.36960000000000004 0.99048 0.37307999999999997 0.958053 0.36092 0.872293 0.35918 0.84448 0.3557 0.8259200000000001 0.35048 0.8259200000000001 0.347 0.8259200000000001 0.33658 0.8351999999999999 0.33658 0.858373 0.33658 0.8931469999999999 0.33136 0.9232800000000001 0.32788 0.9673069999999999 0.3331 0.9928
13 0.92992 0.96248 0.9305 0.911413 0.9242 0.8702399999999999 0.90306 0.8687199999999999 0.90306 0.930453 0.8922 0.977707 0.89048 0.993707 0.9425 0.996773 0.93964 0.97696 0.92992 0.96248
13 0.13452 0.960667 0.13198 0.99384 0.1335 0.9965599999999999 0.16246000000000002 0.997893 0.15940000000000001 0.959973 0.13452 0.960667
13 0.40536 0.9990399999999999 0.43827999999999995 1 0.43827999999999995 0.983867 0.43489999999999995 0.9748530000000001 0.41768 0.9728 0.40722 0.9740270000000001 0.40598 0.99864 0.40536 0.9990399999999999
54 0.5209199999999999 0.58008 0.5273 0.58264 0.5288999999999999 0.57368 0.5257000000000001 0.56944 0.5225 0.573253 0.5209199999999999 0.58008
2 0.06374 0.9109869999999999 0.10106 0.927253 0.19728 0.923413 0.21882 0.898533 0.20732 0.8563999999999999 0.1901 0.8334400000000001 0.15994 0.83056 0.13194 0.7941870000000001 0.10823999999999999 0.7836529999999999 0.07737999999999999 0.8008799999999999 0.0544 0.8430130000000001 0.062299999999999994 0.867893 0.05798 0.901413 0.06374 0.9109869999999999
36 0.061399999999999996 0.9070130000000001 0.08542 0.9205070000000001 0.0873 0.92472 0.11638 0.92136 0.16063999999999998 0.9263999999999999 0.20552 0.9205070000000001 0.21752000000000002 0.89184 0.20868 0.8581329999999999 0.1935 0.835387 0.15242 0.8277869999999999 0.12082 0.7940799999999999 0.10058 0.79072 0.07024 0.821067 0.06644 0.840427 0.062020000000000006 0.8539200000000001 0.06012 0.8893329999999999 0.061399999999999996 0.9070130000000001
52 0.11716 0.7844800000000001 0.14543999999999999 0.7844800000000001 0.18397999999999998 0.7536269999999999 0.19297999999999998 0.714213 0.20198 0.685093 0.19041999999999998 0.673093 0.17114 0.647387 0.16086 0.60112 0.16856000000000002 0.599413 0.1737 0.606267 0.1827 0.619973 0.19428 0.5959730000000001 0.20456 0.56 0.18528 0.536 0.17242 0.512027 0.18784 0.513733 0.19812000000000002 0.48973300000000003 0.19812000000000002 0.46402699999999997 0.19428 0.448613 0.16986 0.42461299999999996 0.148 0.42119999999999996 0.1313 0.40405300000000005 0.13258 0.398907 0.14286000000000001 0.398907 0.14928 0.38864000000000004 0.16341999999999998 0.3852 0.19169999999999998 0.3852 0.20456 0.366347 0.19684000000000001 0.325227 0.19041999999999998 0.30466699999999997 0.18528 0.301227 0.16472 0.269307 0.15314 0.25045300000000004 0.14158 0.24704 0.12486 0.24359999999999998 0.11202 0.21104 0.10044 0.185333 0.09146 0.185333 0.10687999999999999 0.23504 0.10944 0.271013 0.09146 0.277893 0.07859999999999999 0.29159999999999997 0.08374 0.33272 0.07088 0.36357300000000004 0.0696 0.39269299999999996 0.0696 0.40640000000000004 0.09659999999999999 0.39269299999999996 0.09015999999999999 0.4304 0.08118 0.464667 0.07987999999999999 0.509227 0.09273999999999999 0.558907 0.09659999999999999 0.5914670000000001 0.09916 0.6942929999999999 0.09659999999999999 0.706293 0.08888 0.729653 0.1043 0.746773 0.11716 0.7844800000000001