21 0.586047 0.706838 0.584438 0.586136 0.433859 0.644075 0.421781 0.6645899999999999 0.40567200000000003 0.6863229999999999 0.40003099999999997 0.788899 0.586047 0.706838
18 0.5098130000000001 0.272576 0.513781 0.27299799999999996 0.523156 0.272155 0.524578 0.269602 0.556109 0.25810299999999997 0.558672 0.259813 0.562641 0.256838 0.565484 0.25897 0.5683279999999999 0.258525 0.5683279999999999 0.250867 0.571734 0.24363 0.576 0.240234 0.576 0.23554999999999998 0.583094 0.22447299999999998 0.581109 0.212553 0.5722970000000001 0.19042199999999998 0.554125 0.19210800000000003 0.506109 0.205316 0.499297 0.208712 0.49446899999999994 0.231288 0.48224999999999996 0.240656 0.473156 0.248735 0.474578 0.260656 0.47657800000000006 0.261522 0.474578 0.264496 0.476 0.26789199999999996 0.47912499999999997 0.278126 0.482531 0.280258 0.507531 0.27512899999999996 0.5098130000000001 0.272576
18 0.603703 0.221686 0.619953 0.21632300000000002 0.637391 0.21573799999999999 0.640156 0.209789 0.636984 0.18604199999999999 0.606484 0.196745 0.601719 0.213958 0.593406 0.22049200000000002 0.595391 0.227611 0.603703 0.221686
18 0.457094 0.242155 0.441719 0.217143 0.437969 0.21910999999999997 0.446781 0.285972 0.460656 0.276417 0.457094 0.242155
18 0.428422 0.22135799999999997 0.419609 0.222763 0.427109 0.285972 0.43196899999999994 0.295527 0.439094 0.292717 0.435719 0.277541 0.428422 0.22135799999999997
50 0.046375 0.692717 0.0044843796875 0.845176 0.0015 0.984192 0.194469 0.984192 0.333594 0.892272 0.388937 0.838454 0.405406 0.825012 0.463734 0.809297 0.477203 0.782389 0.46224999999999994 0.7644730000000001 0.405406 0.786885 0.394922 0.692717 0.414375 0.681499 0.417359 0.661311 0.43232799999999993 0.661311 0.439813 0.6366510000000001 0.565469 0.5806089999999999 0.580422 0.5828570000000001 0.586406 0.605269 0.586406 0.7084069999999999 0.619313 0.712904 0.6492340000000001 0.699438 0.635766 0.645621 0.616328 0.589578 0.580422 0.522319 0.47570300000000004 0.363115 0.42932800000000004 0.34292700000000004 0.405406 0.210656 0.394922 0.132178 0.3665 0.098548 0.293203 0.08957850117096018 0.233359 0.123208 0.207938 0.170281 0.204937 0.275667 0.21840600000000002 0.318267 0.21840600000000002 0.354145 0.16006199999999998 0.360867 0.133141 0.376581 0.0957344 0.42815000000000003 0.0493594 0.589578 0.0508594 0.6232080000000001 0.046375 0.692717
50 0.038421899999999995 0.667869 0.0448125 0.614543 0.038421899999999995 0.554379 0.0411719 0.544801 0.06853129999999999 0.522927 0.0794844 0.47096 0.0667031 0.39576100000000003 0.0448125 0.357471 0.030218699999999998 0.336979 0.023828099999999998 0.326042 0.0137969 0.29868900000000004 0.00103125 0.26859500000000003 0.00284375 0.691101 0.0119688 0.685644 0.038421899999999995 0.667869
18 0.145656 0.331241 0.144672 0.337073 0.147594 0.346581 0.155406 0.33782199999999996 0.162719 0.328314 0.16906300000000002 0.331967 0.177359 0.329766 0.179797 0.334895 0.183203 0.32904 0.193453 0.325386 0.199797 0.331241 0.20125 0.32611199999999996 0.21246900000000002 0.31953200000000004 0.203688 0.280047 0.172469 0.296862 0.164187 0.31222500000000003 0.145156 0.327564 0.145656 0.331241
51 0.419469 0.519063 0.40448399999999995 0.52356 0.393984 0.552787 0.402984 0.606721 0.446453 0.626932 0.486937 0.6044729999999999 0.486937 0.572998 0.521422 0.566253 0.5394059999999999 0.550539 0.503437 0.5280560000000001 0.40596899999999997 0.516815 0.419469 0.519063
50 0.020625 0.286932 0.010125 0.276159 0.00570312 0.279485 0.027796900000000003 0.333326 0.025593700000000004 0.309297 0.020625 0.286932
50 0.0686875 0.400398 0.065375 0.37887599999999994 0.0609531 0.358993 0.0515625 0.345738 0.0327812 0.335808 0.0487969 0.36147500000000005 0.0686875 0.400398
55 0.400219 0.600609 0.399 0.6069789999999999 0.40810899999999994 0.6106320000000001 0.420859 0.614262 0.429359 0.616089 0.43724999999999997 0.623372 0.43724999999999997 0.635199 0.45425000000000004 0.627916 0.455469 0.618829 0.45668699999999995 0.6115459999999999 0.46093799999999996 0.6051759999999999 0.47125000000000006 0.601522 0.490078 0.6069789999999999 0.50525 0.601522 0.501609 0.601522 0.491297 0.592436 0.487641 0.5842390000000001 0.491891 0.5742389999999999 0.49675 0.567869 0.520437 0.566042 0.5380469999999999 0.559672 0.549578 0.541475 0.519219 0.529625 0.50525 0.525082 0.471859 0.520539 0.420859 0.5150819999999999 0.40871899999999994 0.520539 0.402641 0.511429 0.397781 0.513255 0.40325 0.524169 0.389891 0.554215 0.406281 0.598806 0.400219 0.600609