13 0.520297 0.393264 0.520297 0.411234 0.565609 0.377531 0.557219 0.296632 0.553859 0.271904 0.5354059999999999 0.265167 0.5354059999999999 0.285397 0.528687 0.30113 0.521969 0.395502 0.520297 0.393264
13 0.509687 0.271402 0.509687 0.289414 0.508016 0.307427 0.501281 0.33895400000000003 0.497922 0.375 0.499594 0.433556 0.521469 0.39977 0.5248280000000001 0.35246900000000003 0.5248280000000001 0.318703 0.529875 0.27364 0.509687 0.271402
50 0.271719 0.315063 0.28650000000000003 0.32297099999999995 0.292406 0.33089999999999997 0.29832800000000004 0.338808 0.308672 0.358598 0.31310899999999997 0.404121 0.31310899999999997 0.42391199999999996 0.31310899999999997 0.4259 0.311625 0.431841 0.44023399999999996 0.370481 0.43875000000000003 0.342762 0.421016 0.265586 0.4225 0.216109 0.421016 0.17454 0.397359 0.16267800000000002 0.415109 0.134958 0.419531 0.10131799999999999 0.421016 0.0775732008368201 0.422 0.031652700836820084 0.391859 0.009225939330543933 0.351672 0.002510460251046025 0.313156 0.002510460251046025 0.296406 0.029414200836820083 0.296406 0.049581600418410046 0.296406 0.08769870083682008 0.294734 0.121339 0.29306299999999996 0.139268 0.28132799999999997 0.175146 0.236125 0.204289 0.207656 0.251381 0.207656 0.26035600000000003 0.222938 0.319017 0.268766 0.315063 0.271719 0.315063
50 0.7195940000000001 0.10730100000000001 0.682078 0.130146 0.661609 0.16209199999999999 0.624094 0.19864 0.617281 0.21690399999999999 0.620688 0.27625500000000003 0.624094 0.27625500000000003 0.661609 0.289958 0.67525 0.326485 0.682078 0.335607 0.7195940000000001 0.340188 0.774156 0.36301300000000003 0.780984 0.36301300000000003 0.845781 0.385837 0.869656 0.39954 0.9139839999999999 0.39954 0.941266 0.381276 0.9583130000000001 0.367573 0.965141 0.331046 0.9515 0.253431 0.9242190000000001 0.203201 0.9105779999999999 0.16209199999999999 0.890109 0.14841000000000001 0.849187 0.111862 0.8389530000000001 0.09359829916317991 0.832141 0.0388075 0.801437 0.015983299163179917 0.7707499999999999 0.006841000000000001 0.740047 0.020543899581589958 0.736641 0.025104600418410044 0.7195940000000001 0.07991629916317991 0.7195940000000001 0.10730100000000001
26 0.709375 0.323787 0.717562 0.32638100000000003 0.7247969999999999 0.32765700000000003 0.737328 0.330251 0.746969 0.334121 0.748891 0.330251 0.751312 0.32056500000000004 0.756125 0.301213 0.762391 0.27732199999999996 0.764797 0.272155 0.760953 0.27022999999999997 0.741672 0.267008 0.731062 0.264414 0.714672 0.26249 0.714187 0.27604599999999996 0.71275 0.29152700000000004 0.714672 0.29152700000000004 0.7247969999999999 0.29152700000000004 0.7252810000000001 0.29926800000000003 0.7228749999999999 0.303138 0.711781 0.305084 0.710344 0.323787 0.709375 0.323787
41 0.284906 0.472803 0.279625 0.47334699999999996 0.263781 0.468452 0.24996900000000002 0.462469 0.24712499999999998 0.47334699999999996 0.291406 0.48477 0.305219 0.480962 0.311312 0.478787 0.318219 0.480962 0.327562 0.485314 0.334875 0.484226 0.336094 0.480418 0.288562 0.470084 0.284906 0.472803
62 0.766656 0.24043899999999999 0.772078 0.23318000000000003 0.772078 0.226778 0.776547 0.217406 0.779734 0.21186200000000002 0.7663439999999999 0.226778 0.751687 0.25238499999999997 0.742438 0.257929 0.7332029999999999 0.260921 0.7322339999999999 0.26562800000000003 0.753906 0.26945600000000003 0.752641 0.260921 0.766656 0.24043899999999999
51 0.313859 0.885397 0.46993799999999997 0.946067 0.480016 0.896632 0.5001559999999999 0.707866 0.459875 0.739331 0.313859 0.8809 0.313859 0.885397
51 0.505188 0.705628 0.506875 0.710105 0.741844 0.822469 0.745203 0.707866 0.745203 0.705628 0.704922 0.638201 0.699875 0.640439 0.652195037405588 0.6540838043535961 0.503516 0.69887 0.5096053136147564 0.705669188875153 0.505188 0.705628
51 0.5002490067142726 0.6847243820489001 0.49846899999999994 0.683138 0.513166125985937 0.5913086930142825 0.516937 0.564038 0.409516 0.570795 0.409516 0.575272 0.4190656969950492 0.5868746079168115 0.500156 0.685397 0.5002490067142726 0.6847243820489001
51 0.503516 0.687636 0.624359 0.575272 0.557219 0.5483049999999999 0.533719 0.546067 0.518609 0.557301 0.513166125985937 0.5913086930142825 0.5002490067142726 0.6847243820489001 0.503516 0.687636
51 0.295391 0.6161879193428259 0.295391 0.617971 0.501828 0.696632 0.41323307683038113 0.5882355508667738 0.40448399999999995 0.577531 0.377641 0.570795 0.295391 0.615732 0.295391 0.6161879193428259
51 0.503516 0.703368 0.290359 0.617971 0.24335899999999996 0.674163 0.218187 0.750565 0.503516 0.703368
51 0.629391 0.573033 0.503516 0.696632 0.652195037405588 0.6540838043535961 0.704922 0.638201 0.629391 0.573033
51 0.701562 0.851695 0.505188 0.7190999999999999 0.49846899999999994 0.728096 0.513578 0.770795 0.563937 0.921339 0.636109 0.9191 0.709953 0.883138 0.711625 0.862929 0.701562 0.851695
51 0.6797030000000001 0.480126 0.568125 0.425314 0.540031 0.438201 0.515953 0.467218 0.78325 0.547824 0.779234 0.556423 0.784859 0.573619 0.796891 0.573619 0.8209839999999999 0.5542680000000001 0.829813 0.582218 0.8643280000000001 0.578996 0.8859999999999999 0.540293 0.886797 0.503766 0.8514839999999999 0.468285 0.797703 0.437134 0.7455309999999999 0.418849 0.682109 0.40918400000000005 0.678094 0.476883 0.6797030000000001 0.480126
51 0.819609 0.389916 0.831687 0.390544 0.841437 0.391778 0.8353909999999999 0.385565 0.826109 0.381213 0.810312 0.378096 0.801031 0.371255 0.7885 0.355711 0.787563 0.353243 0.7842936781916724 0.3849305433995636 0.783844 0.389289 0.784312 0.384937 0.800563 0.390544 0.8149689999999999 0.392406 0.819609 0.389916
14 0.8884529999999999 0.45682 0.9156090000000001 0.464247 0.9248749999999999 0.466736 0.9402969999999999 0.455983 0.950797 0.439456 0.949563 0.421276 0.938453 0.407238 0.9094369999999999 0.40144399999999997 0.887844 0.39897499999999997 0.8551249999999999 0.403933 0.8310470000000001 0.407238 0.818703 0.404749 0.800812 0.409707 0.816234 0.432029 0.865 0.450209 0.8884529999999999 0.45682
51 0.30395300000000003 0.48194600000000004 0.296203 0.489351 0.296203 0.501213 0.297312 0.5056689999999999 0.327203 0.49529300000000004 0.30395300000000003 0.48194600000000004
21 0.344203 0.332134 0.34895299999999996 0.332573 0.350906 0.332803 0.353203 0.333891 0.35417200000000004 0.336297 0.35417200000000004 0.33870300000000003 0.35515599999999997 0.34066900000000006 0.357781 0.3409 0.361375 0.339791 0.36415600000000004 0.33805399999999997 0.367094 0.334331 0.365781 0.31068999999999997 0.363828 0.310042 0.35859399999999997 0.30937200000000004 0.353031 0.30937200000000004 0.347797 0.31046 0.339797 0.311778 0.336687 0.314854 0.33325 0.315063 0.330156 0.315063 0.328844 0.31682000000000005 0.327203 0.318996 0.326719 0.321423 0.32687499999999997 0.323598 0.327047 0.326444 0.327531 0.32907899999999995 0.329828 0.330816 0.330797 0.33125499999999997 0.33865599999999996 0.331485 0.344203 0.332134
50 0.221297 0.483954 0.24895299999999998 0.48642300000000005 0.291375 0.47901699999999997 0.252641 0.404937 0.289531 0.444435 0.302438 0.444435 0.31165600000000004 0.395063 0.30428099999999997 0.34320100000000003 0.285844 0.318515 0.213922 0.328389 0.193641 0.30370299999999995 0.173344 0.264205 0.18440600000000001 0.254331 0.193641 0.18272 0.193641 0.106172 0.175187 0.04443510041841004 0.153062 0.009874479079497908 0.036875000000000005 0.012343100418410042 0.012906200000000001 0.034560700836820085 0.012906200000000001 0.128389 0 0.17531400000000003 0.00184375 0.5802510000000001 0.0295 0.5728449999999999 0.138313 0.525921 0.201016 0.503703 0.221297 0.483954
13 0.434016 0.5089750000000001 0.450484 0.510209 0.45596899999999996 0.502845 0.45964099999999997 0.439121 0.454141 0.390105 0.448656 0.38152699999999995 0.430344 0.379079 0.42943699999999996 0.388891 0.426687 0.395021 0.422109 0.37295 0.405641 0.386444 0.405641 0.453828 0.40654700000000005 0.502845 0.430344 0.5089750000000001 0.434016 0.5089750000000001
32 0.288937 0.442845 0.28946900000000003 0.459017 0.292875 0.47205 0.29445299999999996 0.46818 0.297609 0.46642300000000003 0.298672 0.473096 0.29971899999999996 0.467113 0.301812 0.46642300000000003 0.303391 0.474163 0.304187 0.467469 0.30759400000000003 0.46642300000000003 0.309969 0.474163 0.309172 0.456569 0.30392199999999997 0.45022999999999996 0.3005 0.445293 0.297609 0.44108800000000004 0.288937 0.442845
51 0.311203 0.891925 0.48429700000000003 0.70182 0.215891 0.748703 0.24312499999999998 0.824226 0.311203 0.891925
27 0.240547 0.984414 0.768219 0.984414 0.884609 0.6311720000000001 0.907891 0.625983 0.948625 0.516883 0.9214689999999999 0.4909 0.9253439999999999 0.45974899999999996 0.94475 0.457134 0.950562 0.42336799999999997 0.9408749999999999 0.405188 0.79925 0.358452 0.775969 0.332469 0.756578 0.335063 0.741062 0.335063 0.678984 0.32728 0.669281 0.3091 0.669281 0.293515 0.651813 0.288305 0.613016 0.288305 0.576156 0.306485 0.562578 0.28052299999999997 0.552875 0.259749 0.521844 0.27792900000000004 0.494688 0.306485 0.457828 0.32987400000000006 0.45199999999999996 0.374017 0.271594 0.451946 0.25218799999999997 0.477929 0.203688 0.4909 0.003875 0.5870080000000001 0.003875 0.9792259999999999 0.0485 0.987008 0.027156200000000002 0.844163 0.240547 0.984414