44 0.777542 0.894641 0.792229 0.9011250000000001 0.803479 0.8991719999999999 0.813854 0.893984 0.806937 0.87325 0.796563 0.864812 0.7818540000000002 0.8570309999999999 0.783583 0.844078 0.769771 0.847312 0.76025 0.8518589999999999 0.752479 0.846016 0.752479 0.8518589999999999 0.759396 0.881672 0.770625 0.8881560000000001 0.777542 0.894641
44 0.6582710000000002 0.881672 0.665188 0.8875 0.681604 0.8894529999999999 0.691979 0.8836090000000001 0.684188 0.8674060000000001 0.6695 0.8680619999999999 0.6582710000000002 0.8738910000000001 0.6582710000000002 0.881672
50 0.48425 0.994578 0.462417 0.9795780000000001 0.460604 0.968656 0.460604 0.9509219999999999 0.45695800000000003 0.9222810000000001 0.4515 0.897719 0.45331299999999997 0.879984 0.45695800000000003 0.866344 0.45695800000000003 0.845875 0.462417 0.8417809999999999 0.46787500000000004 0.8281409999999999 0.45331299999999997 0.825422 0.44239599999999996 0.822688 0.438771 0.8104060000000001 0.444229 0.800859 0.446042 0.781766 0.429667 0.764016 0.41512499999999997 0.774937 0.409667 0.784484 0.402375 0.7967660000000001 0.39693700000000004 0.818594 0.40420799999999996 0.832234 0.411479 0.8417809999999999 0.42420800000000003 0.852703 0.409667 0.870438 0.400563 0.8895310000000001 0.387833 0.912734 0.38237499999999996 0.9236409999999999 0.38237499999999996 0.9290940000000001 0.38237499999999996 0.933188 0.378729 0.9386559999999999 0.378729 0.948203 0.378729 0.968656 0.380562 0.9795780000000001 0.38237499999999996 0.986391 0.384188 0.991859 0.411479 0.994578 0.413292 0.991859 0.411479 0.987766 0.39693700000000004 0.982312 0.39875 0.9645630000000001 0.407833 0.925 0.42420800000000003 0.919547 0.433313 0.931828 0.436937 0.946828 0.436937 0.963203 0.436937 0.982312 0.44785400000000003 0.9932190000000001 0.48425 0.998672 0.48425 0.994578
50 0.838417 0.8157030000000001 0.835208 0.806953 0.8302499999999999 0.8054220000000001 0.829958 0.802359 0.829583 0.799469 0.826292 0.795859 0.8201459999999999 0.796141 0.818208 0.798594 0.8184170000000001 0.8046559999999999 0.815521 0.8069689999999999 0.8158960000000001 0.817656 0.820917 0.816359 0.8228329999999999 0.818234 0.823417 0.8274839999999999 0.823417 0.8299369999999999 0.823604 0.8338279999999999 0.8334170000000001 0.8342660000000001 0.83375 0.830813 0.836958 0.8192030000000001 0.838417 0.8157030000000001
50 0.853437 0.8336410000000001 0.853437 0.832234 0.852167 0.830656 0.852167 0.829406 0.850917 0.827844 0.8505 0.827375 0.8496670000000001 0.826891 0.848417 0.8240780000000001 0.8473539999999999 0.822344 0.848417 0.8201560000000001 0.848625 0.8192030000000001 0.8496670000000001 0.8179529999999999 0.8527920000000001 0.815531 0.852167 0.814125 0.851958 0.8135 0.8517499999999999 0.8122339999999999 0.850083 0.809094 0.849875 0.8086249999999999 0.849875 0.807063 0.849875 0.806281 0.851333 0.805172 0.851542 0.8048590000000001 0.850917 0.8026719999999999 0.851542 0.802031 0.851958 0.800938 0.851958 0.799531 0.851958 0.798422 0.851958 0.797016 0.8517499999999999 0.796078 0.8505 0.795453 0.849458 0.794813 0.847562 0.794187 0.845479 0.794187 0.843167 0.794187 0.841917 0.794813 0.8415 0.795453 0.8402499999999999 0.797016 0.839625 0.798594 0.838792 0.8 0.8390000000000001 0.8012499999999999 0.839417 0.803297 0.8400420000000001 0.8048590000000001 0.836688 0.809172 0.836688 0.812297 0.839208 0.8137190000000001 0.840875 0.815281 0.8400420000000001 0.8201560000000001 0.839833 0.822344 0.839833 0.827375 0.842125 0.82925 0.845271 0.830969 0.8488330000000001 0.8339529999999999 0.853437 0.8336410000000001
18 0.600125 0.892406 0.665583 0.893859 0.6646040000000001 0.890203 0.660708 0.8564999999999999 0.634313 0.841109 0.591333 0.8037340000000001 0.600125 0.892406
18 0.59375 0.799172 0.59375 0.8031089999999999 0.646625 0.8486559999999999 0.652375 0.827844 0.653438 0.8243120000000002 0.663896 0.823531 0.697417 0.8262660000000001 0.696896 0.840016 0.707875 0.840406 0.712583 0.832156 0.720979 0.827844 0.728292 0.822344 0.729354 0.8140940000000001 0.741396 0.8109529999999999 0.737208 0.796438 0.59375 0.798 0.59375 0.799172
18 0.752917 0.846688 0.77175 0.844328 0.781188 0.844328 0.7843129999999999 0.8553279999999999 0.803167 0.864359 0.817833 0.879672 0.836667 0.874563 0.852375 0.8816409999999999 0.852896 0.8498280000000001 0.855521 0.844328 0.865479 0.844328 0.866 0.8502189999999998 0.877521 0.852578 0.876979 0.8431560000000001 0.873854 0.837656 0.83825 0.838438 0.797417 0.8262660000000001 0.760229 0.798781 0.753958 0.798781 0.754479 0.801141 0.752917 0.846688
36 0.420854 0.847234 0.420854 0.846734 0.398688 0.833625 0.402042 0.8038909999999999 0.388604 0.811453 0.366437 0.8205310000000001 0.35770799999999997 0.832625 0.334854 0.8608439999999999 0.348292 0.8668910000000001 0.398021 0.883516 0.420854 0.847234
50 0.741396 0.828172 0.739792 0.8247500000000001 0.731479 0.8225469999999999 0.72425 0.823344 0.721021 0.830188 0.710583 0.8354060000000001 0.701729 0.845656 0.726396 0.846453 0.726646 0.8458590000000001 0.728 0.8448439999999999 0.734958 0.846453 0.740313 0.846453 0.741396 0.8426410000000001 0.741396 0.836203 0.741396 0.828172
50 0.7237156889701107 0.8571759281870458 0.740854 0.8579060000000001 0.741667 0.850469 0.7237259573219862 0.8508387869492982 0.702271 0.851281 0.703083 0.856297 0.7237156889701107 0.8571759281870458
50 0.742458 0.862328 0.704146 0.8609220000000001 0.702813 0.866953 0.738979 0.865953 0.742458 0.862328
50 0.8516670000000001 0.807953 0.8516670000000001 0.809484 0.850854 0.811625 0.852896 0.8143589999999999 0.8532919999999999 0.8155939999999999 0.852479 0.817109 0.8516670000000001 0.8180310000000001 0.851271 0.8204689999999999 0.851271 0.821688 0.851271 0.824141 0.851271 0.8265779999999999 0.852479 0.827797 0.8537079999999999 0.828406 0.854521 0.8302339999999999 0.854104 0.8323750000000001 0.8537079999999999 0.834516 0.854917 0.8375619999999999 0.859 0.8381719999999999 0.8642920000000001 0.837266 0.875271 0.836656 0.874875 0.8357340000000001 0.872833 0.8323750000000001 0.872437 0.827187 0.872437 0.8265779999999999 0.872437 0.816812 0.867146 0.8122339999999999 0.8687710000000001 0.811625 0.8691669999999999 0.809172 0.867542 0.8064220000000001 0.8663329999999999 0.8021559999999999 0.863062 0.801234 0.859812 0.800938 0.85575 0.8027659999999999 0.851271 0.807953 0.8516670000000001 0.807953