32 1 0.565016 0.843056 0.42601300000000003 0.8049350000000001 0.336324 0.645735 0.136765 0.6322880000000001 0.15470599999999998 0.7533660000000001 0.399101 0.786993 0.43498400000000004 1 0.643497 1 0.565016
14 0.320131 0.584101 0.34421599999999997 0.579183 0.361225 0.57982 0.38364400000000004 0.569183 0.43594800000000006 0.55281 0.532582 0.516846 0.6 0.48089899999999997 0.7595419999999999 0.4 0.734837 0.364052 0.721356 0.314608 0.624722 0.173039 0.579771 0.10785900000000001 0.5483169999999999 0.0561765 0.341569 0.096634 0.0921405 0.161797 0.03145419934640523 0.2 0.06516340032679739 0.294379 0.15281 0.48764699999999994 0.238203 0.584265 0.274412 0.590163 0.320131 0.584101
14 0.785605 1 0.831275 0.972141 0.9168949999999999 0.880801 0.9873040000000001 0.74 1 0.580163 0.9796900000000001 0.46980399999999994 0.920425 0.355556 0.82518 0.239608 0.729935 0.172516 0.6247389999999999 0.121993 0.585523 0.115833 0.611944 0.136373 0.7136600000000001 0.30168300000000003 0.716601 0.31635599999999997 0.720507 0.329069 0.732255 0.348644 0.749853 0.378954 0.750833 0.403415 0.729314 0.419069 0.642255 0.459167 0.59531 0.48460800000000004 0.401634 0.5657840000000001 0.302761 0.587075 0.258284 0.593007 0.22246699999999997 0.575278 0.20898699999999998 0.546062 0.157304 0.49663399999999996 0.04269609967320262 0.231454 0.03 0.234542 0 0.265915 0 0.844657 0.07776140032679738 0.9245749999999999 0.180507 1 0.785605 1
15 0.573039 0.406748 0.593252 0.375278 0.58652 0.348317 0.5707840000000001 0.321356 0.53933 0.30562100000000003 0.5123530000000001 0.296634 0.45617599999999997 0.298873 0.44269600000000003 0.346062 0.492141 0.40898700000000004 0.5483169999999999 0.42022899999999996 0.573039 0.406748
15 0.258693 0.35009799999999996 0.27263099999999996 0.36549 0.282876 0.385278 0.30632400000000004 0.396993 0.329771 0.396993 0.346634 0.388203 0.35616 0.38673199999999996 0.345163 0.363284 0.331977 0.35009799999999996 0.31584999999999996 0.329592 0.301928 0.31493499999999996 0.291667 0.295882 0.288007 0.27169899999999997 0.279951 0.259248 0.276291 0.259248 0.25137299999999996 0.266569 0.23452599999999998 0.27316999999999997 0.23158499999999999 0.276095 0.216928 0.295147 0.203742 0.31272900000000003 0.197876 0.328856 0.205948 0.347173 0.22792500000000002 0.34277799999999997 0.258693 0.35009799999999996
15 0.37915000000000004 0.33320299999999997 0.39258200000000004 0.336781 0.40960799999999997 0.33768 0.414984 0.354706 0.410507 0.36635599999999996 0.375556 0.390539 0.348676 0.39951000000000003 0.341503 0.40578400000000003 0.344199 0.419216 0.348676 0.435343 0.351373 0.442516 0.38810500000000003 0.412941 0.43111099999999997 0.390539 0.436487 0.354706 0.420359 0.331405 0.427533 0.309902 0.437386 0.302729 0.446356 0.298252 0.45531 0.282124 0.446356 0.27405199999999996 0.42305600000000004 0.265997 0.407827 0.270474 0.389003 0.281225 0.371977 0.304526 0.37915000000000004 0.33320299999999997
15 0.519101 0.231454 0.48764699999999994 0.197745 0.43820299999999995 0.195507 0.462925 0.25168300000000005 0.47191199999999994 0.28315399999999996 0.5235949999999999 0.26067 0.519101 0.231454
15 0.593301 0.34736900000000004 0.594967 0.360621 0.588333 0.392925 0.5908169999999999 0.402026 0.5908169999999999 0.41031 0.589167 0.43268 0.623121 0.422729 0.626438 0.421912 0.613186 0.40119299999999997 0.61732 0.397059 0.628922 0.385458 0.6305719999999999 0.37220600000000004 0.619804 0.35565399999999997 0.593301 0.344886 0.593301 0.34736900000000004
15 0.318235 0.47936300000000004 0.318235 0.512729 0.348709 0.5170750000000001 0.382075 0.511275 0.43285900000000005 0.498219 0.438676 0.488056 0.441569 0.475 0.437222 0.44017999999999996 0.43576800000000004 0.424216 0.39658499999999997 0.415507 0.39369299999999996 0.42712399999999995 0.37047399999999997 0.46194399999999997 0.318235 0.47936300000000004
15 0.452026 0.248938 0.443415 0.248938 0.43768 0.23936300000000002 0.43384 0.221176 0.43384 0.203938 0.43192800000000003 0.18 0.43384 0.158938 0.413742 0.146503 0.398415 0.135964 0.389804 0.135016 0.38022900000000004 0.146503 0.373529 0.174265 0.362042 0.18957500000000002 0.353431 0.20585 0.34194399999999997 0.219248 0.331405 0.22691200000000003 0.33619299999999996 0.25467300000000004 0.34959199999999996 0.265212 0.373529 0.269036 0.381193 0.272859 0.397467 0.270948 0.41469 0.265212 0.42905199999999993 0.269036 0.44437899999999997 0.272859 0.46160100000000004 0.273824 0.457778 0.246062 0.452026 0.248938
15 0.504837 0.203807 0.5225329999999999 0.245948 0.5756370000000001 0.276291 0.5773199999999999 0.251846 0.553725 0.21223899999999998 0.524216 0.19201000000000001 0.504837 0.168399 0.475343 0.16081700000000002 0.477026 0.189477 0.504837 0.203807
15 0.438578 0.476993 0.44014699999999995 0.483252 0.453448 0.486389 0.464395 0.486389 0.564559 0.44256500000000004 0.564559 0.436307 0.562206 0.417516 0.526209 0.420654 0.48630700000000004 0.418301 0.47691199999999995 0.40421599999999996 0.45266300000000004 0.370572 0.431536 0.382304 0.42135599999999995 0.40031 0.42292500000000005 0.424559 0.438578 0.476993
15 0.556291 0.31067 0.590212 0.35024500000000003 0.6207349999999999 0.355899 0.598121 0.311814 0.582288 0.257533 0.569853 0.272239 0.522369 0.243971 0.522369 0.253023 0.48053900000000005 0.280147 0.466977 0.275621 0.454542 0.289199 0.46470600000000006 0.301634 0.524624 0.30050699999999997 0.550637 0.307288 0.556291 0.31067