27 0.159141 0.529917 0.10157799999999999 0.55475 0.00846875 0.55925 0.0135469 0.611167 0.0135469 0.699208 0.0135469 0.8481869999999999 0.0050781296875 0.954292 0.0643281 0.9881460000000001 0.998875 0.771437 1 0.340292 0.997172 0.376417 0.9159219999999999 0.40575 0.8786720000000001 0.365125 0.853266 0.387688 0.800797 0.387688 0.733063 0.37189599999999995 0.677203 0.40802099999999997 0.577313 0.423813 0.506203 0.432854 0.430016 0.453167 0.396156 0.484771 0.323359 0.502812 0.226859 0.520875 0.165922 0.532167 0.159141 0.529917
41 0.657297 0.518729 0.610109 0.444562 0.586516 0.44681299999999996 0.6320159999999999 0.518729 0.685953 0.595125 0.657297 0.518729
17 0.8020160000000001 0.5662079999999999 0.8204689999999999 0.521479 0.818797 0.447646 0.7952969999999999 0.38947899999999996 0.7617499999999999 0.369333 0.724828 0.385 0.713094 0.38725 0.649328 0.382771 0.637578 0.38725 0.619125 0.431979 0.630875 0.47672899999999996 0.7030160000000001 0.51475 0.786906 0.555021 0.8020160000000001 0.5662079999999999
17 0.07062500000000001 0.941708 0.0924844 0.92825 0.11771899999999999 0.905833 0.139578 0.8744379999999999 0.134531 0.818396 0.116031 0.802687 0.09081249999999999 0.793729 0.09081249999999999 0.811667 0.0975312 0.8206249999999999 0.0975312 0.8318329999999999 0.0790312 0.834083 0.05550000000000001 0.8363130000000001 0.0420469 0.8430420000000001 0.028593800000000003 0.8542500000000001 0.00840625 0.860979 0.0100938 0.883417 0.0100938 0.905833 0.0117656 0.901354 0.028593800000000003 0.92825 0.07062500000000001 0.941708
17 0.285875 0.822875 0.299328 0.811667 0.327922 0.791479 0.341375 0.7556039999999999 0.327922 0.7242080000000001 0.311094 0.713 0.301016 0.708521 0.30268700000000004 0.672646 0.29596900000000004 0.670396 0.28082799999999997 0.6793750000000001 0.277469 0.706271 0.265687 0.7107709999999999 0.240469 0.730938 0.230375 0.760083 0.22870300000000002 0.7780210000000001 0.260656 0.816146 0.285875 0.822875
17 0 0.7594580000000001 0.00034375 0.787542 0.001125 0.811042 0.008375 0.814271 0.0232344 0.809208 0.045343800000000004 0.795833 0.057437499999999996 0.7898540000000001 0.06779690000000001 0.7755829999999999 0.07125000000000001 0.766354 0.0657344 0.754854 0.0577812 0.75025 0.032906200000000004 0.7461040000000001 0.0324688 0.745625 0.0297031 0.7520830000000001 0.026593699999999998 0.7497710000000001 0.022796900000000002 0.747021 0.0186562 0.748854 0.013125000000000001 0.751625 0.0124375 0.757146 0.0072499999999999995 0.754396 0 0.754396 0 0.7594580000000001
17 0.048 0.720146 0.053546899999999995 0.705354 0.060656299999999996 0.6958749999999999 0.053109399999999994 0.691146 0.0442188 0.6869999999999999 0.034437499999999996 0.684021 0.0277656 0.684021 0.0162188 0.684021 0.00378125 0.685813 0 0.6899580000000001 0.0064375000000000005 0.6899580000000001 0.0148906 0.6899580000000001 0.0188906 0.6899580000000001 0.019781299999999998 0.6941039999999999 0.020218800000000002 0.703 0.0211094 0.710104 0.0242188 0.722542 0.028656300000000003 0.736771 0.029546899999999997 0.742104 0.0304375 0.744458 0.034875 0.744458 0.0346719 0.742333 0.0446719 0.736417 0.048 0.720146
17 0.0434219 0.632833 0.0331094 0.638125 0.027546900000000003 0.644458 0.022796900000000002 0.659271 0.022796900000000002 0.676208 0.0497812 0.688917 0.0648594 0.696313 0.0751719 0.688917 0.0862813 0.680438 0.09264059999999999 0.673042 0.0966094 0.666687 0.0958125 0.6296459999999999 0.0918438 0.626479 0.072 0.626479 0.0434219 0.632833
17 0.118984 0.670333 0.142391 0.688167 0.154641 0.6926249999999999 0.173594 0.683708 0.186969 0.670333 0.193656 0.640604 0.208141 0.627229 0.179172 0.594542 0.147969 0.599 0.12232799999999999 0.627229 0.123438 0.671813 0.118984 0.670333
17 0.46854699999999994 0.655813 0.473594 0.662542 0.49045300000000003 0.6715420000000001 0.524156 0.669292 0.532578 0.655813 0.535953 0.635583 0.535953 0.619854 0.535953 0.608604 0.532578 0.597375 0.530906 0.586146 0.520781 0.5793959999999999 0.48201599999999994 0.577146 0.458422 0.6018749999999999 0.46854699999999994 0.655813
17 0.229453 0.6635000000000001 0.23962500000000003 0.6628539999999999 0.253656 0.6744789999999999 0.25704699999999997 0.6757709999999999 0.257531 0.6686669999999999 0.262859 0.655125 0.275922 0.6389790000000001 0.299641 0.627375 0.302547 0.619437 0.29625 0.614271 0.27640600000000004 0.5975 0.2585 0.58975 0.251234 0.591042 0.245438 0.587812 0.23865599999999998 0.593625 0.229453 0.6037079999999999 0.210094 0.617271 0.20720299999999997 0.6217919999999999 0.216391 0.621146 0.218812 0.630167 0.21590600000000001 0.654062 0.222203 0.663083 0.229453 0.6635000000000001
17 0.305844 0.712438 0.31610900000000003 0.7170000000000001 0.322953 0.7185210000000001 0.325797 0.71625 0.332078 0.7078749999999999 0.33720300000000003 0.7025629999999999 0.344047 0.693438 0.346906 0.685833 0.348609 0.673667 0.344625 0.6652920000000001 0.340062 0.659979 0.330937 0.647813 0.322953 0.634875 0.316672 0.631833 0.309828 0.6310830000000001 0.300703 0.6310830000000001 0.289297 0.632604 0.281891 0.637167 0.276187 0.641729 0.269906 0.6516040000000001 0.26534399999999997 0.659208 0.261344 0.6728959999999999 0.261922 0.685063 0.266484 0.7010419999999999 0.305844 0.712438
17 0.242516 0.722167 0.25618799999999997 0.702271 0.24625 0.6815829999999999 0.22512500000000002 0.6649999999999999 0.219531 0.6649999999999999 0.202141 0.674125 0.192828 0.6749580000000001 0.181641 0.671625 0.170469 0.695646 0.166734 0.718854 0.179781 0.734583 0.186 0.756125 0.191578 0.7652289999999999 0.227609 0.763563 0.242516 0.722167
17 0.0937031 0.792667 0.104375 0.7997920000000001 0.119906 0.809479 0.133 0.822417 0.133484 0.828896 0.135422 0.8392499999999999 0.149984 0.8334170000000001 0.151922 0.8334170000000001 0.168406 0.8185420000000001 0.174234 0.804958 0.174719 0.803667 0.187812 0.782333 0.190234 0.764208 0.18975 0.7473960000000001 0.185391 0.7370420000000001 0.17181200000000002 0.7241040000000001 0.159187 0.7208749999999999 0.14950000000000002 0.72475 0.140766 0.7292919999999999 0.127172 0.7370420000000001 0.1165 0.745458 0.0937031 0.75775 0.09031249999999999 0.771979 0.0907969 0.790729 0.0937031 0.792667
17 0.41515599999999997 0.6269790000000001 0.42032800000000003 0.622208 0.422328 0.618479 0.42351599999999995 0.6078749999999999 0.43068799999999996 0.570729 0.42868700000000004 0.556937 0.414359 0.5441870000000001 0.39607800000000004 0.5410210000000001 0.37875000000000003 0.5420630000000001 0.367719 0.544167 0.35826600000000003 0.549417 0.35432800000000003 0.558875 0.35459399999999996 0.561667 0.351437 0.568312 0.35617200000000004 0.587229 0.36089099999999996 0.599479 0.36475 0.62 0.365937 0.625312 0.382656 0.634333 0.388625 0.635917 0.392609 0.636458 0.392469 0.6359999999999999 0.40959399999999996 0.6333540000000001 0.41515599999999997 0.6269790000000001