18 0.718578 1 0.718578 0.99925 0.705391 0.981667 0.6875 0.9502919999999999 0.670563 0.940229 0.644203 0.9415 0.6008910000000001 0.94525 0.594297 0.94275 0.5669839999999999 0.974125 0.553813 0.982917 0.552859 0.9866879999999999 0.545328 0.994229 0.583 1 0.632891 1 0.718578 1
18 0.543953 0.947792 0.559891 0.956312 0.598156 0.947792 0.605328 0.929729 0.59975 0.909542 0.596562 0.885083 0.572656 0.8787079999999999 0.551922 0.877646 0.528 0.881896 0.516047 0.904208 0.543953 0.947792
18 0.43573399999999995 0.896917 0.42039099999999996 0.9241879999999999 0.43937499999999996 0.958271 0.47225 0.960208 0.48685900000000004 0.97775 0.5 0.963125 0.525563 0.959229 0.535062 0.963125 0.541625 0.9465830000000001 0.525563 0.920292 0.505844 0.892042 0.48465600000000003 0.8901039999999999 0.43499999999999994 0.894 0.43573399999999995 0.896917
18 0.291016 0.95125 0.296125 0.95125 0.298312 0.957083 0.296125 0.9648749999999999 0.294656 0.980458 0.29978099999999996 0.985333 0.309266 0.984354 0.320219 0.984354 0.332641 0.9882500000000001 0.348703 0.9882500000000001 0.356016 0.989229 0.358203 0.997021 0.36185900000000004 0.998958 0.370625 0.997021 0.375734 0.997021 0.37718799999999997 0.9862920000000001 0.38157800000000003 0.9823959999999999 0.389609 0.981437 0.397641 0.981437 0.40640599999999993 0.979479 0.41370300000000004 0.979479 0.41662499999999997 0.983375 0.420281 0.9862920000000001 0.42612500000000003 0.9882500000000001 0.4305 0.987271 0.43270299999999995 0.979479 0.43415600000000004 0.9765619999999999 0.434891 0.973646 0.434891 0.9648749999999999 0.437812 0.958063 0.43634399999999995 0.9502710000000001 0.43196899999999994 0.940542 0.425391 0.9327500000000001 0.420281 0.927875 0.41809399999999997 0.928854 0.41370300000000004 0.923979 0.41224999999999995 0.918146 0.404219 0.910354 0.391062 0.903521 0.383031 0.900604 0.370625 0.897687 0.353828 0.898667 0.327531 0.900604 0.305625 0.908396 0.301234 0.921063 0.298312 0.927875 0.296859 0.935667 0.29175 0.9424790000000001 0.289547 0.9483130000000001 0.291016 0.95125
18 0.10881300000000001 0.9872289999999999 0.10278099999999998 1 0.172859 0.998521 0.205484 1 0.262281 0.996896 0.273156 0.996896 0.29975 0.992062 0.293703 0.971125 0.28040600000000004 0.9421250000000001 0.276781 0.9421250000000001 0.268328 0.9421250000000001 0.24657800000000002 0.922792 0.235703 0.914729 0.207906 0.911521 0.174078 0.916354 0.151109 0.917958 0.136609 0.9195620000000001 0.136609 0.9356880000000001 0.13178099999999998 0.948562 0.122109 0.959854 0.107609 0.9743539999999999 0.11003099999999999 0.972729 0.10881300000000001 0.9872289999999999
40 0.47873400000000005 0.176146 0.481703 0.17218799999999998 0.48359399999999997 0.16497900000000001 0.485219 0.15775 0.48818700000000004 0.14766700000000002 0.493063 0.13325 0.497656 0.123875 0.500359 0.120979 0.506844 0.121354 0.517938 0.11125 0.509281 0.10225 0.49629700000000004 0.113063 0.49928100000000003 0.118833 0.494688 0.12675 0.490625 0.13325 0.488734 0.137937 0.486031 0.142979 0.484406 0.148396 0.48359399999999997 0.15704200000000001 0.480625 0.165688 0.47764100000000004 0.17289600000000002 0.47385900000000003 0.179396 0.464391 0.18479199999999998 0.46845299999999995 0.188771 0.47332799999999997 0.18443800000000002 0.47873400000000005 0.176146
40 0.7577659999999999 0.206229 0.7518589999999999 0.204312 0.747016 0.211958 0.743437 0.22295800000000002 0.7359060000000001 0.23681300000000002 0.720672 0.24135399999999999 0.718531 0.243271 0.719781 0.246854 0.731422 0.246854 0.735734 0.24302100000000001 0.741109 0.23585399999999998 0.748812 0.220333 0.758672 0.215312 0.7577659999999999 0.206229
40 0.606734 0.239542 0.614062 0.24606199999999998 0.6189530000000001 0.24737499999999998 0.615047 0.239542 0.605281 0.238896 0.606734 0.239542
40 0.5343910000000001 0.507833 0.534547 0.508667 0.540547 0.510583 0.5427660000000001 0.508458 0.5473589999999999 0.504667 0.552734 0.50025 0.551625 0.492646 0.542297 0.489896 0.5370779999999999 0.491812 0.5337500000000001 0.496875 0.532484 0.502354 0.534547 0.507417 0.5343910000000001 0.507833
40 0.362641 0.345667 0.362812 0.351146 0.36406299999999997 0.354958 0.37174999999999997 0.352333 0.374609 0.34208299999999997 0.376766 0.336125 0.378906 0.333729 0.380328 0.333271 0.38354699999999997 0.333271 0.386422 0.331833 0.387484 0.327542 0.386766 0.325625 0.381406 0.32277100000000003 0.37657799999999997 0.324208 0.376047 0.332312 0.362641 0.345667
40 0.768984 0.716542 0.775953 0.726208 0.783344 0.727146 0.801031 0.695375 0.8118909999999999 0.693521 0.8166249999999999 0.686271 0.8160780000000001 0.670667 0.807719 0.668625 0.799359 0.678667 0.7935 0.6950000000000001 0.780266 0.7174790000000001 0.775531 0.7128329999999999 0.768984 0.716542
40 0.908859 0.45175 0.886562 0.462375 0.886969 0.46437500000000004 0.911422 0.452104 0.911422 0.450437 0.9166869999999999 0.448958 0.915297 0.443521 0.909375 0.443333 0.905828 0.445271 0.903594 0.444562 0.901422 0.445542 0.901359 0.44677100000000003 0.9067500000000001 0.445542 0.9067500000000001 0.448875 0.908859 0.45175
40 0.666547 0.569875 0.667297 0.569875 0.668859 0.568 0.668859 0.566896 0.667359 0.5663959999999999 0.666766 0.5662079999999999 0.665359 0.565812 0.664391 0.565812 0.662891 0.565812 0.662156 0.566708 0.662156 0.568292 0.662891 0.569688 0.6637190000000001 0.570375 0.663938 0.571271 0.664906 0.571875 0.6655 0.570187 0.666547 0.569875
40 0.44667199999999996 0.5662079999999999 0.451312 0.557792 0.45489100000000005 0.557792 0.45489100000000005 0.551333 0.451312 0.551333 0.45026599999999994 0.557229 0.445406 0.565375 0.44667199999999996 0.5662079999999999
18 0.9497030000000001 0.980688 0.8855470000000001 0.9778749999999999 0.848719 0.979979 0.827688 0.9883959999999999 0.815063 0.999625 0.992313 1 0.9497030000000001 0.980688
40 0.674719 0.710333 0.674719 0.708313 0.671188 0.7062919999999999 0.672703 0.711688 0.674719 0.710333
50 0.650547 0.919875 0.65125 0.9193960000000001 0.653156 0.9223960000000001 0.653328 0.92425 0.652969 0.943396 0.6574690000000001 0.942708 0.657125 0.934396 0.6590309999999999 0.9334790000000001 0.661969 0.943396 0.663359 0.943396 0.662484 0.929083 0.663016 0.9279379999999999 0.662312 0.91825 0.660937 0.9113330000000001 0.658516 0.907646 0.658344 0.904188 0.6553910000000001 0.90025 0.653156 0.9009579999999999 0.6524530000000001 0.902792 0.652797 0.9083330000000001 0.650031 0.9115629999999999 0.649687 0.920104 0.650547 0.919875
50 0.783922 0.902062 0.780906 0.885583 0.777891 0.874875 0.776563 0.8753329999999999 0.772219 0.876667 0.772547 0.882 0.773219 0.88825 0.770547 0.890042 0.7712030000000001 0.906979 0.781234 0.907875 0.783922 0.902062
40 0.428875 0.26835400000000004 0.42787499999999995 0.271958 0.425891 0.277646 0.42575 0.280125 0.43228099999999997 0.276125 0.433984 0.273667 0.43526600000000004 0.27158299999999996 0.436266 0.267979 0.434563 0.264188 0.43128099999999997 0.265333 0.428875 0.26835400000000004