32 0.5998910000000001 0.228518 0.6521250000000001 0.219529 0.735687 0.273482 0.9774369999999999 0.401553 0.9923590000000001 0.41054100000000004 1 0.379082 0.995344 0.334141 0.8998440000000001 0.29595299999999997 0.770016 0.237506 0.665562 0.215035 0.616313 0.19256500000000001 0.598406 0.1656 0.579 0.143129 0.45365599999999995 0.07122349882352941 0.392469 0.0644706 0.389484 0.152118 0.561094 0.22628199999999998 0.5998910000000001 0.228518
19 0.49082800000000004 0.500729 0.506469 0.514047 0.516672 0.5160939999999999 0.515313 0.496635 0.468391 0.404447 0.41260899999999995 0.310235 0.38881299999999996 0.284635 0.36160899999999996 0.284635 0.376563 0.327647 0.365016 0.312282 0.425531 0.401388 0.49082800000000004 0.500729
19 0.690922 0.4 0.690188 0.382188 0.680578 0.372165 0.673922 0.386635 0.66875 0.406659 0.665797 0.42670600000000003 0.661359 0.438941 0.657672 0.4512 0.657672 0.482353 0.648062 0.5124000000000001 0.643625 0.530212 0.650266 0.534659 0.657672 0.536894 0.663578 0.521318 0.690922 0.4
19 0.719219 0.603035 0.729797 0.620282 0.752703 0.593741 0.7641560000000001 0.591082 0.771219 0.506165 0.752703 0.426541 0.743016 0.434518 0.740375 0.495553 0.7386090000000001 0.544659 0.725391 0.577812 0.678687 0.495553 0.676922 0.539341 0.666359 0.5380240000000001 0.686625 0.565882 0.719219 0.603035
19 0.5715939999999999 0.725271 0.563469 0.728588 0.556891 0.733529 0.5566720000000001 0.739482 0.560844 0.751694 0.559531 0.757976 0.55975 0.766235 0.567641 0.7665649999999999 0.613266 0.755671 0.650766 0.749718 0.666984 0.731882 0.663922 0.723624 0.657562 0.713059 0.653172 0.7100939999999999 0.645062 0.714706 0.638922 0.717365 0.628609 0.7196710000000001 0.608 0.723953 0.609094 0.7203289999999999 0.6051409999999999 0.711082 0.5939530000000001 0.714047 0.587156 0.718353 0.576203 0.7219760000000001 0.5715939999999999 0.725271
19 0.731 0.42263500000000004 0.719156 0.39543500000000004 0.702953 0.381365 0.699219 0.381365 0.688 0.417012 0.688 0.4264 0.7129380000000001 0.43767100000000003 0.731 0.42263500000000004
19 0.71075 0.339647 0.715484 0.3444 0.722969 0.352118 0.722969 0.365788 0.721 0.385365 0.73875 0.40971799999999997 0.75925 0.42456499999999997 0.7647809999999999 0.422188 0.768328 0.410306 0.767938 0.395482 0.751375 0.372306 0.724953 0.3444 0.704437 0.334306 0.71075 0.339647
19 0.347031 0.7144 0.332875 0.6974589999999999 0.315812 0.6985410000000001 0.300937 0.695812 0.288969 0.692541 0.27881300000000003 0.701835 0.27881300000000003 0.706188 0.285344 0.717129 0.29659399999999997 0.7187760000000001 0.321984 0.722047 0.349922 0.717129 0.347031 0.7144
19 0.503203 0.400588 0.512312 0.38992899999999997 0.523953 0.39602400000000004 0.5477339999999999 0.38458800000000004 0.581141 0.348024 0.606453 0.291624 0.606453 0.289318 0.598859 0.288565 0.574062 0.316 0.5669690000000001 0.322871 0.546219 0.338094 0.518891 0.363247 0.47282799999999997 0.379271 0.46371900000000005 0.383835 0.462203 0.38839999999999997 0.482453 0.434141 0.504219 0.419647 0.503203 0.400588
19 0.533266 0.607624 0.527609 0.598047 0.506437 0.593788 0.483141 0.5768 0.43090599999999996 0.6107999999999999 0.344781 0.6607759999999999 0.351844 0.6820240000000001 0.48807799999999996 0.6161179999999999 0.533266 0.607624
27 0.9822659999999999 0.513012 0.684812 0.986988 0.996094 0.984376 0.999547 0.0052 0.641578 0 0.9822659999999999 0.484376 0.9822659999999999 0.513012
27 0.00173438 0.9817650000000001 0.356234 0.986988 0.0812812 0.559906 0.0587969 0.5052 0.0587969 0.486988 0.0587969 0.481765 0.0587969 0.466141 0.399469 0.00781176 0.0051875 0.0052 0.00173438 0.9817650000000001
19 0.491437 0.190729 0.4916618184386892 0.19085657454917707 0.525563 0.210094 0.527672 0.198118 0.5318402914059859 0.18516886156753962 0.532344 0.185459 0.535375 0.17418799999999998 0.504297 0.156259 0.500563 0.167153 0.5080170044416162 0.1450295387723054 0.5080316371257165 0.1449882820981616 0.543797 0.160824 0.545422 0.15167100000000003 0.511781 0.134424 0.5088894721903613 0.14256962660827277 0.508031 0.144988 0.4945221854678363 0.18284145431711013 0.491437 0.190729
19 0.572688 0.04270589999999999 0.569891 0.0410118 0.559812 0.0553412 0.540781 0.084 0.515609 0.123624 0.516156 0.122776 0.550297 0.136259 0.568219 0.08484710000000001 0.569891 0.0663059 0.572688 0.04270589999999999
19 0.415188 0.254776 0.42792199999999997 0.26778799999999997 0.431547 0.25887099999999996 0.43109400000000003 0.247929 0.423828 0.243129 0.411094 0.199318 0.407453 0.199318 0.392453 0.227388 0.420188 0.243129 0.414281 0.256141 0.415188 0.254776
19 0.334875 0.546447 0.36415600000000004 0.582353 0.370844 0.556518 0.371266 0.5603060000000001 0.377531 0.583624 0.396359 0.6075529999999999 0.422719 0.617012 0.427313 0.611953 0.41100000000000003 0.596847 0.391766 0.570376 0.377531 0.5168470000000001 0.3675 0.464541 0.360797 0.46517600000000003 0.356203 0.48470599999999997 0.349094 0.47715300000000005 0.343656 0.482188 0.340719 0.501082 0.358297 0.5073880000000001 0.361641 0.526282 0.359547 0.532588 0.336125 0.542659 0.334875 0.546447
19 0.368359 0.782894 0.361734 0.772471 0.375875 0.7729179999999999 0.383094 0.771553 0.382781 0.768847 0.382781 0.767482 0.335266 0.752094 0.336781 0.773365 0.341594 0.784706 0.387891 0.7991759999999999 0.389703 0.783788 0.368359 0.782894
19 0.4447340000000001 0.8109649999999999 0.4447340000000001 0.805082 0.426391 0.7955530000000001 0.403531 0.806894 0.4074380000000001 0.807788 0.4447340000000001 0.8109649999999999