22 0.747493 0.49116000000000004 0.729093 0.49345999999999995 0.710693 0.49689999999999995 0.698427 0.5015 0.6800269999999999 0.51186 0.67848 0.5245 0.675413 0.5498 0.709147 0.57396 0.72296 0.65446 0.738293 0.65446 0.7260270000000001 0.5636 0.7459469999999999 0.5498 0.8011469999999999 0.5498 0.7965599999999999 0.5854600000000001 0.81496 0.59236 0.81648 0.5521 0.82416 0.5475 0.859413 0.5636 0.87936 0.65676 0.89008 0.65676 0.86248 0.54176 0.8946930000000001 0.4141 0.84256 0.39456 0.8011469999999999 0.4003 0.7551469999999999 0.42446 0.747493 0.49116000000000004
22 0.23602700000000001 0.42886 0.24842699999999998 0.44854 0.255707 0.46002 0.25861300000000004 0.46494 0.271013 0.46658 0.271733 0.46658 0.276107 0.46548 0.29141300000000003 0.4633 0.285573 0.454 0.27976 0.44744 0.271733 0.45018 0.257893 0.44416 0.228027 0.40046 0.220747 0.39772 0.21855999999999998 0.39936 0.222933 0.40592 0.23530700000000002 0.42396 0.23602700000000001 0.42886
22 0.24418700000000002 0.50336 0.252187 0.49242 0.298827 0.50008 0.30538699999999996 0.47986 0.23762699999999998 0.458 0.196107 0.38806 0.17933300000000002 0.36292 0.18224 0.37932 0.22232000000000002 0.47986 0.24418700000000002 0.50336
22 0.180747 0.37145999999999996 0.202827 0.36513999999999996 0.17967999999999998 0.3403 0.17128000000000002 0.3332 0.152347 0.33477999999999997 0.168107 0.34622 0.180747 0.37145999999999996
22 0.22658699999999998 0.36107999999999996 0.2272 0.35414 0.2204 0.3398 0.232133 0.33702 0.24693299999999999 0.3361 0.253733 0.3412 0.2568 0.35322000000000003 0.261733 0.35137999999999997 0.267307 0.3449 0.260507 0.32314 0.25312 0.3162 0.25064 0.30278 0.24570699999999998 0.29584 0.22288 0.29956 0.20746699999999998 0.29862 0.2124 0.30326 0.213013 0.30833999999999995 0.2124 0.31668 0.211147 0.32408 0.211147 0.33194 0.2124 0.33564 0.217333 0.34536 0.22472 0.36202 0.22658699999999998 0.36107999999999996
22 0.750613 0.33752 0.7386400000000001 0.3465 0.7147199999999999 0.35322000000000003 0.6968 0.36219999999999997 0.70576 0.36668 0.723707 0.36668 0.7416269999999999 0.37116000000000005 0.756587 0.38238 0.765547 0.36892 0.7805070000000001 0.35546 0.774533 0.30838 0.7625599999999999 0.30166000000000004 0.7416269999999999 0.31062 0.7386400000000001 0.33977999999999997 0.750613 0.33752
50 0.7659729999999999 0.28448 0.77472 0.28612 0.79584 0.28338 0.800933 0.27246 0.806027 0.25498 0.7994669999999999 0.25006 0.790747 0.24022 0.79512 0.22656 0.787813 0.22382 0.782 0.22491999999999998 0.772533 0.2282 0.7739729999999999 0.23693999999999998 0.771787 0.24952000000000002 0.763787 0.26372 0.7521329999999999 0.24896000000000001 0.7477600000000001 0.25826 0.763787 0.27082 0.7659729999999999 0.28012 0.7659729999999999 0.28448
17 0.466373 0.31838 0.637333 0.33698 0.6538670000000001 0.31838 0.673173 0.24806 0.678693 0.16741999999999999 0.667653 0.12813999999999998 0.56288 0.06196 0.507733 0.10538 0.474667 0.15294 0.48610699999999996 0.232 0.49544 0.26527999999999996 0.47210699999999994 0.3143 0.466373 0.31838
17 0.680133 0.3242 0.65144 0.31948000000000004 0.631707 0.32016 0.6084 0.32352 0.5797070000000001 0.32889999999999997 0.5492 0.33427999999999997 0.498987 0.32889999999999997 0.461333 0.31748000000000004 0.439813 0.32083999999999996 0.42994699999999997 0.33294 0.42816 0.38338 0.426347 0.4076 0.426347 0.41768 0.42816 0.43045999999999995 0.451467 0.43851999999999997 0.49272000000000005 0.44256 0.54472 0.44458 0.611093 0.44189999999999996 0.665787 0.43382 0.693573 0.4244 0.6837070000000001 0.40893999999999997 0.6863999999999999 0.33427999999999997 0.680133 0.3242
27 0.7085330000000001 0.6538200000000001 0.7174929999999999 0.68072 0.735413 0.6941799999999999 0.771307 0.68072 0.7862399999999999 0.6941799999999999 0.8071729999999999 0.68296 0.831093 0.71884 0.7444 0.75022 0.72048 0.78162 0.75336 0.90044 0.72048 0.95202 0.612853 0.96772 0.47234699999999996 0.96548 0.35575999999999997 0.9049400000000001 0.352773 0.87802 0.370693 0.83094 0.391627 0.7592000000000001 0.3408 0.7435 0.292987 0.7121000000000001 0.292987 0.6538200000000001 0.21824000000000002 0.6627799999999999 0.005973330666666667 0.70762 0.005973330666666667 0.9946200000000001 0.02392 0.99686 0.998507 1 1 0.9744400000000001 0.992533 0.70762 0.7444 0.6627799999999999 0.7085330000000001 0.6538200000000001
27 0.693253 0.43383999999999995 0.67736 0.44506 0.65304 0.44926 0.65024 0.4717 0.652107 0.5271 0.660347 0.5388999999999999 0.665653 0.54012 0.664827 0.5453 0.661173 0.5486599999999999 0.6636 0.55508 0.6764 0.55448 0.68216 0.5487000000000001 0.713413 0.56638 0.7268788986666667 0.5701972200000001 0.726373 0.56348 0.753307 0.5516 0.805227 0.54906 0.8494400000000001 0.56384 0.8646602986666667 0.602574206 0.8769600000000001 0.60346 0.97248 0.5966 0.974507 0.44874 0.969787 0.4254 0.888827 0.40914 0.8887377626666666 0.4092984 0.870587 0.40522 0.84848 0.3991 0.8350130000000001 0.39694 0.79704 0.40018 0.800427 0.38316 0.802 0.37983999999999996 0.797253 0.36962 0.782347 0.3708 0.7778930000000001 0.3765 0.77568 0.3827 0.7639469999999999 0.38483999999999996 0.75792 0.38768 0.750933 0.3941 0.7487199999999999 0.40006 0.737947 0.40458 0.7320603120000001 0.406585198 0.733973 0.40644 0.68928 0.42436 0.6892757973333333 0.424353544 0.68672 0.42542 0.693253 0.43383999999999995
27 0.72832 0.59414 0.7475470000000001 0.59414 0.8229556613333333 0.599570742 0.823973 0.5999 0.8494400000000001 0.60494 0.8653069999999999 0.60422 0.8646602986666667 0.602574206 0.833068144 0.6002990180000001 0.7268788986666667 0.5701972200000001 0.7278129999999999 0.5826 0.72832 0.59414
27 0.680427 0.41076 0.6892757973333333 0.424353544 0.73096 0.40696 0.7320603120000001 0.406585198 0.68576 0.4101 0.680427 0.41076
27 0.42135999999999996 0.4343 0.34672000000000003 0.4392 0.356987 0.4343 0.353253 0.4189 0.34952 0.4182 0.320587 0.4168 0.323387 0.4063 0.31592 0.4042 0.303787 0.39512 0.29541300000000004 0.38742000000000004 0.29448 0.38182 0.27488 0.37342000000000003 0.27208 0.36782 0.27208 0.36222000000000004 0.262747 0.35592 0.256213 0.35032 0.248747 0.34822000000000003 0.23754699999999998 0.35381999999999997 0.22914700000000002 0.36432 0.22263999999999998 0.37768 0.22357300000000002 0.38958 0.233813 0.40636 0.242213 0.41896 0.25528 0.41825999999999997 0.26461300000000004 0.43226 0.278613 0.44626 0.300053 0.47284 0.29728 0.49874 0.31965299999999996 0.49874 0.316853 0.53174 0.30845300000000003 0.6283 0.323387 0.6227 0.333653 0.6213 0.34672000000000003 0.6171 0.380293 0.59962 0.395227 0.60102 0.395227 0.5912200000000001 0.39802699999999996 0.5793200000000001 0.40269299999999997 0.57092 0.42135999999999996 0.55204 0.44653299999999996 0.55204 0.453067 0.53524 0.468 0.45406 0.423227 0.43448000000000003 0.42135999999999996 0.4343
17 0.6656799999999999 0.56312 0.6522669999999999 0.56388 0.65432 0.5770599999999999 0.63056 0.58094 0.622293 0.58946 0.614027 0.58636 0.602667 0.58482 0.59544 0.59488 0.5478930000000001 0.58714 0.5520269999999999 0.5770599999999999 0.54376 0.57474 0.54376 0.58016 0.5324 0.58558 0.512773 0.58482 0.5179469999999999 0.56312 0.502427 0.56312 0.49728 0.5731799999999999 0.489013 0.57008 0.458 0.56776 0.47248 0.5584600000000001 0.466267 0.54916 0.418747 0.55692 0.40016 0.57474 0.40325300000000003 0.6467999999999999 0.39602699999999996 0.66076 0.39602699999999996 0.67702 0.40634699999999996 0.6809 0.418747 0.6894199999999999 0.43528 0.6964 0.47248 0.70338 0.477653 0.71036 0.52 0.7088 0.548933 0.7134400000000001 0.5871730000000001 0.71036 0.627467 0.70802 0.661547 0.6964 0.67808 0.69176 0.69048 0.684 0.693573 0.684 0.70288 0.67702 0.7039200000000001 0.6654 0.6997869999999999 0.65378 0.70288 0.58636 0.6997869999999999 0.57008 0.69048 0.5623400000000001 0.66672 0.55614 0.6656799999999999 0.56312
17 0.37373300000000004 0.7848200000000001 0.365893 0.8591599999999999 0.368507 0.90024 0.44024 0.94328 0.570667 0.96676 0.6776 0.9472 0.753253 0.89144 0.740213 0.8132 0.7193329999999999 0.7721 0.6593330000000001 0.7457 0.661947 0.80438 0.6267469999999999 0.8171 0.53024 0.82884 0.49762700000000004 0.83374 0.4924 0.81222 0.47416 0.8132 0.442853 0.80244 0.438933 0.76624 0.418053 0.75352 0.37373300000000004 0.7848200000000001
22 0.692 0.40744 0.7556529999999999 0.40292 0.7556529999999999 0.3855 0.7410399999999999 0.36807999999999996 0.7014400000000001 0.36419999999999997 0.6868270000000001 0.38033999999999996 0.692 0.40744
52 0.14192 0.2883 0.156667 0.28446 0.17024 0.28446 0.1844 0.27214 0.195733 0.26280000000000003 0.205947 0.24580000000000002 0.19744 0.21947999999999998 0.170827 0.21226 0.14704 0.20928 0.11530699999999999 0.22202000000000002 0.1136 0.23774 0.122667 0.27768 0.1272 0.28276 0.14362699999999998 0.28276 0.139093 0.29296 0.14079999999999998 0.29678 0.143067 0.30188 0.14418699999999998 0.30868 0.150427 0.30444 0.14704 0.29084 0.14192 0.2883
52 0.914747 0.21962 0.886613 0.2331 0.878773 0.24244 0.88064 0.24936000000000003 0.89584 0.26077999999999996 0.9073599999999999 0.26596 0.902293 0.2867 0.9073599999999999 0.29536 0.93272 0.29431999999999997 0.937333 0.28912 0.938267 0.27876 0.943333 0.2701 0.9530130000000001 0.26768000000000003 0.961787 0.26354 0.9710130000000001 0.25938 0.97608 0.24728 0.978373 0.23621999999999999 0.9728530000000001 0.22722 0.96224 0.21442 0.9673069999999999 0.20786000000000002 0.986213 0.20752 0.9765330000000001 0.20406 0.9659200000000001 0.2037 0.9534929999999999 0.2037 0.9461069999999999 0.2006 0.926747 0.20682 0.914747 0.21962
22 0.374933 0.33064 0.391013 0.34138 0.401413 0.34432 0.412693 0.33942 0.422693 0.33748 0.421387 0.33096 0.42050699999999996 0.30656 0.40314700000000003 0.29906 0.38016 0.30134 0.37146700000000005 0.31077999999999995 0.373653 0.33096 0.374933 0.33064
22 0.46184 0.28038 0.456773 0.27876 0.45016 0.27876 0.446347 0.28094 0.44311999999999996 0.28578 0.44311999999999996 0.28878 0.44602699999999995 0.29004 0.45216 0.29304 0.454613 0.29314 0.45583999999999997 0.28854 0.456613 0.28566 0.46458699999999997 0.28543999999999997 0.463973 0.2821 0.46184 0.28038
22 0.248027 0.45762 0.22175999999999998 0.40054 0.22637300000000002 0.39612 0.20208 0.36757999999999996 0.18698700000000001 0.3725 0.236213 0.45664 0.248027 0.45762
22 0.876213 0.2983 0.8596269999999999 0.31074 0.8626400000000001 0.3605 0.9124 0.34692 0.9063730000000001 0.30848000000000003 0.876213 0.2983
22 0.244853 0.5366599999999999 0.244853 0.55236 0.21850699999999998 0.60814 0.220827 0.6110599999999999 0.25416 0.55236 0.267333 0.5529400000000001 0.244853 0.61802 0.240987 0.6226799999999999 0.24253300000000003 0.6343 0.277387 0.5662999999999999 0.31072 0.56398 0.31848000000000004 0.52736 0.3208 0.49482 0.276613 0.50354 0.257253 0.50818 0.24872 0.50354 0.19757300000000003 0.4245 0.195253 0.42507999999999996 0.237093 0.514 0.244853 0.5366599999999999
22 0.857653 0.35488 0.841893 0.37304000000000004 0.8310130000000001 0.39574000000000004 0.859467 0.40164 0.874 0.35534 0.857653 0.35488