74 0.468344 0.682857 0.47050000000000003 0.697049 0.5105310000000001 0.7086650000000001 0.552734 0.726745 0.580281 0.740937 0.705578 0.80548 0.738297 0.821616 0.741313 0.804192 0.78825 0.804824 0.7977190000000001 0.8241919999999999 0.80375 0.821616 0.825281 0.797728 0.826562 0.760304 0.8330310000000001 0.7544959999999999 0.830875 0.7415930000000001 0.8330310000000001 0.608009 0.821828 0.596393 0.806328 0.587354 0.806766 0.582178 0.7990160000000001 0.57897 0.796 0.582834 0.777922 0.575082 0.762422 0.575082 0.757672 0.5666979999999999 0.748641 0.569274 0.746922 0.575082 0.6952499999999999 0.587354 0.6788909999999999 0.598314 0.669844 0.593794 0.6577810000000001 0.591218 0.598797 0.595105 0.549281 0.600913 0.479969 0.606066 0.471781 0.615105 0.468344 0.682857
50 0.8078749999999999 0.6716859999999999 0.816047 0.6714289999999999 0.820203 0.66993 0.820547 0.66644 0.822703 0.665691 0.822875 0.661944 0.818875 0.65719 0.819375 0.65171 0.8172029999999999 0.645714 0.8147030000000001 0.644707 0.810875 0.648197 0.810047 0.654941 0.802875 0.661944 0.8008749999999999 0.669438 0.8078749999999999 0.6716859999999999
10 1 0.221499 0.9995160000000001 0.22267 0.998203 0.22124100000000002 0.9958130000000001 0.22007000000000002 0.993953 0.22114799999999998 0.9926410000000001 0.221944 0.996766 0.222389 0.999344 0.226885 1 0.224918 1 0.221499
10 0.9369999999999999 0.176511 0.936609 0.176511 0.9367190000000001 0.176792 0.9369999999999999 0.17695600000000003 0.9375 0.177986 0.937703 0.17901599999999998 0.9382809999999999 0.17901599999999998 0.9389689999999999 0.178876 0.9396559999999999 0.178712 0.940344 0.17857099999999998 0.940844 0.17782199999999998 0.9410310000000001 0.176511 0.939563 0.176206 0.9393589999999999 0.176206 0.937297 0.176511 0.937797 0.17782199999999998 0.9369999999999999 0.176511
10 0.906453 0.155855 0.9055310000000001 0.160796 0.909203 0.160796 0.9132339999999999 0.161335 0.907 0.155855 0.906453 0.155855
10 0.918937 0.16941499999999998 0.9182499999999999 0.173607 0.919609 0.17637 0.9217190000000001 0.176066 0.922625 0.174567 0.9223589999999999 0.172576 0.920828 0.170141 0.9194060000000001 0.168806 0.918937 0.16941499999999998
10 0.89725 0.140211 0.899141 0.14007 0.8990940000000001 0.13730699999999998 0.898188 0.13548000000000002 0.896344 0.136042 0.8964529999999999 0.138876 0.89725 0.140211
10 0.9242969999999999 0.159719 0.925531 0.160539 0.9285159999999999 0.159953 0.9305939999999999 0.158337 0.931281 0.155691 0.928828 0.15466000000000002 0.92875 0.15466000000000002 0.9266719999999999 0.15281 0.9238440000000001 0.151101 0.9233750000000001 0.15363 0.923297 0.154192 0.9239219999999999 0.156604 0.9242969999999999 0.159719
10 0.9579219999999999 0.19093700000000002 0.958906 0.187986 0.957531 0.184145 0.9540940000000001 0.182834 0.951141 0.184731 0.9520310000000001 0.18812600000000002 0.9536089999999999 0.189883 0.957141 0.190632 0.9579219999999999 0.19093700000000002
10 0.617047 0.05096019906323185 0.615047 0.05053859953161593 0.613406 0.050445000000000004 0.613578 0.051053899297423884 0.61425 0.052576100702576116 0.614766 0.05360659953161593 0.615172 0.05566740046838407 0.6167659999999999 0.05711940046838407 0.618641 0.05651049882903981 0.619328 0.05548010070257611 0.619672 0.05454329976580796 0.620109 0.05421550117096019 0.622437 0.05271659953161593 0.6222190000000001 0.051897 0.620437 0.05138170023419204 0.617563 0.051053899297423884 0.617047 0.05096019906323185
10 0.627984 0.06241219906323185 0.629406 0.06496489929742388 0.631687 0.06346600000000001 0.6331249999999999 0.06025759953161592 0.630547 0.059625299765807965 0.627844 0.059625299765807965 0.627984 0.06241219906323185
10 0.6422030000000001 0.055925100702576114 0.642938 0.05723650117096019 0.644094 0.05693210070257611 0.648156 0.05662759953161592 0.649578 0.05693210070257611 0.649859 0.054917999999999995 0.64925 0.053067899297423886 0.646531 0.05266980093676815 0.641594 0.05398129976580796 0.6422030000000001 0.055925100702576114
10 0.856016 0.137354 0.857469 0.14077299999999998 0.859125 0.14388800000000002 0.8628439999999999 0.144496 0.861406 0.141405 0.8603590000000001 0.138899 0.856219 0.137049 0.856016 0.137354
10 0.8509690000000001 0.128525 0.85275 0.128993 0.853406 0.127799 0.8521089999999999 0.125105 0.8509690000000001 0.123419 0.849344 0.122927 0.8498279999999999 0.126323 0.8509690000000001 0.128525