27 0.44719 0.249444 0.46067 0.269657 0.008986929738562091 0.465163 0.0022549003267973854 0.988758 0.8561759999999999 0.98652 0.9977450000000001 0.820229 0.9977450000000001 0.22246699999999997 0.982026 0.21797400000000003 0.93933 0.2 0.903366 0.204493 0.8853920000000001 0.21797400000000003 0.8741499999999999 0.24045799999999998 0.8853920000000001 0.258431 0.712353 0.224722 0.5101140000000001 0.204493 0.395507 0.21124199999999999 0.44719 0.249444
50 0.0012418300653594771 0.0068790800653594775 0.0036601307189542487 0.11406899999999999 0.024134000000000003 0.11044100000000001 0.051830099673202616 0.121291 0.07230390032679739 0.11406899999999999 0.09397059967320262 0.0851634003267974 0.146961 0.061078400326797386 0.19392199999999998 0.05022880065359477 0.24089899999999997 0.0369935 0.263775 0.024950999999999997 0.23366 0.014101300653594771 0.19995100000000002 0.003267970588235294 0.161405 0.021339900326797386 0.150572 0.035784300653594774 0.132516 0.04060459967320261 0.115098 0 0.115098 0.005065359477124183 0.0012418300653594771 0.0068790800653594775
26 0.878252 0.397484 0.9477119999999999 0.42199300000000006 0.974265 0.395441 0.996748 0.330065 1 0.219755 0.98652 0.20954199999999998 0.925229 0.201373 0.884379 0.211569 0.876209 0.38318599999999997 0.878252 0.397484
26 0.191209 0.12081700000000001 0.202778 0.13423200000000002 0.206944 0.179575 0.207941 0.209101 0.221993 0.247418 0.221569 0.260196 0.21978799999999998 0.282157 0.242941 0.291275 0.276601 0.291977 0.301144 0.28567 0.305359 0.272353 0.299739 0.25482 0.299739 0.240082 0.308154 0.183284 0.305082 0.09900330065359478 0.28865999999999997 0.0895915 0.250931 0.08681369934640523 0.210294 0.08777780065359476 0.189935 0.102222 0.191209 0.12081700000000001
26 0.09697709967320262 0.12268000000000001 0.09006540032679738 0.12728799999999998 0.08315359967320261 0.135359 0.07854580065359477 0.15264699999999998 0.08315359967320261 0.173399 0.08892159967320262 0.194134 0.09352940032679738 0.227565 0.10620900000000001 0.271356 0.11426499999999999 0.279428 0.11888900000000001 0.29326800000000003 0.116585 0.312859 0.122337 0.325539 0.13848 0.33014699999999997 0.16383999999999999 0.32898700000000003 0.189183 0.32898700000000003 0.204167 0.322075 0.20648699999999998 0.31400300000000003 0.203023 0.304788 0.201863 0.296716 0.201863 0.2875 0.201863 0.271356 0.203023 0.25637299999999996 0.204167 0.23678100000000002 0.20648699999999998 0.195294 0.203023 0.172239 0.201863 0.142271 0.19955900000000001 0.130752 0.191503 0.123824 0.17075200000000001 0.116912 0.152304 0.115768 0.135016 0.115768 0.121193 0.116912 0.101601 0.11921600000000002 0.09697709967320262 0.12268000000000001
26 0.09017969934640523 0.215768 0.08972219934640524 0.206503 0.09156859967320262 0.18429700000000002 0.08 0.15792499999999998 0.07583330065359477 0.152843 0.06751630065359476 0.145441 0.035114400326797385 0.140801 0.0008823529411764706 0.14496699999999998 0 0.37493499999999996 0.018921599673202616 0.38511399999999996 0.08277780065359476 0.379085 0.09388890032679738 0.358742 0.087402 0.29165 0.09017969934640523 0.215768
26 0.656944 0.979706 0.721977 0.811552 0.728693 0.771193 0.706275 0.7016830000000001 0.681618 0.670294 0.625556 0.645621 0.57848 0.647876 0.517941 0.6501140000000001 0.473088 0.67701 0.459641 0.847418 0.48429700000000003 0.975229 0.656944 0.979706
51 0.173039 0.55281 0.177533 0.606748 0.197745 0.629216 0.233709 0.6426959999999999 0.319101 0.656176 0.415735 0.649444 0.5101140000000001 0.6404580000000001 0.5820259999999999 0.635948 0.5707840000000001 0.591013 0.53933 0.564052 0.5213559999999999 0.5123530000000001 0.478644 0.46965700000000005 0.449444 0.415735 0.393252 0.41797399999999996 0.314608 0.42696100000000003 0.25617599999999996 0.43820299999999995 0.20898699999999998 0.44269600000000003 0.16629100000000002 0.44269600000000003 0.164052 0.465163 0.16629100000000002 0.5033660000000001 0.173039 0.55281
51 0.724232 0.328611 0.672467 0.335833 0.60866 0.331013 0.567729 0.335833 0.49068599999999996 0.335833 0.471422 0.34065399999999996 0.48826800000000004 0.422516 0.541242 0.534477 0.552075 0.54531 0.6375489999999999 0.535686 0.7170099999999999 0.51281 0.745899 0.482712 0.762761 0.46465700000000004 0.789248 0.446601 0.810915 0.416503 0.789248 0.371961 0.7434970000000001 0.327402 0.724232 0.328611
26 0.322761 0.256307 0.351454 0.25418300000000005 0.363154 0.25099699999999997 0.378039 0.24780999999999997 0.38866 0.244624 0.39290800000000004 0.23611100000000002 0.387598 0.22335000000000002 0.38866 0.21060500000000001 0.400359 0.0851634003267974 0.399297 0.07029409967320262 0.376961 0.07029409967320262 0.345082 0.06390519934640523 0.31637299999999996 0.06390519934640523 0.29936300000000005 0.07029409967320262 0.295114 0.07772880065359476 0.295114 0.088366 0.296176 0.09367650000000001 0.30469 0.102173 0.30451 0.18799 0.31362700000000004 0.209036 0.312925 0.22446100000000002 0.31083299999999997 0.231471 0.31083299999999997 0.24339899999999998 0.31362700000000004 0.250408 0.322761 0.256307
26 0.534641 0.05593140032679738 0.5412089999999999 0.0023856192810457516 0.499134 0.0018464101307189545 0.500212 0.05648690032679739 0.534641 0.05593140032679738
26 0.8853920000000001 0.61348 0.8629249999999999 0.564052 0.820229 0.546062 0.784265 0.532582 0.737075 0.528088 0.692141 0.541569 0.662925 0.561797 0.64719 0.584265 0.644951 0.635948 0.676405 0.665163 0.696634 0.689886 0.721356 0.714608 0.737075 0.7595419999999999 0.685392 0.9235949999999999 0.696634 0.9235949999999999 0.761797 0.92585 0.788758 0.92585 0.815735 0.894379 0.8022549999999999 0.871912 0.806748 0.849444 0.8853920000000001 0.624722 0.8853920000000001 0.61348
26 0.612843 0.053120900326797386 0.6183500000000001 0.05129080065359477 0.62018 0.03450980065359477 0.62384 0.031748400326797384 0.625065 0.017402 0.626585 0.0009313725490196077 0.587516 0.0009313725490196077 0.589346 0.049771199346405226 0.5984970000000001 0.05403590032679739 0.612843 0.053120900326797386
27 0.395866 0.023545800653594774 0.440458 0.020620900326797385 0.44996699999999995 0.025751599673202615 0.482124 0.05717319934640523 0.40171599999999996 0.06522880065359477 0.419984 0.103971 0.39952600000000005 0.10616 0.398056 0.10616 0.404641 0.13467300000000001 0.527467 0.13029400000000002 0.708039 0.118595 0.7285130000000001 0.120049 0.742402 0.084232 0.626895 0.0220915 0.62616 0.0579085 0.625425 0.05864380065359477 0.578644 0.04620919934640523 0.55232 0.048415 0.582288 0.07179740032679739 0.547925 0.07983659967320261 0.547206 0.07983659967320261 0.525997 0.06083330065359477 0.495294 0.05717319934640523 0.494559 0.01916669934640523 0.493105 0.01916669934640523 0.455082 0.020620900326797385 0.454346 0.01258169934640523 0.438268 0.007467320261437909 0.394395 0.007467320261437909 0.395866 0.023545800653594774
26 0.922271 0.7695259999999999 0.9290520000000001 0.751438 0.9290520000000001 0.737876 0.9923690000000001 0.604461 0.9923690000000001 0.5773199999999999 1 0.497059 0.998023 0.478971 0.9494120000000001 0.457484 0.892876 0.44617599999999996 0.8600980000000001 0.44617599999999996 0.827304 0.454101 0.8114709999999999 0.46766300000000005 0.806961 0.49253300000000005 0.7911269999999999 0.532108 0.8318300000000001 0.550196 0.8634799999999999 0.567157 0.8883500000000001 0.595425 0.8906210000000001 0.625948 0.88384 0.6462910000000001 0.832958 0.7910130000000001 0.837484 0.789869 0.895147 0.792141 0.922271 0.7695259999999999
50 0.387222 0.20849700000000002 0.45652000000000004 0.206814 0.47173199999999993 0.194984 0.488627 0.175539 0.505539 0.153578 0.517369 0.130752 0.439624 0.134984 0.43117599999999995 0.14174799999999999 0.425261 0.153578 0.418497 0.15779400000000002 0.398219 0.178072 0.38807200000000003 0.204281 0.387222 0.20849700000000002
22 0.6533169999999999 0.21985300000000002 0.753317 0.232663 0.78152 0.112157 0.764428 0.108742 0.701176 0.128399 0.613154 0.130098 0.591781 0.142075 0.569559 0.21044100000000002 0.6533169999999999 0.21985300000000002
22 0.839428 0.176797 0.867827 0.059101300653594764 0.8840689999999999 0.00026143790849673205 0.8029080000000001 0 0.788693 0.055049 0.778546 0.09361109967320262 0.780588 0.148382 0.758268 0.182876 0.7663730000000001 0.20926499999999998 0.829281 0.19709200000000002 0.839428 0.176797
26 1 0.382778 0.959281 0.382778 0.932549 0.395621 0.922925 0.43517999999999996 0.921846 0.443742 0.983889 0.47903599999999996 0.9988560000000001 0.51219 1 0.577435 1 0.466209 1 0.385997 1 0.382778
26 1 0.577435 0.977467 0.621275 0.951797 0.696144 1 0.6907840000000001 1 0.577435