26 0.678917 0.639031 0.679958 0.6308119999999999 0.6763119999999999 0.619844 0.663771 0.6108279999999999 0.650708 0.6069060000000001 0.6366040000000001 0.607297 0.626167 0.608875 0.6120629999999999 0.597109 0.604208 0.602203 0.6125830000000001 0.615531 0.606833 0.623359 0.604208 0.638641 0.6125830000000001 0.651969 0.630333 0.6637190000000001 0.656458 0.662937 0.6679379999999999 0.655875 0.678396 0.642953 0.678917 0.639031
26 0.751667 0.502969 0.779208 0.48942199999999997 0.782646 0.461016 0.765438 0.448766 0.748229 0.444891 0.728437 0.447469 0.6974579999999999 0.462953 0.6931670000000001 0.479734 0.706937 0.48554700000000006 0.725854 0.502969 0.751667 0.502969
26 0.681979 0.419797 0.711021 0.423594 0.7220829999999999 0.41840599999999994 0.732229 0.41321899999999995 0.7405419999999999 0.40595299999999995 0.745604 0.39351600000000003 0.7446870000000001 0.380016 0.7368539999999999 0.372406 0.718875 0.364109 0.6967289999999999 0.361344 0.677833 0.369641 0.669979 0.380375 0.667687 0.39281299999999997 0.667687 0.39904700000000004 0.667687 0.403531 0.6612290000000001 0.40700000000000003 0.657083 0.41114100000000003 0.6579999999999999 0.417031 0.6658329999999999 0.41806299999999996 0.6653749999999999 0.41771900000000006 0.6727500000000001 0.414266 0.681979 0.419797
26 0.502917 0.34356200000000003 0.504021 0.34025 0.505125 0.336109 0.508437 0.334453 0.513958 0.332797 0.518375 0.331141 0.526104 0.327 0.532729 0.322859 0.53825 0.31871900000000003 0.540458 0.31375000000000003 0.540458 0.305469 0.537146 0.296359 0.530521 0.288078 0.5172709999999999 0.28393799999999997 0.500708 0.282281 0.491875 0.28393799999999997 0.479729 0.285594 0.47200000000000003 0.288906 0.467583 0.291391 0.463167 0.296359 0.46206200000000003 0.301328 0.459854 0.30960899999999997 0.463167 0.32037499999999997 0.469792 0.327 0.479729 0.331969 0.49077099999999996 0.337766 0.494083 0.342734 0.49518799999999996 0.34853100000000004 0.497396 0.34935900000000003 0.502917 0.34853100000000004 0.504021 0.341078 0.502917 0.34356200000000003
26 0.291917 0.423344 0.307938 0.421563 0.32335400000000003 0.41445299999999996 0.34056200000000003 0.41578099999999996 0.342938 0.41356200000000004 0.335813 0.408219 0.328688 0.40510900000000005 0.32987500000000003 0.397109 0.32749999999999996 0.384641 0.319208 0.376188 0.30733299999999997 0.368188 0.282438 0.366859 0.267 0.371297 0.257521 0.38687499999999997 0.258104 0.395766 0.272937 0.41845299999999996 0.291917 0.423344
26 0.237813 0.4655 0.233729 0.46946899999999997 0.228854 0.48106299999999996 0.228042 0.489 0.232917 0.49846899999999994 0.24595799999999998 0.5088440000000001 0.265896 0.515562 0.287875 0.511594 0.304958 0.499078 0.31066699999999997 0.49082800000000004 0.315958 0.490219 0.320021 0.48992199999999997 0.323688 0.488094 0.324917 0.48320299999999994 0.32287499999999997 0.480766 0.309437 0.48106299999999996 0.309437 0.478313 0.306604 0.47221900000000006 0.303333 0.467031 0.29722899999999997 0.459391 0.282583 0.45451600000000003 0.266708 0.45390600000000003 0.253688 0.456031 0.24066700000000002 0.462141 0.237813 0.4655
26 0.353854 0.651938 0.371854 0.666078 0.382125 0.671859 0.406979 0.670578 0.418958 0.6577189999999999 0.428396 0.641016 0.430104 0.624953 0.412979 0.615969 0.421542 0.606328 0.414688 0.604406 0.406979 0.604406 0.402687 0.612109 0.38297899999999996 0.614031 0.365 0.619812 0.353854 0.632031 0.353854 0.651938
23 0.526375 0.7148909999999999 0.57975 0.697094 0.6489379999999999 0.691172 0.66475 0.679312 0.6924170000000001 0.655578 0.7556879999999999 0.614078 0.7715 0.588859 0.779396 0.5666249999999999 0.783354 0.532531 0.7991670000000001 0.498422 0.7991670000000001 0.482125 0.781375 0.45692199999999994 0.763583 0.418375 0.7537079999999999 0.382781 0.7260209999999999 0.365 0.698354 0.351656 0.660792 0.326453 0.656833 0.307172 0.609396 0.29679700000000003 0.569854 0.29976600000000003 0.538229 0.287906 0.504625 0.280484 0.484854 0.284938 0.459167 0.289391 0.435437 0.29976600000000003 0.40975 0.302719 0.384042 0.307172 0.360312 0.311625 0.34450000000000003 0.31754699999999997 0.324729 0.332375 0.308917 0.341281 0.29706299999999997 0.351656 0.28125 0.365 0.26543700000000003 0.37389100000000003 0.251604 0.39317199999999997 0.241708 0.412437 0.229854 0.45098399999999994 0.22193800000000002 0.46284400000000003 0.208104 0.477672 0.206125 0.498422 0.212063 0.51325 0.227875 0.539937 0.23775000000000002 0.5666249999999999 0.23775000000000002 0.587391 0.239729 0.59925 0.253583 0.617031 0.295083 0.6377970000000001 0.32277100000000003 0.660031 0.348458 0.685234 0.372188 0.697094 0.405792 0.697094 0.447292 0.7015469999999999 0.478937 0.710438 0.518458 0.7148909999999999 0.526375 0.7148909999999999
26 0.511896 0.694766 0.527021 0.693156 0.53675 0.688281 0.550792 0.675312 0.5529580000000001 0.662344 0.550792 0.6534220000000001 0.541083 0.6420779999999999 0.5205420000000001 0.635594 0.518375 0.627484 0.511896 0.625875 0.506479 0.634781 0.483792 0.640453 0.478396 0.649375 0.47514599999999996 0.6591090000000001 0.477313 0.6761250000000001 0.488104 0.689094 0.511896 0.694766
26 0.42212500000000003 0.34075 0.42325 0.327406 0.413792 0.316156 0.40045800000000004 0.309078 0.373792 0.309078 0.359896 0.31325 0.349354 0.32157800000000003 0.351021 0.340328 0.369896 0.359078 0.397687 0.35950000000000004 0.401021 0.36282800000000004 0.40712499999999996 0.37075 0.413792 0.370328 0.414354 0.367406 0.406583 0.357 0.42212500000000003 0.34075
26 0.578792 0.34203100000000003 0.586646 0.357531 0.5845 0.36181199999999997 0.5880620000000001 0.367703 0.593063 0.367156 0.5987709999999999 0.365016 0.61375 0.361281 0.625854 0.359672 0.6315620000000001 0.355938 0.637271 0.351125 0.6443960000000001 0.345766 0.6479579999999999 0.339891 0.650813 0.332406 0.650813 0.325984 0.649396 0.3185 0.6443960000000001 0.311547 0.637271 0.306734 0.6294369999999999 0.304063 0.6230209999999999 0.30298400000000003 0.5987709999999999 0.30565600000000004 0.593063 0.308875 0.5880620000000001 0.31421899999999997 0.5823750000000001 0.34203100000000003 0.578792 0.34203100000000003
26 0.6699579999999999 0.550359 0.675333 0.558234 0.686125 0.558 0.686125 0.565203 0.693021 0.5825 0.707104 0.593734 0.731667 0.5982339999999999 0.7514369999999999 0.592609 0.760125 0.584078 0.7652289999999999 0.575531 0.767021 0.563625 0.756833 0.548125 0.743354 0.539578 0.728375 0.535766 0.714292 0.537109 0.7026039999999999 0.5407029999999999 0.696313 0.544516 0.690625 0.548562 0.686729 0.5469999999999999 0.673542 0.546547 0.6699579999999999 0.550359
26 0.345771 0.554063 0.33347899999999997 0.550109 0.322937 0.559328 0.31064600000000003 0.548797 0.28606200000000004 0.547469 0.260604 0.557344 0.257104 0.583031 0.278167 0.600812 0.30274999999999996 0.602125 0.32031200000000004 0.5929059999999999 0.330833 0.5685469999999999 0.345771 0.554063