24 0.755094 0.843958 0.7695 0.891475 0.782469 0.9540980000000001 0.789672 0.9778690000000001 0.948188 0.9821779999999999 0.972687 0.951944 0.9496249999999999 0.906581 0.9496249999999999 0.843958 0.942422 0.800749 0.916484 0.781311 0.900625 0.779157 0.886219 0.7662059999999999 0.864609 0.74459 0.8502030000000002 0.740281 0.8257030000000001 0.725152 0.796875 0.735972 0.792563 0.746768 0.772375 0.759719 0.743563 0.781311 0.755094 0.826674 0.755094 0.843958
24 0.598016 0.789953 0.576406 0.789953 0.569203 0.789953 0.562 0.813724 0.570641 0.841803 0.563438 0.900117 0.566312 0.900117 0.562 0.9109130000000001 0.559109 0.9109130000000001 0.530297 0.9022719999999999 0.531734 0.9540980000000001 0.534609 0.960585 0.538938 0.971382 0.639813 0.973536 0.648453 0.876347 0.642687 0.822365 0.619641 0.781311 0.598016 0.789953
23 0.9193910000000001 0.7677280000000001 0.931141 0.7758079999999999 0.937031 0.7787590000000001 0.943891 0.789766 0.95075 0.8029980000000001 0.9855309999999999 0.800047 0.996312 0.797845 0.983578 0.7919670000000001 0.9786720000000001 0.7677280000000001 0.9732810000000001 0.750117 0.941437 0.733958 0.9267340000000001 0.7420370000000001 0.9179220000000001 0.7677280000000001 0.9193910000000001 0.7677280000000001
50 0.403313 0.13894600000000001 0.388313 0.145691 0.379328 0.165925 0.377828 0.210867 0.365828 0.18163900000000002 0.35082800000000003 0.163677 0.337344 0.15918 0.31934399999999996 0.161429 0.316359 0.143443 0.310359 0.14119400000000001 0.307359 0.14119400000000001 0.290859 0.147939 0.280375 0.147939 0.275875 0.165925 0.27137500000000003 0.179391 0.26237499999999997 0.18388800000000002 0.274375 0.208618 0.286359 0.222108 0.340344 0.222108 0.349344 0.22882899999999998 0.35682800000000003 0.25356 0.365828 0.294005 0.374828 0.329953 0.361328 0.329953 0.353828 0.329953 0.341844 0.325457 0.33434400000000003 0.33444999999999997 0.32984399999999997 0.352436 0.33134399999999997 0.37267 0.32984399999999997 0.40637 0.32534399999999997 0.449063 0.34484400000000004 0.525457 0.35682800000000003 0.574895 0.35232800000000003 0.599625 0.34484400000000004 0.6423190000000001 0.335844 0.669297 0.33434400000000003 0.705246 0.32534399999999997 0.741194 0.311859 0.8221080000000001 0.311859 0.9052460000000001 0.308859 0.938946 0.313359 0.9883839999999999 0.439297 0.9883839999999999 0.5247499999999999 0.983888 0.515766 0.855808 0.494766 0.7591800000000001 0.48426600000000003 0.68726 0.48876600000000003 0.664801 0.5037659999999999 0.7007490000000001 0.53525 0.747939 0.54125 0.774895 0.53825 0.819859 0.53975 0.8378220000000001 0.53525 0.860304 0.5337500000000001 0.867049 0.53225 0.8805149999999999 0.553234 0.869297 0.562234 0.844567 0.562234 0.804122 0.55025 0.732201 0.52625 0.664801 0.505266 0.5614290000000001 0.5007659999999999 0.5029980000000001 0.496266 0.392881 0.46178100000000005 0.37042200000000003 0.458781 0.374895 0.44529699999999994 0.327705 0.443797 0.320984 0.46178100000000005 0.30074900000000004 0.464781 0.280515 0.475281 0.260304 0.475281 0.249063 0.482781 0.23107699999999998 0.475281 0.18388800000000002 0.467781 0.145691 0.44979699999999995 0.12770499999999999 0.412312 0.12770499999999999 0.403313 0.13894600000000001
50 0.013484399999999999 0.720703 0 0.72829 0.0016875000000000002 0.98082 0.237562 0.983326 0.215656 0.942927 0.18701600000000002 0.9303039999999999 0.185328 0.9 0.168484 0.8343330000000001 0.188703 0.8191799999999999 0.192062 0.8191799999999999 0.208922 0.8191799999999999 0.262828 0.824239 0.311688 0.8267680000000001 0.31 0.793934 0.318438 0.791405 0.301578 0.78637 0.293156 0.7737470000000001 0.286422 0.7737470000000001 0.286422 0.783841 0.283047 0.788899 0.27967200000000003 0.783841 0.274625 0.793934 0.267891 0.793934 0.235875 0.809087 0.20217200000000002 0.791405 0.148266 0.7611009999999999 0.0994063 0.7409129999999999 0.10109399999999999 0.6954570000000001 0.0926719 0.6399060000000001 0.0690781 0.627283 0.0471719 0.632319 0.030328100000000004 0.657564 0.0252656 0.6803039999999999 0.020218800000000002 0.6979860000000001 0.0185312 0.725761 0.013484399999999999 0.720703
50 0.709453 0.559368 0.716984 0.539625 0.718234 0.525504 0.718234 0.517049 0.726391 0.503888 0.7332970000000001 0.48131100000000004 0.7119690000000001 0.464379 0.6843589999999999 0.45215500000000003 0.669922 0.461569 0.657375 0.487892 0.6498440000000001 0.520796 0.647969 0.549953 0.646703 0.573466 0.643578 0.581944 0.636672 0.594169 0.630391 0.617681 0.624125 0.6449410000000001 0.6235 0.665621 0.626625 0.6863229999999999 0.631656 0.706066 0.643578 0.705129 0.652359 0.692904 0.6561250000000001 0.678806 0.658 0.698548 0.654859 0.723934 0.654234 0.792389 0.651094 0.846745 0.647344 0.965902 0.643578 0.992225 0.651734 0.999766 0.6837340000000001 0.9959950000000001 0.689375 0.973419 0.6912499999999999 0.931101 0.699406 0.885035 0.699406 0.863396 0.710078 0.9057139999999999 0.720125 0.9724820000000001 0.721375 0.993162 0.721375 0.9959950000000001 0.763406 0.9969319999999999 0.761531 0.92171 0.751484 0.821077 0.748359 0.78911 0.738938 0.7262759999999999 0.737688 0.677377 0.7502340000000001 0.647377 0.748984 0.578923 0.743969 0.569508 0.742078 0.566885 0.721375 0.562178 0.709453 0.559368
54 0.27737500000000004 0.21798599999999999 0.260875 0.204496 0.245891 0.222482 0.25787499999999997 0.24269300000000002 0.281875 0.220234 0.27737500000000004 0.21798599999999999
54 0.668266 0.536838 0.665984 0.524496 0.654906 0.526628 0.655484 0.539813 0.655766 0.541101 0.663156 0.535972 0.668266 0.536838
54 0.65775 0.605386 0.667687 0.602834 0.671391 0.600703 0.668266 0.590047 0.665422 0.589204 0.659172 0.587073 0.656047 0.589204 0.65775 0.605386
66 0.657766 0.477658 0.66875 0.451756 0.684453 0.451756 0.712719 0.456464 0.728406 0.4752930000000001 0.726844 0.512951 0.8382970000000001 0.430585 0.74725 0.392951 0.665625 0.371756 0.49764099999999994 0.385878 0.49607799999999996 0.395293 0.500781 0.534122 0.653062 0.527049 0.657766 0.477658
23 0.162406 0.562717 0.122672 0.563841 0.12173400000000001 0.6236769999999999 0.161656 0.624239 0.162406 0.562717
54 0.363703 0.170984 0.363703 0.165855 0.355687 0.129859 0.334531 0.128244 0.32251599999999997 0.136979 0.31437499999999996 0.148009 0.315531 0.156721 0.324844 0.156721 0.332594 0.156721 0.34500000000000003 0.151499 0.363703 0.170984