18 0.9115780000000001 0.531259 0.895984 0.593753 0.895984 0.6411640000000001 0.894562 0.67133 0.894562 0.7187410000000001 0.900234 0.740309 0.920094 0.7446079999999999 0.920094 0.776936 0.922922 0.78772 0.934266 0.79848 0.9399369999999999 0.830808 0.951281 0.852375 0.969703 0.8588359999999999 0.988141 0.860998 1 0.848052 0.995219 0.367458 0.947016 0.38470299999999996 0.9115780000000001 0.531259
16 0.397641 0.876413 0.405031 0.885392 0.43164100000000005 0.905629 0.443469 0.905629 0.45824999999999994 0.9033730000000001 0.45824999999999994 0.892138 0.45824999999999994 0.862922 0.456766 0.847197 0.456766 0.8404510000000001 0.589813 0.8381949999999999 0.66225 0.835962 0.6637190000000001 0.860665 0.718422 0.862922 0.715469 0.833705 0.863281 0.806746 0.8765940000000001 0.6876479999999999 0.8706720000000001 0.575273 0.845547 0.40674600000000005 0.86625 0.38650799999999996 0.8618119999999999 0.31909699999999996 0.8544219999999999 0.289881 0.8366720000000001 0.22247 0.799719 0.20448899999999998 0.7805 0.155059 0.7568590000000001 0.137078 0.69625 0.121354 0.5543440000000001 0.08988119952494061 0.440516 0.08988119952494061 0.16999999999999998 0.17978599999999997 0.158172 0.20225700000000002 0.168516 0.21349200000000002 0.155219 0.38876499999999997 0.155219 0.5820190000000001 0.175906 0.638195 0.206953 0.651686 0.21139100000000002 0.692138 0.21878099999999998 0.725843 0.24095300000000003 0.741568 0.246859 0.701116 0.359203 0.7775299999999999 0.375469 0.831449 0.376953 0.844941 0.397641 0.876413
50 0.910344 0.47456099999999996 0.911016 0.47456099999999996 0.911672 0.479097 0.911016 0.49019 0.911344 0.498242 0.911672 0.505297 0.912672 0.5063179999999999 0.9199529999999999 0.466485 0.9199529999999999 0.461449 0.9196249999999999 0.45943 0.9199529999999999 0.45439399999999996 0.9212809999999999 0.45187600000000006 0.923938 0.44734 0.925266 0.44330200000000003 0.925266 0.43928700000000004 0.924938 0.43677 0.924266 0.433729 0.923938 0.42919199999999996 0.9229369999999999 0.42517799999999994 0.9222810000000001 0.423658 0.9196249999999999 0.41912099999999997 0.917641 0.416603 0.916313 0.412565 0.916313 0.40904999999999997 0.916313 0.404014 0.9146559999999999 0.399477 0.914 0.39845600000000003 0.911344 0.397957 0.908031 0.399477 0.906703 0.402494 0.906703 0.40904999999999997 0.906375 0.411568 0.905047 0.414584 0.903391 0.418124 0.9000619999999999 0.421639 0.8984059999999999 0.42517799999999994 0.8970940000000001 0.428694 0.8957660000000001 0.43677 0.8954219999999999 0.44130600000000003 0.8947660000000001 0.449359 0.900406 0.45389500000000005 0.9013909999999999 0.45591400000000004 0.900406 0.46094999999999997 0.900406 0.465986 0.900406 0.47254199999999996 0.900406 0.479596 0.900406 0.48463199999999995 0.8997339999999999 0.491686 0.899078 0.49874100000000005 0.8980779999999999 0.507316 0.8980779999999999 0.515891 0.8980779999999999 0.520926 0.8984059999999999 0.525463 0.9000619999999999 0.525962 0.9027189999999999 0.525962 0.904719 0.524964 0.9057029999999999 0.521425 0.9057029999999999 0.516888 0.9060309999999999 0.51285 0.9083589999999999 0.48916899999999996 0.909359 0.475558 0.910344 0.47456099999999996
50 0.894969 0.398931 0.888719 0.39715 0.8836410000000001 0.40724499999999997 0.878562 0.41734 0.871922 0.442874 0.877 0.458907 0.877781 0.47791 0.8805160000000001 0.48919199999999996 0.876609 0.505819 0.877781 0.528979 0.8945779999999999 0.5266029999999999 0.893016 0.522447 0.8871560000000001 0.51829 0.887547 0.495724 0.8902810000000001 0.474941 0.889109 0.46603300000000003 0.893406 0.45178100000000004 0.893016 0.42921600000000004 0.8902810000000001 0.41852700000000004 0.888719 0.419715 0.894187 0.41258900000000004 0.894969 0.398931
50 0.8888909999999999 0.38218500000000005 0.888016 0.376888 0.884313 0.375558 0.8821249999999999 0.378884 0.882344 0.383515 0.882344 0.386841 0.8810309999999999 0.389834 0.8795 0.39380000000000004 0.8782030000000001 0.399454 0.8795 0.407078 0.880156 0.412708 0.883656 0.409739 0.8893280000000001 0.39845600000000003 0.8941250000000001 0.396793 0.8932499999999999 0.39280299999999996 0.889109 0.387838 0.8884529999999999 0.38087899999999997 0.8888909999999999 0.38218500000000005
18 0.0073906296875 0.366295 0.0147813 0.474157 0.025124999999999998 0.476413 0.0266094 0.408979 0.034 0.35057 0.008875 0.35280300000000003 0.0073906296875 0.366295
16 0.025390600000000003 0.45729200000000003 0.0222031 0.496033 0.0264531 0.517031 0.0370781 0.517031 0.0370781 0.534798 0.0445156 0.536413 0.0477031 0.531568 0.0551406 0.54772 0.0551406 0.573539 0.05726560000000001 0.5880759999999999 0.0636406 0.5880759999999999 0.0678906 0.565463 0.0817031 0.570309 0.0944375 0.5880759999999999 0.0955 0.609074 0.10081199999999998 0.615534 0.107187 0.615534 0.113563 0.615534 0.121 0.615534 0.11993799999999999 0.578385 0.156047 0.570309 0.153922 0.389454 0.15923400000000001 0.281259 0.16348400000000002 0.248979 0.127375 0.248979 0.118875 0.248979 0.10187500000000001 0.260285 0.0859531 0.268337 0.0593906 0.274798 0.0604531 0.279644 0.0296406 0.368456 0.025390600000000003 0.45729200000000003
65 0.029312500000000002 0.847007 0.0324062 0.7341570000000001 0.0287031 0.7106410000000001 0.0064375000000000005 0.701235 0.00025 0.701235 0.00209375 0.85076 0.024375 0.852637 0.029312500000000002 0.847007
50 0.296656 0.413682 0.301984 0.41325399999999995 0.305625 0.41154399999999997 0.30729700000000004 0.40515399999999996 0.30842200000000003 0.389834 0.309266 0.37023799999999996 0.313469 0.32213800000000004 0.305906 0.32467900000000005 0.30226600000000003 0.32895500000000005 0.301141 0.340855 0.301703 0.357886 0.30142199999999997 0.37066499999999997 0.298891 0.37323 0.29609399999999997 0.374086 0.292734 0.380451 0.290219 0.38558200000000004 0.29106299999999996 0.41282699999999994 0.296656 0.413682
75 1 0.358029 0.953422 0.375297 0.946922 0.39258899999999997 0.909563 0.535796 0.8900779999999999 0.701235 0.922563 0.7555580000000001 0.9387969999999999 0.8592639999999999 0.995656 0.876532 1 0.36790999999999996 1 0.358029
50 0.8974840000000001 0.36677 0.8936719999999999 0.375962 0.8927809999999999 0.387221 0.891437 0.397078 0.890766 0.407316 0.8927809999999999 0.42128299999999996 0.893453 0.43182899999999996 0.8936719999999999 0.436603 0.902641 0.420926 0.904875 0.412067 0.911594 0.38824200000000003 0.913625 0.384157 0.917422 0.36677 0.909578 0.336793 0.906672 0.336128 0.902859 0.337482 0.901078 0.34360999999999997 0.902422 0.34973899999999997 0.903094 0.358599 0.901969 0.360998 0.8974840000000001 0.36677
50 0.924141 0.340998 0.920172 0.342637 0.9196249999999999 0.344561 0.920172 0.347862 0.9205310000000001 0.355819 0.9234220000000001 0.358836 0.9169219999999999 0.36677 0.9149369999999999 0.38377700000000003 0.916203 0.390095 0.915656 0.393112 0.9147500000000001 0.397767 0.916203 0.39995200000000003 0.9169219999999999 0.401591 0.917094 0.4038 0.917281 0.415321 0.921797 0.42325399999999996 0.9225160000000001 0.42325399999999996 0.923781 0.407078 0.926484 0.394204 0.9270160000000001 0.38734 0.927375 0.378575 0.928469 0.370618 0.929187 0.354703 0.9297340000000001 0.35553399999999996 0.9281090000000001 0.34209 0.924141 0.340998