18 0.34693799999999997 0.538875 0.36247900000000005 0.550547 0.370646 0.553875 0.37879199999999996 0.556109 0.387688 0.5599999999999999 0.399542 0.5683279999999999 0.40175 0.570547 0.401021 0.5666559999999999 0.401021 0.562219 0.406208 0.561109 0.408417 0.563328 0.413604 0.5666559999999999 0.415833 0.572781 0.41954199999999997 0.575547 0.42325 0.571656 0.426958 0.5683279999999999 0.432125 0.5711090000000001 0.432875 0.574437 0.438063 0.5738909999999999 0.4425 0.572781 0.441771 0.5788909999999999 0.44325 0.5833280000000001 0.4425 0.593328 0.449917 0.596672 0.498812 0.602781 0.501042 0.598344 0.508458 0.582219 0.516604 0.562766 0.5247499999999999 0.552219 0.555125 0.5427660000000001 0.5432710000000001 0.537766 0.521792 0.528312 0.512146 0.523875 0.48325 0.521656 0.395833 0.518313 0.37583300000000003 0.523875 0.34618699999999997 0.537203 0.34693799999999997 0.538875
18 0.188292 0.50525 0.17825 0.501484 0.111312 0.522828 0.0861875 0.537891 0.0845208 0.537891 0.0795 0.559234 0.0811667 0.578062 0.148125 0.578062 0.188292 0.583078 0.201687 0.584344 0.210062 0.547937 0.215083 0.504 0.213417 0.502734 0.188292 0.50525
18 0.402542 0.575547 0.364063 0.550437 0.323875 0.516547 0.29375 0.5065 0.287062 0.510266 0.280354 0.586844 0.402542 0.575547
18 0.0149792 0.720969 0.0539375 0.691766 0.15879200000000002 0.70075 0.188771 0.662547 0.185771 0.6220939999999999 0.146812 0.610859 0.006 0.579406 0.0149792 0.720969
18 0.282542 0.503078 0.287292 0.507531 0.303312 0.508406 0.323479 0.516422 0.347792 0.536 0.363812 0.528438 0.393458 0.518641 0.421938 0.51775 0.37981200000000004 0.5021880000000001 0.364396 0.498625 0.310417 0.498625 0.27958299999999997 0.499969 0.282542 0.503078
18 0.495917 0.523531 0.507104 0.522234 0.516562 0.519656 0.548417 0.5170779999999999 0.581958 0.520312 0.581958 0.519656 0.5802499999999999 0.517719 0.5725 0.510625 0.550125 0.506109 0.44085399999999997 0.508047 0.429667 0.519656 0.495917 0.523531
18 0.0573125 0.488234 0.0570625 0.484625 0.0554583 0.48 0.0482292 0.481813 0.038875 0.486422 0.0316667 0.48962500000000003 0.0287083 0.491641 0.0289792 0.495437 0.0359375 0.49885900000000005 0.0359375 0.501656 0.037 0.505266 0.0372708 0.506875 0.0372708 0.508484 0.062125 0.509281 0.0629375 0.491641 0.0573125 0.488234
18 0.109896 0.509766 0.123167 0.505266 0.132625 0.500766 0.142729 0.497453 0.148104 0.496516 0.145896 0.488687 0.137042 0.492016 0.131062 0.49390600000000007 0.126625 0.49460899999999997 0.124417 0.49414100000000005 0.115271 0.49484399999999995 0.113687 0.49342199999999997 0.113687 0.48940599999999995 0.119688 0.48987499999999995 0.124417 0.491297 0.129792 0.491531 0.134521 0.48987499999999995 0.137688 0.487516 0.127271 0.48467199999999994 0.121271 0.482531 0.113687 0.482531 0.105479 0.482531 0.0997917 0.481359 0.09664579999999999 0.481109 0.0896875 0.481109 0.0862292 0.481359 0.0795833 0.483016 0.0780208 0.48371899999999995 0.0770625 0.48467199999999994 0.0735833 0.486562 0.071375 0.487984 0.070125 0.488687 0.0666458 0.491766 0.065375 0.509062 0.102 0.511422 0.109896 0.509766
44 0.251812 0.933203 0.253292 0.9299060000000001 0.3223329999999999 0.932109 0.328208 0.956344 0.32675 0.96075 0.334083 0.96075 0.328208 0.9354060000000001 0.329688 0.931 0.429604 0.931 0.498646 0.931 0.51775 0.933203 0.514813 0.926594 0.514813 0.8847190000000001 0.51775 0.857172 0.522167 0.8648909999999999 0.526563 0.8659839999999999 0.528042 0.9089690000000001 0.541271 0.9376089999999999 0.560354 0.95525 0.594146 0.9728749999999999 0.632354 0.977281 0.6735 0.9706720000000001 0.692604 0.9574529999999999 0.714646 0.9354060000000001 0.720521 0.9089690000000001 0.714646 0.8825160000000001 0.691125 0.8527660000000001 0.660271 0.8296249999999998 0.652917 0.824109 0.658813 0.820797 0.649979 0.814188 0.605917 0.8042809999999999 0.604437 0.798766 0.625 0.789953 0.627958 0.785547 0.6426460000000002 0.778937 0.654396 0.780031 0.6632079999999999 0.772312 0.654396 0.751375 0.633833 0.724938 0.614729 0.705094 0.61325 0.697391 0.61325 0.690766 0.607375 0.678656 0.61325 0.675344 0.611792 0.663219 0.602979 0.645594 0.595625 0.645594 0.588271 0.653312 0.583875 0.668734 0.580937 0.672047 0.572125 0.665422 0.567708 0.662125 0.548604 0.673141 0.539792 0.683063 0.520687 0.694078 0.500125 0.710609 0.489833 0.710609 0.414896 0.688562 0.372292 0.690766 0.320875 0.708406 0.306167 0.727141 0.300292 0.73375 0.2665 0.729344 0.262104 0.78775 0.251812 0.933203
50 0.005708329166666666 0.495031 0 0.497219 0.0013333291666666666 0.556234 0.00425 0.563328 0.007895829166666667 0.560047 0.0166458 0.564422 0.0261042 0.5709839999999999 0.0319375 0.569344 0.0319375 0.562781 0.0312083 0.5535 0.0312083 0.5403749999999999 0.0385 0.531641 0.0363125 0.5250779999999999 0.0355833 0.5217970000000001 0.0385 0.513062 0.0385 0.503219 0.02975 0.495031 0.030479199999999998 0.492844 0.0282917 0.490109 0.0246458 0.48081300000000005 0.0188125 0.480266 0.0122708 0.483 0.0100833 0.490109 0.007166670833333333 0.49557799999999996 0.0035208291666666666 0.497219 0.005708329166666666 0.495031
18 0.509792 0.523031 0.5529580000000001 0.541719 0.559604 0.541469 0.5642499999999999 0.537734 0.582833 0.5207970000000001 0.5771879999999999 0.520547 0.571229 0.519797 0.5645830000000001 0.519297 0.5586040000000001 0.519297 0.549646 0.518797 0.5210830000000001 0.519297 0.508792 0.5227809999999999 0.509792 0.523031
75 0.921625 0.563844 0.9156460000000001 0.572047 0.918625 0.62425 0.9812919999999999 0.643656 0.996208 0.649625 0.994208 0.627984 1 0.507891 0.954437 0.507891 0.925604 0.499688 0.921625 0.499688 0.899729 0.510141 0.881833 0.509391 0.881833 0.510141 0.914646 0.554891 0.921625 0.563844
75 0.5021669999999999 0.597406 0.522937 0.6311720000000001 0.536792 0.6311720000000001 0.571438 0.6311720000000001 0.6199169999999999 0.6337659999999999 0.640687 0.654547 0.7065 0.644156 0.8242499999999999 0.657141 0.8450209999999999 0.675328 0.8831249999999999 0.667531 0.921208 0.6337659999999999 0.907354 0.555844 0.865792 0.501297 0.709958 0.496109 0.623375 0.49349999999999994 0.5506460000000001 0.542859 0.529875 0.550656 0.505625 0.589609 0.5021669999999999 0.597406