40 0.34346600000000005 0.299047 0.303536 0.312906 0.30672099999999997 0.321422 0.273208 0.324625 0.24445 0.343797 0.21412199999999998 0.362969 0.215714 0.373625 0.249251 0.39706199999999997 0.249251 0.38321900000000003 0.30833699999999997 0.356578 0.3163 0.34167200000000003 0.33547999999999994 0.335266 0.378595 0.319297 0.376979 0.318219 0.35782200000000003 0.30331199999999997 0.34346600000000005 0.299047
50 0.789578 0.807094 0.794824 0.810094 0.801593 0.8060940000000001 0.807588 0.799578 0.807588 0.788078 0.807588 0.778562 0.807588 0.770047 0.800094 0.766547 0.78733 0.766047 0.783583 0.769547 0.773068 0.765047 0.766323 0.7645470000000001 0.764075 0.767547 0.77082 0.772563 0.780585 0.780563 0.7798360000000001 0.789578 0.776838 0.790578 0.763326 0.788078 0.75733 0.795578 0.747564 0.8040940000000001 0.748314 0.8075939999999999 0.761077 0.808594 0.7715690000000001 0.8055939999999999 0.789578 0.807094
50 0.126393 0.78975 0.141124 0.7717660000000001 0.14534 0.775141 0.143653 0.789187 0.145761 0.7914380000000001 0.150796 0.790312 0.153326 0.776547 0.159227 0.7734530000000001 0.15838400000000002 0.767563 0.1626 0.767563 0.164286 0.7667189999999999 0.164286 0.7605310000000001 0.16007000000000002 0.757453 0.15459 0.754922 0.141967 0.756891 0.132272 0.764188 0.12808 0.778516 0.119227 0.785813 0.118806 0.790594 0.126815 0.791156 0.126393 0.78975
50 0.40997700000000004 0.7507659999999999 0.410211 0.752922 0.41236500000000004 0.754078 0.414098 0.758563 0.416042 0.758422 0.417354 0.755234 0.417775 0.752641 0.419719 0.748891 0.42124100000000003 0.746281 0.41908700000000004 0.742969 0.417564 0.739641 0.413888 0.741094 0.41084299999999996 0.743109 0.40653399999999995 0.747437 0.40868899999999997 0.748313 0.410632 0.748156 0.40997700000000004 0.7507659999999999
50 0.112272 0.753062 0.113677 0.750672 0.111475 0.740437 0.109087 0.738187 0.105504 0.739109 0.105902 0.7415 0.104707 0.7441720000000001 0.1037 0.746563 0.104707 0.7510779999999999 0.105293 0.754391 0.1037 0.755719 0.113279 0.756391 0.112272 0.753062
50 0.07953159953161591 0.756812 0.08201410070257611 0.756563 0.08297419906323185 0.756297 0.08433259953161591 0.755156 0.08451989929742389 0.753484 0.08566740046838407 0.751953 0.08622950117096019 0.755406 0.08948480093676814 0.757062 0.08967210070257613 0.7555310000000001 0.08967210070257613 0.7524689999999999 0.08796249882903981 0.749016 0.08758780093676816 0.747875 0.08758780093676816 0.746469 0.08873540046838409 0.745563 0.0891101007025761 0.744297 0.08833719906323184 0.741359 0.08833719906323184 0.7399530000000001 0.08796249882903981 0.737906 0.08182670023419204 0.73625 0.08086649882903982 0.737906 0.081452 0.741359 0.08086649882903982 0.741734 0.07896959953161593 0.743531 0.07953159953161591 0.7447969999999999 0.08067919906323184 0.747234 0.08241219906323186 0.746719 0.08049180093676815 0.7491410000000001 0.07875880093676814 0.753625 0.07761119906323186 0.7561720000000001 0.07953159953161591 0.756812
50 0.08852459953161593 0.750594 0.08906319906323185 0.75225 0.09011710070257611 0.755781 0.09152219906323185 0.756375 0.09365340046838407 0.756953 0.09381729976580797 0.756953 0.094356 0.7548440000000001 0.094356 0.752594 0.09400470023419204 0.7488279999999999 0.09259949882903981 0.746938 0.09189699999999999 0.744938 0.09224819906323185 0.743531 0.09152219906323185 0.741047 0.09081970023419203 0.739516 0.09065570023419203 0.73775 0.08887589929742389 0.7378750000000001 0.08817329976580797 0.740109 0.087822 0.742812 0.08730680093676814 0.7475310000000001 0.08852459953161593 0.750594
50 0.555855 0.758656 0.554403 0.753047 0.551311 0.749641 0.546932 0.749031 0.545457 0.7505 0.5458310000000001 0.753781 0.546557 0.755734 0.54637 0.758047 0.5485709999999999 0.758891 0.551475 0.759266 0.555504 0.75975 0.555855 0.758656
11 0.197213 0.702562 0.21004699999999998 0.7033590000000001 0.226792 0.7016560000000001 0.229157 0.699859 0.226792 0.697484 0.217166 0.697484 0.202108 0.696812 0.198056 0.699859 0.197213 0.702562
50 0.06334889929742389 0.750312 0.06334889929742389 0.754563 0.06473070023419203 0.755781 0.07292740046838407 0.754859 0.06791570023419204 0.757594 0.07245900000000001 0.7591249999999999 0.07702580093676815 0.7551720000000001 0.07519910070257611 0.752734 0.07337240046838407 0.7518279999999999 0.07475410070257611 0.7481720000000001 0.07337240046838407 0.746359 0.06700229976580796 0.7475780000000001 0.06334889929742389 0.750312
50 0.07449649882903982 0.750531 0.07407489929742388 0.751938 0.07524589929742388 0.752625 0.07751759953161592 0.7528279999999999 0.07969559953161592 0.7521410000000001 0.08079629976580796 0.750922 0.08051519906323185 0.7497499999999999 0.07728340046838407 0.749359 0.07487119906323185 0.749937 0.07449649882903982 0.750531
50 0.795878 0.7550939999999999 0.798361 0.745984 0.7921549999999999 0.7368750000000001 0.788431 0.736047 0.7871900000000001 0.7385309999999999 0.7847069999999999 0.7418440000000001 0.780984 0.745984 0.783466 0.751781 0.7847069999999999 0.752609 0.790913 0.75675 0.7921549999999999 0.75675 0.795878 0.7550939999999999
50 0.03213110070257611 0.740047 0.029695599531615924 0.737 0.023910999999999998 0.7372029999999999 0.023606599531615927 0.738828 0.02512880093676815 0.741469 0.02512880093676815 0.743906 0.023606599531615927 0.7487809999999999 0.025737700234192036 0.7497969999999999 0.02543329976580796 0.752641 0.023910999999999998 0.755687 0.024215501170960187 0.756094 0.029391100702576115 0.756094 0.029391100702576115 0.754875 0.03456670023419204 0.756297 0.04004680093676815 0.755281 0.036088999999999996 0.753656 0.033348899297423885 0.7518279999999999 0.03456670023419204 0.7487809999999999 0.03487119906323185 0.741469 0.03213110070257611 0.740047