18 0.0781719 0.686285 0.0929844 0.692991 0.0965781 0.677547 0.09971870000000001 0.677547 0.103766 0.6970090000000001 0.123516 0.6990190000000001 0.12575 0.678224 0.17826599999999998 0.671519 0.181406 0.685607 0.194422 0.6876169999999999 0.195766 0.67486 0.20654699999999998 0.6728500000000001 0.211484 0.690981 0.22989099999999998 0.692313 0.23526600000000003 0.671519 0.233469 0.6553969999999999 0.233031 0.620491 0.22853099999999998 0.602383 0.21507800000000002 0.586939 0.207891 0.567477 0.195766 0.546682 0.17557799999999998 0.538621 0.141016 0.538621 0.10285899999999999 0.54264 0.0970312 0.552056 0.0831094 0.584252 0.0754844 0.613131 0.0732344 0.6547200000000001 0.0745938 0.673528 0.0781719 0.686285
16 0.259984 0.6375230000000001 0.276516 0.635257 0.287031 0.68021 0.30356299999999997 0.666729 0.30356299999999997 0.657734 0.42529700000000004 0.668972 0.42979700000000004 0.711682 0.450844 0.7094159999999999 0.447844 0.68021 0.604125 0.666729 0.6101409999999999 0.7026870000000001 0.640203 0.7094159999999999 0.6417029999999999 0.675724 0.6792659999999999 0.675724 0.649219 0.275724 0.542516 0.262243 0.45384399999999997 0.275724 0.252469 0.349883 0.255484 0.624042 0.259984 0.6375230000000001
16 0.681047 0.6527099999999999 0.686016 0.666051 0.6979059999999999 0.691262 0.722687 0.688294 0.760375 0.666051 0.8476250000000001 0.666051 0.862484 0.709042 0.892234 0.717944 0.9447810000000001 0.701636 0.946766 0.679393 0.999312 0.68236 0.996344 0.286519 0.661219 0.362126 0.681047 0.6527099999999999
73 0.210094 0.199206 0.210094 0.20411200000000002 0.210094 0.273248 0.23199999999999998 0.274182 0.23076599999999997 0.20014 0.21296900000000002 0.20044399999999998 0.210094 0.199206
73 0.015625 0.176098 0.0147656 0.198692 0.0406562 0.195467 0.0410937 0.175444 0.015625 0.176098
73 0.0169219 0.20965 0.0169219 0.256121 0.0410937 0.256776 0.0410937 0.248388 0.0415312 0.22257 0.0397969 0.205794 0.030296900000000005 0.205794 0.0169219 0.20965
73 0.17982800000000002 0.364346 0.193812 0.364346 0.195016 0.318201 0.182 0.31749999999999995 0.17982800000000002 0.364346
73 0.12587500000000001 0.4475 0.13 0.44469600000000004 0.129625 0.40817800000000004 0.117797 0.40817800000000004 0.11835899999999999 0.444136 0.12587500000000001 0.4475
73 0.040859400000000004 0.445467 0.040859400000000004 0.418178 0.032171899999999996 0.417804 0.031671899999999996 0.42021000000000003 0.032171899999999996 0.44453299999999996 0.040859400000000004 0.445467
73 0.07507810000000001 0.375257 0.07507810000000001 0.33247699999999997 0.06275 0.333645 0.0637969 0.374089 0.07507810000000001 0.375257
18 0.0879375 0.5682010000000001 0.10434399999999999 0.5433180000000001 0.12025 0.540794 0.11735899999999999 0.531051 0.11181300000000001 0.522407 0.0973437 0.520234 0.0756406 0.520234 0.08432809999999999 0.531776 0.08504690000000001 0.549813 0.0867344 0.564229 0.0879375 0.5682010000000001
75 0.20810900000000002 0.546121 0.204094 0.555397 0.20299999999999999 0.5625 0.213953 0.583808 0.226375 0.602383 0.232234 0.61715 0.24064100000000002 0.6176870000000001 0.245391 0.598575 0.253422 0.604042 0.253063 0.599673 0.25268799999999997 0.588738 0.2505 0.5581309999999999 0.253063 0.502944 0.234422 0.499673 0.223094 0.503481 0.21725 0.510584 0.214328 0.520981 0.20848399999999997 0.536822 0.20810900000000002 0.546121
18 0.0887969 0.569065 0.0887969 0.555491 0.07875 0.526425 0.06676560000000001 0.515771 0.0249688 0.516238 0.012656200000000001 0.539019 0.009093750000000001 0.550654 0.00878125 0.564206 0.0100781 0.5826169999999999 0.0084531296875 0.607804 0.0116875 0.612664 0.0288594 0.611682 0.03275 0.604416 0.0677344 0.602967 0.0687187 0.611215 0.07584379999999999 0.611215 0.0887969 0.569065
18 0 0.588692 0.0116719 0.589673 0.00671875 0.5531780000000001 0.0103438 0.543808 0.0176094 0.530467 0 0.528505 0 0.588692
16 0.18723399999999998 0.542804 0.20934400000000003 0.54236 0.21025 0.5310280000000001 0.216922 0.521519 0.21903100000000003 0.5124770000000001 0.214797 0.49028000000000005 0.21964100000000003 0.49072400000000005 0.221766 0.496612 0.23174999999999998 0.49390199999999995 0.24295300000000003 0.489369 0.252344 0.49028000000000005 0.252344 0.478949 0.189656 0.487103 0.186328 0.492547 0.187844 0.5328499999999999 0.18723399999999998 0.542804
73 0.056921900000000004 0.44988300000000003 0.0571719 0.45310700000000004 0.0572969 0.456121 0.0578125 0.458575 0.060968800000000004 0.45972 0.063625 0.458201 0.06501559999999999 0.45348099999999997 0.06526560000000001 0.45007 0.0646406 0.447243 0.0612188 0.44535 0.059203099999999995 0.445537 0.057937499999999996 0.44686899999999996 0.056921900000000004 0.44988300000000003
73 0.08671870000000001 0.435701 0.08648439999999999 0.43637899999999996 0.0842656 0.43855099999999997 0.0827031 0.44170600000000004 0.0834844 0.445724 0.0848125 0.447897 0.0872656 0.450724 0.0881719 0.451051 0.090625 0.451051 0.0952031 0.448715 0.09464059999999999 0.436706 0.0903906 0.434696 0.0866094 0.43486 0.08671870000000001 0.435701
73 0.10903099999999999 0.450187 0.110891 0.443341 0.110172 0.438832 0.103438 0.434112 0.0998594 0.43518700000000005 0.0982813 0.439486 0.09971870000000001 0.452547 0.107172 0.452757 0.10903099999999999 0.450187
73 0.120953 0.258271 0.120344 0.232009 0.0737031 0.23292100000000002 0.0749219 0.25556100000000004 0.120953 0.258271
73 0.10442199999999999 0.34633200000000003 0.104922 0.35044400000000003 0.10867199999999999 0.351565 0.10842199999999999 0.354369 0.104797 0.354556 0.105047 0.35976600000000003 0.10867199999999999 0.36070100000000005 0.10867199999999999 0.363131 0.106047 0.363131 0.106172 0.368528 0.109406 0.369089 0.10990599999999999 0.36965 0.112531 0.36946300000000004 0.11178099999999999 0.343551 0.109281 0.34317800000000004 0.10903099999999999 0.34486 0.10442199999999999 0.34633200000000003