18 0.647406 0.164938 0.632141 0.158667 0.564641 0.158667 0.49243800000000004 0.164938 0.478344 0.164167 0.477766 0.172771 0.483047 0.193896 0.48479700000000003 0.198604 0.480109 0.217375 0.4818589999999999 0.220521 0.478937 0.235375 0.48479700000000003 0.241646 0.49654699999999996 0.231458 0.503 0.231458 0.508281 0.217375 0.520031 0.217375 0.527656 0.220521 0.534109 0.231458 0.53 0.247125 0.537047 0.254958 0.589281 0.251812 0.592219 0.241646 0.599266 0.236937 0.608656 0.238521 0.610422 0.210333 0.616875 0.201729 0.621578 0.190771 0.623344 0.17825 0.629203 0.170417 0.633312 0.168063 0.638016 0.168063 0.639781 0.175896 0.640359 0.189188 0.632734 0.197813 0.632141 0.2025 0.645641 0.213458 0.643297 0.223625 0.642125 0.251042 0.651516 0.254958 0.656797 0.225208 0.667953 0.210333 0.668547 0.200167 0.670875 0.183729 0.647406 0.164938
18 0.753406 0.202354 0.771312 0.202354 0.770344 0.226875 0.825047 0.230104 0.81875 0.170083 0.792609 0.154604 0.751469 0.157833 0.751469 0.162354 0.753406 0.202354
18 0.699688 0.157833 0.705 0.208167 0.726297 0.221708 0.728234 0.237854 0.723891 0.252042 0.7355 0.252042 0.731141 0.154604 0.698234 0.155896 0.699688 0.157833
50 0.161797 0.539062 0.163484 0.525583 0.166859 0.521083 0.193812 0.500854 0.208984 0.485125 0.21067200000000003 0.476146 0.208984 0.471646 0.1955 0.460417 0.1955 0.451417 0.1955 0.440188 0.190453 0.431208 0.180344 0.428958 0.161797 0.422208 0.133141 0.437938 0.129781 0.467146 0.12134399999999998 0.494125 0.0690937 0.527833 0.0471875 0.545813 0.0404531 0.561542 0.153375 0.568271 0.161797 0.539062
50 0.028656300000000003 0.723333 0.0320156 0.78625 0.025281199999999997 0.831208 0.0117969 0.851417 0.0741563 0.871646 0.10954700000000002 0.871646 0.10112499999999999 0.858167 0.094375 0.846937 0.094375 0.824458 0.10112499999999999 0.784 0.112922 0.768271 0.117984 0.745812 0.128094 0.734562 0.128094 0.694125 0.124719 0.6649170000000001 0.126406 0.653667 0.128094 0.6312079999999999 0.136516 0.610979 0.139891 0.604229 0.0337031 0.58625 0.013484400000000002 0.604229 0.028656300000000003 0.723333
50 0.817422 0.41122899999999996 0.819094 0.341583 0.8022500000000001 0.274167 0.760109 0.28764599999999996 0.721344 0.32360399999999995 0.768547 0.357312 0.760109 0.424729 0.7634839999999999 0.48314599999999996 0.773594 0.546063 0.798875 0.5483119999999999 0.817422 0.41122899999999996
50 0.687641 0.2045 0.685953 0.18202100000000002 0.677531 0.177521 0.667422 0.184271 0.667422 0.20225 0.662359 0.208979 0.655625 0.231458 0.655625 0.249438 0.655625 0.253937 0.702813 0.253937 0.702813 0.233708 0.699437 0.215729 0.692703 0.20675 0.687641 0.2045
50 0.7045 0.310104 0.7045 0.289896 0.669094 0.287646 0.672469 0.312354 0.702813 0.310104 0.7045 0.310104
50 0.696063 0.319104 0.697540632768715 0.33386631338703177 0.699437 0.352812 0.711234 0.359542 0.7122469464024636 0.35684681223877873 0.714609 0.350562 0.712922 0.316854 0.696063 0.319104
50 0.691016 0.350562 0.689328 0.325833 0.669094 0.32360400000000006 0.669094 0.352812 0.684266 0.359542 0.691016 0.350562
50 0.0707812 0.521354 0.055625 0.48089600000000005 0.0674219 0.462917 0.0657344 0.40449999999999997 0.0572969 0.355063 0.0809062 0.346063 0.0809062 0.289896 0.020218800000000002 0.301125 0.0033750000000000004 0.357312 0 0.460667 0.010109400000000001 0.564042 0.0320156 0.546063 0.0741563 0.521354 0.0707812 0.521354
50 0.42396899999999993 0.225021 0.41867200000000004 0.22243699999999997 0.413859 0.226292 0.412891 0.217958 0.41 0.212813 0.40084400000000003 0.212167 0.389281 0.215375 0.387359 0.219875 0.387359 0.230792 0.381094 0.226292 0.379641 0.232083 0.384469 0.237229 0.390734 0.240437 0.389766 0.248792 0.389766 0.257771 0.414344 0.253917 0.42060899999999996 0.254562 0.41867200000000004 0.2475 0.41529699999999997 0.244937 0.419156 0.236583 0.42253100000000005 0.230146 0.42396899999999993 0.225021
50 0.394578 0.289271 0.380125 0.289896 0.365187 0.292479 0.358922 0.300187 0.355547 0.311104 0.361344 0.325875 0.375797 0.322021 0.386424511649128 0.32145111766204565 0.386391 0.321375 0.3958559433266614 0.32097896401023207 0.409031 0.316896 0.42012499999999997 0.312396 0.430234 0.30725 0.430719 0.289271 0.418187 0.287333 0.4056719999999999 0.289271 0.394578 0.289271
50 0.399406 0.350937 0.395547 0.359292 0.4162660000000001 0.3535 0.424937 0.356708 0.42060899999999996 0.317521 0.401328 0.32075 0.3958559433266614 0.32097896401023207 0.394578 0.321375 0.387844 0.321375 0.386424511649128 0.32145111766204565 0.399406 0.350937
50 0.4238910000000001 0.403354 0.43164100000000005 0.403354 0.42943699999999996 0.367938 0.4181426919015383 0.366348923985386 0.408406 0.364979 0.396219 0.397458 0.40982381434987153 0.4003567418837396 0.4238910000000001 0.403354
50 0.45135828870498534 0.36087998735404686 0.452672 0.360563 0.452672 0.344313 0.437188 0.338417 0.43864938416367955 0.36706974862224057 0.4511003829041068 0.3641323930826905 0.45135828870498534 0.36087998735404686
50 0.395109 0.407792 0.394016 0.421063 0.411719 0.447646 0.4149722094755626 0.4479137039968038 0.42943699999999996 0.449104 0.433859 0.429917 0.42943699999999996 0.406313 0.41009591567658477 0.4071462982904431 0.395109 0.407792
50 0.41753866690052127 0.45309769227680835 0.41504700000000005 0.453542 0.4238910000000001 0.481583 0.43164100000000005 0.481583 0.43164100000000005 0.450583 0.41753866690052127 0.45309769227680835
50 0.426109 0.522917 0.4405 0.517 0.4405 0.497812 0.41393800000000003 0.494875 0.40729699999999996 0.518479 0.426109 0.522917
50 0.4441446736556622 0.4518496469380146 0.450469 0.477146 0.46264099999999997 0.48747899999999994 0.4681719999999999 0.47125 0.46264099999999997 0.449104 0.4442477314780217 0.4505500024527723 0.44582673350525576 0.43063747927018947 0.44714100000000007 0.444687 0.45378100000000005 0.441729 0.458219 0.44025 0.452672 0.406313 0.4478283382012819 0.40793303071015463 0.4476669336629568 0.4074310313563755 0.44762164473503263 0.4080021622426247 0.443828 0.409271 0.443828 0.450583 0.4441446736556622 0.4518496469380146
50 0.8671409999999999 0.211313 0.854203 0.21364600000000003 0.845391 0.200729 0.839813 0.20112499999999997 0.834219 0.204646 0.8309999999999998 0.219521 0.818656 0.219917 0.829531 0.2305 0.8336409999999999 0.252437 0.865672 0.251271 0.855969 0.239521 0.8615470000000001 0.230896 0.8709529999999999 0.219917 0.8671409999999999 0.211313
50 0.8030630000000001 0.353479 0.808344 0.337896 0.806078 0.320292 0.808719 0.322292 0.810234 0.337375 0.820797 0.337896 0.8226720000000001 0.320292 0.833609 0.320792 0.8483280000000001 0.318271 0.8600160000000001 0.318271 0.8811250000000002 0.31525 0.876984 0.289104 0.876234 0.288604 0.798922 0.289104 0.79175 0.31425 0.789875 0.341417 0.789875 0.342417 0.8030630000000001 0.353479
50 0.8833909999999999 0.348958 0.8815 0.326833 0.8800000000000001 0.327333 0.861516 0.323313 0.865297 0.364542 0.873594 0.365542 0.874344 0.357 0.8833909999999999 0.348958
50 0.824563 0.340896 0.8290939999999999 0.364542 0.8611410000000002 0.367042 0.858875 0.326313 0.8256879999999999 0.328833 0.8264530000000001 0.333354 0.824563 0.340896
50 0.8267339999999999 0.398458 0.8267339999999999 0.409438 0.861594 0.413938 0.862078 0.372646 0.827703 0.373938 0.827703 0.377812 0.8267339999999999 0.398458
50 0.8349689999999999 0.444271 0.8369060000000001 0.459125 0.863531 0.461062 0.8630470000000001 0.421687 0.8619088468700642 0.4215977025838459 0.830125 0.419104 0.831094 0.41975 0.8349689999999999 0.444271
50 0.844641 0.506229 0.866422 0.511396 0.8673909999999999 0.470083 0.8369060000000001 0.469438 0.8388440000000001 0.471375 0.844641 0.506229
50 0.877078 0.548187 0.881437 0.519792 0.8441560000000001 0.517208 0.8432030000000001 0.531396 0.8262500000000002 0.5456039999999999 0.830125 0.552687 0.854328 0.54625 0.877078 0.548187
50 0.33703099999999997 0.128812 0.335484 0.149563 0.37542200000000003 0.14887499999999998 0.378281 0.146792 0.38060900000000003 0.14022900000000002 0.380344 0.13641699999999998 0.372047 0.134354 0.364531 0.121896 0.366078 0.11325 0.366609 0.103917 0.361937 0.0959583 0.357266 0.0938958 0.351812 0.09458330000000001 0.35156200000000004 0.095625 0.346625 0.102188 0.346375 0.102542 0.346891 0.10287500000000001 0.344562 0.116708 0.33703099999999997 0.128812
50 0.536359 0.324667 0.538469 0.339646 0.550406 0.368667 0.532141 0.41735400000000006 0.53425 0.423896 0.546891 0.420167 0.563047 0.429521 0.577078 0.457604 0.589719 0.456667 0.609391 0.48475 0.629047 0.502542 0.610781 0.4445 0.62975 0.459479 0.640281 0.465104 0.635359 0.441687 0.632547 0.432333 0.614297 0.388333 0.622016 0.361187 0.636062 0.315312 0.626938 0.287208 0.588313 0.289083 0.551813 0.289083 0.536359 0.324667
50 0.93925 0.218521 0.934844 0.211688 0.934844 0.206792 0.936312 0.195042 0.951719 0.197979 0.949516 0.189188 0.9414529999999999 0.181354 0.934844 0.180375 0.931906 0.171583 0.916516 0.16766700000000004 0.9055 0.173542 0.903297 0.182333 0.903297 0.193104 0.891563 0.190167 0.890094 0.201896 0.898172 0.202875 0.9055 0.204833 0.9069689999999999 0.216563 0.910641 0.223417 0.9091720000000001 0.23125 0.898906 0.242979 0.8967030000000001 0.252771 0.9605309999999999 0.250812 0.954656 0.233208 0.9458590000000001 0.22733300000000004 0.93925 0.218521
50 0.890094 0.291896 0.8820309999999999 0.306563 0.8820309999999999 0.334917 0.887891 0.339813 0.904031 0.337854 0.9031738370743467 0.32790176293622225 0.9091720000000001 0.326125 0.9170713840965353 0.3199703588044046 0.917969 0.319271 0.9414529999999999 0.319271 0.9333750000000001 0.306563 0.9355779999999999 0.289937 0.9000358652271437 0.2914678029641198 0.890094 0.291896
50 0.9018279999999999 0.344708 0.9011090000000002 0.366229 0.959797 0.367208 0.9583280000000001 0.338833 0.951719 0.330042 0.9132116887384892 0.3262340439734578 0.9121089999999998 0.326125 0.9018279999999999 0.344708
50 0.9047660000000001 0.415125 0.951719 0.420021 0.951719 0.399479 0.9562737040948562 0.39114486059239073 0.957594 0.388729 0.9583280000000001 0.37795800000000007 0.9478673341638819 0.3775954870140333 0.9018279999999999 0.376 0.900375 0.38677100000000003 0.904031 0.395562 0.9047660000000001 0.415125
50 0.9055 0.43566699999999997 0.912844 0.45816700000000005 0.952453 0.466 0.949516 0.4435 0.9502500000000002 0.429812 0.9113749999999999 0.421979 0.9055 0.43566699999999997
50 0.954656 0.474792 0.9121089999999998 0.473813 0.920172 0.502188 0.957594 0.510021 0.954656 0.474792
50 0.902562 0.553063 0.913578 0.555 0.923109 0.552083 0.9333750000000001 0.5452290000000001 0.931906 0.550125 0.942922 0.556958 0.951719 0.555979 0.956859 0.547187 0.957594 0.526646 0.9209060000000001 0.520771 0.918703 0.539354 0.910641 0.542292 0.9018279999999999 0.546208 0.902562 0.553063
50 0.995641 0.213375 0.9877970000000001 0.199958 0.967672 0.201437 0.965422 0.210396 0.964312 0.217854 0.955359 0.216354 0.953125 0.21933300000000003 0.967672 0.23725 0.971016 0.250667 0.995641 0.247688 0.997875 0.21933300000000003 0.995641 0.213375
50 0.945297 0.319271 0.965422 0.338667 0.981094 0.372979 0.981094 0.386396 0.997875 0.462479 1 0.289438 0.941938 0.29391699999999993 0.945297 0.319271
57 0.619375 0.560146 0.627188 0.553917 0.624062 0.527896 0.631078 0.508125 0.620937 0.494604 0.602219 0.48525 0.584266 0.483167 0.573344 0.479 0.554625 0.492521 0.553063 0.500854 0.542922 0.521646 0.567109 0.534146 0.583484 0.548708 0.568672 0.54975 0.559297 0.5414170000000001 0.533547 0.539333 0.546031 0.574708 0.5515 0.588229 0.598313 0.588229 0.603781 0.559104 0.619375 0.560146
50 0.6085309999999999 0.234146 0.613734 0.232979 0.629391 0.240521 0.631125 0.239354 0.6350469999999999 0.228333 0.642875 0.228333 0.645922 0.22137500000000002 0.647219 0.215 0.643734 0.212688 0.643313 0.21210400000000001 0.6350469999999999 0.208625 0.634172 0.208063 0.632 0.199354 0.632 0.194729 0.635922 0.191812 0.639391 0.18777100000000002 0.642875 0.18487499999999998 0.640703 0.177333 0.635922 0.164583 0.628953 0.164 0.624609 0.176167 0.6254839999999999 0.185438 0.623313 0.19125 0.6180939999999999 0.199354 0.610703 0.20400000000000001 0.606781 0.228333 0.6085309999999999 0.234146
50 0.487141 0.2485 0.4836869999999999 0.243396 0.476016 0.238271 0.47485900000000003 0.231625 0.482531 0.226 0.482922 0.220875 0.480234 0.21525 0.474484 0.217292 0.46757799999999994 0.210646 0.461813 0.207583 0.45221900000000004 0.207583 0.444156 0.212688 0.441469 0.220875 0.436875 0.221896 0.439937 0.2265 0.447234 0.23468799999999998 0.450688 0.238271 0.442234 0.238271 0.435328 0.239292 0.43187499999999995 0.244417 0.429969 0.2485 0.428047 0.252604 0.43187499999999995 0.255667 0.4905939999999999 0.257729 0.487141 0.2485
50 0.42957800000000007 0.30991699999999994 0.433031 0.3135 0.439172 0.317583 0.438016 0.320146 0.43610899999999997 0.327313 0.435719 0.342667 0.439172 0.347271 0.45221900000000004 0.348292 0.462969 0.343687 0.479078 0.343687 0.478313 0.320667 0.462969 0.320667 0.467187 0.316063 0.478703 0.315542 0.478703 0.289438 0.430344 0.288417 0.429969 0.293542 0.42957800000000007 0.30991699999999994
50 0.44081200000000004 0.221708 0.44387499999999996 0.214438 0.452391 0.207625 0.465 0.209 0.474531 0.21762499999999999 0.479641 0.21625 0.483375 0.222604 0.485078 0.20308299999999999 0.482703 0.196729 0.475547 0.196729 0.47690599999999994 0.189917 0.47725 0.171771 0.474188 0.164042 0.46431300000000003 0.161771 0.456141 0.169042 0.45512499999999995 0.18085400000000001 0.45682799999999996 0.191292 0.45103099999999996 0.196729 0.441156 0.203542 0.439453 0.219438 0.44081200000000004 0.221708