13 0.617672 0.848387 0.6178589999999999 0.822673 0.616078 0.80924 0.616484 0.7958059999999999 0.610938 0.797558 0.610734 0.809816 0.607969 0.817419 0.606172 0.8466359999999999 0.617672 0.848387
13 0.45451600000000003 0.686613 0.453469 0.6943779999999999 0.461172 0.6943779999999999 0.459063 0.680438 0.459063 0.6721659999999999 0.45696899999999996 0.66235 0.45451600000000003 0.66235 0.45451600000000003 0.670092 0.45451600000000003 0.6711290000000001 0.45451600000000003 0.678871 0.45451600000000003 0.686613
13 0.314797 0.47251200000000004 0.313844 0.45990800000000004 0.312891 0.462005 0.31242200000000003 0.466912 0.311 0.470415 0.311469 0.480945 0.31528100000000003 0.480945 0.317172 0.475323 0.316219 0.47251200000000004 0.314797 0.47251200000000004
23 0.615641 0.41760400000000003 0.643078 0.494009 0.6872659999999999 0.545691 0.729938 0.574908 0.7604219999999999 0.579401 0.806125 0.545691 0.848797 0.47827200000000003 0.87775 0.377143 0.886891 0.278272 0.868609 0.174908 0.822891 0.136705 0.748219 0.08951609907834102 0.699453 0.102995 0.6385 0.18165900000000001 0.608031 0.33221199999999995 0.615641 0.41760400000000003
27 0.597344 0.856359 0.604828 0.857834 0.611797 0.8820739999999999 0.62225 0.9033639999999998 0.627234 0.9004379999999998 0.629719 0.887212 0.638687 0.8761980000000001 0.641172 0.852696 0.596359 0.8247930000000001 0.594859 0.822581 0.592875 0.821106 0.583906 0.83947 0.584906 0.84977 0.590375 0.857834 0.597344 0.856359
27 0.535594 0.83947 0.521656 0.84977 0.512687 0.854171 0.503234 0.851959 0.495266 0.851959 0.487781 0.851959 0.48031199999999996 0.860046 0.479812 0.868848 0.477328 0.872535 0.449937 0.885737 0.4574059999999999 0.8997 0.464375 0.893825 0.510703 0.940829 0.515672 0.960645 0.530125 0.958456 0.519656 0.8997 0.522656 0.882811 0.530125 0.883548 0.538094 0.9004379999999998 0.539578 0.907051 0.545563 0.885737 0.555516 0.874724 0.552031 0.860046 0.542563 0.845346 0.535594 0.83947
50 0.182484 0.6333869999999999 0.195 0.641452 0.200469 0.6483639999999999 0.206719 0.6483639999999999 0.208281 0.647212 0.209844 0.6379950000000001 0.20750000000000002 0.626452 0.209844 0.610323 0.219234 0.593041 0.223922 0.565369 0.220797 0.548088 0.216094 0.538871 0.203594 0.52735 0.19734400000000002 0.515806 0.191094 0.507742 0.182484 0.510046 0.179359 0.518111 0.178578 0.528502 0.181703 0.542327 0.177797 0.546935 0.173109 0.555 0.169203 0.559608 0.166859 0.573433 0.166859 0.582673 0.170766 0.5872809999999999 0.17232799999999998 0.5872809999999999 0.175453 0.593041 0.176234 0.606866 0.177797 0.6195390000000001 0.182484 0.6333869999999999
50 0.280672 0.7509680000000001 0.307922 0.759724 0.307922 0.791152 0.300813 0.848802 0.32687499999999997 0.895991 0.322141 0.84182 0.341094 0.791152 0.33635899999999996 0.7230179999999999 0.32925 0.677604 0.312672 0.6496540000000001 0.312672 0.618203 0.300813 0.6129720000000001 0.284234 0.619954 0.283047 0.626935 0.27949999999999997 0.6583870000000001 0.287781 0.681106 0.286609 0.717788 0.291344 0.7474879999999999 0.280672 0.7509680000000001
50 0.611 0.808618 0.611 0.798825 0.616297 0.79394 0.618297 0.8164290000000001 0.631563 0.8223039999999999 0.631563 0.808618 0.6494690000000001 0.8037099999999999 0.656766 0.791982 0.652781 0.785138 0.6468130000000001 0.757742 0.639516 0.7401380000000001 0.627578 0.7215440000000001 0.628906 0.7137330000000001 0.629563 0.686336 0.616969 0.673618 0.607688 0.67265 0.598391 0.684378 0.600391 0.7147 0.585125 0.7391709999999999 0.588438 0.8037099999999999 0.609672 0.812512 0.611 0.808618
50 0.39510900000000004 0.6626270000000001 0.397016 0.669631 0.397969 0.680138 0.400812 0.6885709999999999 0.403672 0.696982 0.404141 0.7067969999999999 0.40653100000000003 0.718733 0.40653100000000003 0.734862 0.41032799999999997 0.753088 0.41128099999999995 0.776935 0.41128099999999995 0.7916590000000001 0.416031 0.8021659999999999 0.428406 0.796567 0.445047 0.790253 0.446 0.785346 0.446 0.779747 0.446 0.767811 0.446469 0.7502759999999999 0.44267200000000007 0.746774 0.445516 0.739055 0.445047 0.730645 0.44979699999999995 0.720115 0.45075000000000004 0.7061059999999999 0.447422 0.691359 0.446 0.668917 0.44267200000000007 0.648594 0.423172 0.635968 0.41793800000000003 0.630346 0.415094 0.6219349999999999 0.414141 0.6219349999999999 0.41223400000000004 0.6149309999999999 0.41270300000000004 0.600899 0.41174999999999995 0.594585 0.399875 0.587581 0.38940600000000003 0.588986 0.383703 0.60371 0.383703 0.617742 0.383703 0.627558 0.38607800000000003 0.634562 0.390359 0.6394700000000001 0.393203 0.648594 0.393688 0.654908 0.39510900000000004 0.6626270000000001
50 0.8906090000000001 0.7404149999999999 0.8960779999999999 0.744908 0.903359 0.748479 0.9094369999999999 0.744908 0.9234220000000001 0.751175 0.932531 0.757442 0.943469 0.761037 0.947109 0.758341 0.956234 0.752074 0.955016 0.728779 0.9519690000000001 0.713525 0.9495469999999999 0.707258 0.9459059999999999 0.694724 0.943469 0.688456 0.9386089999999999 0.681267 0.934969 0.668733 0.933141 0.65977 0.9300940000000001 0.6553 0.9240309999999999 0.6526040000000001 0.9191560000000001 0.6526040000000001 0.9173439999999999 0.653502 0.913687 0.660668 0.910656 0.669631 0.907625 0.681267 0.907625 0.69023 0.9015470000000001 0.701889 0.892422 0.731452 0.8906090000000001 0.7404149999999999
50 0.9519690000000001 0.688318 0.950047 0.69841 0.9539059999999999 0.717535 0.961797 0.7123729999999999 0.977563 0.703825 0.980547 0.6914290000000001 0.977563 0.682903 0.975812 0.65523 0.9589840000000001 0.637396 0.946359 0.649032 0.948297 0.659124 0.954078 0.681866 0.9519690000000001 0.688318
14 0.21170300000000003 0.6864290000000001 0.21525 0.680968 0.222844 0.660737 0.22364099999999998 0.6529029999999999 0.223969 0.645046 0.217828 0.645046 0.20073400000000002 0.6448160000000001 0.188484 0.645046 0.184125 0.6476729999999999 0.18379700000000002 0.658134 0.187359 0.669793 0.194766 0.687373 0.211219 0.6859679999999999 0.21170300000000003 0.6864290000000001
27 0.44895300000000005 0.695046 0.452266 0.703894 0.452672 0.710599 0.4535 0.7176269999999999 0.454953 0.7194470000000001 0.46075 0.708456 0.467781 0.697488 0.470484 0.691382 0.472344 0.684654 0.471922 0.6843549999999999 0.466953 0.6870970000000001 0.461578 0.6922809999999999 0.455375 0.6941240000000001 0.449984 0.6926039999999999 0.44895300000000005 0.695046
27 0.757625 0.680645 0.765656 0.6819590000000001 0.7680469999999999 0.6784330000000001 0.772703 0.6763819999999999 0.78175 0.6749080000000001 0.7877810000000001 0.672696 0.790797 0.669171 0.7914220000000001 0.6680649999999999 0.785391 0.666198 0.768797 0.6615669999999999 0.7575000000000001 0.6604610000000001 0.745547 0.656567 0.737016 0.6526730000000001 0.733859 0.651935 0.733234 0.6567510000000001 0.734375 0.662857 0.737266 0.674355 0.746188 0.677327 0.757625 0.680645
27 0.47159399999999996 0.638963 0.47221900000000006 0.628318 0.469719 0.626475 0.433625 0.632949 0.434891 0.635714 0.45245300000000005 0.644055 0.47159399999999996 0.638963
27 0.12651600000000002 0.851129 0.131297 0.851912 0.132891 0.836244 0.171953 0.8256680000000001 0.170094 0.813917 0.168766 0.800968 0.169031 0.795092 0.169563 0.788041 0.169828 0.783733 0.170094 0.780991 0.108187 0.799793 0.108984 0.804101 0.12651600000000002 0.832719 0.12651600000000002 0.851129
27 0.907297 0.739539 0.912172 0.739539 0.8908590000000001 0.737742 0.8744060000000001 0.736843 0.859187 0.736843 0.838484 0.731452 0.833609 0.734147 0.834219 0.740438 0.8451869999999999 0.747627 0.841531 0.7422349999999999 0.8476250000000001 0.748525 0.8750160000000001 0.753917 0.877453 0.763779 0.8987809999999999 0.772765 0.9005940000000001 0.740438 0.907297 0.739539
27 0.9152190000000001 0.784447 0.934094 0.770069 0.931656 0.766475 0.9188750000000001 0.755691 0.9188750000000001 0.759286 0.9133910000000001 0.759286 0.909734 0.770069 0.911562 0.781751 0.9152190000000001 0.784447
27 0.75675 0.637074 0.7714529999999999 0.63 0.775547 0.626982 0.776578 0.618917 0.769062 0.608341 0.750953 0.60129 0.740688 0.59977 0.73625 0.603295 0.727016 0.609862 0.720875 0.61841 0.744109 0.636567 0.75675 0.637074
27 0.653547 0.801359 0.649922 0.792442 0.636234 0.809677 0.659594 0.8256910000000001 0.659984 0.813825 0.656359 0.809078 0.653547 0.801359
27 0.695828 0.8197699999999999 0.697438 0.820346 0.705891 0.824516 0.706297 0.825115 0.710328 0.830461 0.713141 0.831636 0.724016 0.8292629999999999 0.727641 0.822143 0.728844 0.810853 0.730469 0.805507 0.72925 0.800161 0.726844 0.800161 0.723219 0.799562 0.718375 0.799562 0.710734 0.7942170000000001 0.701063 0.788295 0.696641 0.792442 0.691797 0.803733 0.690594 0.817396 0.691406 0.818571 0.695828 0.8197699999999999
27 0.575109 0.5903229999999999 0.5730470000000001 0.589217 0.572969 0.592396 0.573547 0.5944699999999999 0.579672 0.595945 0.586641 0.595714 0.590203 0.595576 0.591531 0.591175 0.592938 0.589585 0.598906 0.590438 0.600984 0.59106 0.602313 0.592535 0.606375 0.591429 0.607953 0.591544 0.607531 0.588479 0.605297 0.586544 0.602812 0.585668 0.600812 0.586774 0.598906 0.588134 0.595672 0.588733 0.592609 0.589585 0.587391 0.589355 0.579516 0.591797 0.575109 0.5903229999999999
27 0.601234 0.678041 0.6015469999999999 0.670161 0.624453 0.663226 0.628844 0.665069 0.6310469999999999 0.674793 0.634188 0.67341 0.639828 0.671567 0.642969 0.667396 0.642969 0.664608 0.620375 0.659516 0.620375 0.654447 0.619437 0.649355 0.610969 0.647949 0.610969 0.6507369999999999 0.610969 0.655369 0.610969 0.658134 0.609703 0.658594 0.6018589999999999 0.6539630000000001 0.597156 0.6558290000000001 0.595266 0.649355 0.588688 0.6474880000000001 0.586172 0.6474880000000001 0.586484 0.6576730000000001 0.5742499999999999 0.661382 0.570484 0.663226 0.562953 0.6590550000000001 0.561391 0.66924 0.562641 0.678041 0.564203 0.683134 0.5795779999999999 0.689608 0.597156 0.68265 0.601234 0.678041
27 0.316281 0.580346 0.31539100000000003 0.58735 0.312562 0.590622 0.314797 0.601359 0.317609 0.596982 0.320438 0.5923729999999999 0.325625 0.591935 0.325781 0.587995 0.322953 0.588226 0.322219 0.586682 0.323109 0.585369 0.325625 0.584931 0.32637499999999997 0.581659 0.316125 0.580115 0.316281 0.580346
78 0.547391 0.535668 0.553469 0.535668 0.553469 0.537189 0.558203 0.537189 0.559688 0.49592200000000003 0.559234 0.48958500000000005 0.552719 0.490691 0.547687 0.491544 0.54725 0.533917 0.547391 0.535668
50 0.644078 0.89265 0.647266 0.89735 0.631328 0.9744700000000001 0.654922 0.973525 0.661937 0.942512 0.666406 0.9283870000000001 0.6740470000000001 0.9011290000000001 0.680422 0.888894 0.675969 0.883249 0.678516 0.8794930000000001 0.686172 0.8794930000000001 0.712313 0.8644470000000001 0.7155 0.8541010000000001 0.711672 0.837166 0.705937 0.82682 0.697641 0.816475 0.693187 0.807074 0.692547 0.799562 0.697016 0.7920280000000001 0.698922 0.783571 0.697641 0.773226 0.692547 0.7562899999999999 0.677875 0.748779 0.668313 0.748779 0.662578 0.7562899999999999 0.661937 0.763825 0.6587500000000001 0.777926 0.654281 0.7854610000000001 0.6587500000000001 0.788272 0.6574690000000001 0.7920280000000001 0.654922 0.801429 0.656828 0.804263 0.656828 0.810853 0.663219 0.8183640000000001 0.656203 0.827765 0.656203 0.8352999999999999 0.64025 0.8531569999999999 0.639609 0.871037 0.635156 0.878548 0.6332340000000001 0.890783 0.631328 0.9011290000000001 0.644078 0.89265
26 0.455766 0.637696 0.455766 0.6317280000000001 0.455562 0.625599 0.454594 0.6240319999999999 0.452266 0.6237330000000001 0.44928100000000004 0.624355 0.44832799999999995 0.626083 0.44832799999999995 0.6273270000000001 0.448641 0.638157 0.452797 0.6386409999999999 0.455766 0.637696
14 0.479906 0.865668 0.48009399999999997 0.866751 0.48192199999999996 0.871336 0.484859 0.8740319999999999 0.49218799999999996 0.8778109999999999 0.499141 0.8791709999999999 0.505188 0.8791709999999999 0.5088440000000001 0.878088 0.5105000000000001 0.876475 0.515797 0.872419 0.517266 0.867834 0.516359 0.8608060000000001 0.514891 0.857028 0.5108590000000001 0.853779 0.504453 0.851359 0.500063 0.850276 0.490531 0.85 0.48687500000000006 0.851359 0.48375 0.852972 0.483391 0.853525 0.481187 0.857558 0.479906 0.8608060000000001 0.479906 0.865668
22 0.658141 0.976982 0.677156 0.976982 0.704172 0.975507 0.707172 0.9696079999999999 0.714187 0.9327190000000001 0.723187 0.892857 0.719187 0.867765 0.715188 0.86924 0.704172 0.8736640000000001 0.687156 0.878088 0.677156 0.889908 0.671141 0.9046540000000001 0.664141 0.9253230000000001 0.657125 0.944516 0.649125 0.975507 0.658141 0.976982
22 0.614172 0.90788 0.6054999999999999 0.910853 0.5948279999999999 0.9134099999999999 0.588766 0.91682 0.578937 0.9457599999999999 0.569984 0.9751380000000001 0.6340939999999999 0.973433 0.648531 0.898088 0.645062 0.891267 0.643906 0.892535 0.626 0.902327 0.614172 0.90788
22 0.49217199999999994 0.968364 0.507688 0.933433 0.46357799999999993 0.897304 0.42439099999999996 0.9767969999999999 0.49217199999999994 0.968364
22 0.0915781 0.883664 0.08139060000000001 0.8686409999999999 0.0680781 0.8409220000000001 0.0578906 0.832834 0.0539844 0.848986 0.0735625 0.92523 0.08375 0.97606 0.10410900000000001 0.977212 0.106469 0.967972 0.15346900000000002 0.942558 0.164437 0.9275580000000001 0.164437 0.9090550000000001 0.143281 0.904447 0.14171899999999998 0.904447 0.137016 0.864009 0.10803100000000002 0.87788 0.0915781 0.883664
22 0.7627659999999999 0.866198 0.761906 0.9452759999999999 0.774687 0.9716359999999999 0.805328 0.9503 0.803625 0.871198 0.818094 0.810945 0.7814840000000001 0.8310369999999999 0.775531 0.848618 0.7627659999999999 0.866198
22 0.9638909999999999 0.757949 0.977891 0.7366590000000001 0.983578 0.7037329999999999 0.9682660000000001 0.7063130000000001 0.962578 0.732788 0.9638909999999999 0.757949
22 0.593172 0.65788 0.593172 0.629263 0.562875 0.6362439999999999 0.5695 0.6648620000000001 0.593172 0.65788
22 0.6001559999999999 0.652811 0.606 0.656336 0.606797 0.63712 0.614766 0.631636 0.6195470000000001 0.6335940000000001 0.616359 0.616359 0.615828 0.611267 0.610781 0.605 0.604938 0.604217 0.602812 0.5971660000000001 0.596438 0.587765 0.589797 0.588157 0.5929840000000001 0.599908 0.593781 0.611267 0.595375 0.6438020000000001 0.6001559999999999 0.652811
22 0.614984 0.632673 0.613391 0.63659 0.612328 0.6448160000000001 0.617109 0.645991 0.620828 0.649516 0.620828 0.658134 0.626938 0.658134 0.633578 0.664401 0.6407499999999999 0.664401 0.641016 0.663618 0.634906 0.63894 0.614984 0.632673
22 0.833234 0.841406 0.8343909999999999 0.849977 0.8506560000000001 0.8436870000000001 0.8785310000000001 0.814009 0.876984 0.774032 0.871562 0.755783 0.852203 0.751774 0.856844 0.774608 0.851047 0.7883180000000001 0.8347810000000001 0.834562 0.833234 0.841406
50 0.515906 0.8502529999999999 0.5350159999999999 0.8413590000000001 0.532 0.826521 0.543063 0.8072579999999999 0.565172 0.8057829999999999 0.5852809999999999 0.823571 0.5953280000000001 0.811705 0.571203 0.7568429999999999 0.576234 0.7197929999999999 0.550094 0.703479 0.5350159999999999 0.7346079999999999 0.5149060000000001 0.744977 0.49881200000000003 0.7850229999999999 0.492781 0.838387 0.515906 0.8502529999999999
50 0.657672 0.627074 0.6521250000000001 0.620069 0.6537029999999999 0.59788 0.651328 0.587373 0.644203 0.585023 0.634703 0.59553 0.634703 0.6142399999999999 0.626781 0.6247469999999999 0.626781 0.635253 0.637078 0.655115 0.6394529999999999 0.6667970000000001 0.646578 0.6621199999999999 0.650547 0.65394 0.660844 0.65394 0.664797 0.649263 0.657672 0.6422580000000001 0.657672 0.627074
22 0.330219 0.941866 0.32487499999999997 0.978986 0.40039100000000005 0.973364 0.414109 0.908134 0.408781 0.890138 0.37445300000000004 0.8597699999999999 0.364547 0.876636 0.350047 0.926129 0.330219 0.931751 0.330219 0.941866
22 0.933219 0.835392 0.936234 0.835876 0.943922 0.832926 0.9479369999999999 0.8338939999999999 0.9506249999999999 0.8422810000000001 0.9509529999999999 0.8496999999999999 0.9509529999999999 0.853641 0.9542970000000001 0.8496999999999999 0.955313 0.8225579999999999 0.9539690000000001 0.8047930000000001 0.9519529999999999 0.7894930000000001 0.9536250000000001 0.781106 0.9563119999999999 0.7786409999999999 0.9586560000000001 0.7717280000000001 0.954969 0.765806 0.949281 0.766797 0.938578 0.7638480000000001 0.935562 0.7603920000000001 0.9128130000000001 0.740645 0.906125 0.741636 0.900438 0.751014 0.8964219999999999 0.759401 0.8903909999999999 0.776659 0.893406 0.7806219999999999 0.8957499999999999 0.779631 0.898766 0.77371 0.9014369999999999 0.7633409999999999 0.904453 0.753479 0.906453 0.7505069999999999 0.909797 0.7475580000000001 0.911469 0.7450920000000001 0.913813 0.748041 0.908469 0.801336 0.9081250000000001 0.8161290000000001 0.910141 0.8245389999999999 0.916156 0.8334100000000001 0.922188 0.844263 0.9228440000000001 0.854631 0.9215159999999999 0.8625120000000001 0.924531 0.869424 0.927875 0.8704149999999999 0.929203 0.867949 0.928875 0.863502 0.9302189999999999 0.854124 0.930875 0.846728 0.930875 0.8403229999999999 0.933219 0.835392
27 0.177891 0.8649309999999999 0.167328 0.836359 0.133859 0.851959 0.135625 0.854539 0.162047 0.89871 0.177891 0.8649309999999999
53 0.285891 0.541636 0.285891 0.529401 0.287859 0.522995 0.288266 0.461221 0.249141 0.463548 0.25151599999999996 0.545138 0.285891 0.541636
50 0.577859 0.815023 0.557234 0.7938940000000001 0.544625 0.797258 0.535469 0.815023 0.5337500000000001 0.833594 0.548063 0.859793 0.5560940000000001 0.880092 0.539469 0.911336 0.534312 0.8826269999999999 0.521141 0.8843089999999999 0.518844 0.909654 0.532031 0.9688019999999999 0.553797 0.975576 0.569844 0.970507 0.585313 0.921498 0.619125 0.9045850000000001 0.604797 0.858963 0.576719 0.8538939999999999 0.5732809999999999 0.814171 0.577859 0.815023
50 0.795172 0.817074 0.8113279999999999 0.8073960000000001 0.818891 0.808894 0.8284689999999999 0.829724 0.840578 0.812604 0.8486560000000001 0.787304 0.858234 0.7783869999999999 0.856219 0.7597929999999999 0.8456250000000001 0.744908 0.836547 0.737465 0.8314999999999999 0.7344930000000001 0.8299839999999999 0.712926 0.8259529999999999 0.697281 0.8133440000000001 0.689862 0.8017340000000001 0.698041 0.793156 0.7151379999999999 0.794172 0.723341 0.799219 0.723341 0.799219 0.7322580000000001 0.802234 0.740438 0.80375 0.747143 0.805766 0.7560600000000001 0.807281 0.759032 0.800734 0.765 0.795172 0.772442 0.793156 0.7806219999999999 0.795687 0.7969820000000001 0.795172 0.817074
50 0.8720000000000001 0.7330650000000001 0.874328 0.708456 0.8710000000000001 0.685323 0.862984 0.674009 0.8579840000000001 0.658249 0.853984 0.6533410000000001 0.840969 0.658249 0.8372970000000001 0.678917 0.8306250000000001 0.691728 0.8259529999999999 0.694677 0.8286089999999999 0.7050000000000001 0.831281 0.7158289999999999 0.836953 0.722719 0.840625 0.727143 0.843297 0.7300920000000001 0.8643280000000001 0.734032 0.8720000000000001 0.7330650000000001
13 0.45389099999999993 0.6364749999999999 0.454063 0.622926 0.45340600000000003 0.6195390000000001 0.45257800000000004 0.6098389999999999 0.450125 0.610323 0.449625 0.618802 0.448813 0.621959 0.448641 0.635991 0.45389099999999993 0.6364749999999999
22 0.433469 0.8719819999999999 0.44229700000000005 0.791889 0.408203 0.8086639999999999 0.41200000000000003 0.868249 0.419562 0.8812899999999999 0.42082800000000004 0.953917 0.44735899999999995 0.920392 0.44735899999999995 0.894332 0.433469 0.8719819999999999
50 0.356297 0.79447 0.358187 0.81129 0.354391 0.8253 0.354391 0.854724 0.351547 0.89818 0.35724999999999996 0.895369 0.375297 0.860323 0.416078 0.9012209999999999 0.408563 0.872949 0.408563 0.846336 0.406656 0.823894 0.416172 0.805691 0.41332800000000003 0.7930649999999999 0.41332800000000003 0.772051 0.409516 0.74682 0.409516 0.724378 0.40571900000000005 0.6963590000000001 0.400969 0.676751 0.396219 0.655714 0.387656 0.638894 0.374359 0.631889 0.366734 0.636198 0.35914100000000004 0.651521 0.35914100000000004 0.6725350000000001 0.36960899999999997 0.683756 0.362 0.70477 0.354391 0.800714 0.356297 0.79447
27 0.482812 0.7504609999999999 0.484969 0.759055 0.482812 0.762673 0.49325 0.773548 0.48250000000000004 0.778088 0.48587499999999995 0.782604 0.49110899999999996 0.7957369999999999 0.49325 0.813848 0.499391 0.7984559999999999 0.504 0.7812439999999999 0.5104529999999999 0.768111 0.5257970000000001 0.746843 0.5337810000000001 0.739124 0.504 0.72871 0.500625 0.731889 0.492641 0.739124 0.47851600000000005 0.7450230000000001 0.482812 0.7504609999999999