44 0.25539100000000003 0.5661120000000001 0.20581299999999997 0.609227 0.21473399999999998 0.632998 0.21473399999999998 0.638946 0.237531 0.6731149999999999 0.210766 0.708782 0.190938 0.7162059999999999 0.178047 0.705808 0.181031 0.704309 0.195906 0.69541 0.198875 0.6760889999999999 0.157234 0.607728 0.1265 0.5899059999999999 0.154266 0.521546 0.132453 0.511148 0.139391 0.491827 0.132453 0.48142899999999994 0.121547 0.491827 0.114609 0.5200699999999999 0.12551600000000002 0.533443 0.114609 0.551265 0.101719 0.583958 0.0372813 0.604754 0.0571094 0.612178 0.0372813 0.631499 0.0194375 0.671616 0.025374999999999998 0.7162059999999999 0.0372813 0.744426 0.0600781 0.762272 0.082875 0.7637470000000001 0.10667199999999999 0.745925 0.11956199999999999 0.7162059999999999 0.121547 0.6939110000000001 0.121547 0.667166 0.1275 0.664192 0.130469 0.702834 0.139391 0.722155 0.204828 0.7295780000000001 0.21275 0.738501 0.256375 0.7355269999999999 0.274219 0.762272 0.287109 0.766721 0.315859 0.766721 0.339656 0.744426 0.348625 0.735363 0.356141 0.68356 0.350125 0.652037 0.369656 0.674543 0.374172 0.667799 0.362141 0.652037 0.345609 0.602482 0.366656 0.58445 0.350125 0.5664399999999999 0.345609 0.546183 0.338109 0.546183 0.253953 0.564192 0.25539100000000003 0.5661120000000001
16 0.463687 0.377424 0.472281 0.395152 0.47873400000000005 0.395152 0.484109 0.38548000000000004 0.486266 0.38386400000000004 0.565813 0.377424 0.5776410000000001 0.39192 0.584078 0.393536 0.589453 0.39192 0.5916089999999999 0.377424 0.5948279999999999 0.370984 0.598062 0.361311 0.601281 0.364543 0.6055780000000001 0.377424 0.609875 0.37904 0.612031 0.375808 0.612031 0.35325500000000004 0.614187 0.33714299999999997 0.613109 0.15831399999999998 0.59375 0.15669799999999998 0.580859 0.143794 0.555063 0.137354 0.537859 0.135738 0.509906 0.13897 0.501312 0.140585 0.48948400000000003 0.143794 0.483031 0.150258 0.479812 0.163138 0.461531 0.164754 0.45831299999999997 0.179251 0.455094 0.171194 0.448641 0.374192 0.463687 0.377424
50 0.673531 0.195808 0.676203 0.200679 0.6770780000000001 0.20733000000000001 0.678266 0.215761 0.678859 0.21843100000000001 0.682125 0.221991 0.683594 0.22552699999999998 0.683594 0.216206 0.682125 0.20911 0.683297 0.202014 0.684187 0.19180299999999997 0.683297 0.185152 0.6803440000000001 0.18381699999999998 0.6803440000000001 0.178478 0.6803440000000001 0.175386 0.677969 0.173607 0.675312 0.175831 0.674719 0.182037 0.676781 0.185597 0.675312 0.190023 0.6750160000000001 0.198454 0.673531 0.195808
50 0.08832809999999999 0.318478 0.0902813 0.329461 0.108375 0.335316 0.11032800000000001 0.314801 0.0985938 0.284754 0.08832809999999999 0.276698 0.08832809999999999 0.297963 0.08637500000000001 0.32360700000000003 0.08832809999999999 0.318478
18 0.781609 0.525972 0.789984 0.54103 0.798359 0.54103 0.8042339999999999 0.530984 0.805063 0.525972 0.810937 0.5272129999999999 0.816797 0.549813 0.836063 0.562365 0.8402499999999999 0.538525 0.8402499999999999 0.49459000000000003 0.8402499999999999 0.445621 0.835219 0.39667399999999997 0.8243280000000001 0.362763 0.8117660000000001 0.332646 0.7581559999999999 0.327611 0.697859 0.331382 0.666031 0.358993 0.658484 0.390398 0.647609 0.390398 0.632531 0.400422 0.632531 0.411733 0.642578 0.42051499999999997 0.650953 0.42051499999999997 0.636719 0.451897 0.641734 0.5272129999999999 0.6534690000000001 0.5397660000000001 0.663516 0.5272129999999999 0.665188 0.520937 0.666875 0.509649 0.668547 0.505878 0.679437 0.554848 0.697016 0.557354 0.696187 0.518431 0.781609 0.525972
18 1 0.5180089999999999 0.901609 0.610351 0.8114380000000001 0.639649 0.613094 0.6937 0.596562 0.7635130000000001 0.596562 0.790539 0.580031 0.804052 0.593562 0.864871 0.596562 0.9121549999999999 0.617594 0.9369320000000001 0.7287969999999999 0.979719 0.748328 0.96171 0.760359 0.96171 0.776875 0.988735 0.9391719999999999 0.9864869999999999 0.949687 0.9549650000000001 1 0.959461 1 0.5180089999999999
18 0 0.576112 0.0393281 0.571429 0.052453099999999996 0.5892270000000001 0.0686875 0.590164 0.0730625 0.581733 0.07681249999999999 0.569555 0.0786875 0.532108 0.0711875 0.517119 0.07368749999999999 0.48622999999999994 0.0724375 0.450656 0.0643281 0.41882899999999995 0.058703099999999994 0.41133499999999995 0.0512031 0.389813 0.0324688 0.351429 0.0015 0.347799 0 0.576112
18 0.022375 0.342014 0.0115 0.347026 0.0399687 0.364614 0.0558906 0.394731 0.0709531 0.44494100000000003 0.0709531 0.519016 0.0768281 0.5617099999999999 0.106141 0.55918 0.108656 0.520281 0.118703 0.5077280000000001 0.132109 0.49391100000000004 0.127078 0.4437 0.119547 0.408548 0.103625 0.364614 0.08687500000000001 0.347026 0.0517031 0.34452 0.0248906 0.34074899999999997 0.022375 0.342014
18 0.0507031 0.345691 0.0733125 0.34405199999999997 0.097375 0.356628 0.10903099999999999 0.374637 0.120344 0.409625 0.12945299999999998 0.482834 0.137469 0.49978900000000004 0.162625 0.487752 0.175031 0.476838 0.175031 0.46864199999999995 0.172469 0.42327899999999996 0.165906 0.380117 0.154969 0.342412 0.141125 0.330398 0.107578 0.327658 0.0634687 0.32983599999999996 0.0474219 0.342412 0.0507031 0.345691
18 0.13603099999999999 0.33203699999999997 0.141328 0.32808 0.153516 0.339977 0.158828 0.35348900000000005 0.162531 0.324098 0.166234 0.32330200000000003 0.16412500000000002 0.356651 0.16835899999999998 0.358244 0.17206300000000002 0.37096 0.185844 0.394778 0.191141 0.410679 0.182672 0.41384099999999996 0.18743700000000002 0.417822 0.204391 0.432904 0.19592199999999999 0.434496 0.20704699999999998 0.451171 0.210219 0.448806 0.21764100000000003 0.428946 0.221875 0.41227199999999997 0.217109 0.405105 0.21181299999999997 0.399555 0.206516 0.389227 0.206516 0.378899 0.20279699999999998 0.37494099999999997 0.203328 0.36541 0.203328 0.35587799999999997 0.200156 0.354286 0.19273400000000002 0.342365 0.196969 0.32330200000000003 0.167828 0.320913 0.14875 0.320913 0.133922 0.327283 0.13603099999999999 0.33203699999999997
16 0.685703 0.106674 0.684031 0.15555 0.680172 0.159696 0.6807190000000001 0.168806 0.685703 0.17376999999999998 0.681828 0.202763 0.683484 0.217681 0.689562 0.234239 0.695094 0.230913 0.698953 0.201101 0.745922 0.193653 0.747031 0.11082 0.691219 0.102553 0.685703 0.106674
75 0.683719 0.22185 0.727297 0.208337 0.748328 0.185808 0.751344 0.102482 0.682219 0.106979 0.685219 0.219602 0.683719 0.22185
75 0.7668280000000001 0.22559700000000002 0.763828 0.24178 0.803469 0.25168599999999997 0.8178750000000001 0.322787 0.8202809999999999 0.304801 0.835297 0.26339599999999996 0.8791249999999999 0.257986 0.8785310000000001 0.24089 0.871922 0.210281 0.78125 0.20939100000000002 0.7668280000000001 0.22559700000000002
75 0.805438 0.184918 0.775328 0.184262 0.758078 0.18126499999999998 0.752766 0.179602 0.7434689999999999 0.201499 0.732172 0.204169 0.719781 0.22871200000000003 0.722219 0.239649 0.7355 0.25524600000000003 0.741469 0.253255 0.752766 0.241991 0.7631560000000001 0.24000000000000002 0.768031 0.21941500000000003 0.780875 0.208478 0.819828 0.206487 0.8178280000000001 0.189227 0.805438 0.184918
50 1 0.388642 0.9944839999999999 0.37779900000000005 0.9956250000000001 0.37093699999999996 0.996391 0.36693200000000004 1 0.362365 0.9998279999999999 0.33440299999999995 0.996781 0.330398 0.990297 0.331546 0.9838279999999999 0.345246 0.983437 0.34639299999999995 0.966687 0.359508 0.955641 0.376066 0.9495469999999999 0.396628 0.952594 0.420609 0.956781 0.433747 0.958687 0.441733 0.9617340000000001 0.467424 0.9609690000000001 0.497681 0.9617340000000001 0.5022479999999999 0.978875 0.486838 0.983437 0.44002300000000005 0.9762029999999999 0.41318499999999997 0.9853440000000001 0.392623 1 0.40348900000000004 1 0.388642
18 0.302672 0.32892299999999997 0.303125 0.32960199999999995 0.304922 0.36339600000000005 0.310344 0.38974200000000003 0.331969 0.37353600000000003 0.33423400000000003 0.344473 0.326562 0.301218 0.31078100000000003 0.272178 0.254891 0.272178 0.244516 0.29178 0.279234 0.28637 0.302219 0.32960199999999995 0.302672 0.32892299999999997
18 0.660438 0.364005 0.662563 0.350445 0.679078 0.348056 0.687063 0.339274 0.735516 0.332881 0.737109 0.329696 0.734438 0.30096 0.722734 0.264262 0.691312 0.260258 0.690781 0.25149900000000003 0.67375 0.25149900000000003 0.666828 0.26267 0.654578 0.2874 0.645 0.2874 0.644469 0.29538600000000004 0.649797 0.30096 0.647656 0.305761 0.645531 0.35124099999999997 0.651922 0.366393 0.660438 0.364005
18 0.382437 0.31353600000000004 0.37439100000000003 0.330749 0.37439100000000003 0.354005 0.382437 0.368642 0.40196899999999997 0.36433299999999996 0.453688 0.353138 0.454828 0.267026 0.39967199999999997 0.26875899999999997 0.382437 0.31353600000000004
18 0.245875 0.322482 0.24778099999999997 0.333302 0.256062 0.33552699999999996 0.256281 0.34346600000000005 0.24990600000000002 0.345059 0.24693700000000002 0.345059 0.24948399999999998 0.363841 0.255422 0.374333 0.255844 0.388009 0.254156 0.402646 0.256281 0.409321 0.276438 0.40995299999999996 0.276656 0.41918 0.27749999999999997 0.424286 0.289172 0.42269300000000004 0.290016 0.410281 0.290016 0.39913299999999996 0.29362499999999997 0.397564 0.294266 0.407728 0.29575 0.413138 0.307219 0.410913 0.309125 0.395012 0.308906 0.385457 0.309344 0.374333 0.307219 0.35491799999999996 0.304672 0.332646 0.297234 0.31897 0.285984 0.298923 0.277922 0.288759 0.232922 0.291944 0.23907799999999998 0.313888 0.245875 0.322482
18 0.8128909999999999 0.333208 0.8145469999999999 0.33566700000000005 0.816469 0.33072599999999996 0.816188 0.308126 0.810969 0.274824 0.804937 0.244379 0.782984 0.24110099999999998 0.745953 0.24398099999999998 0.741016 0.262061 0.736625 0.26454300000000003 0.731969 0.269063 0.734156 0.276862 0.730047 0.288806 0.736359 0.324169 0.8128909999999999 0.333208
18 0.646266 0.246487 0.66925 0.246487 0.6796249999999999 0.234988 0.683688 0.234309 0.6850310000000001 0.22957799999999998 0.6827810000000001 0.21473099999999998 0.673766 0.19714299999999998 0.644469 0.195129 0.638594 0.210656 0.6340939999999999 0.21 0.635 0.21337199999999998 0.6381560000000001 0.21473099999999998 0.633641 0.230937 0.634547 0.242436 0.635437 0.256604 0.640406 0.257283 0.643109 0.257283 0.646266 0.246487
44 0.164719 0.360937 0.160828 0.364426 0.15382800000000002 0.38541 0.168594 0.407541 0.173266 0.43084300000000003 0.171703 0.451803 0.174047 0.475105 0.184141 0.48210800000000004 0.185703 0.479766 0.199687 0.47044499999999995 0.207469 0.45880600000000005 0.204359 0.44248200000000004 0.19814099999999998 0.42035100000000003 0.193469 0.407541 0.18725 0.38655700000000004 0.170156 0.36676800000000004 0.164719 0.360937
18 0.833687 0.374473 0.840625 0.421358 0.851062 0.47082 0.863219 0.47082 0.8649530000000001 0.457799 0.9344530000000001 0.460422 0.943141 0.481241 0.96225 0.481241 0.9605159999999999 0.465621 0.955313 0.436979 0.946625 0.413536 0.946625 0.39531600000000006 0.9640000000000001 0.36927400000000005 0.9518280000000001 0.345831 0.936187 0.33021100000000003 0.880594 0.31719 0.851062 0.322389 0.833687 0.36927400000000005 0.833687 0.374473
44 0.703547 0.05704919906323185 0.703344 0.06046840046838407 0.704375 0.064192 0.709562 0.06231850117096019 0.709359 0.05983610070257611 0.708531 0.055175599531615924 0.705219 0.055175599531615924 0.703547 0.05704919906323185
50 0.168813 0.511148 0.180125 0.511148 0.209547 0.506628 0.211797 0.516815 0.192188 0.524731 0.17332799999999998 0.54281 0.15825 0.554122 0.154469 0.573326 0.15673399999999998 0.59822 0.159 0.608384 0.163531 0.617424 0.172578 0.640047 0.192188 0.67623 0.188422 0.6977049999999999 0.178609 0.710141 0.19295299999999999 0.7191799999999999 0.21104699999999998 0.7056209999999999 0.229156 0.688665 0.238203 0.6716859999999999 0.226141 0.6558780000000001 0.209547 0.629859 0.195969 0.608384 0.24801600000000001 0.578993 0.264609 0.557518 0.270641 0.524731 0.275922 0.485152 0.26687500000000003 0.42861800000000005 0.253297 0.398103 0.251781 0.37775200000000003 0.251031 0.352881 0.254047 0.331382 0.24725000000000003 0.317822 0.217844 0.312178 0.20125 0.320094 0.196719 0.328009 0.19821899999999998 0.3574 0.20274999999999999 0.376604 0.20653100000000002 0.38452000000000003 0.217844 0.40487100000000004 0.216328 0.42974199999999996 0.21104699999999998 0.454614 0.187672 0.474965 0.16503099999999998 0.49306799999999995 0.143922 0.49306799999999995 0.134859 0.500984 0.14014100000000002 0.5134190000000001 0.151453 0.523583 0.168813 0.511148