20 0.431813 0.593991 0.447172 0.600579 0.488875 0.614507 0.5027809999999999 0.608638 0.512281 0.613036 0.5210619999999999 0.61011 0.542281 0.607903 0.555453 0.610845 0.585438 0.615227 0.6125160000000001 0.61011 0.6271410000000001 0.611565 0.654953 0.608638 0.663 0.604241 0.661531 0.588858 0.655672 0.564679 0.651281 0.5632079999999999 0.6315310000000001 0.535368 0.6132500000000001 0.525837 0.585438 0.5221750000000001 0.5591090000000001 0.528044 0.549594 0.524382 0.532031 0.526573 0.491062 0.525837 0.47424999999999995 0.514116 0.468391 0.5155869999999999 0.46399999999999997 0.522911 0.46253099999999997 0.5294989999999999 0.45521900000000004 0.533161 0.434734 0.5236460000000001 0.43985900000000006 0.544163 0.431813 0.561017 0.434 0.568341 0.42595299999999997 0.591049 0.431813 0.593991
7 0.042625 0.9623630000000001 0.964781 0.971346 0.958047 0.679218 0.8368909999999999 0.6589830000000001 0.724703 0.625274 0.760609 0.6118 0.693297 0.600563 0.6484219999999999 0.6118 0.484641 0.6275270000000001 0.433031 0.5893269999999999 0.397125 0.566854 0.307391 0.566854 0.242313 0.544382 0.05160940000000001 0.551127 0.042625 0.9623630000000001
42 0.9668910000000001 0.606088 0.9578749999999999 0.606088 0.942094 0.606088 0.865469 0.606088 0.833906 0.606088 0.8091250000000001 0.5993269999999999 0.802359 0.5993269999999999 0.795594 0.5993269999999999 0.755031 0.5993269999999999 0.74375 0.617387 0.730234 0.62867 0.960125 0.667042 0.9668910000000001 0.606088
12 0.292531 0.313818 0.304141 0.314664 0.304141 0.31133 0.29668700000000003 0.19511699999999998 0.283422 0.1918 0.261047 0.190141 0.265188 0.226667 0.285906 0.304695 0.292531 0.313818
12 0.126203 0.233552 0.12457800000000001 0.244429 0.12293799999999999 0.255305 0.137063 0.253678 0.247859 0.268357 0.24895299999999998 0.259108 0.257094 0.263459 0.256562 0.259108 0.256562 0.249327 0.126203 0.23300500000000002 0.126203 0.233552
12 0.0975625 0.289734 0.12071899999999999 0.293818 0.143875 0.166948 0.10164100000000001 0.15876400000000002 0.09075 0.278811 0.0975625 0.289734
12 0.06896870000000001 0.44184700000000005 0.0683906 0.539922 0.0771563 0.541972 0.0856406 0.540798 0.0897187 0.452676 0.0897187 0.43482000000000004 0.08475 0.43101700000000004 0.0721875 0.428967 0.06896870000000001 0.44184700000000005
12 0.26846899999999996 0.40605600000000003 0.256047 0.42913900000000005 0.287516 0.434022 0.295047 0.43935799999999997 0.294156 0.477966 0.304797 0.473975 0.300375 0.394961 0.280422 0.393631 0.26846899999999996 0.40605600000000003
12 0.0945469 0.5433330000000001 0.106734 0.5440999999999999 0.106734 0.41148700000000005 0.0968281 0.40768400000000005 0.06410940000000001 0.41987499999999994 0.0618281 0.42292599999999997 0.0709687 0.42367799999999994 0.0884687 0.432833 0.0877031 0.540282 0.0945469 0.5433330000000001
67 0.41682800000000003 0.48391199999999995 0.41682800000000003 0.475869 0.42084400000000005 0.46430399999999994 0.430891 0.454742 0.444937 0.44267599999999996 0.436406 0.435634 0.418328 0.421565 0.408297 0.40698 0.39473400000000003 0.409484 0.382188 0.41300499999999996 0.368625 0.42457 0.369141 0.435634 0.368125 0.43663500000000005 0.36360899999999996 0.444695 0.36360899999999996 0.454241 0.36109399999999997 0.459765 0.36059399999999997 0.470329 0.368625 0.478372 0.372641 0.48189400000000004 0.379672 0.484914 0.38971900000000004 0.485415 0.41582800000000003 0.48391199999999995 0.41682800000000003 0.48391199999999995
12 0.347062 0.202128 0.350156 0.202128 0.349719 0.317042 0.352375 0.321487 0.373203 0.32237899999999997 0.371859 0.280657 0.371859 0.196808 0.348828 0.199468 0.347062 0.202128
12 0.351906 0.205775 0.325984 0.204069 0.328109 0.321158 0.351062 0.317746 0.351906 0.205775
12 0.30428099999999997 0.289844 0.30310899999999996 0.315305 0.304875 0.315603 0.331766 0.32 0.333797 0.32 0.336438 0.314726 0.3265 0.21051599999999998 0.325906 0.191189 0.320937 0.187089 0.296969 0.184163 0.295219 0.184163 0.28003100000000003 0.187089 0.27973400000000004 0.189139 0.28645299999999996 0.191189 0.295219 0.191189 0.295219 0.196166 0.294344 0.23100199999999999 0.30428099999999997 0.289844
12 0.282625 0.272864 0.256266 0.189718 0.244547 0.188732 0.20939100000000002 0.200469 0.20939100000000002 0.21220699999999998 0.228922 0.221017 0.228922 0.254272 0.24942199999999998 0.261127 0.257234 0.27677599999999997 0.282625 0.272864
12 0.228484 0.228685 0.136672 0.21804400000000002 0.134125 0.232942 0.228484 0.24615 0.228484 0.228685
12 0.36446900000000004 0.44552400000000003 0.36206299999999997 0.38651 0.34162499999999996 0.37928 0.342828 0.38892 0.34403100000000003 0.385305 0.342828 0.447934 0.36446900000000004 0.44552400000000003
12 0.119063 0.296761 0.275656 0.31298899999999996 0.277828 0.275133 0.260547 0.270798 0.187094 0.261064 0.133094 0.257825 0.119063 0.296761