36 0.20607799999999998 0.46058299999999996 0.201016 0.46508299999999997 0.195953 0.48987499999999995 0.168922 0.570937 0.155406 0.613729 0.150344 0.652021 0.189188 0.667792 0.199328 0.6407710000000001 0.19424999999999998 0.5551879999999999 0.177359 0.5551879999999999 0.19424999999999998 0.516896 0.20945299999999997 0.467333 0.20607799999999998 0.46058299999999996
50 0.598313 0.822104 0.598313 0.729958 0.621906 0.801875 0.633703 0.799625 0.623594 0.7254579999999999 0.621906 0.649062 0.6117969999999999 0.563667 0.633703 0.50075 0.633703 0.444562 0.588203 0.338958 0.5730310000000001 0.320979 0.559547 0.289521 0.529219 0.311979 0.532578 0.379396 0.510672 0.419854 0.5140469999999999 0.518729 0.520781 0.5883959999999999 0.54775 0.676021 0.562922 0.792875 0.598313 0.822104
50 0.228391 0.38447899999999996 0.23650000000000002 0.39887500000000004 0.242563 0.415083 0.245938 0.428583 0.24796900000000002 0.443875 0.24796900000000002 0.455583 0.256062 0.464583 0.25943700000000003 0.473583 0.26687500000000003 0.47268699999999997 0.27834400000000004 0.47087500000000004 0.284422 0.455583 0.28375 0.432188 0.274297 0.406979 0.26484399999999997 0.383563 0.254047 0.363771 0.23446899999999998 0.35387500000000005 0.227047 0.36106299999999997 0.22096900000000003 0.377271 0.228391 0.38447899999999996
50 0.107859 0.566292 0.06909370000000001 0.523604 0.050562499999999996 0.496625 0.0370781 0.373042 0.025281199999999997 0.307875 0.0067343703125 0.298875 0 0.984271 0.0337031 0.984271 0.15337499999999998 0.986521 0.13820300000000002 0.626958 0.107859 0.566292
36 0.921078 0.372917 0.911281 0.382417 0.9095000000000001 0.39133300000000004 0.9103910000000001 0.401417 0.9135160000000001 0.40439600000000003 0.9228590000000001 0.404979 0.925531 0.36875 0.921078 0.372917
50 0.7877810000000001 0.463521 0.795141 0.40883299999999995 0.808281 0.389896 0.810922 0.38147899999999996 0.804078 0.35412499999999997 0.809344 0.338687 0.806188 0.330271 0.7993439999999999 0.323958 0.785141 0.321167 0.783047 0.319063 0.7804059999999999 0.309938 0.775156 0.307125 0.771469 0.30922900000000003 0.766203 0.318354 0.764109 0.323958 0.7588440000000001 0.326771 0.749375 0.326771 0.734656 0.31975 0.717812 0.326771 0.7225469999999999 0.331688 0.751484 0.34079200000000004 0.751484 0.352021 0.750953 0.37937499999999996 0.752 0.389188 0.754641 0.390583 0.759375 0.39410399999999995 0.763578 0.407417 0.766734 0.42075 0.767781 0.464937 0.7877810000000001 0.463521
50 0.966234 0.374333 0.966234 0.360646 0.955953 0.346354 0.947391 0.336083 0.943547 0.324104 0.943109 0.316104 0.938828 0.306979 0.929406 0.303542 0.920422 0.328083 0.918703 0.342938 0.9105779999999999 0.358917 0.907141 0.374917 0.925563 0.378333 0.920844 0.406875 0.919562 0.430854 0.946969 0.41943800000000003 0.958094 0.382333 0.966234 0.374333
50 0.9097190000000002 0.443417 0.9109999999999999 0.454833 0.915281 0.476542 0.917 0.489083 0.916141 0.495375 0.9392660000000002 0.493083 0.9375645204144494 0.43996397531229964 0.937547 0.439417 0.9185031472309587 0.44215436564166183 0.9097190000000002 0.443417
50 0.670641 0.452188 0.671188 0.441208 0.674484 0.417083 0.668453 0.390042 0.658031 0.335208 0.651453 0.326437 0.644328 0.324979 0.638297 0.325708 0.632266 0.329354 0.630609 0.335938 0.630062 0.34325 0.628969 0.344708 0.628422 0.352021 0.631156 0.359333 0.631703 0.364458 0.637188 0.366646 0.640484 0.393688 0.641578 0.395167 0.648703 0.39589599999999997 0.655844 0.39589599999999997 0.660219 0.411979 0.658031 0.421479 0.655281 0.422208 0.648156 0.421479 0.638844 0.4105 0.633906 0.402458 0.630062 0.403937 0.632266 0.420021 0.639391 0.433896 0.639938 0.444146 0.638844 0.451458 0.638297 0.466083 0.635 0.488729 0.679422 0.488729 0.676125 0.466812 0.670641 0.452188
50 0.638844 0.570583 0.639391 0.58375 0.639391 0.595437 0.636641 0.599833 0.639391 0.607146 0.653094 0.608604 0.655844 0.605667 0.652 0.571313 0.660219 0.569125 0.661312 0.544271 0.675578 0.565458 0.679969 0.561813 0.689281 0.570583 0.693672 0.585938 0.694219 0.601292 0.70025 0.599104 0.702438 0.5939789999999999 0.704094 0.584479 0.705734 0.570583 0.705734 0.566187 0.699703 0.553771 0.695859 0.542063 0.689828 0.521604 0.684344 0.502583 0.684344 0.501854 0.633906 0.517208 0.638844 0.570583
50 0.850719 0.418271 0.855984 0.417563 0.857047 0.427417 0.8633749999999999 0.426708 0.8649530000000001 0.433729 0.8649530000000001 0.441458 0.867062 0.440771 0.8749689999999999 0.440062 0.872859 0.412646 0.868641 0.376104 0.8723279999999999 0.369771 0.8718129999999998 0.344479 0.8617969999999999 0.3339170000000001 0.8628440000000002 0.321271 0.857047 0.312833 0.845969 0.314958 0.8433439999999999 0.335333 0.832797 0.343771 0.827 0.378917 0.827 0.404917 0.834375 0.410542 0.838063 0.446396 0.848609 0.444979 0.850719 0.418271
50 0.46143799999999996 0.356708 0.456297 0.356708 0.457031 0.343979 0.44896900000000006 0.345938 0.44970299999999996 0.355729 0.443094 0.37235399999999996 0.441625 0.395833 0.44896900000000006 0.397792 0.44676600000000005 0.404625 0.46143799999999996 0.400708 0.466578 0.38016700000000003 0.46143799999999996 0.356708
50 0.705875 0.475125 0.705875 0.462417 0.705875 0.458 0.715828 0.449708 0.719969 0.435354 0.719547 0.428167 0.715828 0.422083 0.709609 0.414917 0.713344 0.391708 0.715828 0.370146 0.714578 0.359104 0.711266 0.348604 0.710438 0.337562 0.708359 0.3265 0.705469 0.322083 0.698422 0.317667 0.687234 0.324292 0.689719 0.338667 0.685578 0.340875 0.686813 0.34475 0.689297 0.350812 0.690547 0.3552290000000001 0.690547 0.359104 0.688063 0.365187 0.681844 0.378438 0.679781 0.391146 0.676453 0.400542 0.673562 0.403313 0.677703 0.409375 0.682672 0.409938 0.686813 0.41325 0.692203 0.420979 0.698828 0.418229 0.701734 0.452479 0.695516 0.465729 0.681438 0.457458 0.675625 0.457458 0.674391 0.463521 0.675625 0.480646 0.676453 0.487833 0.69925 0.487833 0.705875 0.481208 0.705875 0.475125
50 0.690125 0.497771 0.690125 0.521542 0.690547 0.534792 0.693859 0.540313 0.697172 0.5475 0.697172 0.555792 0.700078 0.560208 0.702562 0.561875 0.703812 0.566292 0.704641 0.58175 0.704641 0.597229 0.710438 0.580104 0.712516 0.572375 0.712922 0.540313 0.711672 0.522083 0.708781 0.504958 0.704641 0.496667 0.690125 0.495563 0.690125 0.497771
50 0.184734 0.492854 0.179187 0.5027079999999999 0.16625 0.529813 0.16625 0.5790620000000001 0.171797 0.596313 0.182875 0.5987709999999999 0.195813 0.6061669999999999 0.195813 0.630792 0.195813 0.667729 0.193969 0.709604 0.193969 0.751479 0.182875 0.8105829999999999 0.169953 0.822917 0.155172 0.842604 0.160719 0.862313 0.212438 0.852458 0.214281 0.842604 0.217984 0.817979 0.227219 0.7539370000000001 0.242 0.692354 0.254922 0.749021 0.280781 0.790896 0.26785899999999996 0.815521 0.26785899999999996 0.8376870000000001 0.295563 0.835229 0.31589100000000003 0.822917 0.31589100000000003 0.795813 0.314047 0.771188 0.30110899999999996 0.726854 0.28264100000000003 0.692354 0.284484 0.616 0.277094 0.5667500000000001 0.271547 0.478083 0.247531 0.455917 0.247531 0.44112500000000004 0.245688 0.406646 0.23460899999999998 0.386937 0.212438 0.374625 0.195813 0.379562 0.186578 0.391875 0.184734 0.41158300000000003 0.184734 0.443604 0.20320299999999997 0.455917 0.184734 0.492854
36 0.242188 0.411708 0.239828 0.435354 0.24337499999999998 0.44325 0.255203 0.408542 0.269391 0.410125 0.262297 0.400667 0.242188 0.411708
36 0.268203 0.498437 0.276484 0.578854 0.290672 0.586729 0.297766 0.552042 0.283578 0.495271 0.280031 0.492125 0.284766 0.4385 0.27175 0.427479 0.280031 0.466896 0.268203 0.498437
36 0.712547 0.45854200000000006 0.714281 0.451583 0.716469 0.441687 0.716031 0.431229 0.713844 0.420187 0.710359 0.413208 0.702078 0.40972899999999995 0.702078 0.412625 0.697281 0.419021 0.695547 0.419604 0.689438 0.419021 0.685078 0.411479 0.682031 0.405083 0.675063 0.414375 0.675484 0.42425 0.674188 0.430063 0.670266 0.441104 0.670266 0.452729 0.696844 0.466687 0.700766 0.460292 0.702953 0.455646 0.705125 0.448667 0.705125 0.452729 0.704266 0.461458 0.702953 0.4725 0.703391 0.480625 0.704703 0.480625 0.711234 0.480063 0.710797 0.470167 0.712547 0.45854200000000006
65 0.415266 0.599875 0.40743799999999997 0.62 0.398484 0.647604 0.432047 0.688625 0.439891 0.7050420000000001 0.446594 0.715479 0.45331299999999997 0.718479 0.455547 0.716979 0.449953 0.711021 0.481844 0.7140000000000001 0.484641 0.719208 0.489109 0.721458 0.49303100000000005 0.721458 0.49579700000000004 0.717521 0.49495300000000003 0.710729 0.490719 0.703937 0.506828 0.6655 0.45934400000000003 0.6044579999999999 0.416094 0.599938 0.415266 0.599875
50 0.331172 0.6779170000000001 0.327266 0.651958 0.344813 0.6623330000000001 0.354547 0.6623330000000001 0.36428099999999997 0.690917 0.362344 0.737667 0.360391 0.761042 0.375969 0.758437 0.377922 0.6961040000000001 0.374031 0.620771 0.372078 0.589604 0.389609 0.5766249999999999 0.387656 0.477917 0.377922 0.43635399999999996 0.3565 0.41039600000000004 0.34090600000000004 0.392208 0.335062 0.36104200000000003 0.327266 0.355854 0.313641 0.36104200000000003 0.3 0.389604 0.317531 0.415583 0.3 0.431167 0.28246899999999997 0.464937 0.288313 0.5065000000000001 0.294156 0.532458 0.301953 0.568833 0.292203 0.6129789999999999 0.290266 0.6363540000000001 0.294156 0.649354 0.301953 0.667542 0.301953 0.672729 0.301953 0.7065 0.301953 0.716875 0.3 0.7324579999999999 0.313641 0.748042 0.319484 0.742854 0.331172 0.6779170000000001
50 0.869781 0.339479 0.871281 0.345458 0.872781 0.349854 0.871875 0.357021 0.873375 0.366187 0.8868280000000001 0.365792 0.882938 0.353833 0.8895160000000001 0.351833 0.8955 0.35225 0.8999840000000001 0.35025 0.900281 0.344667 0.897 0.342271 0.884141 0.344667 0.886531 0.338687 0.886234 0.334708 0.874875 0.323542 0.880547 0.32193700000000003 0.881156 0.312375 0.8838440000000001 0.308375 0.879359 0.30041700000000005 0.870391 0.30081199999999997 0.8664999999999999 0.308792 0.863813 0.314375 0.865297 0.31635399999999997 0.8617190000000001 0.321146 0.8611090000000001 0.324729 0.8611090000000001 0.33629200000000004 0.869781 0.339479
50 0.522469 0.4265 0.5245 0.399396 0.542797 0.38675 0.537375 0.384042 0.536016 0.379083 0.533641 0.371854 0.531953 0.364625 0.528906 0.356042 0.525859 0.354229 0.524844 0.350167 0.526531 0.338875 0.527891 0.3339170000000001 0.529922 0.326229 0.534328 0.313583 0.541438 0.310875 0.540766 0.304104 0.539062 0.299125 0.535344 0.297333 0.526531 0.295521 0.520437 0.30229200000000006 0.517391 0.314042 0.517391 0.322167 0.519422 0.332562 0.523828 0.338417 0.520437 0.345646 0.516031 0.351521 0.515016 0.376812 0.512312 0.407979 0.510266 0.442312 0.507562 0.459917 0.509594 0.467146 0.515016 0.465354 0.516031 0.460375 0.521797 0.46579199999999993 0.518734 0.448625 0.522469 0.4265
50 0.521734 0.530333 0.520625 0.542229 0.520062 0.5712500000000001 0.506109 0.583896 0.506109 0.587625 0.516156 0.587625 0.528984 0.5853750000000001 0.528984 0.561583 0.526766 0.538521 0.528984 0.522896 0.526203 0.502792 0.526766 0.516937 0.521734 0.530333
76 0.8912340000000001 0.267646 0.8914839999999999 0.290375 0.9153439999999999 0.28810399999999997 0.9146089999999999 0.265042 0.8902659999999999 0.26537499999999997 0.8912340000000001 0.267646
76 0.88925 0.29162499999999997 0.886344 0.269125 0.8640779999999999 0.27095800000000003 0.8632500000000001 0.272062 0.864359 0.29272899999999996 0.88925 0.29162499999999997
76 0.22471899999999997 0.27283300000000005 0.163734 0.27881300000000003 0.166531 0.329521 0.17325 0.339979 0.226391 0.330271 0.22471899999999997 0.27283300000000005