18 0.638824 0.182288 0.607222 0.18679700000000002 0.627533 0.204853 0.634314 0.213889 0.654624 0.281601 0.661405 0.292892 0.665915 0.30418300000000004 0.683971 0.295147 0.713317 0.292892 0.711062 0.30418300000000004 0.717827 0.306438 0.724608 0.292892 0.729118 0.315458 0.742663 0.299657 0.744918 0.283856 0.744918 0.261291 0.7404080000000001 0.24548999999999999 0.722353 0.238709 0.713317 0.220654 0.711062 0.204853 0.6681699999999999 0.182288 0.638824 0.182288
18 0.9567479999999999 0.194281 0.93518 0.207026 0.925376 0.21585000000000001 0.9136110000000001 0.220752 0.9077290000000001 0.226634 0.904788 0.23643799999999998 0.902827 0.24624200000000002 0.908709 0.261928 0.9136110000000001 0.27171599999999996 0.9136110000000001 0.292304 0.928317 0.302108 0.9400820000000001 0.30112700000000003 0.945964 0.287402 1 0.28838199999999997 0.9985620000000001 0.19232 0.978317 0.19232 0.9567479999999999 0.194281
18 0.734592 0.23415 0.749657 0.250474 0.739624 0.290637 0.768497 0.28436300000000003 0.789837 0.29942799999999997 0.811176 0.300686 0.817451 0.27934600000000004 0.832516 0.25423199999999996 0.78732 0.236667 0.774771 0.217827 0.748399 0.210294 0.71451 0.216569 0.734592 0.23415
50 0.314477 0.195964 0.308007 0.214069 0.315131 0.24835 0.322239 0.277451 0.327418 0.311095 0.33258200000000004 0.305261 0.333235 0.292337 0.331291 0.271634 0.33452600000000005 0.259984 0.333873 0.285866 0.337761 0.280686 0.342288 0.243824 0.348105 0.206961 0.346176 0.197255 0.338415 0.185605 0.33905199999999996 0.17397100000000001 0.328709 0.170735 0.31900300000000004 0.177843 0.323529 0.18949300000000002 0.314477 0.195964
16 0.762778 0.194657 0.749314 0.194657 0.739052 0.196716 0.737892 0.202271 0.740229 0.213693 0.746078 0.213399 0.77067 0.216324 0.791454 0.235065 0.802288 0.23828399999999997 0.807271 0.22890499999999997 0.818971 0.208709 0.833905 0.182075 0.816634 0.186765 0.762778 0.194657
16 0.810196 0.242386 0.813121 0.24531 0.817222 0.249118 0.822778 0.254673 0.824248 0.269902 0.825425 0.279853 0.835964 0.281601 0.8584970000000001 0.281601 0.877239 0.279853 0.893627 0.278676 0.901242 0.23915 0.907092 0.159248 0.8538070000000001 0.159248 0.851765 0.158366 0.845621 0.167729 0.840637 0.182369 0.815752 0.23887300000000003 0.810196 0.242386
50 0.286961 0.254248 0.289967 0.26176499999999997 0.288954 0.270801 0.288954 0.280327 0.3 0.27933 0.30099699999999996 0.268301 0.30300699999999997 0.260768 0.30300699999999997 0.256748 0.304003 0.24973900000000002 0.299493 0.24421600000000002 0.299493 0.242712 0.29397100000000004 0.23969000000000001 0.289967 0.24169900000000002 0.290458 0.24671600000000002 0.286961 0.254248
50 0.779232 0.22616 0.779575 0.229951 0.782337 0.236503 0.789575 0.23754899999999998 0.796487 0.234788 0.7961440000000001 0.231324 0.789575 0.22684600000000002 0.790964 0.223742 0.790964 0.219248 0.7871729999999999 0.21614399999999998 0.783023 0.21787600000000001 0.783023 0.223742 0.779232 0.22616
73 0.36743499999999996 0.0644935 0.403056 0.061078400326797386 0.401536 0.015980400326797383 0.366667 0.020898699346405227 0.36743499999999996 0.0644935
73 0.42547399999999996 0.05955880065359478 0.42609500000000006 0.044738599673202616 0.440605 0.033627500000000005 0.44091500000000006 0.022205900326797385 0.426716 0.019738599673202614 0.415294 0.023741800653594772 0.419624 0.06233659967320262 0.42547399999999996 0.05955880065359478
16 0.975866 0.193252 0.9956210000000001 0.19384 0.998529 0.188611 0.997369 0.153154 0.9601629999999999 0.152565 0.9642319999999999 0.194412 0.975866 0.193252
16 0.9107680000000001 0.19268 0.907859 0.215343 0.9096079999999999 0.217663 0.93518 0.21359500000000003 0.9392479999999999 0.208366 0.9444770000000001 0.203137 0.9438890000000001 0.201977 0.9444770000000001 0.181634 0.9444770000000001 0.172337 0.9404080000000001 0.160131 0.908448 0.163611 0.9107680000000001 0.19268
31 0.607794 0.9844120000000001 0.610392 0.942859 0.628578 0.9272710000000001 0.664935 0.9090849999999999 0.670131 0.883121 0.672729 0.831176 0.664935 0.781814 0.649346 0.758448 0.641552 0.714281 0.646748 0.664935 0.659739 0.607794 0.670131 0.561046 0.685686 0.496029 0.716144 0.503513 0.7484310000000001 0.5153760000000001 0.78701 0.5272709999999999 0.8233820000000001 0.529869 0.857141 0.5064869999999999 0.872729 0.475327 0.870131 0.44674800000000003 0.857141 0.402598 0.836356 0.37402 0.81299 0.358448 0.768824 0.353252 0.7428589999999999 0.35065399999999997 0.7168789999999999 0.327271 0.677925 0.30129100000000003 0.662337 0.275327 0.649346 0.24674799999999997 0.628578 0.20519600000000002 0.607794 0.176618 0.566242 0.181814 0.542859 0.168824 0.535065 0.142859 0.519477 0.088317 0.51817 0.07643790032679738 0.455229 0.07882349999999999 0.45469000000000004 0.100948 0.45284300000000005 0.127141 0.446536 0.157958 0.43635599999999997 0.171422 0.402598 0.18441200000000002 0.36882400000000004 0.202598 0.348056 0.21558799999999997 0.342859 0.24674799999999997 0.337663 0.262337 0.332467 0.306487 0.314281 0.340261 0.30388899999999996 0.35585 0.267533 0.379216 0.22598 0.376618 0.2 0.39740200000000003 0.202598 0.43895399999999996 0.20519600000000002 0.46753300000000003 0.21299 0.49351300000000003 0.220784 0.5064869999999999 0.23375800000000002 0.524673 0.270131 0.529869 0.298709 0.529869 0.306487 0.5272709999999999 0.330866 0.507304 0.34027799999999997 0.528088 0.351961 0.590261 0.358448 0.6337579999999999 0.361046 0.672729 0.366242 0.701291 0.371422 0.7402610000000001 0.363644 0.763644 0.358448 0.768824 0.340261 0.789608 0.340261 0.810392 0.340261 0.8545419999999999 0.340261 0.885719 0.348056 0.9064869999999999 0.361046 0.916879 0.389608 0.9272710000000001 0.407794 0.9272710000000001 0.42078400000000005 0.948056 0.42598 0.9610460000000001 0.42598 0.97402 0.42598 0.9844120000000001 0.607794 0.9844120000000001