13 0.813911 0.400938 0.8022950000000001 0.413859 0.757119 0.47156200000000004 0.753232 0.48879700000000004 0.828126 0.48879700000000004 0.8823420000000001 0.499125 0.8900939999999999 0.5008440000000001 0.90171 0.456062 0.8720140000000001 0.42074999999999996 0.868126 0.41298399999999996 0.884918 0.38887499999999997 0.881054 0.377672 0.8797659999999999 0.37078099999999997 0.831991 0.36560899999999996 0.819087 0.373375 0.812623 0.382844 0.817799 0.377672 0.813911 0.400938
50 0.295738 0.473094 0.349508 0.455156 0.453677 0.45292199999999994 0.5645899999999999 0.45067199999999996 0.7191799999999999 0.468609 0.752763 0.48879700000000004 0.796464 0.42824999999999996 0.823349 0.376688 0.809906 0.28475 0.779649 0.25560900000000003 0.682201 0.22645300000000002 0.699016 0.204031 0.699016 0.109859 0.641874 0.040359400000000004 0.584754 0.0224219 0.477213 0.031390600000000005 0.453677 0.0582969 0.413349 0.159187 0.430164 0.24664100000000003 0.349508 0.248875 0.30918 0.30268700000000004 0.28229499999999996 0.417047 0.295738 0.46189099999999994 0.295738 0.473094
50 0.35594800000000004 0.248547 0.42356 0.238875 0.418735 0.216328 0.416323 0.15670299999999998 0.42838400000000004 0.105156 0.38732999999999995 0.11481300000000001 0.382506 0.129312 0.37042200000000003 0.135766 0.32936800000000005 0.150266 0.312482 0.171203 0.295574 0.23404699999999998 0.314895 0.295266 0.35594800000000004 0.248547
50 0.04042150117096019 0.0471875 0.02021080093676815 0.0696563 0.013466 0.09214059999999999 0.02358310070257611 0.116859 0.013466 0.152812 0.016838400468384074 0.298875 0.016838400468384074 0.337078 0.02358310070257611 0.411234 0.151569 0.420219 0.249251 0.406734 0.289672 0.364047 0.2863 0.337078 0.245878 0.323594 0.165035 0.314609 0.141452 0.271906 0.138103 0.238203 0.121265 0.20224999999999999 0.138103 0.155062 0.154941 0.150562 0.151569 0.137078 0.168407 0.116859 0.165035 0.103375 0.154941 0.0809062 0.13473100000000002 0.0516875 0.08756440046838408 0.0494375 0.04042150117096019 0.0471875
50 0.774988 0.192531 0.7861589999999999 0.152141 0.778173 0.127688 0.755878 0.127688 0.730398 0.139391 0.730398 0.156391 0.755878 0.187219 0.774988 0.192531
79 0.801991 0.723656 0.841827 0.707719 0.840211 0.6885779999999999 0.8035829999999999 0.663078 0.829063 0.6407499999999999 0.883232 0.620547 0.8911939999999999 0.5833440000000001 0.894403 0.531266 0.903958 0.5121249999999999 0.827471 0.489797 0.7350589999999999 0.495125 0.7000230000000001 0.580156 0.712763 0.620547 0.7733019999999999 0.629063 0.766932 0.65775 0.7223189999999999 0.663078 0.7048009999999999 0.687516 0.707986 0.699219 0.77171 0.719406 0.801991 0.723656
79 0.257494 0.5626089999999999 0.28259999999999996 0.554922 0.29726 0.54375 0.308759 0.527688 0.292037 0.450203 0.281569 0.442516 0.25540999999999997 0.434141 0.209368 0.43343699999999996 0.161218 0.442516 0.146581 0.45089100000000004 0.139251 0.48092199999999996 0.13400499999999999 0.522109 0.136112 0.5353749999999999 0.147611 0.548641 0.17376999999999998 0.561203 0.19156900000000002 0.567484 0.208314 0.5709839999999999 0.212506 0.575875 0.215644 0.594719 0.218782 0.6037969999999999 0.18737700000000002 0.605891 0.171686 0.615672 0.16541 0.622641 0.16541 0.634516 0.171686 0.6394059999999999 0.19156900000000002 0.6484840000000001 0.242834 0.645687 0.26168600000000003 0.644297 0.27843100000000004 0.6331249999999999 0.28993 0.624734 0.28993 0.617766 0.279461 0.610078 0.25540999999999997 0.603094 0.23447300000000001 0.598203 0.237611 0.598203 0.236557 0.5709839999999999 0.257494 0.5626089999999999
32 0.881077 0.929047 0.9114519999999999 0.935812 0.9688289999999999 0.775906 0.9958549999999999 0.7691410000000001 0.9992270000000001 0.685813 0.9620839999999999 0.679047 0.935082 0.721844 0.9451989999999999 0.773656 0.8911939999999999 0.8727499999999999 0.881077 0.929047
41 0.858876 0.937078 0.885831 0.928094 0.899297 0.676406 0.855504 0.714609 0.8285710000000001 0.907859 0.858876 0.937078
41 0.14641700000000002 0.548922 0.135246 0.527609 0.100117 0.570234 0.08414519906323185 0.594734 0.08414519906323185 0.597922 0.130468 0.576625 0.14641700000000002 0.548922
51 0.35702599999999995 0.579781 0.552389 0.5955 0.697213 0.5932660000000001 0.734262 0.543813 0.740984 0.46965599999999996 0.6500469999999999 0.449437 0.518689 0.453937 0.404169 0.453937 0.299766 0.460672 0.289672 0.543813 0.35702599999999995 0.575281 0.35702599999999995 0.579781
50 0.13815 0.163297 0.119532 0.203063 0.13815 0.23204699999999998 0.166698 0.31570299999999996 0.24491800000000002 0.32564099999999996 0.25112399999999996 0.29664100000000004 0.2263 0.259375 0.249883 0.25109400000000004 0.297049 0.259375 0.29829 0.218797 0.222576 0.218797 0.21634699999999998 0.195609 0.153044 0.15667199999999998 0.13815 0.163297
22 0.0483841 0.429063 0.0185948 0.42595299999999997 0.00601874 0.422234 0.00088993 0.41974999999999996 0.00229508 0.428125 0.0181265 0.430609 0 0.477219 0.00229508 0.513875 0.0162763 0.508281 0.0162763 0.49740599999999996 0.0237237 0.475969 0.04606559999999999 0.431234 0.0898361 0.4331090000000001 0.0912178 0.430609 0.0483841 0.429063
27 1 0.49253099999999994 0.924145 0.495125 0.885316 0.456266 0.885316 0.381125 0.8542620000000001 0.360406 0.838712 0.375953 0.768829 0.47957799999999995 0.687283 0.451078 0.326159 0.46143799999999996 0.279578 0.44071899999999997 0.139789 0.443313 0.139789 0.48734400000000005 0.07377050117096019 0.489938 0.003887590163934426 0.5702499999999999 0 0.987344 1 0.9847659999999999 1 0.9821719999999999 1 0.49253099999999994