25 0.338766 0.437833 0.340453 0.4985 0.338766 0.547937 0.340453 0.597375 0.348875 0.615354 0.35562499999999997 0.615354 0.347187 0.565917 0.35225 0.556937 0.358984 0.608604 0.372469 0.608604 0.364047 0.563667 0.364047 0.547937 0.37078099999999997 0.518729 0.39270299999999997 0.525458 0.433141 0.5389579999999999 0.46854699999999994 0.543438 0.476969 0.6400830000000001 0.485391 0.642312 0.4955 0.642312 0.48876600000000003 0.624354 0.492141 0.624354 0.503937 0.617604 0.500563 0.610854 0.49045300000000003 0.595125 0.4955 0.563667 0.49887499999999996 0.543438 0.530906 0.5344580000000001 0.5511250000000001 0.485021 0.5696559999999999 0.489521 0.576406 0.487271 0.581453 0.471542 0.576406 0.45131299999999996 0.578094 0.40187500000000004 0.576406 0.41310399999999997 0.556187 0.40412499999999996 0.5443749999999999 0.388396 0.5443749999999999 0.39737500000000003 0.546063 0.422104 0.542703 0.424354 0.519094 0.426583 0.5140469999999999 0.419854 0.49045300000000003 0.408604 0.456734 0.419854 0.384266 0.40187500000000004 0.353938 0.406375 0.338766 0.437833
22 0.58475 0.46422899999999995 0.583016 0.47347900000000004 0.575203 0.480417 0.5671090000000001 0.488417 0.565562 0.5005000000000001 0.563469 0.537 0.5650310000000001 0.540875 0.566703 0.541708 0.568469 0.528958 0.573266 0.497438 0.575547 0.497729 0.5729529999999999 0.525896 0.578875 0.5261669999999999 0.5820000000000001 0.49425 0.595844 0.492875 0.597203 0.512229 0.598203 0.548 0.601969 0.5483750000000001 0.604641 0.547625 0.607828 0.495458 0.610531 0.514396 0.617297 0.527021 0.619313 0.477417 0.6112029999999999 0.469313 0.609844 0.45127100000000003 0.573328 0.44045799999999996 0.58475 0.46422899999999995
22 0.793094 0.5370830000000001 0.801109 0.521708 0.806125 0.519042 0.8131410000000001 0.517042 0.8131410000000001 0.507 0.817156 0.492312 0.8196559999999999 0.485625 0.825672 0.478271 0.825672 0.46825 0.824672 0.458896 0.826172 0.446187 0.8216559999999999 0.434833 0.8121409999999999 0.436167 0.801609 0.4375 0.7900940000000001 0.4375 0.786078 0.457562 0.785078 0.47760400000000003 0.783578 0.5671459999999999 0.793094 0.5370830000000001
22 0.8669840000000001 0.498021 0.8705780000000001 0.513875 0.871297 0.516271 0.874906 0.530208 0.882828 0.532604 0.884625 0.525396 0.8889530000000001 0.523958 0.893266 0.525875 0.893984 0.531646 0.8965159999999999 0.535958 0.901906 0.531646 0.904797 0.525396 0.905875 0.523958 0.9177500000000001 0.520604 0.9227969999999999 0.516271 0.914156 0.50475 0.914875 0.48314599999999996 0.918109 0.457687 0.913078 0.444729 0.908391 0.43993699999999997 0.884266 0.433208 0.870937 0.437042 0.864812 0.441854 0.8651719999999999 0.45625 0.866625 0.499958 0.8669840000000001 0.498021
22 0.898109 0.632854 0.900047 0.589063 0.9058439999999999 0.565875 0.9328749999999999 0.594208 0.936266 0.650875 0.939641 0.652813 0.9478440000000001 0.650875 0.955578 0.584562 0.971031 0.5813330000000001 0.972484 0.6437919999999999 0.976828 0.645729 0.9763439999999999 0.5678129999999999 0.9792339999999999 0.5536460000000001 0.984062 0.545271 0.9908279999999999 0.5381870000000001 0.9927659999999999 0.52725 0.994688 0.519521 0.999531 0.5150210000000001 0.989859 0.515667 0.9647500000000001 0.523375 0.9435 0.537542 0.9372339999999999 0.5381870000000001 0.917422 0.538833 0.9087339999999999 0.532396 0.903422 0.533687 0.9043910000000001 0.539479 0.901969 0.5472079999999999 0.8957029999999999 0.568458 0.893281 0.5858329999999999 0.8927970000000001 0.589063 0.893281 0.632854 0.898109 0.632854
22 0.693766 0.518396 0.692797 0.5442079999999999 0.686984 0.5790620000000001 0.692312 0.577125 0.699563 0.5442079999999999 0.704891 0.546146 0.704406 0.550667 0.703922 0.558396 0.696672 0.5932499999999999 0.695219 0.598417 0.700531 0.598417 0.717969 0.5538959999999999 0.742156 0.5519580000000001 0.748453 0.560333 0.747969 0.6010000000000001 0.753297 0.598417 0.757172 0.5519580000000001 0.757172 0.548729 0.754266 0.546792 0.751844 0.5371039999999999 0.750391 0.521625 0.744578 0.517104 0.734906 0.517104 0.724734 0.51775 0.718938 0.515167 0.704891 0.495813 0.707797 0.493875 0.706344 0.49064599999999997 0.687953 0.477729 0.693766 0.518396
22 0.738641 0.423167 0.742687 0.424792 0.747328 0.430708 0.748344 0.429646 0.7546090000000001 0.414 0.7564219999999999 0.406187 0.754 0.399458 0.7475310000000001 0.399188 0.739047 0.404312 0.733594 0.421292 0.738641 0.423167
22 0.796969 0.6274580000000001 0.796563 0.630188 0.7990160000000001 0.6329170000000001 0.8035159999999999 0.625271 0.8133589999999999 0.5782919999999999 0.819094 0.589208 0.809672 0.656979 0.815406 0.659146 0.8285159999999999 0.5957709999999999 0.858437 0.5995830000000001 0.872781 0.6006870000000001 0.87525 0.66625 0.8797499999999999 0.669542 0.885891 0.567896 0.89 0.554229 0.896969 0.556979 0.896547 0.548229 0.8912190000000001 0.539479 0.8690939999999999 0.528 0.8547499999999999 0.526917 0.837531 0.528563 0.8215619999999999 0.5323749999999999 0.808031 0.5547920000000001 0.796141 0.626375 0.796969 0.6274580000000001
27 0.570916772676958 0.41630703558844495 0.569891 0.422396 0.574828 0.431167 0.590734 0.434083 0.6021354334446753 0.434083 0.614859 0.434083 0.617594 0.442854 0.617594 0.473562 0.615953 0.488188 0.6165 0.52475 0.620344 0.52475 0.61925 0.505729 0.624734 0.499896 0.624734 0.513042 0.625828 0.515229 0.628562 0.455292 0.628016 0.422396 0.612109 0.418 0.5815763078930105 0.4174437502799951 0.5714101759188889 0.4163596512703292 0.571 0.415813 0.570916772676958 0.41630703558844495
27 0.51725 0.431167 0.526578 0.42677099999999996 0.541391 0.424583 0.545766 0.413625 0.500812 0.411417 0.502453 0.412896 0.516156 0.431167 0.51725 0.431167
50 0.0427344 0.464313 0.0427344 0.446542 0.0427344 0.435583 0.0365781 0.42056299999999996 0.0314531 0.40687500000000004 0.0088906296875 0.400042 0 0.40825 0.0017031296875000001 0.714521 0.0017031296875000001 0.7405 0.0017031296875000001 0.7582920000000001 0.0017031296875000001 0.789729 0.0037656296875 0.814354 0.00684375 0.843063 0.015046899999999998 0.8676670000000001 0.0109375 0.869042 0.0088906296875 0.890917 0.0109375 0.893646 0.018125 0.89775 0.0263281 0.903229 0.0335 0.903229 0.0345312 0.903229 0.0417031 0.892292 0.04375 0.869042 0.04375 0.814354 0.0427344 0.74325 0.0478594 0.744604 0.0478594 0.76375 0.0478594 0.781521 0.0478594 0.804771 0.050937500000000004 0.836229 0.050937500000000004 0.873146 0.050937500000000004 0.890917 0.050937500000000004 0.908687 0.0581094 0.9251039999999999 0.0622188 0.926458 0.06837499999999999 0.919625 0.0919531 0.888188 0.08887500000000001 0.8717710000000001 0.0857969 0.735042 0.08682809999999999 0.674875 0.08375 0.639333 0.0919531 0.625646 0.09503120000000001 0.6065 0.0960625 0.5750620000000001 0.08682809999999999 0.536771 0.0775937 0.493021 0.038625 0.476604 0.0427344 0.464313
50 0.384734 0.275688 0.384094 0.263604 0.381156 0.25995799999999997 0.37651599999999996 0.257146 0.378406 0.24254199999999998 0.377359 0.238042 0.370203 0.236625 0.36556299999999997 0.23775000000000002 0.36345299999999997 0.245062 0.36345299999999997 0.247312 0.36324999999999996 0.256021 0.3605 0.268104 0.361766 0.293104 0.367875 0.29983299999999996 0.368938 0.303208 0.368719 0.306854 0.383672 0.307417 0.383047 0.306292 0.384313 0.284958 0.384734 0.275688
50 0.817422 0.537625 0.825922 0.530875 0.837031 0.526833 0.849562 0.5255 0.8614840000000001 0.527104 0.8703749999999999 0.528458 0.8705779999999999 0.524958 0.8705779999999999 0.516604 0.868563 0.506354 0.8667339999999999 0.495312 0.862906 0.481833 0.856234 0.477 0.8507659999999999 0.474833 0.847734 0.47133300000000006 0.8509689999999999 0.468646 0.853 0.465396 0.854609 0.459208 0.854813 0.45570800000000006 0.854813 0.451125 0.854609 0.446813 0.855219 0.439813 0.853203 0.437104 0.849562 0.433333 0.844313 0.430917 0.835219 0.432 0.831578 0.438188 0.8263130000000001 0.446542 0.826516 0.458125 0.826125 0.463521 0.826922 0.467833 0.829953 0.469708 0.8313749999999999 0.475375 0.8305620000000001 0.477521 0.826719 0.479687 0.821875 0.482375 0.815609 0.490187 0.8135939999999999 0.498812 0.8137969999999999 0.516875 0.8055 0.517146 0.802875 0.517938 0.798438 0.521979 0.795609 0.523604 0.79075 0.524417 0.788531 0.528458 0.787922 0.535729 0.790344 0.5438120000000001 0.793781 0.547042 0.793781 0.544625 0.793781 0.542458 0.797828 0.541125 0.799438 0.538167 0.8016720000000002 0.536813 0.8032809999999999 0.540854 0.8063119999999999 0.543542 0.809344 0.544625 0.8135939999999999 0.541937 0.817422 0.537625
50 0.834062 0.64025 0.842625 0.643583 0.849047 0.641687 0.849047 0.637646 0.843875 0.6355 0.8431560000000001 0.631687 0.844953 0.630042 0.8458439999999999 0.627417 0.845125 0.622896 0.8445940000000001 0.618854 0.8442339999999999 0.611958 0.8429839999999998 0.605063 0.842094 0.598646 0.8399529999999998 0.598396 0.8351409999999999 0.597208 0.8276410000000001 0.593167 0.821406 0.633125 0.824437 0.636688 0.8283590000000001 0.638354 0.834062 0.64025
50 0.192141 0.817979 0.193812 0.7955 0.1955 0.784271 0.208984 0.7685420000000001 0.1955 0.6651670000000001 0.188766 0.629208 0.198875 0.5685420000000001 0.200563 0.523604 0.22078099999999998 0.512354 0.20224999999999999 0.456188 0.192141 0.426958 0.166859 0.413479 0.160109 0.40225000000000005 0.15337499999999998 0.3955 0.13989100000000002 0.341583 0.1045 0.343813 0.0876406 0.370792 0.11629700000000001 0.420229 0.114609 0.435958 0.0910156 0.462917 0.0910156 0.516854 0.0876406 0.539333 0.10112499999999999 0.5775210000000001 0.11965600000000001 0.564042 0.117984 0.626958 0.144937 0.730333 0.160109 0.7977500000000001 0.134828 0.80225 0.13989100000000002 0.8157289999999999 0.13989100000000002 0.813479 0.176969 0.838208 0.192141 0.817979
36 0.23246899999999998 0.323583 0.24510900000000002 0.325146 0.248625 0.316521 0.243047 0.305562 0.23775 0.2985 0.236875 0.280875 0.236 0.280875 0.235109 0.28204199999999996 0.232172 0.311812 0.23246899999999998 0.323583
26 0.575406 0.329042 0.575234 0.328333 0.570047 0.328333 0.567016 0.32975 0.567734 0.343312 0.568984 0.344271 0.574156 0.344271 0.574688 0.331188 0.575406 0.329042
26 0.606359 0.32787499999999997 0.605719 0.333833 0.605078 0.336396 0.604437 0.341083 0.606047 0.34789600000000004 0.612109 0.347042 0.613391 0.344479 0.614016 0.33683300000000005 0.61275 0.330438 0.614344 0.32831299999999997 0.610516 0.32787499999999997 0.606359 0.328729 0.606359 0.32787499999999997
50 0.29265599999999997 0.376104 0.296047 0.379333 0.300891 0.386438 0.30331199999999997 0.3845 0.302344 0.37416699999999997 0.302344 0.368375 0.304766 0.358687 0.307672 0.325771 0.310094 0.334167 0.31104699999999996 0.33739600000000003 0.314438 0.33739600000000003 0.314438 0.330292 0.31395300000000004 0.327063 0.31395300000000004 0.32125 0.3125 0.313521 0.310094 0.30124999999999996 0.304766 0.289646 0.302828 0.282542 0.302828 0.27866700000000005 0.301375 0.271562 0.299437 0.268333 0.295078 0.268333 0.290719 0.274792 0.290719 0.280604 0.289766 0.28577100000000005 0.283953 0.289 0.282984 0.295438 0.282984 0.303833 0.280078 0.310937 0.280078 0.318042 0.28250000000000003 0.333521 0.28685900000000003 0.340625 0.288313 0.345146 0.288313 0.368375 0.29265599999999997 0.376104
50 0.205687 0.276833 0.20757799999999998 0.27458299999999997 0.21053099999999997 0.271229 0.211172 0.267854 0.209063 0.265042 0.205687 0.262521 0.20357799999999998 0.259708 0.20357799999999998 0.256333 0.19789099999999998 0.256062 0.195578 0.260542 0.194938 0.265333 0.192 0.267563 0.191781 0.270104 0.192844 0.274875 0.189672 0.276833 0.18840600000000002 0.282187 0.185891 0.2965 0.186734 0.313083 0.19031199999999998 0.316729 0.192844 0.322354 0.193266 0.336396 0.185672 0.352958 0.18504700000000002 0.35606299999999996 0.18440600000000001 0.358292 0.182094 0.362229 0.183781 0.370667 0.18756299999999998 0.372917 0.18925 0.36925 0.188828 0.363083 0.192844 0.364479 0.193047 0.360833 0.195781 0.349583 0.199156 0.340604 0.201266 0.331062 0.201688 0.323188 0.204219 0.324312 0.205906 0.327396 0.206953 0.345938 0.206953 0.359708 0.205484 0.36868799999999996 0.20842200000000002 0.371229 0.215594 0.3715 0.21812499999999999 0.368979 0.217484 0.36533299999999996 0.215594 0.364208 0.21284399999999998 0.36166699999999996 0.212438 0.327125 0.213906 0.320104 0.214953 0.313917 0.21453099999999997 0.306063 0.21368700000000002 0.29510400000000003 0.212641 0.288646 0.21053099999999997 0.282729 0.205063 0.27739600000000003 0.205687 0.276833
50 0.775234 0.599167 0.774 0.5925619999999999 0.768422 0.586771 0.765313 0.580979 0.769031 0.582646 0.769656 0.582646 0.773375 0.585938 0.783906 0.586771 0.782672 0.577688 0.774 0.569417 0.774609 0.555375 0.778953 0.544625 0.777719 0.532229 0.772141 0.523958 0.773375 0.511563 0.770281 0.506604 0.765313 0.503313 0.745484 0.501646 0.729984 0.503313 0.738672 0.490917 0.748578 0.471896 0.742391 0.460333 0.745484 0.453729 0.748578 0.433063 0.745484 0.424792 0.733703 0.419021 0.725031 0.428104 0.722547 0.4405 0.721938 0.444625 0.725031 0.456208 0.71325 0.464458 0.707062 0.481 0.713875 0.464458 0.703344 0.492563 0.718219 0.514042 0.741141 0.516521 0.749828 0.516521 0.749203 0.519 0.756016 0.544625 0.755406 0.599167 0.769031 0.601646 0.775234 0.599167
50 0.901891 0.533417 0.909516 0.535375 0.913922 0.537729 0.920359 0.5385000000000001 0.930328 0.5385000000000001 0.9470469999999999 0.534208 0.957891 0.529521 0.984281 0.515833 0.993078 0.514271 0.9933590000000001 0.511146 0.993078 0.501771 0.990734 0.490042 0.988672 0.481833 0.984578 0.476354 0.981047 0.474 0.983109 0.468917 0.9875 0.456813 0.987203 0.4489790000000001 0.9851560000000001 0.443521 0.9775310000000001 0.438042 0.9725470000000002 0.434125 0.9705 0.429437 0.966094 0.427875 0.965812 0.432188 0.9605309999999999 0.439208 0.9558440000000001 0.453688 0.952609 0.463458 0.952609 0.468542 0.9535 0.474 0.9482190000000001 0.474396 0.941766 0.475958 0.935312 0.482208 0.9312190000000001 0.485729 0.9300469999999998 0.493563 0.9315 0.497854 0.932672 0.501771 0.9236869999999999 0.511313 0.917406 0.519687 0.913062 0.525479 0.905813 0.528062 0.899047 0.531271 0.894219 0.544792 0.8989689999999999 0.551021 0.8980780000000002 0.556479 0.895453 0.556875 0.890172 0.553354 0.8875309999999998 0.556875 0.885766 0.565083 0.8837611115527035 0.5962506382974848 0.882547 0.615125 0.886656 0.61825 0.8892810000000001 0.6170829999999999 0.8922190000000001 0.612771 0.8916410000000001 0.606125 0.891047 0.598708 0.8916395925447759 0.5939394924482665 0.920385405002954 0.5855069322616038 0.9209530000000001 0.586187 0.923891 0.590104 0.9274059999999998 0.595979 0.9367810000000001 0.592833 0.942937 0.588146 0.9479219999999999 0.578375 0.9483387216870277 0.5773068500514301 0.976656 0.5690000000000001 0.9789999999999999 0.57525 0.982812 0.573292 0.983687 0.567042 0.9834060000000001 0.555708 0.982812 0.548667 0.983687 0.544375 0.9819379999999999 0.5475 0.978703 0.555708 0.9772339999999999 0.564312 0.9550468356491331 0.5540842733188784 0.956141 0.545938 0.950859 0.542021 0.937375 0.545938 0.908641 0.542417 0.909516 0.543979 0.906875 0.548667 0.906875 0.551396 0.904828 0.558042 0.905125 0.561563 0.903359 0.543979 0.9027809999999998 0.5385000000000001 0.901891 0.533417
50 0.321563 0.261646 0.322203 0.256125 0.322203 0.24887499999999999 0.319 0.245042 0.313578 0.245896 0.31325 0.250583 0.313578 0.25568799999999997 0.311344 0.259104 0.305906 0.262083 0.303359 0.269313 0.303672 0.277833 0.306234 0.288042 0.30975 0.29868700000000004 0.31421899999999997 0.33275 0.311984 0.33870799999999995 0.3155 0.356604 0.322203 0.356604 0.323156 0.345104 0.326984 0.343833 0.325391 0.32637499999999997 0.324109 0.31785399999999997 0.323797 0.299542 0.32475 0.28337500000000004 0.328578 0.286354 0.328266 0.278688 0.326031 0.268458 0.32060900000000003 0.262083 0.321563 0.261646
50 0.684547 0.357938 0.672609 0.352792 0.671203 0.350917 0.6740160000000001 0.341083 0.673312 0.331729 0.668406 0.326125 0.658578 0.325646 0.653656 0.333604 0.654016 0.343896 0.655844 0.350729 0.644094 0.353333 0.636266 0.36052100000000004 0.6235470000000001 0.382042 0.630891 0.404875 0.6367659999999999 0.402917 0.642625 0.379437 0.640672 0.38727100000000003 0.639687 0.408792 0.63725 0.43162500000000004 0.640188 0.46295800000000004 0.638719 0.481229 0.638719 0.494917 0.6347970000000001 0.506021 0.639203 0.515146 0.6475310000000001 0.519729 0.650453 0.494917 0.649969 0.469479 0.655844 0.459688 0.654375 0.49166699999999997 0.652906 0.531458 0.6587810000000001 0.5399379999999999 0.667594 0.54125 0.6734530000000001 0.513854 0.675906 0.485792 0.679828 0.447937 0.680312 0.412062 0.690594 0.401625 0.693531 0.391188 0.688141 0.367688 0.684547 0.357938
50 0.42046900000000004 0.30574999999999997 0.42568700000000004 0.30764600000000003 0.436984 0.30764600000000003 0.43429700000000004 0.293292 0.42801600000000006 0.276542 0.418859 0.273187 0.416172 0.269604 0.415266 0.26147899999999996 0.41185900000000003 0.25643699999999997 0.40557800000000005 0.25643699999999997 0.402531 0.259563 0.403062 0.266729 0.40646899999999997 0.27797900000000003 0.405938 0.280854 0.40378100000000006 0.28420799999999996 0.402344 0.289 0.404141 0.295938 0.402344 0.301187 0.403062 0.304062 0.41634399999999994 0.304312 0.42046900000000004 0.30574999999999997
44 0 0.384 0.0050625 0.38527100000000003 0.0172031 0.386542 0.0232812 0.385479 0.027750000000000004 0.379083 0.030468699999999998 0.354792 0.0362188 0.354375 0.038140600000000004 0.353521 0.0341406 0.347333 0.0327031 0.340104 0.0319063 0.33285400000000004 0.0322344 0.327313 0.0322344 0.323688 0.028546899999999997 0.318792 0.0232812 0.319854 0.020874999999999998 0.321562 0.011921900000000001 0.323688 0.0020156296875 0.326021 0 0.328792 0 0.344562 0 0.384
26 0.641281 0.339125 0.640922 0.345625 0.640922 0.34587500000000004 0.641969 0.349125 0.6425 0.352146 0.6454690000000001 0.35262499999999997 0.6470309999999999 0.352396 0.648609 0.346104 0.648609 0.340979 0.648609 0.33399999999999996 0.649484 0.333771 0.648953 0.331208 0.642844 0.331208 0.641969 0.333062 0.643375 0.336083 0.641281 0.339125
50 0.280453 0.39575 0.27567200000000003 0.39575 0.267937 0.392792 0.26057800000000003 0.38593700000000003 0.256531 0.38297899999999996 0.25357799999999997 0.38593700000000003 0.255797 0.390833 0.26057800000000003 0.39477100000000004 0.26720299999999997 0.400646 0.280453 0.405062 0.280453 0.409 0.27714099999999997 0.409479 0.270891 0.413417 0.27125 0.425688 0.272719 0.437458 0.280094 0.438937 0.285609 0.439917 0.285609 0.44385399999999997 0.283406 0.449729 0.288922 0.455625 0.288922 0.453167 0.288562 0.444833 0.2985 0.447292 0.301812 0.444833 0.305484 0.441396 0.310281 0.44433300000000003 0.31468799999999997 0.442375 0.314328 0.432062 0.31395300000000004 0.417333 0.305859 0.40704199999999996 0.305859 0.405562 0.30439099999999997 0.39575 0.299594 0.39231299999999997 0.30032800000000004 0.386917 0.299594 0.378083 0.294078 0.37266699999999997 0.287078 0.374146 0.283406 0.38004200000000005 0.281922 0.387396 0.279719 0.392792 0.281188 0.39575 0.280453 0.39575
36 0.218312 0.327125 0.22275 0.326146 0.22275 0.30745799999999995 0.215375 0.3055 0.210953 0.286812 0.21168700000000001 0.312375 0.210953 0.315333 0.210219 0.31337499999999996 0.210953 0.328104 0.218312 0.327125