52 0.06389059999999999 0.299625 0.0627969 0.280585 0.06334379999999999 0.259883 0.0622344 0.25904 0.0539531 0.24829 0.0423437 0.223443 0.037921899999999995 0.23171 0.025218800000000003 0.218454 0.0401406 0.24330200000000002 0.0301875 0.24082 0.010296900000000001 0.254075 0.015265599999999999 0.254075 0.0329531 0.255738 0.0429062 0.255738 0.0395781 0.26815 0.037921899999999995 0.291358 0.0451094 0.270632 0.0539531 0.26815 0.060031299999999996 0.28803300000000004 0.06389059999999999 0.299625
53 0.124719 0.818689 0.253953 0.836721 0.253953 0.841218 0.262969 0.841218 0.262969 0.784918 0.174313 0.769133 0.169797 0.762389 0.171313 0.744379 0.259969 0.638525 0.339609 0.58897 0.338109 0.266885 0.247938 0.260141 0.108187 0.273653 0.124719 0.818689
14 0.559797 0.5362760000000001 0.5841719999999999 0.535691 0.5898909999999999 0.532857 0.59675 0.518571 0.5788439999999999 0.519133 0.552562 0.521429 0.539234 0.5180089999999999 0.53275 0.514567 0.537328 0.528852 0.546469 0.537424 0.539984 0.524848 0.545328 0.534567 0.559797 0.5362760000000001
1 0.556047 0.48726 0.555328 0.49189700000000003 0.555797 0.496534 0.558188 0.49904 0.562 0.500281 0.5686720000000001 0.500656 0.5757030000000001 0.50082 0.577125 0.500468 0.577844 0.49761099999999997 0.5773590000000001 0.48850099999999996 0.5762970000000001 0.484403 0.573203 0.483138 0.568438 0.481007 0.560813 0.48028099999999996 0.556047 0.48726
1 0.549328 0.516581 0.5502659999999999 0.512857 0.550437 0.5101870000000001 0.54975 0.508759 0.546844 0.508525 0.544031 0.508899 0.541891 0.510047 0.540781 0.512108 0.540531 0.515035 0.540266 0.5179860000000001 0.540438 0.5193909999999999 0.5424059999999999 0.520281 0.543781 0.5211939999999999 0.546172 0.521311 0.546844 0.5214519999999999 0.548297 0.518501 0.549328 0.516581
47 0.575109 0.51452 0.575812 0.520211 0.578625 0.521475 0.586641 0.521686 0.592688 0.518946 0.594094 0.510726 0.590578 0.501874 0.5895940000000001 0.499555 0.587906 0.497658 0.5855159999999999 0.496815 0.5820000000000001 0.49913300000000005 0.581438 0.49913300000000005 0.580031 0.501241 0.580031 0.500398 0.578203 0.5100939999999999 0.575109 0.51452
43 0.5111559999999999 0.306089 0.5111559999999999 0.37220099999999995 0.6159220000000001 0.37384100000000003 0.617016 0.304426 0.516125 0.304426 0.5111559999999999 0.306089
48 0.507547 0.527424 0.5174369999999999 0.518384 0.524766 0.5158079999999999 0.528203 0.513864 0.535531 0.510656 0.531656 0.50356 0.531656 0.500328 0.535531 0.49709600000000004 0.535953 0.49257599999999996 0.5406869999999999 0.493232 0.547578 0.49 0.554906 0.48934399999999995 0.560063 0.482904 0.574703 0.482248 0.577297 0.495152 0.587625 0.49709600000000004 0.594938 0.51 0.609156 0.506768 0.611734 0.482904 0.541984 0.47838400000000003 0.49764099999999994 0.47709599999999996 0.49979699999999994 0.537752 0.507547 0.527424
70 0.506672 0.466815 0.510656 0.434473 0.502703 0.41829 0.450437 0.41529299999999997 0.449016 0.466393 0.506672 0.466815
62 0.404516 0.409696 0.40582799999999997 0.40857099999999996 0.406391 0.39452 0.40282799999999996 0.388056 0.397391 0.38889900000000005 0.397766 0.404637 0.401891 0.409133 0.40339099999999994 0.423466 0.404891 0.422904 0.404516 0.409696
14 0.6823750000000001 0.510445 0.6885 0.5158079999999999 0.681391 0.526019 0.6860310000000001 0.527752 0.691047 0.518361 0.700422 0.517518 0.702141 0.525597 0.706109 0.523466 0.701844 0.51623 0.710938 0.498782 0.695031 0.495363 0.677422 0.497073 0.6823750000000001 0.510445
47 0.556141 0.515831 0.554437 0.519415 0.554203 0.521124 0.565922 0.522834 0.571609 0.522155 0.571391 0.517705 0.567969 0.511405 0.565578 0.509696 0.562516 0.510726 0.558297 0.512248 0.556141 0.515831
22 0.0045156296875 0.487611 0.013531199999999998 0.640773 0.0180312 0.640773 0.0210313 0.681311 0.028546899999999997 0.676792 0.0255469 0.6430210000000001 0.030046899999999998 0.634005 0.0360625 0.6430210000000001 0.0420781 0.640773 0.0405781 0.604731 0.0390625 0.480867 0.0075156203125000005 0.483115 0.0045156296875 0.487611
58 0.340578 0.47391099999999997 0.337891 0.48852500000000004 0.357047 0.48904 0.373531 0.479461 0.34125 0.47543300000000005 0.340578 0.47391099999999997
78 0.41565599999999997 0.464005 0.414156 0.42356 0.402359 0.424684 0.40254700000000004 0.46372399999999997 0.41565599999999997 0.464005
78 0.44170299999999996 0.464122 0.44215600000000005 0.41836100000000004 0.424812 0.418009 0.425047 0.46515199999999995 0.44170299999999996 0.464122
27 0.505266 0.553091 0.502484 0.597822 0.508734 0.5999059999999999 0.509422 0.58534 0.5399689999999999 0.597822 0.541359 0.603044 0.548297 0.603044 0.5503750000000001 0.596792 0.5503750000000001 0.601991 0.678094 0.610304 0.678797 0.586393 0.6836409999999999 0.568712 0.696844 0.590539 0.701688 0.574941 0.7072499999999999 0.568712 0.711406 0.555176 0.720437 0.580141 0.730156 0.581194 0.7322339999999999 0.538525 0.753062 0.534379 0.752703 0.5254800000000001 0.728437 0.5201410000000001 0.716672 0.515855 0.717375 0.47843100000000005 0.687766 0.47681500000000004 0.684547 0.481101 0.684547 0.497143 0.679203 0.497681 0.6763440000000001 0.497143 0.6763440000000001 0.493396 0.671344 0.493934 0.667781 0.49606599999999995 0.669562 0.49875899999999995 0.664562 0.5008900000000001 0.663859 0.508899 0.610328 0.507845 0.598203 0.508899 0.593922 0.509977 0.591781 0.5008900000000001 0.5882189999999999 0.497681 0.580359 0.49606599999999995 0.578219 0.48644 0.573219 0.48323200000000005 0.565375 0.48323200000000005 0.556813 0.487518 0.5560940000000001 0.49126499999999995 0.5550309999999999 0.493934 0.551813 0.493934 0.547531 0.48964899999999995 0.545391 0.493396 0.5443279999999999 0.497681 0.54075 0.501967 0.539328 0.496604 0.533625 0.497143 0.532547 0.5030209999999999 0.532906 0.505691 0.534687 0.509977 0.5314840000000001 0.5148010000000001 0.518984 0.5180089999999999 0.507922 0.529227 0.502484 0.53644 0.5010939999999999 0.547892 0.505266 0.553091
27 0.0543125 0.5176810000000001 0.0543125 0.50808 0.0498281 0.496581 0.040859400000000004 0.49369999999999997 0.0357344 0.49850099999999997 0.0382969 0.5272830000000001 0.0549531 0.523443 0.0543125 0.5176810000000001
47 0.565109 0.49829 0.568281 0.49917999999999996 0.572641 0.49978900000000004 0.576016 0.49978900000000004 0.577391 0.494731 0.573828 0.484333 0.568281 0.484028 0.5655 0.48641700000000004 0.563516 0.48939099999999996 0.563125 0.4974 0.565109 0.49829
22 0.048468699999999997 0.741546 0.0511406 0.6868150000000001 0.0742969 0.693489 0.0742969 0.717518 0.0814219 0.728197 0.0725156 0.547939 0.0511406 0.547939 0.043125000000000004 0.553302 0.0475781 0.569321 0.037781300000000004 0.736206 0.048468699999999997 0.741546