41 0.409516 0.797635 0.40343799999999996 0.789227 0.38753099999999996 0.785012 0.38378100000000004 0.784309 0.37723399999999996 0.787822 0.367406 0.801148 0.367875 0.812365 0.3735 0.826393 0.37256300000000003 0.826393 0.386594 0.829906 0.39220299999999997 0.828501 0.393609 0.8397190000000001 0.388937 0.849532 0.335125 0.9210769999999999 0.337 0.934403 0.34167200000000003 0.941405 0.350094 0.940703 0.367875 0.927377 0.38239100000000004 0.910562 0.402031 0.87548 0.41045299999999996 0.867073 0.417016 0.8656670000000001 0.423562 0.8537469999999999 0.4245 0.8586649999999999 0.43292200000000003 0.8537469999999999 0.446484 0.828501 0.450703 0.810258 0.44868800000000003 0.800609 0.480781 0.752506 0.48696900000000004 0.741241 0.505344 0.714356 0.513531 0.69445 0.511328 0.6874939999999999 0.5002500000000001 0.671897 0.495172 0.668595 0.48409399999999997 0.677869 0.475906 0.683841 0.452891 0.714684 0.432531 0.752857 0.42278099999999996 0.777728 0.418359 0.796956 0.409516 0.797635
41 0.7718130000000001 0.600211 0.7265780000000001 0.562553 0.715688 0.5575410000000001 0.702297 0.558782 0.658734 0.514848 0.641156 0.49601900000000004 0.630266 0.506066 0.6445000000000001 0.543724 0.668781 0.5499999999999999 0.698109 0.581382 0.708156 0.6014750000000001 0.7123440000000001 0.615269 0.7332810000000001 0.626581 0.767625 0.641639 0.7810159999999999 0.651686 0.784375 0.659227 0.798609 0.6629740000000001 0.803641 0.656698 0.805312 0.651686 0.800281 0.627822 0.7718130000000001 0.600211
17 0.0254844 0.507494 0.0299844 0.649063 0.0284844 0.752436 0.0659687 0.8153630000000001 0.202406 0.8580559999999999 0.35682800000000003 0.810867 0.42129700000000003 0.7029979999999999 0.409312 0.658056 0.410813 0.525457 0.380828 0.43557399999999996 0.30135900000000004 0.408618 0.161922 0.40637 0.056968700000000004 0.462553 0.0269844 0.507494 0.0254844 0.507494
79 0.444547 0.46421500000000004 0.45193700000000003 0.450913 0.45564099999999996 0.434309 0.44676600000000005 0.42655699999999996 0.427547 0.422108 0.418687 0.412155 0.41720300000000005 0.30911 0.44749999999999995 0.253724 0.450469 0.196136 0.44749999999999995 0.151803 0.43789100000000003 0.130773 0.408328 0.12302099999999999 0.382469 0.12302099999999999 0.365469 0.13852499999999998 0.359547 0.231569 0.372859 0.269251 0.40315599999999996 0.31466000000000005 0.406109 0.40993 0.39946899999999996 0.421007 0.374328 0.43098400000000003 0.369156 0.448712 0.380984 0.449813 0.395766 0.470867 0.434203 0.470867 0.444547 0.46421500000000004
79 0.22606199999999999 0.22646400000000003 0.246469 0.252342 0.26217199999999996 0.37941500000000006 0.25745300000000004 0.395878 0.281 0.391171 0.27943799999999996 0.33704900000000004 0.263734 0.280585 0.25275 0.195878 0.27785899999999997 0.179415 0.313969 0.146464 0.310828 0.139415 0.29512499999999997 0.07353629976580796 0.246469 0.06412180093676816 0.216641 0.08529270023419204 0.219781 0.113536 0.219781 0.205293 0.22606199999999999 0.22646400000000003
79 0.135516 0.25060899999999997 0.136828 0.377564 0.150063 0.367635 0.146094 0.21887600000000001 0.177859 0.197049 0.173891 0.06018740046838407 0.139484 0.04035129976580796 0.0918281 0.05620610070257612 0.0733125 0.08002340046838408 0.07728120000000001 0.09391100000000001 0.0918281 0.226815 0.135516 0.25060899999999997
79 0.143297 0.24182700000000001 0.15373399999999998 0.340585 0.16899999999999998 0.35623 0.187484 0.370679 0.196328 0.400796 0.199531 0.398384 0.19873400000000002 0.389953 0.203563 0.36466000000000004 0.22123400000000001 0.350211 0.23650000000000002 0.33093700000000004 0.245328 0.302037 0.24373399999999998 0.269532 0.23971900000000002 0.240632 0.230063 0.218946 0.20757799999999998 0.205714 0.17865599999999998 0.205714 0.151328 0.226183 0.143297 0.24182700000000001
79 0.280047 0.307049 0.30781200000000003 0.323396 0.312766 0.400656 0.31673399999999996 0.412553 0.323672 0.412553 0.323672 0.324871 0.351437 0.289204 0.365313 0.240187 0.356391 0.180749 0.354406 0.171827 0.313766 0.15993 0.293938 0.164403 0.255266 0.201546 0.261219 0.274356 0.280047 0.307049
79 0.177906 0.07911010070257611 0.177906 0.127635 0.181766 0.158829 0.18562499999999998 0.18192 0.197953 0.205035 0.217219 0.216581 0.22107800000000002 0.199251 0.21876600000000002 0.08718970023419204 0.24573399999999998 0.06524589929742389 0.26037499999999997 0.0687118992974239 0.26037499999999997 0.04676810070257611 0.249594 0.03868850117096019 0.22646899999999998 0.035222498829039814 0.20181300000000002 0.03983610070257611 0.18407800000000002 0.05023419906323185 0.181766 0.05601870023419204 0.180219 0.06063229976580796 0.17868699999999998 0.07217799999999999 0.177906 0.07911010070257611
79 0.000578125 0.174333 0.00003125 0.30213100000000004 0.0077343703125 0.31201399999999996 0.0088281296875 0.307892 0.0143281 0.295527 0.0225781 0.28316199999999997 0.046234399999999995 0.27904 0.0732031 0.280703 0.0775937 0.275738 0.07925 0.225457 0.07925 0.21142899999999998 0.0759531 0.194941 0.0704375 0.181756 0.0671406 0.17184999999999997 0.053937500000000006 0.164426 0.0368906 0.163607 0.0044375 0.166909 0 0.17184999999999997 0.000578125 0.174333
79 0.0912188 0.22459000000000004 0.0834844 0.141756 0.0818281 0.170749 0.079625 0.192272 0.0801719 0.200562 0.0812812 0.22541 0.0857031 0.24281 0.092875 0.270141 0.102281 0.285878 0.11829700000000001 0.3024359999999999 0.121063 0.315691 0.116094 0.315691 0.109453 0.316511 0.10393699999999999 0.32480100000000006 0.101172 0.334731 0.101172 0.344684 0.10393699999999999 0.355457 0.114984 0.362084 0.137641 0.3612409999999999 0.135984 0.323981 0.133219 0.320656 0.129359 0.308244 0.135984 0.28918 0.134328 0.25274 0.126031 0.244473 0.0912188 0.22459000000000004
79 0.46321899999999994 0.136745 0.45824999999999994 0.12267 0.42785899999999993 0.116042 0.392484 0.11356 0.370938 0.1326 0.384203 0.121827 0.434484 0.130117 0.44775 0.147518 0.449953 0.240281 0.46875 0.182295 0.46321899999999994 0.136745
79 0.465984 0.405105 0.431172 0.381897 0.423984 0.301569 0.41514100000000004 0.313981 0.418469 0.418337 0.42509399999999997 0.41918 0.4389060000000001 0.41918 0.465984 0.405105
26 0.009 0.498876 0.0284844 0.5033719999999999 0.0314844 0.49437899999999996 0.0434844 0.478642 0.0719687 0.44943799999999995 0.0989531 0.435948 0.0914531 0.395504 0.0854531 0.314614 0.0734687 0.278642 0.0509687 0.285386 0.022484399999999998 0.285386 0.006 0.301124 0.010499999999999999 0.408993 0.013500000000000002 0.49437899999999996 0.009 0.498876
26 0.794859 0.546393 0.804125 0.500328 0.8597340000000001 0.47840699999999997 0.8694839999999999 0.422108 0.8616720000000001 0.40747099999999997 0.845578 0.39651099999999995 0.8129060000000001 0.390656 0.784609 0.394333 0.767047 0.406019 0.769 0.471077 0.778266 0.533958 0.794859 0.546393
27 1 0.229204 0.931063 0.184262 0.890578 0.17526899999999998 0.884578 0.15281 0.871094 0.09887589929742388 0.833609 0.08313819906323185 0.7766409999999999 0.07864170023419204 0.707672 0.08763470023419204 0.659687 0.116862 0.649203 0.112365 0.53825 0.10337199999999999 0.440797 0.10337199999999999 0.346344 0.121358 0.272875 0.116862 0.137937 0.141569 0.061468800000000004 0.18201399999999998 0.003 0.24044500000000002 0.0045 0.984262 1 0.9887589999999999 1 0.229204
41 0.511062 0.862623 0.533281 0.8812649999999999 0.565266 0.8719439999999999 0.598141 0.833326 0.626578 0.784028 0.639016 0.742763 0.626578 0.728103 0.596359 0.746745 0.562594 0.768056 0.495078 0.830656 0.495078 0.8466279999999999 0.500406 0.855948 0.511062 0.862623
41 0.44531200000000004 0.866604 0.441766 0.8799299999999999 0.416875 0.897237 0.389344 0.909227 0.374234 0.9212179999999999 0.357344 0.933185 0.338687 0.942529 0.337797 0.969157 0.349359 0.989133 0.371563 0.9771429999999999 0.41332800000000003 0.950515 0.441766 0.923864 0.449766 0.9212179999999999 0.459531 0.922553 0.459531 0.907892 0.455094 0.875925 0.447094 0.870609 0.44531200000000004 0.866604