16 0.0016718796875 0.416333 0 0.590812 0.0805312 0.602 0.0939531 0.608708 0.115766 0.613187 0.10570299999999999 0.599771 0.151 0.613187 0.19967200000000002 0.6221460000000001 0.22482799999999997 0.610958 0.24160900000000002 0.608708 0.318797 0.588583 0.327188 0.5796250000000001 0.318797 0.425271 0.303687 0.416333 0.265094 0.40960399999999997 0.24832800000000002 0.40960399999999997 0.226516 0.40960399999999997 0.21812499999999999 0.40960399999999997 0.194625 0.40960399999999997 0.19295299999999999 0.40960399999999997 0.177859 0.411854 0.13423400000000002 0.416333 0.00503125 0.41856299999999996 0.0016718796875 0.416333
50 0.503703 0.598854 0.497234 0.590229 0.488234 0.587229 0.48150000000000004 0.5864790000000001 0.468281 0.5921040000000001 0.463781 0.606729 0.46518800000000005 0.619104 0.46940600000000005 0.638229 0.470812 0.638229 0.471656 0.6386040000000001 0.475031 0.634854 0.481219 0.622854 0.489078 0.614229 0.493578 0.610479 0.507641 0.606729 0.503703 0.598854
16 0.767547 0.492146 0.747188 0.498708 0.747188 0.508062 0.766156 0.508062 0.780891 0.514625 0.786516 0.509938 0.8504060000000001 0.504312 0.851812 0.438792 0.846891 0.44066700000000003 0.762641 0.439729 0.767547 0.492146
50 0.540609 0.657229 0.530922 0.6404580000000001 0.505281 0.610771 0.49801599999999996 0.611417 0.486406 0.6140000000000001 0.478172 0.621083 0.472844 0.632062 0.470906 0.641104 0.46896899999999997 0.6662710000000001 0.540609 0.657229
22 0.862922 1 0.8780939999999999 0.9954999999999999 0.7955 0.813479 0.719656 0.6943750000000001 0.657297 0.669667 0.507297 0.651687 0.353938 0.671917 0.3 0.719104 0.24775 0.8314579999999999 0.170219 0.979771 0.151688 1 0.166859 1 0.862922 1
22 0.956687 0.931063 0.964406 0.92075 0.972828 0.820771 0.978453 0.775833 0.979156 0.725292 0.970031 0.679417 0.948266 0.646646 0.925797 0.6475829999999999 0.9222810000000001 0.647396 0.9236869999999999 0.709188 0.925797 0.861771 0.937031 0.932937 0.956687 0.931063
22 0.8913910000000002 0.6895210000000002 0.8689219999999999 0.763479 0.8450469999999999 0.8290209999999999 0.838016 0.861771 0.857687 0.870208 0.8682190000000001 0.893604 0.8913910000000002 0.894542 0.8977030000000001 0.849604 0.895594 0.691396 0.8913910000000002 0.6895210000000002
22 0.606172 0.664 0.6105940000000001 0.6598539999999999 0.617687 0.654542 0.6420779999999999 0.6468539999999999 0.621687 0.612562 0.592859 0.6172920000000001 0.587109 0.629708 0.580891 0.6415209999999999 0.575125 0.658083 0.606172 0.664
22 0.555844 0.653375 0.575859 0.592417 0.592438 0.588604 0.592438 0.576396 0.584438 0.574875 0.581578 0.571063 0.559281 0.571833 0.539281 0.6381460000000001 0.541563 0.651854 0.556422 0.656437 0.555844 0.653375
22 0.7595 0.599938 0.752734 0.549604 0.745469 0.5437919999999999 0.73725 0.5425 0.738687 0.544438 0.742078 0.6044579999999999 0.7595 0.599938
50 0.6115470000000001 0.613458 0.622687 0.619833 0.630344 0.625771 0.637984 0.643188 0.643078 0.6329999999999999 0.643078 0.623646 0.6414839999999999 0.616 0.640531 0.6092080000000001 0.636703 0.5951869999999999 0.631938 0.585417 0.6277969999999999 0.583292 0.618234 0.581604 0.597203 0.583708 0.5898749999999999 0.591354 0.585734 0.614313 0.587641 0.621521 0.599109 0.6147290000000001 0.612812 0.614313 0.6115470000000001 0.613458
16 0.615625 0.443542 0.602328 0.441229 0.60175 0.424271 0.49078099999999997 0.4235 0.497594 0.5571459999999999 0.615437 0.5592919999999999 0.615625 0.443542
22 0.814453 0.615104 0.807734 0.621083 0.8066090000000001 0.6322709999999999 0.7993439999999999 0.647917 0.789266 0.691187 0.766891 0.77175 0.7954220000000001 0.812771 0.809969 0.838875 0.8396250000000001 0.844854 0.863109 0.7627919999999999 0.872625 0.734458 0.868703 0.664333 0.848578 0.616604 0.8133279999999999 0.6188330000000001 0.814453 0.615104
22 0.563766 0.660396 0.568016 0.654729 0.580766 0.629792 0.5841719999999999 0.613917 0.590109 0.592375 0.5769059999999999 0.590396 0.551859 0.657 0.563766 0.660396
22 0.9415469999999999 0.6159370000000001 0.919734 0.6159370000000001 0.9230940000000001 0.646521 0.9499380000000001 0.6495 0.965609 0.670396 0.974562 0.6733750000000001 0.957219 0.621167 0.9415469999999999 0.6159370000000001
22 0.646609 0.593688 0.639828 0.611771 0.644922 0.6445620000000001 0.65425 0.6683129999999999 0.662719 0.6683129999999999 0.663578 0.657 0.663578 0.6411669999999999 0.663578 0.615167 0.666125 0.574458 0.677141 0.537146 0.668656 0.537146 0.659328 0.552979 0.653406 0.5925619999999999 0.646609 0.593688
22 0.499734 0.585187 0.5031410000000001 0.591042 0.5055780000000001 0.590375 0.521172 0.5942710000000001 0.512156 0.575125 0.49121899999999996 0.5725210000000001 0.483906 0.586167 0.499734 0.585187