16 0.46592 0.39753799999999995 0.48606 0.387872 0.51574 0.38948299999999997 0.54012 0.38142899999999996 0.51574 0.23483300000000001 0.43410000000000004 0.22194499999999998 0.44154000000000004 0.255775 0.44577999999999995 0.328267 0.45956 0.373374 0.45108 0.39753799999999995 0.45744 0.399149 0.46592 0.39753799999999995
16 0.00444 0.43595700000000004 0.013300000000000001 0.41349499999999995 0.01774 0.388754 0.02514 0.352796 0.02662 0.328085 0.03254 0.312371 0.04288 0.312371 0.05618 0.323587 0.06802 0.33033399999999996 0.07542 0.341581 0.08131999999999999 0.366292 0.08872 0.393252 0.0902 0.42246200000000006 0.09906000000000001 0.424711 0.10202 0.341581 0.1035 0.328085 0.10794 0.312371 0.1183 0.325836 0.12568000000000001 0.34382999999999997 0.139 0.37304 0.14196 0.40674799999999994 0.19074000000000002 0.460669 0.19222 0.460669 0.22032 0.451672 0.22180000000000002 0.417964 0.22032 0.395502 0.21736000000000003 0.386505 0.21588 0.368541 0.21588 0.332584 0.19369999999999998 0.22921 0.2144 0.238207 0.22476 0.258419 0.2351 0.287629 0.24398 0.287629 0.23954 0.253921 0.22328 0.224711 0.19666 0.217964 0.18336000000000002 0.215745 0.15822 0.18203599999999998 0.13604 0.168541 0.1035 0.155046 0.08428000000000001 0.15729500000000002 0.00296 0.159544 0.00444 0.43595700000000004
16 0.35896 0.217234 0.35896 0.236444 0.36292 0.26769 0.37004000000000004 0.319362 0.37636000000000003 0.319362 0.37794 0.326565 0.38188 0.339787 0.39058 0.351793 0.40482 0.366201 0.41352 0.397447 0.40086 0.408267 0.41352 0.408267 0.44039999999999996 0.40705199999999997 0.44988 0.39264400000000005 0.44988 0.351793 0.44356 0.300122 0.43406 0.21480200000000002 0.41352 0.21000000000000002 0.38348000000000004 0.208815 0.35738 0.213617 0.35896 0.217234
16 0.5186000000000001 0.237325 0.53608 0.371307 0.5436799999999999 0.371307 0.55128 0.370152 0.5604 0.370152 0.57484 0.367842 0.58928 0.364377 0.59004 0.351672 0.59004 0.336657 0.58776 0.314711 0.5824400000000001 0.266201 0.58624 0.267356 0.59004 0.267356 0.59384 0.280061 0.5946 0.28930100000000003 0.5946 0.285836 0.5946 0.27775099999999997 0.58928 0.263891 0.5832 0.258116 0.57712 0.258116 0.5756 0.253495 0.57408 0.24887499999999999 0.57028 0.2431 0.55812 0.23617 0.51632 0.237325 0.5186000000000001 0.237325
16 0.27702 0.44173300000000004 0.32308 0.43759899999999996 0.32308 0.359392 0.32308 0.342918 0.32444 0.340851 0.34204 0.359392 0.34882 0.39437700000000003 0.33934 0.44173300000000004 0.37183999999999995 0.423191 0.36506 0.365562 0.36913999999999997 0.32233999999999996 0.35287999999999997 0.21115499999999998 0.32172 0.192644 0.17408 0.186474 0.18762 0.21115499999999998 0.21741999999999997 0.223526 0.24452000000000002 0.25234 0.24452000000000002 0.270881 0.24452000000000002 0.287325 0.22826 0.281155 0.20388 0.235866 0.22147999999999998 0.359392 0.22013999999999997 0.363495 0.254 0.390274 0.27702 0.44173300000000004
2 0.38958 0.399483 0.38958 0.40076 0.39339999999999997 0.403982 0.39594 0.40142900000000004 0.40062000000000003 0.399483 0.4091 0.39495399999999997 0.41122000000000003 0.387872 0.41334 0.378176 0.40698 0.367872 0.4023 0.36203599999999997 0.39677999999999997 0.357538 0.39296 0.354316 0.38744 0.345927 0.38744 0.346565 0.38788 0.34978699999999996 0.38830000000000003 0.360122 0.38788 0.37109400000000003 0.38788 0.38270499999999996 0.38788 0.395593 0.38958 0.399483
65 0.7133400000000001 0.480973 0.7197 0.481611 0.72862 0.464833 0.72396 0.454498 0.70654 0.426109 0.69848 0.42419500000000004 0.69168 0.420942 0.6831799999999999 0.429331 0.687 0.43772000000000005 0.69338 0.446109 0.69508 0.458389 0.7074 0.480973 0.7133400000000001 0.480973
65 0.7047 0.39304 0.70086 0.389119 0.697 0.394985 0.7015 0.40085099999999996 0.69892 0.406687 0.69636 0.41449800000000003 0.72012 0.449635 0.72782 0.44866300000000003 0.73424 0.456474 0.7336 0.45158099999999995 0.73938 0.43206700000000003 0.71884 0.39304 0.70536 0.39401200000000003 0.7047 0.39304
65 0.40406 0.46884499999999996 0.4163 0.46531900000000004 0.42260000000000003 0.45829800000000004 0.41896 0.414559 0.40804 0.41103300000000004 0.40108 0.40851099999999996 0.39612 0.41003 0.39744 0.41152000000000005 0.40142 0.46331300000000003 0.40406 0.46884499999999996
65 0.17684 0.506626 0.18331999999999998 0.506079 0.18872 0.501155 0.19518000000000002 0.492979 0.20022 0.48422499999999996 0.1995 0.474377 0.1905 0.452523 0.18656 0.448723 0.18224 0.444894 0.1657 0.429574 0.16138 0.43230999999999997 0.15563999999999997 0.44106399999999996 0.14808000000000002 0.44978700000000005 0.17684 0.506626
65 0.11766 0.5131910000000001 0.12318000000000001 0.49963500000000005 0.1202 0.46218800000000004 0.11044 0.43769 0.10704000000000001 0.43252300000000005 0.09898 0.434438 0.09472 0.422188 0.08666 0.424772 0.09048 0.447994 0.08072 0.451884 0.08326 0.45769 0.10916 0.518359 0.11766 0.5131910000000001
50 0.91972 0.986505 0.9138 0.957295 0.9286 0.8943769999999999 0.9315599999999999 0.8247110000000001 0.9463400000000001 0.757295 0.96556 0.7078720000000001 0.97148 0.638207 0.9744400000000001 0.586505 0.9744400000000001 0.519088 0.9552 0.42246200000000006 0.93598 0.319088 0.91972 0.280912 0.84726 0.26066900000000004 0.8191799999999999 0.292128 0.8088200000000001 0.352796 0.8088200000000001 0.431459 0.82656 0.45616999999999996 0.83692 0.494377 0.83988 0.5056229999999999 0.83248 0.550547 0.8162200000000001 0.5842550000000001 0.79108 0.631459 0.7511599999999999 0.689878 0.7201000000000001 0.750547 0.70236 0.7910029999999999 0.6698200000000001 0.7887540000000001 0.65652 0.8022490000000001 0.64912 0.8224619999999999 0.63878 0.838207 0.6447 0.860669 0.66096 0.874164 0.67722 0.8809119999999999 0.69348 0.8472040000000001 0.7141799999999999 0.8359570000000001 0.7230599999999999 0.820213 0.7393200000000001 0.840456 0.7689 0.8337080000000001 0.7748200000000001 0.8224619999999999 0.7659400000000001 0.804498 0.77924 0.804498 0.7896 0.820213 0.79404 0.8247110000000001 0.79108 0.840456 0.78664 0.8943769999999999 0.7807200000000001 0.930334 0.77924 0.988754 0.91972 0.986505
50 0.74758 0.319149 0.7445 0.326657 0.74512 0.33699100000000004 0.74634 0.354802 0.74388 0.36981800000000004 0.74202 0.39139799999999997 0.7482000000000001 0.406413 0.74882 0.42987800000000004 0.75252 0.442067 0.74572 0.458024 0.7599199999999999 0.46176300000000003 0.76116 0.44300900000000004 0.7642599999999999 0.431763 0.77042 0.454255 0.77474 0.434559 0.76302 0.425167 0.7642599999999999 0.381094 0.77536 0.372644 0.78154 0.35762900000000003 0.77228 0.350122 0.76364 0.339787 0.7568400000000001 0.343556 0.75438 0.320091 0.7580800000000001 0.330426 0.7568400000000001 0.31820699999999996 0.74758 0.319149
50 0.6954400000000001 0.39996999999999994 0.7051000000000001 0.383343 0.7051000000000001 0.34714300000000003 0.68836 0.325623 0.68772 0.318784 0.68644 0.307021 0.67808 0.30802399999999996 0.67292 0.316809 0.68064 0.34617000000000003 0.68516 0.37744700000000003 0.68128 0.42440700000000003 0.69738 0.419514 0.6954400000000001 0.39996999999999994
50 0.6575599999999999 0.422371 0.66292 0.422948 0.66328 0.426292 0.6617999999999999 0.434438 0.6594 0.442888 0.65904 0.45243200000000006 0.66014 0.460851 0.66088 0.469848 0.6594 0.479119 0.6575599999999999 0.480243 0.6534800000000001 0.486413 0.65146 0.491763 0.6634800000000001 0.49316099999999996 0.66828 0.486413 0.6675399999999999 0.47997 0.66698 0.473769 0.6728999999999999 0.47152 0.68214 0.468146 0.68492 0.465897 0.6869400000000001 0.473495 0.6875 0.481641 0.68602 0.484164 0.68528 0.48811599999999994 0.68824 0.48893600000000004 0.69102 0.48811599999999994 0.6947000000000001 0.472644 0.69766 0.46449799999999997 0.6947000000000001 0.463678 0.69212 0.4631 0.6893400000000001 0.45887500000000003 0.68232 0.44568399999999997 0.68214 0.43726400000000004 0.68288 0.428267 0.68196 0.422097 0.6827000000000001 0.38951399999999997 0.68196 0.382492 0.6806599999999999 0.372948 0.6815800000000001 0.357204 0.68048 0.349058 0.6788200000000001 0.341185 0.6767799999999999 0.322097 0.6745599999999999 0.31732499999999997 0.67104 0.3131 0.66532 0.3131 0.66014 0.315076 0.65552 0.31984799999999997 0.65644 0.324347 0.6584800000000001 0.328845 0.6575599999999999 0.334742 0.6584800000000001 0.335015 0.6594 0.335289 0.6594 0.338663 0.66126 0.341185 0.66274 0.34513699999999997 0.66218 0.352705 0.65958 0.354681 0.6558999999999999 0.365076 0.6568200000000001 0.372644 0.65774 0.399058 0.65812 0.412249 0.6575599999999999 0.41787199999999997 0.6575599999999999 0.422371
50 0.97154 0.461064 0.97154 0.440942 0.97154 0.42750800000000005 0.9833200000000001 0.42079 0.98626 0.416322 0.9848 0.396201 0.9833200000000001 0.378298 0.9833200000000001 0.362644 0.97596 0.344742 0.97008 0.326839 0.9686 0.326839 0.95682 0.311185 0.94652 0.313404 0.9435800000000001 0.338024 0.948 0.342492 0.948 0.36039499999999997 0.948 0.37383 0.95094 0.382766 0.95094 0.400669 0.95388 0.41857099999999997 0.95682 0.42750800000000005 0.96124 0.438693 0.96272 0.45659600000000006 0.9686 0.490152 0.97154 0.499088 0.9774400000000001 0.499088 0.97596 0.490152 0.97448 0.490152 0.97448 0.47671699999999995 0.97154 0.461064
50 0.39216 0.413404 0.38684 0.3942550000000001 0.38718 0.367538 0.38718 0.348906 0.38188 0.340821 0.38286 0.331763 0.3759 0.324195 0.3706 0.325198 0.36794 0.337812 0.3696 0.351429 0.36628 0.356444 0.36628 0.386687 0.36762 0.40383 0.36562 0.421459 0.36862 0.422979 0.37292 0.418936 0.3915 0.423982 0.38618 0.421976 0.39216 0.413404
50 0.31826 0.375593 0.31851999999999997 0.392796 0.31826 0.40841900000000003 0.318 0.43304 0.31980000000000003 0.44322200000000006 0.32674000000000003 0.44869300000000006 0.32777999999999996 0.45610900000000004 0.32236000000000004 0.469787 0.32958 0.467842 0.34346 0.464711 0.34784 0.45729499999999995 0.34604 0.44908800000000004 0.33548 0.425228 0.33498 0.419757 0.33677999999999997 0.40255299999999994 0.34192 0.39668699999999996 0.34268 0.385745 0.34268 0.36231 0.33652 0.350182 0.33884 0.344316 0.33934 0.33690000000000003 0.33652 0.32750799999999997 0.32752 0.328298 0.32494 0.32984800000000003 0.32236000000000004 0.33924 0.32777999999999996 0.34978699999999996 0.32674000000000003 0.351733 0.32648 0.360334 0.31851999999999997 0.366596 0.31826 0.375593
50 0.5992999999999999 0.463739 0.60082 0.46884499999999996 0.60112 0.471611 0.6005 0.473921 0.59502 0.476231 0.59138 0.47717299999999996 0.59138 0.480395 0.5932000000000001 0.482736 0.60842 0.48410300000000006 0.61026 0.48179299999999997 0.61146 0.43228000000000005 0.6136 0.437842 0.6206 0.46513699999999997 0.6203 0.469757 0.62 0.474407 0.61146 0.47948300000000005 0.61238 0.48133699999999996 0.63034 0.48319100000000004 0.62912 0.46191499999999996 0.63034 0.44893599999999995 0.62822 0.44060800000000006 0.6279 0.421641 0.62912 0.411003 0.63734 0.402219 0.63948 0.399422 0.63248 0.34714300000000003 0.6267 0.33373899999999995 0.62212 0.327264 0.6209 0.325866 0.6181599999999999 0.31291800000000003 0.6160399999999999 0.30459 0.61238 0.299483 0.60598 0.303647 0.60356 0.3069 0.60356 0.315228 0.6038600000000001 0.321702 0.6063 0.329119 0.6063 0.33279600000000004 0.6038600000000001 0.339757 0.5980800000000001 0.380942 0.6002000000000001 0.380942 0.5989800000000001 0.415167 0.60478 0.413313 0.5992999999999999 0.433222 0.5992999999999999 0.463739
50 0.11696 0.44231000000000004 0.11631999999999999 0.454073 0.11631999999999999 0.47465 0.12082 0.485441 0.1189 0.504073 0.11954000000000001 0.512888 0.11954000000000001 0.5158360000000001 0.13502 0.514863 0.13502 0.488389 0.1376 0.475653 0.13566 0.457994 0.13566 0.440365 0.13696 0.43152 0.13824 0.40212800000000004 0.1389 0.382523 0.13632 0.358997 0.12986 0.352128 0.12082 0.341337 0.12082 0.338389 0.12082 0.325653 0.11566 0.317812 0.10986 0.318784 0.10534 0.32662599999999997 0.1047 0.336444 0.10534 0.341337 0.10986 0.347204 0.10084 0.356049 0.1047 0.384468 0.10084 0.40896699999999997 0.10084 0.43054700000000007 0.106 0.434468 0.11502 0.443283 0.11696 0.44231000000000004
50 0.22346000000000002 0.40188399999999996 0.22378 0.42908799999999997 0.21847999999999998 0.440669 0.22013999999999997 0.451763 0.2261 0.45124600000000004 0.22841999999999998 0.460821 0.23472 0.459331 0.24168 0.44671700000000003 0.2407 0.45480200000000004 0.23804 0.471915 0.23538 0.501155 0.2324 0.5041640000000001 0.23108 0.5082070000000001 0.2523 0.50769 0.25462 0.48148900000000006 0.2596 0.453769 0.26126 0.44319100000000006 0.26888 0.439179 0.26854 0.43766 0.26756 0.42908799999999997 0.26622 0.41699100000000006 0.24797999999999998 0.38522799999999996 0.2397 0.37617 0.23606 0.369119 0.22776 0.368116 0.22180000000000002 0.362553 0.2125 0.375167 0.21384 0.380699 0.21681999999999998 0.38674800000000004 0.22180000000000002 0.396322 0.22346000000000002 0.40188399999999996
50 0.05472 0.507872 0.05618 0.395502 0.05028 0.32133700000000004 0.034 0.310122 0.02218 0.357295 0.02662 0.40674799999999994 0.04732 0.5123709999999999 0.05472 0.507872
50 0.0804 0.357052 0.0804 0.341094 0.0734 0.336839 0.0706 0.333617 0.06568 0.33148900000000003 0.05658 0.333617 0.06148 0.34641299999999997 0.06638 0.365593 0.0706 0.381581 0.06008 0.39009099999999997 0.06008 0.419909 0.06428 0.435897 0.06498000000000001 0.455076 0.06568 0.484924 0.06498000000000001 0.5030089999999999 0.0692 0.509422 0.07970000000000001 0.501945 0.08672 0.495562 0.08672 0.485988 0.08672 0.462553 0.08532 0.443374 0.08742 0.43164099999999994 0.08812 0.42313100000000003 0.08812 0.403951 0.08812 0.369848 0.0804 0.357052
16 0.5792999999999999 0.255137 0.5803200000000001 0.255441 0.58594 0.256383 0.58854 0.26003 0.59116 0.262766 0.59358 0.266444 0.59458 0.270122 0.5961799999999999 0.275289 0.5961799999999999 0.28781199999999996 0.59458 0.293009 0.59336 0.289939 0.59036 0.280182 0.58654 0.268571 0.58412 0.269179 0.58474 0.27346499999999996 0.59036 0.326565 0.59216 0.32626099999999997 0.60322 0.327812 0.60442 0.32750799999999997 0.60442 0.31863199999999997 0.60562 0.304894 0.60964 0.299119 0.61486 0.300638 0.61748 0.308571 0.61988 0.321398 0.6221 0.324438 0.6249 0.32535 0.6307200000000001 0.32535 0.63474 0.32535 0.63214 0.253009 0.58112 0.253009 0.5792999999999999 0.255137
36 0.76758 0.354377 0.76836 0.36182400000000003 0.76966 0.36729500000000004 0.7694 0.371216 0.7663 0.373556 0.76244 0.37708200000000003 0.7585599999999999 0.373191 0.75624 0.368875 0.75366 0.363769 0.7508400000000001 0.360638 0.74646 0.360638 0.74414 0.370821 0.74414 0.378663 0.7451599999999999 0.38963500000000006 0.75058 0.393556 0.7529 0.393556 0.75624 0.393161 0.7678400000000001 0.379453 0.77042 0.37708200000000003 0.77842 0.36769 0.7786799999999999 0.36103300000000005 0.77686 0.356717 0.77352 0.350456 0.7694 0.34498500000000004 0.76424 0.34851099999999996 0.76758 0.354377
36 0.65958 0.454772 0.6716 0.477416 0.68268 0.466474 0.6942200000000001 0.45987799999999995 0.70096 0.458419 0.7014400000000001 0.445258 0.6947000000000001 0.435015 0.68988 0.426991 0.68412 0.42185399999999995 0.6759400000000001 0.422584 0.66488 0.42331300000000005 0.66246 0.430638 0.65862 0.43942200000000003 0.65958 0.454772
65 0.36819999999999997 0.42285700000000004 0.36294 0.424954 0.3495 0.432219 0.35086 0.48179299999999997 0.37276 0.477264 0.38142000000000004 0.476231 0.39533999999999997 0.47139800000000004 0.3951 0.466535 0.3926 0.42285700000000004 0.37206 0.41869300000000004 0.36819999999999997 0.42285700000000004
65 0.26108 0.505441 0.26736 0.505988 0.27568 0.497842 0.27532 0.46188399999999996 0.27514 0.460213 0.27494 0.458237 0.27218 0.45629200000000003 0.27014 0.45544100000000004 0.26478 0.455167 0.25924 0.455167 0.25886 0.456839 0.25592 0.469757 0.25646 0.47902700000000004 0.25702 0.487173 0.25664 0.49616999999999994 0.25646 0.500365 0.25444 0.503739 0.2535 0.50459 0.25296 0.505714 0.25646 0.505441 0.26108 0.505441
36 0.9332999999999999 0.8342550000000001 0.93552 0.843283 0.9504 0.84535 0.9630599999999999 0.855745 0.9757 0.826991 0.97794 0.800334 0.98612 0.781125 0.9876 0.755106 0.97868 0.74155 0.97422 0.730243 0.96082 0.717812 0.9504 0.748328 0.9268 0.8134649999999999 0.93256 0.8353799999999999 0.9332999999999999 0.8342550000000001
65 0.63236 0.44674800000000003 0.64946 0.47273600000000005 0.66142 0.459726 0.6340800000000001 0.410395 0.63236 0.44674800000000003
65 0.79602 0.436596 0.7844 0.411459 0.77632 0.39753799999999995 0.7731399999999999 0.408784 0.76646 0.424833 0.77138 0.44568399999999997 0.7858200000000001 0.449422 0.7956599999999999 0.43766 0.79602 0.436596
50 0.75088 0.31304 0.75354 0.312432 0.75252 0.305228 0.75314 0.291793 0.7517 0.28556200000000004 0.75314 0.280881 0.75436 0.26714299999999996 0.7541599999999999 0.265897 0.7469600000000001 0.266505 0.7430599999999999 0.27495400000000003 0.7407999999999999 0.284012 0.74266 0.293982 0.74676 0.30243200000000003 0.748 0.31085100000000004 0.75088 0.31304
2 0.34186 0.40145900000000007 0.3475 0.40145900000000007 0.35226 0.391581 0.34966 0.38170200000000004 0.3475 0.367903 0.34404 0.365927 0.34316 0.368541 0.34014 0.371185 0.33926 0.370517 0.3371 0.390274 0.34186 0.40145900000000007