13 0.601601 0.7963399999999999 0.607271 0.675114 0.590229 0.658056 0.588333 0.608807 0.5675 0.599346 0.561814 0.665637 0.5561269999999999 0.7035290000000001 0.546667 0.7982349999999999 0.542876 0.8209639999999999 0.558023 0.828546 0.601601 0.8209639999999999 0.601601 0.7963399999999999
13 0.347876 0.8520099999999999 0.36168300000000003 0.871095 0.411242 0.8552609999999999 0.405147 0.8418629999999999 0.401895 0.8304900000000001 0.398644 0.800833 0.396209 0.785 0.393366 0.7789050000000001 0.392958 0.76469 0.384837 0.757778 0.377516 0.755752 0.367778 0.759003 0.36330100000000004 0.764281 0.36209199999999997 0.7801140000000001 0.358431 0.785801 0.356144 0.8097880000000001 0.347451 0.852614 0.347876 0.8520099999999999
21 0.631601 0.785882 0.624363 0.791846 0.623938 0.796095 0.6128589999999999 0.803758 0.616275 0.809722 0.630752 0.803758 0.641814 0.812271 0.6482030000000001 0.812696 0.676307 0.795245 0.677582 0.791422 0.68098 0.787582 0.679281 0.7841830000000001 0.678007 0.778219 0.660556 0.769706 0.629477 0.786732 0.631601 0.785882
50 0.452386 0.48552300000000004 0.43730399999999997 0.49236900000000006 0.42496700000000004 0.499216 0.423595 0.506078 0.422222 0.519771 0.407157 0.548562 0.404412 0.571863 0.409902 0.606111 0.414003 0.625294 0.42771200000000004 0.643121 0.441422 0.656814 0.459232 0.667778 0.47978799999999994 0.680114 0.518154 0.691078 0.552418 0.674641 0.5866830000000001 0.670523 0.603121 0.692451 0.6209479999999999 0.70067 0.627794 0.699297 0.629167 0.6773859999999999 0.640131 0.6403760000000001 0.660686 0.584183 0.677124 0.555408 0.674379 0.521144 0.657941 0.48689499999999997 0.655196 0.46906899999999996 0.640131 0.46769600000000006 0.609984 0.462222 0.596275 0.46085000000000004 0.5921569999999999 0.455376 0.58531 0.44714099999999996 0.560637 0.400556 0.5483009999999999 0.38272900000000004 0.51268 0.370408 0.493497 0.370408 0.483905 0.373137 0.471569 0.389592 0.459232 0.400556 0.45785899999999996 0.41836599999999996 0.45785899999999996 0.437549 0.45785899999999996 0.455376 0.463333 0.47866 0.45785899999999996 0.48552300000000004 0.452386 0.48552300000000004
50 0.680899 0.797745 0.6831539999999999 0.804493 0.734837 0.829216 0.808987 0.853938 0.84719 0.880899 0.9977450000000001 0.8831539999999999 0.9977450000000001 0.728088 0.973039 0.644951 0.948317 0.591013 0.8741499999999999 0.559542 0.81348 0.5235949999999999 0.804493 0.47415 0.7775329999999999 0.41348 0.719101 0.395507 0.6831539999999999 0.42022899999999996 0.649444 0.44495099999999993 0.6719120000000001 0.555049 0.633709 0.66067 0.61348 0.719101 0.680899 0.761797 0.680899 0.797745
50 0 0.871912 0.30562100000000003 0.867418 0.30336599999999997 0.86067 0.30336599999999997 0.853938 0.298873 0.84719 0.280899 0.8359479999999999 0.24719000000000002 0.833709 0.21124199999999999 0.8629249999999999 0.2 0.8629249999999999 0.161797 0.820229 0.161797 0.831454 0.159542 0.768546 0.159542 0.7438239999999999 0.173039 0.712353 0.17977100000000001 0.6988730000000001 0.17977100000000001 0.687647 0.20225500000000002 0.692141 0.22246699999999997 0.701127 0.244951 0.701127 0.269657 0.701127 0.278644 0.689886 0.280899 0.656176 0.271912 0.626961 0.26067 0.6 0.25168300000000005 0.555049 0.25168300000000005 0.530343 0.25168300000000005 0.519101 0.244951 0.48089899999999997 0.235948 0.467418 0.22246699999999997 0.44269600000000003 0.215735 0.433709 0.182026 0.42696100000000003 0.168546 0.429216 0.148317 0.43820299999999995 0.121356 0.46067 0.0921405 0.5033660000000001 0.08539219934640524 0.5370750000000001 0.08315359967320261 0.5483169999999999 0.05393790032679739 0.555049 0 0.6044930000000001 0 0.871912
79 0.344984 0.701863 0.35317 0.7168789999999999 0.364085 0.7209639999999999 0.385915 0.7209639999999999 0.395458 0.712778 0.395458 0.6991339999999999 0.384542 0.6950489999999999 0.37362700000000004 0.689592 0.375 0.654118 0.394101 0.640474 0.399542 0.6254740000000001 0.399542 0.596814 0.392729 0.565441 0.385915 0.565441 0.35862700000000003 0.565441 0.343611 0.570899 0.33815399999999995 0.62683 0.354526 0.645931 0.36681400000000003 0.65549 0.365441 0.696405 0.350441 0.700507 0.344984 0.701863
79 0.5 0.8270419999999999 0.48772899999999997 0.836601 0.489085 0.847516 0.498644 0.863889 0.5054580000000001 0.870703 0.525915 0.872059 0.540931 0.8693299999999999 0.549118 0.858431 0.549118 0.842059 0.531373 0.8229580000000001 0.531373 0.782026 0.5559310000000001 0.7615689999999999 0.55866 0.7547389999999999 0.55866 0.71518 0.55866 0.672892 0.547745 0.666062 0.515016 0.661977 0.498644 0.663333 0.489085 0.679706 0.489085 0.704265 0.495915 0.7615689999999999 0.513644 0.783382 0.515016 0.8229580000000001 0.5 0.8270419999999999
79 0.69902 0.721536 0.718627 0.713497 0.732712 0.690866 0.722647 0.62098 0.663824 0.621487 0.654265 0.675278 0.659804 0.694395 0.672876 0.711993 0.683938 0.722549 0.69549 0.722042 0.69902 0.721536
79 0.323072 0.648856 0.31331699999999996 0.653513 0.309085 0.6602939999999999 0.311618 0.66835 0.32560500000000003 0.671748 0.342565 0.671748 0.353595 0.66665 0.355278 0.65902 0.34934600000000005 0.653938 0.337484 0.652239 0.33451000000000003 0.631895 0.336634 0.611127 0.34469 0.6056210000000001 0.346389 0.575523 0.35442799999999997 0.567467 0.34934600000000005 0.541193 0.328578 0.541193 0.306111 0.539918 0.30781 0.599265 0.325196 0.614526 0.323072 0.648856
79 0.421471 0.76085 0.421471 0.779984 0.437418 0.794869 0.44803899999999997 0.799118 0.451225 0.80549 0.449101 0.8480230000000001 0.449101 0.8512089999999999 0.434216 0.8618300000000001 0.426781 0.870343 0.435278 0.872467 0.465049 0.873529 0.48736900000000005 0.871405 0.48630700000000004 0.867157 0.47887299999999994 0.8597060000000001 0.462925 0.8565200000000001 0.46186299999999997 0.808693 0.49055600000000005 0.789559 0.500131 0.764036 0.499069 0.76085 0.48736900000000005 0.701324 0.482059 0.6938890000000001 0.470359 0.689624 0.44803899999999997 0.688562 0.42996700000000004 0.702386 0.42784300000000003 0.706634 0.421471 0.7427779999999999 0.421471 0.76085
41 0.326536 0.8087420000000001 0.33152000000000004 0.804101 0.314265 0.7971239999999999 0.271471 0.773578 0.253889 0.7632840000000001 0.22835 0.756993 0.221389 0.758644 0.25256500000000004 0.774575 0.273791 0.785523 0.32124199999999997 0.807075 0.326536 0.8087420000000001
51 0.323203 0.704739 0.290065 0.733725 0.301667 0.751127 0.36047399999999996 0.752778 0.323203 0.704739
79 0.9594119999999999 0.444036 0.950359 0.48586599999999996 0.966193 0.49942800000000004 0.9627939999999999 0.5276959999999999 0.950359 0.5299670000000001 0.9458329999999999 0.535621 0.9560130000000001 0.540131 0.970719 0.5424019999999999 0.980882 0.535621 0.9695750000000001 0.5299670000000001 0.974101 0.496046 0.994461 0.48586599999999996 0.997843 0.457598 0.9594119999999999 0.444036
32 0.259118 0.734869 0.249608 0.731258 0.216993 0.714493 0.211111 0.715408 0.208399 0.716307 0.204314 0.718121 0.207026 0.720392 0.257745 0.737141 0.27134 0.736683 0.27903599999999995 0.74348 0.283562 0.74982 0.287647 0.754804 0.291258 0.757516 0.297157 0.756618 0.303938 0.755703 0.306209 0.753889 0.307892 0.7505879999999999 0.29771200000000003 0.739869 0.283431 0.734101 0.271879 0.735752 0.259118 0.734869