50 0.133594 0.332225 0.131125 0.324965 0.132734 0.320492 0.131375 0.315785 0.129 0.31451999999999997 0.126781 0.315902 0.125766 0.31808 0.12593700000000002 0.322787 0.122875 0.324707 0.12185900000000001 0.327002 0.121766 0.33145199999999997 0.119391 0.339625 0.119391 0.344075 0.119906 0.35082 0.122031 0.35466 0.12253099999999999 0.35808 0.124922 0.366745 0.12526600000000002 0.372482 0.12526600000000002 0.37555 0.12406299999999999 0.38 0.124234 0.381663 0.128484 0.382436 0.131047 0.38103000000000004 0.13206199999999998 0.378993 0.13087500000000002 0.377213 0.12951600000000002 0.374403 0.12951600000000002 0.37007 0.131375 0.36866499999999996 0.131469 0.351475 0.135125 0.35222499999999995 0.136906 0.351475 0.13725 0.34941500000000003 0.135625 0.34522200000000003 0.134359 0.338337 0.133594 0.332225
50 0.156594 0.339016 0.15706199999999998 0.331803 0.15731299999999998 0.326042 0.15562499999999999 0.31702600000000003 0.152984 0.311616 0.151063 0.307658 0.14840599999999998 0.306581 0.146734 0.33145199999999997 0.148172 0.35056200000000004 0.148172 0.3574 0.149609 0.36281 0.151531 0.368571 0.156109 0.366417 0.15490600000000002 0.351288 0.156594 0.339016
50 0.757344 0.39526900000000004 0.7648590000000001 0.39302099999999995 0.7618590000000001 0.375012 0.760359 0.341218 0.752844 0.345714 0.751344 0.363747 0.751344 0.39302099999999995 0.757344 0.39526900000000004
50 0.943656 0.327354 0.9463440000000001 0.32548 0.947313 0.31711900000000004 0.946922 0.312482 0.944703 0.310328 0.944609 0.30672099999999997 0.944234 0.304684 0.9416249999999999 0.304262 0.9395 0.305714 0.940281 0.309461 0.9397970000000001 0.311335 0.93825 0.317681 0.934594 0.321593 0.9361409999999999 0.32592499999999996 0.938922 0.328946 0.943656 0.327354
9 0.442844 0.41829 0.44217200000000006 0.413653 0.44084400000000007 0.411663 0.43975 0.4126699999999999 0.437094 0.41398099999999993 0.435531 0.414309 0.43775 0.41829 0.431328 0.416979 0.427562 0.42096 0.426469 0.426253 0.426687 0.433888 0.42845300000000003 0.442178 0.432656 0.443841 0.433766 0.444169 0.434875 0.436885 0.435531 0.42824399999999996 0.435766 0.422623 0.436641 0.420281 0.440625 0.424614 0.44129699999999994 0.43356 0.440406 0.438876 0.43975 0.447494 0.440406 0.446159 0.442844 0.421944 0.442844 0.41829
9 0.449031 0.456112 0.45235900000000007 0.45911 0.460766 0.45911 0.463422 0.45644 0.46475 0.44782199999999994 0.468297 0.438548 0.4662970000000001 0.434567 0.46409400000000006 0.43323199999999995 0.459891 0.43023400000000006 0.454797 0.431897 0.453469 0.4272599999999999 0.453469 0.423607 0.454125 0.417635 0.454797 0.417307 0.458563 0.41564399999999996 0.45767199999999997 0.410679 0.454797 0.410679 0.451469 0.41133500000000006 0.4497030000000001 0.41133500000000006 0.44992200000000004 0.4163 0.448156 0.413326 0.447703 0.411991 0.446828 0.4126699999999999 0.4455 0.43323199999999995 0.444391 0.44815 0.44726600000000005 0.44782199999999994 0.449031 0.456112
9 0.48650000000000004 0.423489 0.482531 0.422295 0.48031199999999996 0.421827 0.481094 0.41325500000000004 0.480938 0.409696 0.47823399999999994 0.40946099999999996 0.476016 0.40946099999999996 0.476016 0.414918 0.477609 0.424192 0.47617200000000004 0.429204 0.47998399999999997 0.435129 0.48189099999999996 0.44489500000000004 0.48031199999999996 0.44988300000000003 0.480938 0.457026 0.487453 0.457026 0.49124999999999996 0.452506 0.49124999999999996 0.443232 0.49220300000000006 0.435621 0.492359 0.429906 0.49220300000000006 0.42728299999999997 0.489344 0.42515200000000003 0.48650000000000004 0.423489
9 0.49398400000000003 0.422881 0.49265600000000004 0.422881 0.490984 0.427892 0.49298400000000003 0.429906 0.494328 0.440937 0.49532800000000005 0.450984 0.49801599999999996 0.453489 0.502031 0.451967 0.503703 0.442436 0.502359 0.43192 0.49532800000000005 0.41985900000000004 0.49398400000000003 0.422881
9 0.5221720000000001 0.44939100000000004 0.527047 0.44939100000000004 0.531687 0.444754 0.5350159999999999 0.440773 0.537891 0.44541 0.539438 0.446417 0.542312 0.446417 0.551172 0.443747 0.5520470000000001 0.436792 0.549391 0.433138 0.544531 0.429813 0.5387660000000001 0.42817299999999997 0.537891 0.424192 0.5376719999999999 0.417869 0.535453 0.417869 0.533016 0.41887599999999997 0.533016 0.42285700000000004 0.52925 0.41887599999999997 0.526375 0.41721299999999995 0.522844 0.416885 0.520406 0.420867 0.520406 0.425176 0.519516 0.42618300000000003 0.5170779999999999 0.433794 0.516422 0.44044500000000003 0.519516 0.450726 0.5221720000000001 0.44939100000000004
18 0.645875 0.291944 0.657937 0.288759 0.67 0.287705 0.672828 0.285574 0.6657339999999999 0.274941 0.647297 0.270703 0.645875 0.291944
18 0.8493280000000001 0.285948 0.853391 0.271593 0.8531869999999999 0.263958 0.843 0.260913 0.834859 0.259696 0.831609 0.274028 0.832625 0.285948 0.8493280000000001 0.285948
18 0.817344 0.270375 0.825484 0.301194 0.8275310000000001 0.298759 0.824672 0.269157 0.824469 0.262436 0.817344 0.270375
18 0.161281 0.296792 0.160906 0.29281 0.158625 0.281991 0.156719 0.279133 0.147984 0.279133 0.15254700000000002 0.288829 0.153313 0.29452 0.154453 0.302506 0.151781 0.304778 0.151781 0.30648699999999995 0.157859 0.308759 0.157484 0.309321 0.161281 0.30534 0.161281 0.296792
75 0.10842199999999999 0.31402800000000003 0.10820300000000001 0.309063 0.108859 0.30374699999999993 0.10996900000000001 0.303091 0.11129700000000001 0.29082 0.0882813 0.256979 0.0356094 0.255644 0.0362656 0.311382 0.10842199999999999 0.31402800000000003
11 0.18801600000000002 0.723068 0.18931199999999998 0.738618 0.230391 0.750281 0.25678100000000004 0.7405619999999999 0.283594 0.736674 0.288781 0.7399060000000001 0.288781 0.7100939999999999 0.268031 0.686745 0.261109 0.690656 0.254625 0.675738 0.257641 0.656276 0.22174999999999997 0.662131 0.207469 0.667963 0.17114100000000002 0.678337 0.159469 0.677681 0.15687500000000001 0.680913 0.156 0.6841689999999999 0.158172 0.690656 0.179359 0.703607 0.18801600000000002 0.723068
11 0.076625 0.677354 0.076625 0.693068 0.0799375 0.701358 0.102594 0.7278690000000001 0.102047 0.7527170000000001 0.11474999999999999 0.7568619999999999 0.146797 0.748571 0.159516 0.751054 0.18825 0.741944 0.18825 0.7320139999999999 0.183828 0.712951 0.179953 0.7022010000000001 0.155641 0.6881029999999999 0.16006199999999998 0.6624359999999999 0.155641 0.659953 0.11529700000000001 0.6632549999999999 0.0843594 0.678993 0.076625 0.677354
11 0.056499999999999995 0.740726 0.0595469 0.725504 0.0671875 0.718642 0.0742969 0.7247309999999999 0.0763281 0.740726 0.0707344 0.764356 0.0905781 0.762834 0.104813 0.736159 0.102266 0.728548 0.078875 0.7011010000000001 0.07734379999999999 0.671382 0.026500000000000003 0.677471 0.0214219 0.686628 0.0015781296875 0.688923 0.0005625 0.7163470000000001 0.0209063 0.749883 0.0209063 0.768173 0.0610781 0.764356 0.056499999999999995 0.740726
11 0.5931409999999999 0.608197 0.618016 0.6207959999999999 0.629453 0.620281 0.643906 0.6238170000000001 0.679219 0.624333 0.6889689999999999 0.619789 0.6896410000000001 0.616768 0.6953590000000001 0.6157610000000001 0.6967030000000001 0.611733 0.691328 0.60466 0.688625 0.592576 0.682578 0.588033 0.666109 0.584005 0.6560159999999999 0.572412 0.646266 0.567377 0.641219 0.569391 0.636844 0.572927 0.6301249999999999 0.5739339999999999 0.628109 0.555269 0.613656 0.5557850000000001 0.612313 0.572927 0.609953 0.575948 0.598859 0.577963 0.589109 0.577447 0.586078 0.5885480000000001 0.5931409999999999 0.608197
11 0.6876249999999999 0.589508 0.6935 0.604169 0.707859 0.611991 0.732656 0.611991 0.762687 0.610047 0.762031 0.584614 0.7548440000000001 0.574824 0.741141 0.5650350000000001 0.7196089999999999 0.5650350000000001 0.716344 0.555269 0.708516 0.5542860000000001 0.692859 0.541569 0.686984 0.547447 0.692859 0.560164 0.675234 0.5611240000000001 0.6706559999999999 0.557213 0.655 0.560164 0.6523909999999999 0.570913 0.656313 0.572881 0.672625 0.586557 0.6876249999999999 0.589508
11 0.883703 0.563396 0.885984 0.559977 0.882563 0.5525530000000001 0.878391 0.5440280000000001 0.870406 0.541171 0.856344 0.540609 0.846453 0.5326230000000001 0.839234 0.527494 0.833156 0.528642 0.833531 0.530351 0.843797 0.531499 0.844938 0.540023 0.8536720000000001 0.5485709999999999 0.8559530000000001 0.563396 0.860516 0.5696490000000001 0.883703 0.563396
11 0.947703 0.5426 0.948641 0.555199 0.9654529999999999 0.558689 0.981797 0.558689 0.987859 0.541194 0.985063 0.5251049999999999 0.980391 0.518806 0.952375 0.518806 0.9220309999999999 0.518806 0.896359 0.512506 0.887016 0.511124 0.879547 0.517424 0.880484 0.520211 0.889813 0.528618 0.947703 0.5426
11 1 0.515012 0.998109 0.513044 0.937063 0.502646 0.9366559999999999 0.502412 0.932719 0.5047780000000001 0.9382339999999999 0.508314 0.968172 0.5209130000000001 0.9855 0.53192 0.9881249999999999 0.547658 0.9897030000000001 0.550023 1 0.549625 1 0.515012
8 0.841516 0.39412200000000003 0.840484 0.38904 0.840734 0.37885199999999997 0.855109 0.378454 0.856422 0.378056 0.8553750000000001 0.3863 0.8553750000000001 0.388642 0.8585160000000001 0.389813 0.8585160000000001 0.37885199999999997 0.866094 0.378056 0.8671409999999999 0.376112 0.863219 0.373372 0.856687 0.373747 0.8559060000000001 0.372576 0.854328 0.360047 0.854328 0.359649 0.854063 0.358876 0.828453 0.358876 0.8295 0.36475399999999997 0.832641 0.365129 0.833156 0.36475399999999997 0.833422 0.367096 0.8292339999999999 0.369438 0.8292339999999999 0.369836 0.8313280000000001 0.37768100000000004 0.833156 0.379251 0.8378590000000001 0.379251 0.8368119999999999 0.383934 0.8362970000000001 0.38904 0.8362970000000001 0.391382 0.8349840000000001 0.392553 0.8391719999999999 0.39412200000000003 0.841516 0.39412200000000003
9 0.501703 0.421991 0.49984400000000007 0.419204 0.48865600000000003 0.414543 0.503266 0.429438 0.50575 0.44901599999999997 0.511031 0.454145 0.511656 0.44435600000000003 0.511031 0.447611 0.511656 0.432717 0.501703 0.421991
11 0.79575 0.591686 0.791031 0.576792 0.776359 0.564754 0.759328 0.544192 0.741828 0.541335 0.730469 0.541335 0.726687 0.549859 0.719109 0.544192 0.711078 0.552693 0.717703 0.55623 0.721016 0.564754 0.725266 0.564028 0.740406 0.566862 0.755547 0.576089 0.762172 0.58459 0.765 0.5973539999999999 0.79575 0.591686
11 0.799172 0.581967 0.815719 0.5800230000000001 0.8170310000000001 0.588501 0.8205159999999999 0.58719 0.823563 0.5839340000000001 0.82225 0.580679 0.825734 0.5774 0.817469 0.559789 0.804406 0.546745 0.795687 0.538267 0.7926409999999999 0.534988 0.786984 0.534333 0.782641 0.5363 0.781766 0.5265110000000001 0.770875 0.5265110000000001 0.771312 0.531077 0.770016 0.535644 0.77175 0.540867 0.760875 0.542834 0.766531 0.550656 0.777406 0.5695779999999999 0.7926409999999999 0.575457 0.793953 0.586534 0.794391 0.589813 0.798312 0.591101 0.799172 0.581967
11 0.857359 0.581663 0.863594 0.569977 0.8557969999999999 0.565761 0.8539220000000001 0.5489229999999999 0.846125 0.5414289999999999 0.8442500000000001 0.533958 0.817719 0.5269320000000001 0.8092969999999999 0.533021 0.801797 0.541897 0.8083589999999999 0.550796 0.817719 0.559672 0.824891 0.575129 0.822719 0.581194 0.8264530000000001 0.584005 0.828328 0.588689 0.857359 0.581663
11 0.0032968703124999998 0.767892 0.018125 0.767892 0.0230625 0.7481500000000001 0.0016406296875 0.7135830000000001 0.0032968703124999998 0.767892
50 0.91625 0.379438 0.91625 0.37555 0.9166869999999999 0.35904 0.9190630000000001 0.361311 0.917766 0.368759 0.917328 0.376206 0.917984 0.379438 0.921219 0.379438 0.920562 0.37749400000000005 0.9197029999999999 0.37295100000000003 0.9227339999999999 0.362272 0.920562 0.353208 0.922297 0.354169 0.9235939999999999 0.353208 0.923156 0.346089 0.922297 0.337986 0.918187 0.331499 0.918844 0.32665099999999997 0.917328 0.324379 0.9145160000000001 0.325995 0.9136559999999999 0.328267 0.9145160000000001 0.330867 0.9102029999999999 0.336698 0.9110630000000001 0.337986 0.911281 0.35482400000000003 0.912359 0.355808 0.912359 0.379438 0.915813 0.380094 0.91625 0.379438
50 0.896391 0.342482 0.898344 0.33274000000000004 0.895969 0.328525 0.8955310000000001 0.32299799999999995 0.891625 0.32299799999999995 0.8918440000000001 0.329157 0.88925 0.33597200000000005 0.88925 0.34637 0.890109 0.356112 0.888594 0.371054 0.888172 0.37007 0.8883749999999999 0.376557 0.8909840000000001 0.367799 0.891625 0.3574 0.8957499999999999 0.35805600000000004 0.8974840000000001 0.35871200000000003 0.899422 0.359696 0.8972659999999999 0.348642 0.896391 0.342482
18 0.696422 0.281897 0.699141 0.28747100000000003 0.706141 0.287681 0.708719 0.286393 0.709859 0.276534 0.709578 0.274192 0.704281 0.274403 0.702859 0.27719 0.697 0.281686 0.696422 0.281897
11 0.916438 0.540187 0.876453 0.532693 0.8521409999999999 0.5204219999999999 0.848266 0.520773 0.845766 0.523489 0.846906 0.532342 0.8582660000000001 0.540187 0.878719 0.553466 0.8841720000000001 0.562319 0.885313 0.571171 0.922125 0.571171 0.925766 0.56267 0.929172 0.546651 0.916438 0.540187
9 0.906672 0.358876 0.9053280000000001 0.353208 0.900984 0.349532 0.9008749999999999 0.33735400000000004 0.898422 0.337518 0.898203 0.349859 0.899656 0.35353599999999996 0.8993119999999999 0.360211 0.9014369999999999 0.364379 0.900203 0.366721 0.8979839999999999 0.36505899999999997 0.8955310000000001 0.36154600000000003 0.895859 0.353864 0.893531 0.349204 0.891188 0.35086700000000004 0.886406 0.352365 0.8828440000000001 0.35672099999999995 0.8825 0.364567 0.883062 0.37007 0.885734 0.37356 0.888734 0.37356 0.892188 0.37156900000000004 0.894078 0.369391 0.8975310000000001 0.37273999999999996 0.900656 0.373747 0.9039999999999999 0.373232 0.906438 0.367728 0.906672 0.358876