76 0.09123440000000001 0.451208 0.0943281 0.43264600000000003 0.145359 0.43264600000000003 0.173203 0.442958 0.180922 0.46358299999999997 0.196391 0.440896 0.363406 0.407896 0.35876600000000003 0.385229 0.377312 0.370792 0.3665 0.0635833 0.0634062 0.09243749999999999 0.09123440000000001 0.451208
76 0.706609 0.348146 0.732953 0.050625 0.373453 0.058875000000000004 0.370344 0.383271 0.706609 0.348146
13 0.36324999999999996 0.376292 0.36324999999999996 0.39783300000000005 0.362 0.45497899999999997 0.356406 0.469062 0.346469 0.49472900000000003 0.345859 0.522896 0.34895299999999996 0.604896 0.351437 0.643812 0.357031 0.648792 0.36324999999999996 0.6413329999999999 0.360141 0.6280830000000001 0.35889099999999996 0.607375 0.363875 0.599083 0.374422 0.591646 0.384984 0.5875 0.402375 0.586667 0.41418699999999997 0.5875 0.41479699999999997 0.551063 0.41356200000000004 0.522062 0.41356200000000004 0.511292 0.41045299999999996 0.49060400000000004 0.40114099999999997 0.480646 0.39243700000000004 0.461604 0.389328 0.413562 0.391828 0.37464600000000003 0.37256300000000003 0.363875 0.36324999999999996 0.376292
26 0.20048400000000002 0.598437 0.22678099999999998 0.598437 0.24990600000000002 0.567604 0.24990600000000002 0.516583 0.25309400000000004 0.509146 0.242734 0.497458 0.208453 0.49106299999999997 0.174172 0.512333 0.175766 0.516583 0.183734 0.5707920000000001 0.20048400000000002 0.598437
26 0.36175 0.717667 0.369094 0.708875 0.371297 0.7000620000000001 0.383766 0.697125 0.38742200000000004 0.704958 0.405031 0.697125 0.433641 0.6893119999999999 0.435844 0.668771 0.44025 0.604208 0.421906 0.5856250000000001 0.40064099999999997 0.584646 0.379359 0.588562 0.36175 0.605187 0.359547 0.616917 0.362484 0.636479 0.367625 0.6403960000000001 0.35515599999999997 0.652146 0.347812 0.6775629999999999 0.352219 0.706917 0.361016 0.717667 0.36175 0.717667
42 0.768547 0.683146 0.739891 0.6404580000000001 0.675844 0.566292 0.667422 0.350562 0.42809400000000003 0.386521 0.42809400000000003 0.417979 0.448313 0.635958 0.47865599999999997 0.6966249999999999 0.508984 0.7573120000000001 0.760109 0.6966249999999999 0.768547 0.683146
62 0.703875 0.419875 0.697813 0.447979 0.705484 0.452229 0.713141 0.419875 0.71825 0.419875 0.727187 0.413062 0.728156 0.403271 0.724 0.39560399999999996 0.7125 0.390937 0.698453 0.39775 0.700375 0.41220799999999996 0.7042029999999999 0.419021 0.703875 0.419875
45 0.795719 0.664292 0.8023279999999999 0.663312 0.814063 0.660396 0.819187 0.651583 0.819187 0.6457080000000001 0.816266 0.6329999999999999 0.814063 0.6193120000000001 0.8089219999999999 0.611479 0.8037810000000001 0.603646 0.79425 0.5958330000000001 0.782516 0.593875 0.774438 0.593875 0.756844 0.597792 0.746563 0.6046250000000001 0.737031 0.620292 0.753172 0.635938 0.798656 0.660396 0.795719 0.664292
45 0.7508589999999999 0.744062 0.7707029999999999 0.7606040000000001 0.784953 0.758938 0.796734 0.749021 0.796734 0.739938 0.799203 0.726708 0.7508589999999999 0.744062
39 0.48876600000000003 0.708021 0.724719 0.651833 0.6910160000000001 0.584417 0.470219 0.638354 0.48876600000000003 0.708021
39 0.513172 0.804333 0.462141 0.811771 0.41829700000000003 0.818146 0.382422 0.8234790000000001 0.392781 0.841542 0.513172 0.804333
26 0.0773281 0.458896 0.0663906 0.471667 0.0670781 0.488979 0.0698125 0.504479 0.0930625 0.533667 0.104688 0.558271 0.12998400000000002 0.5801459999999999 0.164844 0.571042 0.178531 0.524542 0.173063 0.514521 0.179891 0.502667 0.169641 0.441583 0.141609 0.434292 0.0937344 0.44795799999999997 0.0951094 0.449792 0.0903281 0.45981299999999997 0.0773281 0.458896
54 0.811266 0.587938 0.812422 0.596708 0.837594 0.6003120000000001 0.868953 0.5987709999999999 0.871281 0.591542 0.855406 0.580187 0.847266 0.580187 0.822875 0.581229 0.811266 0.587938
54 0.842 0.633083 0.853688 0.63275 0.857344 0.6032080000000001 0.846391 0.600604 0.835437 0.6035210000000001 0.832016 0.626896 0.842 0.633083
12 0 0.676875 0.0010156296875 0.687083 0.00459375 0.687771 0.099375 0.6738130000000001 0.099375 0.6615420000000001 0.0965625 0.6615420000000001 0.061812500000000006 0.667 0.0383125 0.670396 0 0.673458 0 0.676875
12 0.00167188 0.506938 0.0652812 0.498021 0.0635938 0.4816460000000001 0.000546875 0.489083 0.00167188 0.506938
12 0.0049375 0.624271 0.0955469 0.6141869999999999 0.09253120000000001 0.6021249999999999 0.0064531203125 0.610167 0.0049375 0.624271
12 0.916641 0.916083 0.9350310000000001 0.924667 0.977313 0.788625 0.954328 0.760437 0.9368589999999999 0.775146 0.8670159999999999 0.892792 0.8670159999999999 0.8940210000000001 0.879875 0.912396 0.916641 0.916083
12 0.0010468796875 0.546833 0.08167189999999999 0.537208 0.08167189999999999 0.529188 0.08006250000000001 0.520625 0.060812500000000005 0.520625 0.0014531203124999999 0.529188 0.0010468796875 0.546833
12 0 0.524729 0.077 0.520208 0.0657344 0.502188 0.00153125 0.512708 0 0.524729
12 0.0625625 0.315583 0.062875 0.301896 0.0348906 0.302313 0.0510625 0.31597899999999995 0.0625625 0.315583
12 0.000703125 0.31597899999999995 0.0112656 0.315167 0.01625 0.303958 0 0.306042 0.000703125 0.31597899999999995
12 0 0.282375 0.0591094 0.270813 0.0591094 0.222625 0 0.236125 0 0.282375
12 0.05675 0.188438 0.05675 0.183521 0.043828099999999995 0.184 0.0346094 0.186958 0.0209531 0.189417 0.0109844 0.189417 0.0013906203125 0.189417 0 0.201729 0.00840625 0.201729 0.030921900000000002 0.20122900000000002 0.050843799999999995 0.19877099999999998 0.05675 0.188438
39 0.40635899999999997 0.8588539999999999 0.441594 0.854375 0.552375 0.814104 0.7185159999999999 0.752188 0.565797 0.790229 0.40692199999999995 0.817833 0.366078 0.822313 0.36495299999999997 0.822313 0.392937 0.853625 0.40635899999999997 0.8588539999999999