52 0.832563 0.46897199999999994 0.8385619999999999 0.46897199999999994 0.849094 0.459977 0.858109 0.44200900000000004 0.853594 0.433014 0.8520939999999999 0.39705599999999996 0.8415779999999999 0.388084 0.8415779999999999 0.36336399999999996 0.8596090000000001 0.36112099999999997 0.8611090000000001 0.334136 0.8520939999999999 0.32516399999999995 0.8310470000000001 0.322897 0.817531 0.352126 0.832563 0.36560699999999996 0.832563 0.385841 0.814516 0.390327 0.817531 0.399322 0.829547 0.408294 0.8205310000000001 0.419533 0.814516 0.433014 0.8190310000000001 0.451005 0.826547 0.46897199999999994 0.832563 0.46897199999999994
22 0 0.606379 0.0144375 0.729486 0.00721875 0.6646960000000001 0.00721875 0.6366120000000001 0.015890599999999998 0.619322 0.0216719 0.617173 0.0288906 0.617173 0.0418906 0.617173 0.05054689999999999 0.621495 0.0621094 0.658201 0.0621094 0.684136 0.0693281 0.7014020000000001 0.078 0.735958 0.0722187 0.7014020000000001 0.0693281 0.679813 0.065 0.6646960000000001 0.056328100000000006 0.6366120000000001 0.056328100000000006 0.6107009999999999 0.056328100000000006 0.599883 0.0548906 0.573972 0.0548906 0.5718219999999999 0.0577812 0.565327 0.0837813 0.556706 0.0996563 0.545888 0.0953281 0.530771 0.0953281 0.49838800000000005 0.0837813 0.496215 0.0693281 0.496215 0.0577812 0.49838800000000005 0.0447813 0.507009 0.0418906 0.509182 0.0418906 0.539416 0.0433281 0.5523830000000001 0.0433281 0.554533 0.0346719 0.576145 0.030328100000000004 0.578294 0.0115625 0.597734 0.0043281296875 0.597734 0 0.604206 0 0.606379
22 0.106734 0.538645 0.14035899999999998 0.522477 0.14035899999999998 0.472196 0.138563 0.468598 0.113937 0.476682 0.112141 0.476682 0.106141 0.47848100000000005 0.106734 0.5368459999999999 0.106734 0.538645
22 0.108281 0.477056 0.11496900000000002 0.476238 0.138656 0.46852800000000006 0.140453 0.47214999999999996 0.140516 0.485187 0.140578 0.487009 0.140516 0.49558399999999997 0.140641 0.52215 0.143063 0.522243 0.143313 0.520818 0.143687 0.520537 0.143625 0.5237620000000001 0.14650000000000002 0.523995 0.150766 0.524089 0.151188 0.515888 0.151188 0.512757 0.151766 0.494416 0.151922 0.483528 0.15234399999999998 0.459883 0.152203 0.450607 0.145203 0.45007 0.145031 0.45228999999999997 0.122313 0.450467 0.12245299999999999 0.453879 0.120781 0.453435 0.12017199999999999 0.455374 0.113625 0.454953 0.11220300000000001 0.451542 0.10878099999999999 0.451542 0.10793699999999999 0.454112 0.108281 0.477056
24 0.788125 0.6236449999999999 0.791 0.556986 0.789562 0.464509 0.789562 0.46236000000000005 0.457344 0.44946299999999995 0.445828 0.518271 0.41418699999999997 0.550537 0.409875 0.703224 0.419953 0.698925 0.763672 0.746238 0.788125 0.6236449999999999
24 0.201063 0.506565 0.112547 0.536659 0.08898439999999999 0.552126 0.0780625 0.557266 0.0717344 0.572757 0.0838125 0.627757 0.0838125 0.656986 0.0866875 0.7300470000000001 0.0953125 0.773879 0.11025 0.7841819999999999 0.12346900000000001 0.8168460000000001 0.224641 0.837477 0.227516 0.855537 0.24131200000000003 0.859836 0.26084399999999996 0.8426400000000001 0.257969 0.825444 0.374656 0.7154210000000001 0.38443700000000003 0.704252 0.38443700000000003 0.7205839999999999 0.39420299999999997 0.7094159999999999 0.397656 0.7059810000000001 0.397656 0.69222 0.40340600000000004 0.669883 0.40053099999999997 0.565023 0.397656 0.552126 0.314875 0.5495329999999999 0.295906 0.494533 0.287297 0.480771 0.20164100000000001 0.506565 0.201063 0.506565
27 0.051500000000000004 0.552523 0.0533125 0.531589 0.051953099999999995 0.508598 0.0618906 0.499136 0.0686719 0.49644900000000003 0.108891 0.485631 0.0975938 0.481589 0.07951559999999999 0.486308 0.004046879687499999 0.511986 0.0026875 0.512664 0.00225 0.566729 0.0415625 0.557944 0.051500000000000004 0.552523
12 0.216688 0.385397 0.217062 0.341542 0.204875 0.341542 0.210203 0.343808 0.210594 0.343808 0.210203 0.388832 0.216688 0.385397
12 0.186719 0.37119199999999997 0.19084399999999999 0.366706 0.190656 0.36222 0.175672 0.352126 0.174734 0.35128499999999996 0.162547 0.35408900000000004 0.162172 0.37147199999999997 0.186719 0.37119199999999997
12 0.182297 0.330818 0.18071900000000002 0.290771 0.17626599999999998 0.291939 0.17678100000000002 0.331215 0.182297 0.330818
12 0.203297 0.331916 0.202625 0.30808399999999997 0.191781 0.30908899999999995 0.18823399999999998 0.312383 0.188906 0.330935 0.203297 0.331916
52 0.44446899999999995 0.328879 0.44059400000000004 0.341308 0.437812 0.352897 0.4538749999999999 0.362009 0.451672 0.325561 0.44446899999999995 0.328879
52 0.45332800000000006 0.446495 0.4538749999999999 0.448154 0.455547 0.410047 0.448891 0.410047 0.45332800000000006 0.446495
12 0.225719 0.384509 0.23010899999999998 0.384509 0.230375 0.378154 0.228688 0.336822 0.22507799999999997 0.336822 0.222234 0.337383 0.22210899999999997 0.342407 0.22120299999999998 0.384509 0.225719 0.384509
12 0.20037500000000003 0.350864 0.20273400000000003 0.386565 0.205422 0.386565 0.206094 0.347336 0.20037500000000003 0.34834099999999996 0.20037500000000003 0.350864
12 0.174359 0.351028 0.191297 0.363224 0.191297 0.3675 0.188859 0.370257 0.189469 0.39222 0.191906 0.392523 0.192125 0.345514 0.17496899999999999 0.347056 0.174359 0.351028
12 0.202219 0.46572399999999997 0.197516 0.465164 0.19528099999999998 0.46535000000000004 0.19775 0.506308 0.200359 0.506308 0.204703 0.504089 0.202219 0.46572399999999997
12 0.226891 0.456215 0.221719 0.458785 0.221297 0.49420600000000003 0.232922 0.48906499999999997 0.23464100000000002 0.491636 0.235937 0.45364499999999996 0.226891 0.456215
12 0.182453 0.514089 0.183312 0.512407 0.180172 0.477897 0.177906 0.477897 0.180469 0.513668 0.182453 0.514089
12 0.188734 0.46640200000000004 0.167375 0.471519 0.171078 0.514953 0.190437 0.508551 0.188734 0.46640200000000004
76 1 0.485444 0.9931559999999999 0.47289699999999996 0.9642189999999999 0.48126199999999997 0.945562 0.689206 1 0.7659579999999999 1 0.485444
12 0.215656 0.454393 0.217766 0.453411 0.210625 0.40198599999999995 0.209 0.393715 0.205594 0.39493000000000006 0.20381300000000002 0.394696 0.202344 0.394696 0.202516 0.396636 0.203656 0.39736 0.204953 0.39736 0.214031 0.44493 0.215656 0.454393
12 0.17485900000000001 0.46619200000000005 0.173984 0.411332 0.16509400000000002 0.411005 0.16509400000000002 0.417173 0.166828 0.41813100000000003 0.17139100000000002 0.417804 0.17225 0.46425200000000005 0.17485900000000001 0.46619200000000005