74 0.895609 0.435957 0.885203 0.435957 0.854016 0.422482 0.8213440000000001 0.420236 0.742625 0.411229 0.735203 0.388771 0.727781 0.386525 0.7055 0.35730500000000004 0.687672 0.34607600000000005 0.652031 0.34158400000000005 0.647563 0.325839 0.637172 0.33033100000000004 0.628266 0.35281300000000004 0.6119220000000001 0.36404299999999995 0.6059840000000001 0.361797 0.6045 0.325839 0.607469 0.296619 0.600047 0.28089800000000004 0.5896410000000001 0.298865 0.558453 0.262931 0.525781 0.265177 0.499047 0.298865 0.510922 0.34607600000000005 0.481219 0.37527200000000005 0.485672 0.5415840000000001 0.457453 0.54383 0.454484 0.568534 0.430719 0.584279 0.423297 0.631466 0.423297 0.6404489999999999 0.409938 0.642695 0.406953 0.676407 0.464891 0.678652 0.460422 0.6943739999999999 0.44854700000000003 0.6943739999999999 0.451516 0.712364 0.451516 0.7325769999999999 0.445578 0.737069 0.445578 0.748322 0.414391 0.750567 0.406953 0.766288 0.403984 0.773026 0.464891 0.786525 0.500531 0.826974 0.546578 0.824728 0.622328 0.7775179999999999 0.659453 0.730331 0.886703 0.606738 0.972844 0.582033 0.980266 0.5797640000000001 0.980266 0.503381 0.9683909999999999 0.45617 0.926797 0.431466 0.895609 0.435957
50 0.8932499999999999 0.48508300000000004 0.8932499999999999 0.49768300000000004 0.8982810000000001 0.525556 0.910562 0.520591 0.9156090000000001 0.5116310000000001 0.920875 0.503002 0.9184530000000001 0.494043 0.9138590000000001 0.48508300000000004 0.912312 0.47215100000000004 0.908375 0.47182 0.9042030000000001 0.482104 0.8932499999999999 0.48508300000000004
50 0.708672 0.515721 0.706141 0.49929100000000004 0.706859 0.489433 0.710484 0.47900699999999996 0.713016 0.465319 0.712297 0.459858 0.709766 0.452719 0.705063 0.448889 0.7039690000000001 0.456572 0.7025159999999999 0.51844 0.708672 0.515721
50 0.917984 0.477187 0.927547 0.487754 0.9298590000000001 0.48227000000000003 0.9303750000000001 0.47758900000000004 0.9293440000000001 0.472104 0.9293440000000001 0.471726 0.927797 0.463901 0.927547 0.453735 0.926766 0.451797 0.9221090000000001 0.452955 0.919266 0.453357 0.919016 0.45607600000000004 0.920312 0.463522 0.917719 0.47758900000000004 0.917984 0.477187
50 0.908938 0.46548500000000004 0.9103910000000001 0.46744700000000006 0.913125 0.46765999999999996 0.915578 0.475296 0.9171720000000001 0.478369 0.919047 0.47203300000000004 0.918469 0.46548500000000004 0.919187 0.460449 0.918469 0.45281299999999997 0.916453 0.450402 0.9112500000000001 0.450402 0.909094 0.453688 0.908656 0.46089800000000003 0.908938 0.46548500000000004
50 0.936453 0.47770700000000005 0.940234 0.49078 0.942141 0.503239 0.948031 0.507683 0.9512029999999999 0.521087 0.9579380000000001 0.521087 0.955203 0.5054609999999999 0.94825 0.49333299999999997 0.9463440000000001 0.486005 0.945297 0.478676 0.9461410000000001 0.471655 0.9455159999999999 0.46177300000000004 0.940656 0.45921999999999996 0.936453 0.466241 0.9368589999999999 0.478676 0.936453 0.47770700000000005
50 0.739172 0.528463 0.740031 0.51104 0.733625 0.506525 0.734063 0.53104 0.739172 0.528463
50 0.7418455511508075 0.5498937113290224 0.739147155690315 0.5586982069342729 0.742156 0.557494 0.749406 0.562671 0.751547 0.565887 0.754109 0.572979 0.756234 0.578794 0.760078 0.587825 0.766469 0.591064 0.769031 0.593641 0.772016 0.599456 0.776703 0.587187 0.779266 0.577494 0.772437 0.577494 0.768172 0.573641 0.766469 0.569764 0.761781 0.557494 0.756234 0.552979 0.748563 0.550402 0.744297 0.543948 0.7439329576099408 0.5430827893330095 0.741313 0.536856 0.7418455511508075 0.5498937113290224
73 0.381641 0.181371 0.377766 0.18763600000000002 0.378547 0.199787 0.38475000000000004 0.209196 0.394328 0.199409 0.402625 0.179031 0.404172 0.164137 0.403141 0.148085 0.398484 0.142979 0.392516 0.14141800000000002 0.389156 0.144539 0.387609 0.145721 0.385266 0.166879 0.381641 0.181371
50 0.681203 0.493452 0.6799999999999999 0.489504 0.679406 0.487683 0.678 0.485556 0.676391 0.47948 0.677391 0.478274 0.675781 0.475839 0.674578 0.473712 0.6743750000000001 0.47035499999999997 0.676391 0.46945600000000004 0.678797 0.467943 0.678391 0.467636 0.678 0.463972 0.678203 0.460331 0.677187 0.456998 0.674984 0.45305 0.673984 0.45305 0.671359 0.455485 0.669359 0.458203 0.667547 0.46186799999999995 0.666141 0.465201 0.665547 0.470071 0.665547 0.47432599999999997 0.665547 0.47948 0.663938 0.483428 0.662125 0.484941 0.661125 0.487683 0.660922 0.49104000000000003 0.681203 0.493452
50 0.907391 0.47056699999999996 0.907156 0.46078 0.905375 0.45721 0.901641 0.456241 0.899297 0.458085 0.899297 0.47094600000000003 0.9001089999999999 0.472908 0.8984840000000001 0.480496 0.8987339999999999 0.484184 0.9043910000000001 0.482459 0.907156 0.47487 0.9064220000000001 0.473877 0.907391 0.47056699999999996
50 0.9513130000000001 0.48066200000000003 0.951094 0.475792 0.951094 0.47125300000000003 0.947875 0.46832199999999996 0.946375 0.46768299999999996 0.946156 0.47319100000000003 0.946156 0.479362 0.9472340000000001 0.48974 0.9493750000000001 0.49331 0.9513130000000001 0.496903 0.953453 0.501111 0.954969 0.502411 0.9556089999999999 0.505343 0.9556089999999999 0.49818 0.955391 0.500142 0.9523910000000001 0.483262 0.9513130000000001 0.48066200000000003
50 0.765562 0.4974 0.765781 0.4974 0.773937 0.496761 0.774359 0.464941 0.764922 0.46591 0.765562 0.4974
50 0.778656 0.46721 0.778438 0.49643 0.788094 0.494161 0.786594 0.478251 0.782516 0.467849 0.778656 0.46721
50 0.764281 0.522719 0.775016 0.519811 0.774359 0.50227 0.764062 0.503239 0.764281 0.522719
50 0.784453 0.544799 0.786594 0.533759 0.786594 0.525012 0.776516 0.526619 0.777797 0.550331 0.778656 0.550331 0.784453 0.544799
50 0.764281 0.528251 0.765141 0.550969 0.775656 0.549362 0.774359 0.527589 0.764281 0.528251