50 0.061875 0.24235299999999999 0 0.246847 0.0096406203125 0.8940469999999999 0.0648594 0.9592 0.169313 0.923247 0.320031 0.896282 0.37076600000000004 0.8872939999999999 0.390172 0.916518 0.415531 0.999647 0.708016 0.981671 0.8124840000000001 0.909765 0.891578 0.689553 0.8363590000000001 0.624376 0.696078 0.6446120000000001 0.6737029999999999 0.6850590000000001 0.639375 0.7389880000000001 0.66325 0.646847 0.642359 0.6446120000000001 0.579688 0.642353 0.597594 0.5951529999999999 0.614016 0.545718 0.579688 0.521012 0.508063 0.590659 0.46179699999999996 0.6580940000000001 0.397625 0.6917880000000001 0.334953 0.6783060000000001 0.270781 0.6536 0.127531 0.619882 0.140953 0.500776 0.12156199999999999 0.37943499999999997 0.0633594 0.240118 0.061875 0.24235299999999999
50 0.547469 0.455129 0.547469 0.430024 0.538656 0.40494100000000005 0.520031 0.365082 0.524937 0.304588 0.5161089999999999 0.257341 0.493563 0.255882 0.46710900000000005 0.275059 0.45729699999999995 0.319341 0.41809399999999997 0.354753 0.395547 0.39903500000000003 0.408297 0.42856500000000003 0.442594 0.45216500000000004 0.49160899999999996 0.463976 0.50925 0.483176 0.522969 0.5200710000000001 0.559234 0.543694 0.593531 0.5215529999999999 0.5896250000000001 0.494988 0.563156 0.4684 0.547469 0.455129
50 0.126844 0.211247 0.168625 0.256188 0.188031 0.28538800000000003 0.20145300000000002 0.30785900000000005 0.214891 0.332588 0.232797 0.364047 0.24771899999999997 0.402259 0.259656 0.44044700000000003 0.277562 0.48089400000000004 0.292484 0.512353 0.30592199999999997 0.521341 0.316359 0.512353 0.30592199999999997 0.456188 0.299953 0.42696500000000004 0.280547 0.384259 0.255172 0.3236 0.244734 0.303365 0.231297 0.292141 0.22682799999999997 0.283153 0.22384400000000002 0.269671 0.22532800000000003 0.249435 0.231297 0.24044700000000002 0.24621900000000002 0.222471 0.255172 0.20449399999999998 0.255172 0.18202400000000002 0.243234 0.16178800000000002 0.243234 0.146071 0.243234 0.13258799999999998 0.243234 0.11235300000000001 0.243234 0.09214119999999999 0.231297 0.0561882 0.21637499999999998 0.0382118 0.194 0.0224706 0.17757799999999999 0.0247294 0.17160899999999998 0.0314588 0.16564099999999998 0.04044709882352941 0.16564099999999998 0.0606824 0.16564099999999998 0.08315289882352941 0.167141 0.103365 0.16564099999999998 0.119106 0.162656 0.130329 0.143266 0.1528 0.13281199999999999 0.16628199999999999 0.126844 0.17527099999999998 0.117891 0.202259 0.126844 0.211247
50 0.29715600000000003 0.369859 0.300187 0.273976 0.300187 0.18265900000000002 0.282 0.10959999999999999 0.254703 0.10959999999999999 0.24560900000000002 0.14155299999999998 0.251672 0.18265900000000002 0.221359 0.305929 0.282 0.392682 0.29715600000000003 0.369859
50 0.782594 0 0.769359 0.0016 0.7384839999999999 0.053294098823529416 0.71975 0.122188 0.7186410000000001 0.14957600000000001 0.693281 0.170329 0.682813 0.187765 0.666281 0.218494 0.653047 0.26 0.6315470000000001 0.308141 0.852047 0.204988 0.852047 0.199176 0.849844 0.149365 0.8492810000000001 0.12197599999999999 0.852047 0.0846118 0.8503909999999999 0.07548239999999999 0.839922 0.03729409882352941 0.8266880000000001 0.015717599999999998 0.798016 0 0.782594 0
50 0.0029843796874999997 0.244941 0.0447656 0.24270599999999998 0.0373125 0.184259 0.0775937 0.274165 0.122359 0.382024 0.138781 0.48089400000000004 0.138781 0.534824 0.131312 0.617976 0.273094 0.6494350000000001 0.313375 0.665176 0.404406 0.6898820000000001 0.46857800000000005 0.6472 0.49095300000000003 0.620235 0.547672 0.5415760000000001 0.5237809999999999 0.5168470000000001 0.501406 0.492141 0.48200000000000004 0.460682 0.41485900000000003 0.442706 0.3865 0.42696500000000004 0.370078 0.4764 0.34023400000000004 0.505624 0.30740599999999996 0.5280940000000001 0.286516 0.5078590000000001 0.262641 0.47865899999999995 0.23726600000000003 0.382024 0.207422 0.328094 0.152219 0.24270599999999998 0.12385900000000001 0.18202400000000002 0.140281 0.141576 0.15818700000000002 0.107859 0.174594 0.006752941176470588 0.164156 0 0.00596875 0.006752941176470588 0.0029843796874999997 0.244941
22 0.740172 0.278659 0.752109 0.357294 0.8043440000000001 0.653929 0.8535780000000001 0.671906 0.880437 0.696635 0.816281 0.289882 0.802844 0.24044700000000002 0.740172 0.278659
50 0.322328 0.253247 0.308906 0.242 0.293984 0.253247 0.288016 0.322918 0.296969 0.327412 0.316359 0.322918 0.322328 0.271224 0.322328 0.253247
50 0.392469 0.41054100000000004 0.413359 0.374588 0.42231199999999997 0.34988199999999997 0.399938 0.343129 0.390969 0.331906 0.373062 0.331906 0.361125 0.36785899999999994 0.376047 0.390329 0.392469 0.41054100000000004
22 0.896312 0.20120000000000002 0.89975 0.250424 0.9066409999999999 0.310024 0.997812 0.696024 1 0.157176 0.901469 0.20120000000000002 0.896312 0.20120000000000002
22 0.733234 0.6510349999999999 0.798953 0.6328239999999999 0.7315 0.286447 0.6467660000000001 0.335929 0.650234 0.338541 0.702109 0.502612 0.733234 0.6510349999999999
22 0.612031 0.3597409999999999 0.607453 0.385012 0.642563 0.509153 0.641031 0.525247 0.702094 0.509153 0.651719 0.35054100000000005 0.612031 0.3597409999999999
22 0.652469 0.632047 0.6715 0.683976 0.733344 0.6553179999999998 0.713125 0.563976 0.697672 0.589059 0.652469 0.632047
21 0.703859 0.562565 0.701094 0.553224 0.688016 0.551153 0.672844 0.551153 0.6507970000000001 0.553224 0.634266 0.5552940000000001 0.623234 0.559435 0.5908439999999999 0.588494 0.574313 0.603035 0.569484 0.607176 0.573625 0.6206590000000001 0.579828 0.624824 0.590156 0.627929 0.607391 0.6403760000000001 0.617031 0.6403760000000001 0.636328 0.642471 0.634953 0.644541 0.701094 0.586424 0.703859 0.562565
50 0.36221899999999996 0.358447 0.369109 0.340259 0.408781 0.311694 0.393266 0.267529 0.379469 0.231176 0.33634400000000003 0.231176 0.313922 0.314282 0.282875 0.36882400000000004 0.301844 0.43376499999999996 0.315641 0.516894 0.370844 0.472729 0.382906 0.43635300000000005 0.403609 0.42856500000000003 0.365672 0.36882400000000004 0.36221899999999996 0.358447