50 0.27706200000000003 0.6631340000000001 0.27706200000000003 0.630909 0.301266 0.658301 0.320203 0.6502389999999999 0.329672 0.6260769999999999 0.337047 0.5954550000000001 0.358094 0.627679 0.380188 0.624474 0.394922 0.608349 0.385453 0.638971 0.408594 0.651842 0.443328 0.600287 0.45595299999999994 0.532632 0.45175 0.46495200000000003 0.429641 0.424665 0.43912500000000004 0.39567 0.437016 0.37794300000000003 0.420172 0.358612 0.400188 0.358612 0.389656 0.390837 0.339141 0.413397 0.301266 0.43435399999999996 0.274953 0.471411 0.262328 0.489115 0.263375 0.518134 0.28548399999999996 0.50201 0.24234399999999998 0.603517 0.218141 0.619641 0.27706200000000003 0.6631340000000001
50 0.969438 0.46567 0.982766 0.464426 0.983687 0.46 0.985891 0.452368 0.9921559999999999 0.444019 0.991563 0.44083700000000003 0.987859 0.43942600000000004 0.987281 0.435861 0.9871719999999999 0.427536 0.9849690000000001 0.421675 0.982422 0.420789 0.979063 0.421866 0.9770939999999999 0.425215 0.9763909999999999 0.430191 0.975125 0.438349 0.969562 0.443684 0.9670159999999999 0.453612 0.965625 0.46708099999999997 0.969438 0.46567
50 0.16899999999999998 0.228923 0.169797 0.231364 0.170594 0.232584 0.17139100000000002 0.230766 0.172187 0.226483 0.173187 0.221603 0.172984 0.215191 0.169594 0.213349 0.16899999999999998 0.217943 0.167797 0.223421 0.16899999999999998 0.228923
50 0.217984 0.235335 0.219922 0.23569400000000001 0.22417199999999998 0.234952 0.22585899999999998 0.23311 0.223922 0.22901899999999997 0.22417199999999998 0.226818 0.223563 0.22311 0.22343799999999997 0.22217699999999999 0.22259400000000001 0.21956900000000001 0.222344 0.219211 0.22137500000000002 0.21624400000000002 0.22114099999999998 0.21586100000000003 0.22004700000000002 0.21382800000000002 0.21943800000000002 0.21124400000000002 0.21932800000000002 0.210694 0.21907800000000002 0.210311 0.217984 0.21124400000000002 0.21726600000000001 0.212536 0.216547 0.217536 0.21726600000000001 0.221053 0.217625 0.222368 0.21846899999999997 0.226818 0.218594 0.227919 0.21749999999999997 0.229952 0.21726600000000001 0.23033499999999998 0.21739099999999997 0.234785 0.217984 0.235335
50 0.47485900000000003 0.534234 0.496141 0.530574 0.49668799999999996 0.5190670000000001 0.48990600000000006 0.5120330000000001 0.487891 0.507823 0.481469 0.507273 0.482562 0.515407 0.47485900000000003 0.529163 0.47485900000000003 0.534234
50 0.0454219 0.6345930000000001 0.0502031 0.643589 0.0542344 0.638804 0.0533125 0.6264590000000001 0.0549687 0.6227989999999999 0.0542344 0.61689 0.0525781 0.616053 0.0538594 0.612967 0.052953099999999996 0.6059329999999999 0.050749999999999997 0.60567 0.050375 0.607632 0.0465313 0.6152150000000001 0.0454219 0.6345930000000001
50 0.213891 0.230359 0.213672 0.228828 0.21278100000000003 0.224904 0.211656 0.22131599999999998 0.211 0.21689 0.20976599999999998 0.215191 0.207656 0.21689 0.207984 0.22131599999999998 0.20787499999999998 0.22729700000000003 0.21278100000000003 0.231722 0.213891 0.230359
50 0 0.6513880000000001 0.0019218703125 0.65622 0.0033281203125 0.665909 0.0038593796875 0.668325 0.0057968703125 0.6645690000000001 0.007015629687499999 0.661053 0.0075468703125 0.65488 0.0075468703125 0.649761 0.009125 0.643325 0.009125 0.636866 0.00421875 0.633373 0.00315625 0.636053 0.00228125 0.641699 0 0.643589 0 0.6513880000000001
50 0.961688 0.434593 0.9600310000000001 0.432081 0.958391 0.42956900000000003 0.956266 0.42559800000000003 0.9536720000000001 0.423062 0.9522660000000001 0.42378 0.949906 0.42811000000000005 0.950141 0.43784700000000004 0.949437 0.446268 0.943312 0.47294300000000006 0.9437810000000001 0.47509599999999996 0.9473280000000001 0.47870799999999997 0.950141 0.48339699999999997 0.950375 0.490598 0.950141 0.503589 0.9477969999999999 0.524498 0.9437810000000001 0.548636 0.9548590000000001 0.549019 0.9626250000000001 0.547919 0.9635619999999999 0.539043 0.968281 0.507679 0.966391 0.466579 0.968047 0.452153 0.966859 0.449976 0.964031 0.446388 0.9607340000000001 0.44169899999999995 0.9605 0.43411500000000003 0.961688 0.434593
50 1 0.464833 0.999312 0.424043 0.995891 0.42650699999999997 0.994453 0.430933 0.9949999999999999 0.436986 0.9962500000000001 0.439474 0.996609 0.441388 0.992469 0.443325 0.9913909999999999 0.445263 0.9840159999999999 0.457656 0.9840159999999999 0.457943 0.9836560000000001 0.463995 0.989672 0.48681800000000003 0.994563 0.490574 0.994563 0.49878 0.9930939999999999 0.516746 0.991141 0.542919 0.992297 0.539809 0.994453 0.548612 1 0.547249 1 0.464833
50 0.0427031 0.607177 0.040718700000000004 0.605263 0.0391094 0.607177 0.0398281 0.612967 0.038031300000000004 0.617081 0.0385625 0.624498 0.0396406 0.635502 0.0452031 0.633852 0.0452031 0.6126790000000001 0.042875 0.608565 0.0427031 0.607177
50 0.0078593796875 0.647225 0.0078593796875 0.6530379999999999 0.0078593796875 0.655957 0.008015629687500001 0.659593 0.008015629687500001 0.662273 0.0078593796875 0.664211 0.0078593796875 0.666148 0.0081718796875 0.669785 0.0084843703125 0.670766 0.0100781 0.670766 0.0103906 0.670287 0.010234400000000001 0.669067 0.00975 0.66445 0.0100781 0.661794 0.0108594 0.659115 0.0110312 0.6561959999999999 0.0105469 0.6506219999999999 0.010234400000000001 0.646746 0.0107031 0.6448090000000001 0.0107031 0.6414110000000001 0.009281250000000001 0.6409090000000001 0.0081718796875 0.6438280000000001 0.0078593796875 0.647225
50 0.9026249999999999 0.0571052990430622 0.903109 0.053277500000000005 0.902531 0.0519617009569378 0.9007970000000001 0.0497367990430622 0.9001250000000001 0.0476793995215311 0.8995469999999999 0.0494497990430622 0.8991720000000001 0.0519617009569378 0.8991720000000001 0.0554785 0.89975 0.0591627009569378 0.899938 0.060502399521531094 0.900609 0.0643301004784689 0.901281 0.063445 0.9020469999999999 0.0600477990430622 0.9026249999999999 0.0571052990430622
60 0.131 0.565311 0.144125 0.603612 0.34859399999999996 0.7299760000000001 0.358789853125 0.7244548205741627 0.384219 0.7433730000000001 0.39173399999999997 0.741459 0.38923399999999997 0.7299760000000001 0.382344 0.720407 0.28106200000000003 0.630407 0.272937 0.640933 0.2407566765625 0.6051004090909091 0.239172 0.609354 0.217898678125 0.592706447368421 0.142875 0.5834929999999999 0.131 0.565311
60 0.217898678125 0.592706447368421 0.23107971562500002 0.5943251722488038 0.2407566765625 0.6051004090909091 0.244172 0.595933 0.176641 0.533708 0.182891 0.565311 0.217898678125 0.592706447368421