13 0.768771 0.648266 0.7424999999999999 0.667047 0.7424999999999999 0.677359 0.73 0.8425 0.761271 0.870656 0.812562 0.8697190000000001 0.842583 0.850953 0.836333 0.663281 0.821313 0.652969 0.821313 0.6304529999999999 0.807562 0.612625 0.786292 0.622 0.773771 0.637953 0.768771 0.648266
13 0.834229 0.464875 0.8323959999999999 0.47039099999999995 0.825958 0.487297 0.8512500000000001 0.49489099999999997 0.8563120000000001 0.491781 0.858604 0.48453099999999993 0.8618330000000001 0.455547 0.837 0.453828 0.834229 0.464875
13 0.871167 0.49920299999999995 0.884625 0.5078590000000001 0.892792 0.5067809999999999 0.89375 0.503891 0.8971250000000001 0.491281 0.893271 0.475422 0.895188 0.457391 0.891833 0.45595299999999994 0.874042 0.4545 0.863 0.456313 0.862021 0.46856200000000003 0.854333 0.49560899999999997 0.871167 0.49920299999999995
50 0.318312 0.603609 0.26685400000000004 0.5875779999999999 0.2545 0.516953 0.277667 0.479906 0.20975000000000002 0.350234 0.197396 0.33054700000000004 0.214375 0.324766 0.217458 0.312031 0.25295799999999996 0.314344 0.259146 0.302766 0.28075 0.317812 0.357938 0.298141 0.361021 0.242563 0.357938 0.180047 0.322438 0.126781 0.260688 0.108266 0.178875 0.10593699999999999 0.135646 0.10478099999999999 0.0955 0.122156 0.0877917 0.149938 0.0924167 0.158047 0.047645799999999995 0.175406 0.0214167 0.189297 0.0136875 0.215937 0.0152292 0.242563 0.0368542 0.26687500000000003 0.061541700000000005 0.285406 0.0877917 0.28425 0.0754375 0.298141 0.0260417 0.316656 0 0.352547 0.002875 0.452516 0.0183125 0.497672 0.0383958 0.556719 0.0260417 0.598406 0.0352917 0.685234 0.0383958 0.711859 0.046104200000000005 0.7674369999999999 0.0939583 0.781328 0.123292 0.7859689999999999 0.14027099999999998 0.779016 0.13410399999999997 0.760484 0.0939583 0.7315470000000001 0.0800625 0.701438 0.08160419999999999 0.669031 0.12020800000000001 0.6574530000000001 0.141812 0.6620779999999999 0.18195799999999998 0.6470309999999999 0.20818799999999998 0.642391 0.23443699999999998 0.625031 0.257604 0.633141 0.257604 0.643547 0.305458 0.648187 0.339417 0.667859 0.38881299999999996 0.6667029999999999 0.415063 0.653969 0.478354 0.670188 0.480479 0.671172 0.435437 0.630625 0.318312 0.603609
50 0.491396 0.649438 0.410479 0.683141 0.386521 0.741578 0.515354 0.680906 0.6681670000000001 0.660672 0.6891459999999999 0.730344 0.7430629999999999 0.615734 0.797 0.6134839999999999 0.913854 0.676406 0.925833 0.656187 0.880896 0.591016 0.6951250000000001 0.462922 0.614229 0.43145300000000003 0.638208 0.4 0.6441870000000001 0.352813 0.59925 0.298875 0.5513119999999999 0.287641 0.47639600000000004 0.32134399999999996 0.452437 0.382016 0.47939600000000004 0.44045300000000004 0.419479 0.49437499999999995 0.341583 0.5572969999999999 0.32360399999999995 0.608984 0.491396 0.649438
79 0.537708 0.831031 0.556396 0.866797 0.558271 0.899766 0.577917 0.899062 0.5760419999999999 0.878016 0.5872499999999999 0.8534840000000001 0.601292 0.824719 0.6256039999999999 0.798781 0.643354 0.7595 0.651771 0.713922 0.6415000000000001 0.698484 0.605021 0.690078 0.550792 0.691469 0.511521 0.699188 0.501229 0.716719 0.5002920000000001 0.760203 0.517125 0.794562 0.537708 0.831031
26 0.434458 0.988766 0.485396 0.988766 0.527333 0.986516 0.683146 0.9775309999999999 0.698125 0.957297 0.677146 0.907859 0.5782710000000001 0.8898910000000001 0.506375 0.9011250000000001 0.47041700000000003 0.9235939999999999 0.45841699999999996 0.939328 0.455438 0.959547 0.44045799999999996 0.973031 0.434458 0.988766
14 0.0639792 0.779828 0.0649167 0.783281 0.0602917 0.790922 0.0621458 0.793687 0.0662917 0.786062 0.0778542 0.791609 0.07831250000000001 0.802359 0.0824792 0.811703 0.07970830000000001 0.8186410000000001 0.07 0.822453 0.0704583 0.825234 0.0741458 0.841516 0.0764583 0.8442970000000001 0.0977292 0.8207190000000001 0.10743799999999999 0.809281 0.114354 0.793687 0.1065 0.784672 0.102813 0.781906 0.09033329999999999 0.776016 0.0644583 0.772547 0.0505833 0.774625 0.0639792 0.779828
17 0.576 0.697875 0.518625 0.698844 0.514708 0.710594 0.512104 0.718406 0.510792 0.731125 0.561667 0.751672 0.6386039999999998 0.753625 0.642521 0.722328 0.6048097057070356 0.7211939170490272 0.624271 0.713516 0.591667 0.712547 0.576 0.697875
17 0.732521 0.719391 0.715563 0.690047 0.699917 0.689063 0.707729 0.709609 0.645125 0.710594 0.642521 0.771234 0.675125 0.777094 0.6972919999999999 0.748734 0.701208 0.724281 0.732521 0.719391
22 0.317604 0.605672 0.334167 0.574203 0.351833 0.546047 0.363979 0.5261560000000001 0.392688 0.5054529999999999 0.378333 0.502969 0.375021 0.502969 0.361771 0.5054529999999999 0.34741700000000003 0.507109 0.333062 0.509594 0.32091699999999995 0.519531 0.314292 0.6023590000000001 0.317604 0.605672
79 0.730542 0.612641 0.727542 0.612641 0.7215 0.617156 0.7200000000000001 0.621687 0.716979 0.627328 0.716979 0.637516 0.7200000000000001 0.6567339999999999 0.7200000000000001 0.689516 0.727542 0.712125 0.730542 0.720047 0.7380829999999999 0.720047 0.739604 0.712125 0.739604 0.697422 0.739604 0.6827340000000001 0.745625 0.666906 0.757687 0.655594 0.77125 0.642031 0.775771 0.6194219999999999 0.7818120000000001 0.616031 0.729042 0.623938 0.730542 0.612641
26 0.606729 0.861688 0.616354 0.851375 0.630104 0.826109 0.645229 0.8054690000000001 0.652125 0.787937 0.634917 0.777109 0.632167 0.789484 0.590229 0.8472500000000001 0.583354 0.865297 0.595729 0.865297 0.606729 0.861688
26 0.524271 0.801313 0.514563 0.786078 0.509271 0.776156 0.496917 0.791375 0.513687 0.823813 0.531333 0.852266 0.538396 0.8641880000000001 0.549854 0.8668280000000002 0.557792 0.862859 0.5375 0.823141 0.524271 0.801313
14 0.31266700000000003 0.523281 0.31785399999999997 0.519062 0.32997899999999997 0.514188 0.330833 0.508672 0.346417 0.5041249999999999 0.38797899999999996 0.506391 0.407021 0.496328 0.38581299999999996 0.472625 0.329104 0.473594 0.32825 0.47814100000000004 0.317417 0.48075 0.302708 0.49243800000000004 0.293187 0.523922 0.297083 0.5284690000000001 0.31135399999999996 0.528797 0.31266700000000003 0.523281
26 0.720958 0.6182190000000001 0.715792 0.6508130000000001 0.717271 0.687828 0.729792 0.718219 0.740854 0.718766 0.740854 0.6822969999999999 0.742313 0.676781 0.745271 0.669594 0.754104 0.659656 0.766625 0.648594 0.774729 0.646938 0.7739999999999999 0.635344 0.776208 0.625391 0.7843129999999999 0.614891 0.770312 0.614344 0.725375 0.617656 0.720958 0.6182190000000001
17 0.6355419999999999 0.689859 0.6303540000000001 0.684656 0.623854 0.676547 0.619104 0.669719 0.608708 0.670375 0.594417 0.673937 0.586208 0.6710160000000001 0.579271 0.6719999999999999 0.57625 0.675891 0.5779789999999999 0.692125 0.60525 0.69375 0.635125 0.70025 0.648104 0.709328 0.704812 0.7109530000000001 0.7052499999999999 0.703484 0.69875 0.688234 0.687937 0.679141 0.668458 0.6710160000000001 0.661083 0.6710160000000001 0.6585 0.685953 0.639021 0.6905 0.6355419999999999 0.689859