13 0.877 0.057184 0.8745599999999999 0.08711749889135255 0.87824 0.09119729933481152 0.8745599999999999 0.10618599999999999 0.8549 0.115698 0.8254400000000001 0.144302 0.80826 0.17831499999999997 0.79352 0.271707 0.7493200000000001 0.44306 0.7689600000000001 0.460754 0.7996599999999999 0.481175 0.83526 0.513858 0.8586 0.5437919999999999 0.8733200000000001 0.5751 0.8819199999999999 0.602328 0.9089400000000001 0.596874 0.95928 0.342328 0.9899600000000001 0.21439000000000002 0.98138 0.161308 0.97768 0.142239 0.94576 0.10820400000000001 0.95068 0.101397 0.96296 0.059201800443458984 0.94576 0.049689600886917956 0.9015599999999999 0.04288249889135255 0.87946 0.05104209977827051 0.877 0.057184
22 0.12608 0.38900199999999996 0.12996000000000002 0.38900199999999996 0.14354 0.38900199999999996 0.14742 0.37179599999999996 0.15130000000000002 0.35243899999999995 0.161 0.29867000000000005 0.16488 0.266408 0.18234 0.266408 0.18428 0.281463 0.18428 0.30512199999999995 0.18428 0.32447899999999996 0.18428 0.35889099999999996 0.18622 0.38255 0.18622 0.38900199999999996 0.2095 0.38900199999999996 0.22502 0.40190699999999996 0.21338 0.31802699999999995 0.21338 0.290067 0.2289 0.266408 0.25412 0.27286 0.27932 0.285765 0.27932 0.290067 0.27738 0.33523299999999995 0.27738 0.367494 0.29678 0.36534399999999995 0.30260000000000004 0.363193 0.31424 0.350288 0.31424 0.345987 0.31424 0.32447899999999996 0.31424 0.29221699999999995 0.31618 0.268559 0.34334 0.27071 0.34334 0.283614 0.34334 0.29867000000000005 0.33752 0.320177 0.33946 0.330931 0.36662 0.330931 0.37244 0.32877999999999996 0.37438 0.279313 0.37438 0.251353 0.37438 0.21696200000000002 0.3705 0.173947 0.35692 0.173947 0.34722000000000003 0.173947 0.32588 0.173947 0.23278000000000001 0.145987 0.22308 0.141685 0.22113999999999998 0.12663 0.21919999999999998 0.102971 0.21338 0.05995570066518847 0.21338 0.02341460088691796 0.15906 0.006208430155210643 0.13578 0.006208430155210643 0.12802000000000002 0.012660800443458981 0.11056 0.019113099778270512 0.09892000000000001 0.02341460088691796 0.09892000000000001 0.04059870066518847 0.09892000000000001 0.047051 0.1028 0.0750110997782705 0.10668000000000001 0.09651880044345898 0.1125 0.12447899999999999 0.12026 0.158891 0.12026 0.173947 0.12026 0.219113 0.12026 0.249202 0.12026 0.268559 0.12026 0.30512199999999995 0.1125 0.33523299999999995 0.1125 0.36534399999999995 0.1125 0.380399 0.11444 0.40190699999999996 0.12608 0.38900199999999996
22 0.4848 0.06669619955654102 0.46934 0.11379199999999999 0.45776 0.188736 0.45582 0.255122 0.45582 0.289379 0.48094 0.302239 0.49638 0.28297100000000003 0.5195599999999999 0.259401 0.55626 0.231574 0.56592 0.20372500000000002 0.5755800000000001 0.182328 0.5891000000000001 0.115942 0.59104 0.06239470066518847 0.58524 0.028137498891352548 0.5446799999999999 0.01102 0.50992 0.03028819955654102 0.4848 0.06669619955654102
27 0.4754 0.07059870066518847 0.49876 0.02352549889135255 0.49663999999999997 0.009401330376940133 0.47752 0.01177380044345898 0.31410000000000005 0.01177380044345898 0.27166 0.06822619955654102 0.30562 0.07764970066518848 0.46692 0.072949 0.4754 0.07059870066518847
27 1 0.358226 0.8192200000000001 0.282949 0.63034 0.29235 0.43295999999999996 0.341774 0.06154 0.44765 0.00636 0.981774 0.1146 0.986475 0.98478 0.991175 1 0.8547009999999999 1 0.358226
26 0.6487200000000001 0.30831499999999995 0.6513 0.319778 0.65388 0.322639 0.6461399999999999 0.448714 0.65906 0.460177 0.69782 0.445854 0.74434 0.445854 0.77278 0.448714 0.79604 0.29110899999999995 0.8037799999999999 0.233814 0.80638 0.199424 0.79862 0.193703 0.7133200000000001 0.179379 0.6668 0.182239 0.6513 0.19082000000000002 0.6487200000000001 0.199424 0.6461399999999999 0.27392500000000003 0.6487200000000001 0.30831499999999995
19 0.25742000000000004 0.47529899999999997 0.26766 0.49017700000000003 0.26872 0.49175199999999997 0.2772 0.507029 0.27826 0.508603 0.29028 0.520355 0.29064 0.5207539999999999 0.29912 0.535233 0.30724 0.543858 0.31254000000000004 0.539157 0.30972000000000005 0.5258309999999999 0.30512 0.5136809999999999 0.30336 0.5121290000000001 0.29806 0.505455 0.29663999999999996 0.503503 0.2871 0.492528 0.28604 0.491353 0.27296 0.481574 0.26554 0.4702 0.26483999999999996 0.469424 0.25352 0.461574 0.24681999999999998 0.46197299999999997 0.24609999999999999 0.464324 0.24963999999999997 0.469424 0.25742000000000004 0.47529899999999997
19 0.2809 0.5164300000000001 0.277 0.5081370000000001 0.26564 0.486585 0.25636000000000003 0.48159599999999997 0.24647999999999998 0.475632 0.2393 0.473304 0.2363 0.474302 0.2399 0.48226199999999997 0.24738 0.489889 0.25576 0.49388 0.25845999999999997 0.498847 0.26474000000000003 0.512794 0.2782 0.5223949999999999 0.2809 0.5164300000000001
19 0.2877 0.452195 0.28228 0.472683 0.28228 0.487118 0.27358 0.478692 0.25186000000000003 0.464235 0.25945999999999997 0.478692 0.24968 0.467849 0.2399 0.484723 0.25512 0.506386 0.27792 0.526874 0.27792 0.532882 0.28228 0.556962 0.28878 0.525654 0.30942000000000003 0.536497 0.30507999999999996 0.516031 0.31486000000000003 0.5220400000000001 0.31486000000000003 0.528071 0.30942000000000003 0.581064 0.32464 0.541308 0.33224000000000004 0.508803 0.34854 0.503991 0.35504 0.516031 0.38004000000000004 0.51 0.38654 0.525654 0.3985 0.536497 0.40718 0.513614 0.41806 0.490732 0.43 0.5015740000000001 0.44194 0.482306 0.46694 0.484723 0.4778 0.467849 0.49733999999999995 0.46665199999999996 0.51038 0.452195 0.50168 0.43414600000000003 0.47343999999999997 0.40642999999999996 0.45064 0.384767 0.4137 0.361885 0.37568 0.331774 0.34528 0.339002 0.31051999999999996 0.34864700000000004 0.2877 0.37995599999999996 0.2801 0.41969 0.28987999999999997 0.457029 0.2877 0.452195
19 0.23284 0.412528 0.2351 0.413792 0.25256 0.417539 0.27227999999999997 0.413149 0.27144 0.40565399999999996 0.25904000000000005 0.40255 0.24862 0.392239 0.24326 0.393481 0.24608000000000002 0.402217 0.23228000000000001 0.40035499999999996 0.22524 0.406297 0.23284 0.412528
38 0.19913999999999998 0.771419 0.29052 0.8415520000000001 0.38892000000000004 0.883126 0.5576 0.9142790000000001 0.6888 0.8571399999999999 0.8340599999999999 0.802594 0.88326 0.781818 0.90434 0.755854 0.89262 0.667539 0.87154 0.545455 0.82468 0.483126 0.74502 0.441552 0.6958200000000001 0.451951 0.55526 0.496098 0.5412 0.522084 0.3608 0.566231 0.21553999999999998 0.6181819999999999 0.18978 0.644146 0.16634000000000002 0.670133 0.20618 0.71949 0.19913999999999998 0.771419