22 0.0180781 0.171271 0.023703099999999998 0.191271 0.054625 0.36122899999999997 0.057437499999999996 0.42497900000000005 0.0686875 0.448729 0.125859 0.449979 0.126797 0.434979 0.0986875 0.426229 0.10149999999999999 0.398729 0.102438 0.37622900000000004 0.095875 0.32875000000000004 0.08275 0.27125 0.07525 0.188771 0.0668125 0.15877100000000002 0.0461875 0.15877100000000002 0.0227656 0.16752099999999998 0.0180781 0.171271
22 0.32770299999999997 0.257875 0.34290600000000004 0.206083 0.307437 0.20158299999999998 0.30575 0.20833300000000002 0.295609 0.24887499999999999 0.32770299999999997 0.257875
22 0.293453 0.251896 0.296016 0.236542 0.29900000000000004 0.20983300000000002 0.282375 0.20641700000000002 0.275125 0.208125 0.263625 0.202437 0.258078 0.241646 0.293453 0.251896
22 0.419344 0.268771 0.424672 0.206833 0.375297 0.205542 0.368531 0.210687 0.36175 0.26168800000000003 0.419344 0.268771
79 0.712391 0.33937500000000004 0.729719 0.323188 0.746188 0.30356299999999997 0.751391 0.263125 0.755719 0.221542 0.757453 0.138375 0.749656 0.0829167 0.729719 0.0702083 0.6846720000000001 0.0678958 0.66475 0.0678958 0.649156 0.0771458 0.642219 0.108333 0.624031 0.22731300000000002 0.619688 0.274687 0.624031 0.297792 0.643984 0.337813 0.659938 0.344188 0.663125 0.36225 0.661531 0.397333 0.6803440000000001 0.429479 0.689 0.361313 0.712391 0.33937500000000004
79 0.473078 0.0615 0.46528099999999994 0.104396 0.460891 0.149229 0.460891 0.18756199999999998 0.46723400000000004 0.26031299999999996 0.474047 0.27852099999999996 0.478922 0.292813 0.5008589999999999 0.34543799999999997 0.507672 0.378563 0.505234 0.41300000000000003 0.5018279999999999 0.428604 0.533016 0.4325 0.534469 0.426 0.532531 0.401958 0.535937 0.366875 0.547141 0.34608300000000003 0.575406 0.294104 0.589547 0.246688 0.602703 0.16741699999999998 0.604641 0.123229 0.6031869999999999 0.0602083 0.599766 0.042666699999999995 0.5783280000000001 0.031625 0.567609 0.0309792 0.5227809999999999 0.025125 0.480391 0.0329167 0.473078 0.0615
51 0.21404700000000002 0.784271 0.269656 0.820229 0.32528100000000004 0.8629169999999999 0.42640599999999995 0.910104 0.608422 0.9662919999999999 0.761797 1 0.894937 0.986521 0.950562 0.950562 1 0.937083 0.996063 0.907875 1 0.539333 0.960672 0.503375 0.879781 0.47416699999999995 0.756734 0.44045799999999996 0.682578 0.426958 0.598313 0.422479 0.529219 0.41572899999999996 0.487078 0.426958 0.39775 0.456188 0.328656 0.47416699999999995 0.25618799999999997 0.505625 0.21404700000000002 0.552813 0.17865599999999998 0.633708 0.180344 0.710104 0.20224999999999999 0.764042 0.21404700000000002 0.784271
27 0.0033593699999999995 0.986542 0.405266 0.9820620000000001 0.282516 0.926 0.164797 0.852021 0.100891 0.7735420000000001 0.0739844 0.695063 0.0739844 0.618833 0.116031 0.547083 0.200109 0.495521 0.307734 0.459646 0.44226599999999994 0.441708 0.492719 0.434979 0.502797 0.412562 0.0201719 0.464125 0 0.508958 0.0033593699999999995 0.986542
50 1 0.251 0.971594 0.293938 0.954547 0.326771 0.946969 0.334333 0.922344 0.336875 0.901516 0.329292 0.893938 0.309083 0.876891 0.293938 0.865531 0.28383299999999995 0.8541719999999999 0.271208 0.8333280000000001 0.27627100000000004 0.814391 0.28383299999999995 0.8125 0.28383299999999995 0.7916719999999999 0.293938 0.787875 0.309083 0.787875 0.32425 0.787875 0.334333 0.785984 0.339396 0.806813 0.334333 0.8125 0.321708 0.820078 0.314146 0.835234 0.31162500000000004 0.846594 0.31162500000000004 0.8541719999999999 0.309083 0.856062 0.32425 0.848484 0.336875 0.878781 0.339396 0.901516 0.339396 0.952656 0.34191699999999997 1 0.3495 1 0.261104 1 0.251
13 0.8797499999999999 0.0827708 0.881156 0.0747708 0.8858750000000001 0.035854199999999996 0.887391 0.006125 0.887547 0.0008541666666666666 0.880422 0.0008541666666666666 0.880266 0 0.880266 0.0050625 0.867625 0.0388125 0.8619220000000001 0.08435419999999999 0.8619220000000001 0.08477080000000001 0.8797499999999999 0.0827708
13 0.860578 0.0145208 0.8525159999999999 0.009458329166666666 0.8499380000000001 0.019375 0.847203 0.027083299999999998 0.8426410000000001 0.0325417 0.8361090000000001 0.058687500000000004 0.83625 0.0661875 0.835797 0.08625 0.8456720000000001 0.0870625 0.8488749999999999 0.0850208 0.8488749999999999 0.0795625 0.8541869999999999 0.0499792 0.8552500000000001 0.043895800000000006 0.858297 0.032145799999999995 0.860578 0.0145208
13 0.13784400000000002 0.163604 0.13928100000000002 0.16206299999999998 0.141453 0.161854 0.14117200000000002 0.149125 0.13928100000000002 0.149125 0.13639099999999998 0.146417 0.11610899999999999 0.145646 0.114953 0.146021 0.115391 0.161854 0.13784400000000002 0.163604
13 0.138969 0.0849792 0.138969 0.06775 0.138969 0.0652917 0.134656 0.0615833 0.121125 0.0615833 0.10175000000000001 0.0656875 0.0995938 0.0681667 0.10051600000000001 0.0775833 0.109438 0.08045830000000001 0.11281300000000001 0.0812917 0.125438 0.0857917 0.135578 0.086625 0.138969 0.0849792
13 0.105266 0.0235417 0.097 0.0221458 0.0961562 0.0340208 0.10570299999999999 0.03825 0.108453 0.0407917 0.134328 0.044187500000000005 0.133484 0.024395800000000002 0.11290599999999999 0.0195833 0.105266 0.0235417
13 0.0895156 0.14352099999999998 0.0895156 0.131021 0.067125 0.129271 0.0572187 0.129271 0.05670309999999999 0.13831300000000002 0.0603437 0.142125 0.0658125 0.14595799999999998 0.0877031 0.14733300000000002 0.0895156 0.14352099999999998
13 0.629969 0.0717708 0.6350469999999999 0.0724375 0.653328 0.0704167 0.656891 0.0656667 0.656891 0.058895800000000005 0.6507970000000001 0.0541458 0.641641 0.044000000000000004 0.633016 0.0365417 0.624375 0.0318125 0.611172 0.0324792 0.6065940000000001 0.035187500000000003 0.6065940000000001 0.035875 0.604563 0.0575417 0.615734 0.0663542 0.634031 0.068375 0.629969 0.0717708
13 0.9178280000000001 0.024395800000000002 0.916781 0.0355417 0.915047 0.050875000000000004 0.916781 0.07643749999999999 0.9188750000000001 0.0778333 0.926891 0.0778333 0.930734 0.077375 0.931078 0.0629583 0.931078 0.047625 0.927594 0.0355417 0.926891 0.0169583 0.925156 0.014624999999999999 0.920266 0.0141667 0.9178280000000001 0.024395800000000002
41 0.151812 0.48454200000000003 0.151313 0.488188 0.16399999999999998 0.495833 0.199328 0.495833 0.209281 0.48918700000000004 0.23839100000000002 0.47691700000000004 0.151812 0.483875 0.151812 0.48454200000000003
22 0.982578 0.22695800000000002 0.9455 0.25168799999999997 0.9488749999999999 0.316854 0.9556250000000001 0.316854 0.999437 0.238208 0.982578 0.22695800000000002
22 0.42810899999999996 0.272271 0.46698399999999995 0.288292 0.473266 0.27608299999999997 0.468125 0.257042 0.46698399999999995 0.215125 0.433828 0.204437 0.427547 0.269229 0.42810899999999996 0.272271
27 0.08925 0.434708 0.109703 0.440167 0.126078 0.43335399999999996 0.126078 0.43881200000000004 0.17826599999999998 0.43881200000000004 0.504656 0.410146 0.506703 0.407417 0.50875 0.352854 0.49545300000000003 0.326937 0.47498399999999996 0.275083 0.433047 0.26827100000000004 0.346062 0.249167 0.27137500000000003 0.232792 0.207938 0.228708 0.0779844 0.21506299999999998 0.07901559999999999 0.227354 0.08515629999999999 0.260083 0.101531 0.367854 0.08925 0.434708
13 0.60075 0.0250833 0.640922 0.0363542 0.644266 0.0280625 0.650016 0.029125 0.6498440000000001 0.0289167 0.649687 0.0225208 0.645219 0.021687500000000002 0.6431560000000001 0.007020829166666667 0.604016 0 0.604016 0.0012916708333333335 0.600828 0.0225417 0.60075 0.0250833
22 0.0031875000000000002 0.215312 0.00190625 0.25987499999999997 0.0057656203125 0.263292 0.0096093703125 0.295854 0.0173281 0.292438 0.0160469 0.266729 0.0366094 0.265 0.0404531 0.246167 0.0186094 0.246167 0.0031875000000000002 0.215312
14 1 0.353854 0.995359 0.34864599999999996 0.956203 0.343417 0.9304690000000001 0.338188 0.9069689999999999 0.338188 0.873969 0.338188 0.8012499999999999 0.335958 0.783906 0.343417 0.781656 0.34864599999999996 0.790063 0.359083 0.817469 0.379958 0.848797 0.400854 0.8527189999999999 0.409062 0.872297 0.437396 0.894109 0.45083300000000004 0.895781 0.461271 0.9114530000000001 0.473958 1 0.500062 1 0.353854
22 0.184734 0.23916700000000002 0.185109 0.19952099999999998 0.137 0.196583 0.141406 0.23525000000000001 0.184375 0.23818699999999998 0.184734 0.23916700000000002