18 0.9624219999999999 0.666682 0.966047 0.654084 0.966047 0.641485 0.963016 0.618979 0.9515 0.597378 0.942422 0.588376 0.9187810000000001 0.588376 0.864219 0.587471 0.841797 0.6090720000000001 0.810281 0.6261720000000001 0.809062 0.637865 0.810875 0.646868 0.810875 0.672088 0.8193590000000001 0.677471 0.8296720000000001 0.6765889999999999 0.831484 0.661276 0.873922 0.6648719999999999 0.874531 0.681972 0.886656 0.689188 0.899375 0.683782 0.903016 0.672088 0.927859 0.672088 0.927859 0.688283 0.9315 0.692784 0.935141 0.692784 0.942422 0.692784 0.954531 0.686473 0.956359 0.666682 0.9624219999999999 0.666682
18 0.320828 0.6424360000000001 0.32584399999999997 0.6424360000000001 0.330875 0.640766 0.32975 0.632483 0.331984 0.6068209999999999 0.319719 0.581137 0.288484 0.581137 0.280672 0.603503 0.280672 0.643248 0.28512499999999996 0.6482370000000001 0.29015599999999997 0.645754 0.290703 0.632483 0.317484 0.634988 0.320828 0.6424360000000001
18 0.483641 0.589559 0.48106299999999996 0.5944079999999999 0.47896900000000003 0.599606 0.477328 0.60413 0.475 0.6061949999999999 0.47267200000000004 0.607587 0.470328 0.608283 0.468234 0.6148720000000001 0.468703 0.617981 0.46846899999999997 0.622831 0.46799999999999997 0.6266590000000001 0.46799999999999997 0.629768 0.467766 0.634269 0.46893799999999997 0.636357 0.470094 0.639118 0.471031 0.6412059999999999 0.47476599999999997 0.641555 0.476641 0.64051 0.476641 0.636009 0.483406 0.637401 0.484109 0.638097 0.48503100000000005 0.642947 0.486906 0.646752 0.49157799999999996 0.647448 0.49390599999999996 0.646752 0.495078 0.639466 0.509781 0.639118 0.509781 0.640162 0.509781 0.642599 0.51375 0.643643 0.516781 0.642599 0.517016 0.640162 0.526813 0.639814 0.527047 0.6412059999999999 0.527281 0.645012 0.5293910000000001 0.646404 0.5310159999999999 0.646404 0.531953 0.644316 0.531719 0.642599 0.533125 0.641555 0.537328 0.6384219999999999 0.540125 0.63116 0.540125 0.6290720000000001 0.540125 0.6238750000000001 0.539891 0.611044 0.537563 0.603782 0.533125 0.603782 0.531953 0.60239 0.5284530000000001 0.5958 0.521922 0.587494 0.516312 0.587494 0.509781 0.587494 0.493672 0.587494 0.483641 0.589559
18 0.585797 0.587889 0.581187 0.593039 0.581187 0.595313 0.5892660000000001 0.595313 0.592344 0.59645 0.5938749999999999 0.605592 0.593484 0.627285 0.594641 0.627865 0.599266 0.627865 0.599266 0.630719 0.600031 0.6375639999999999 0.601953 0.639838 0.606172 0.639838 0.608875 0.636984 0.6092500000000001 0.631856 0.620797 0.631856 0.620797 0.636984 0.621938 0.641555 0.625016 0.642691 0.6292500000000001 0.6421349999999999 0.630406 0.6404179999999999 0.631563 0.638701 0.631563 0.6301389999999999 0.6334839999999999 0.6284219999999999 0.638469 0.627285 0.638859 0.622158 0.6380939999999999 0.609026 0.63425 0.59703 0.629625 0.588469 0.623859 0.582761 0.618484 0.582181 0.608875 0.581601 0.601187 0.581601 0.596953 0.582761 0.590422 0.585035 0.585797 0.587889
18 0.362563 0.632506 0.367016 0.636636 0.37092200000000003 0.6341530000000001 0.373141 0.6358 0.378703 0.64406 0.387609 0.63993 0.388172 0.634988 0.415438 0.632506 0.415438 0.63993 0.424906 0.63993 0.42434399999999994 0.629188 0.426016 0.610186 0.421 0.6052200000000001 0.411547 0.590348 0.38260900000000003 0.591183 0.364797 0.610186 0.362563 0.632506
18 0.341422 0.611833 0.34325 0.613295 0.343547 0.6170770000000001 0.356719 0.618979 0.359687 0.611624 0.356297 0.609722 0.354031 0.606357 0.35232800000000003 0.604455 0.35176599999999997 0.6027840000000001 0.34325 0.6034109999999999 0.34126599999999996 0.6084689999999999 0.341422 0.611833
18 0.468703 0.6055679999999999 0.47598399999999996 0.603155 0.480031 0.5923430000000001 0.477609 0.587541 0.464656 0.583944 0.454141 0.59355 0.44604699999999997 0.6007659999999999 0.442 0.6115780000000001 0.442 0.627193 0.451703 0.628399 0.46951599999999993 0.634408 0.468703 0.6055679999999999
50 0.177875 0.672529 0.181172 0.7361019999999999 0.187094 0.7361019999999999 0.187094 0.728283 0.18643700000000002 0.670557 0.18643700000000002 0.661763 0.191047 0.6695819999999999 0.188422 0.718492 0.189734 0.728283 0.193687 0.7419720000000001 0.197641 0.743921 0.195656 0.734153 0.19434400000000002 0.7214389999999999 0.200937 0.710673 0.19960899999999998 0.670557 0.205547 0.6441530000000001 0.20817199999999997 0.6558930000000001 0.20950000000000002 0.6558930000000001 0.21278100000000003 0.621671 0.206859 0.588399 0.195656 0.576659 0.19434400000000002 0.5580740000000001 0.189078 0.547332 0.182484 0.559049 0.181828 0.581555 0.174578 0.588399 0.16075 0.6480739999999999 0.163391 0.681323 0.16206199999999998 0.7018789999999999 0.164047 0.706752 0.177875 0.6999070000000001 0.174578 0.683295 0.16996899999999998 0.6558930000000001 0.177219 0.6314390000000001 0.177875 0.672529
50 0.14743699999999998 0.623295 0.16320300000000001 0.631555 0.166906 0.615035 0.158562 0.606775 0.154859 0.581995 0.144656 0.568213 0.143734 0.548956 0.132609 0.548956 0.12890600000000002 0.5627150000000001 0.12240599999999999 0.573735 0.11684399999999999 0.5847330000000001 0.11499999999999999 0.598515 0.10293699999999999 0.661833 0.113141 0.671462 0.118703 0.6329229999999999 0.12056199999999999 0.678353 0.12426600000000002 0.719652 0.140031 0.743063 0.144656 0.741671 0.151156 0.667332 0.14743699999999998 0.623295
36 0.10981300000000001 0.6528539999999999 0.11196900000000001 0.6603020000000001 0.11696899999999999 0.6603020000000001 0.123422 0.656056 0.124844 0.653921 0.127719 0.6443619999999999 0.12842199999999998 0.6273549999999999 0.12842199999999998 0.616729 0.127719 0.603968 0.12842199999999998 0.59652 0.12842199999999998 0.583759 0.12842199999999998 0.5795130000000001 0.124125 0.573132 0.124125 0.577401 0.123422 0.590139 0.123422 0.6007659999999999 0.122703 0.6092810000000001 0.123422 0.622042 0.123422 0.6273549999999999 0.11768700000000001 0.61884 0.114828 0.6284219999999999 0.114828 0.629466 0.10981300000000001 0.648608 0.10981300000000001 0.6528539999999999
18 0.24710899999999997 0.578144 0.24726600000000004 0.584803 0.245031 0.587425 0.245187 0.590278 0.24807799999999997 0.59123 0.255281 0.6014619999999999 0.258328 0.6078650000000001 0.258 0.580766 0.254953 0.578863 0.24710899999999997 0.578144
18 0.2665 0.618097 0.266969 0.605012 0.266969 0.5971690000000001 0.266656 0.590998 0.264406 0.587889 0.264734 0.618817 0.2665 0.618097
18 0.267219 0.5920880000000001 0.26707800000000004 0.617981 0.27175 0.61819 0.271609 0.6118790000000001 0.272891 0.610603 0.271609 0.5975640000000001 0.269625 0.593155 0.267641 0.5922970000000001 0.267219 0.5920880000000001
75 0.5856410000000001 0.5694899999999999 0.577953 0.567448 0.576969 0.562483 0.572828 0.5580740000000001 0.566906 0.557216 0.542656 0.559838 0.539891 0.565406 0.539313 0.575638 0.532609 0.596427 0.530828 0.601995 0.540297 0.615174 0.540297 0.627471 0.542063 0.6359630000000001 0.551141 0.639165 0.556656 0.6385850000000001 0.5599999999999999 0.630093 0.562766 0.630093 0.5671090000000001 0.632158 0.574797 0.6409279999999999 0.582484 0.6409279999999999 0.590172 0.640046 0.593922 0.6362410000000001 0.594703 0.6022970000000001 0.5909530000000001 0.593202 0.590562 0.576821 0.5856410000000001 0.5694899999999999
73 0.310188 0.526079 0.320359 0.527077 0.316625 0.500418 0.315609 0.49993 0.31189100000000003 0.500418 0.310188 0.500928 0.309516 0.525058 0.310188 0.526079
73 0.401797 0.505986 0.401797 0.530394 0.41018699999999997 0.530116 0.410375 0.528794 0.410813 0.506914 0.40225 0.5061249999999999 0.401797 0.505986