13 0.8048540000000001 0.755844 0.808167 0.7005939999999999 0.8565419999999999 0.683281 0.853229 0.6717500000000001 0.799375 0.679156 0.782875 0.669266 0.770792 0.670922 0.760896 0.677516 0.7477079999999999 0.6956559999999999 0.7454999999999999 0.717922 0.7454999999999999 0.758312 0.7136250000000001 0.773984 0.715812 0.9240470000000001 0.742208 0.943 0.8389380000000001 0.934766 0.837854 0.9306409999999999 0.8389380000000001 0.775625 0.8048540000000001 0.755844
13 0.38858299999999996 0.7431409999999999 0.379125 0.7431409999999999 0.366958 0.749219 0.366958 0.757313 0.36427099999999996 0.783656 0.36020800000000003 0.8059369999999999 0.36020800000000003 0.8373440000000001 0.356167 0.8677339999999999 0.356167 0.933563 0.371021 0.935594 0.376417 0.9325469999999999 0.36831200000000003 0.9224220000000001 0.36831200000000003 0.904187 0.36831200000000003 0.8494999999999999 0.36831200000000003 0.8191090000000001 0.38316700000000004 0.7866869999999999 0.385875 0.744156 0.38858299999999996 0.7431409999999999
13 0.318125 0.651938 0.31872900000000004 0.672391 0.319917 0.675953 0.327021 0.682625 0.328813 0.717328 0.329396 0.718219 0.343646 0.719109 0.359063 0.717766 0.36024999999999996 0.7013130000000001 0.36320800000000003 0.651938 0.359063 0.644813 0.349562 0.640359 0.337708 0.638578 0.327021 0.6417029999999999 0.318125 0.6474840000000001 0.318125 0.651938
13 0.0803125 0.596453 0.0803125 0.587313 0.0626042 0.584 0.0327083 0.589813 0.0282917 0.596453 0.029395800000000003 0.598109 0.0238542 0.647078 0.0127917 0.677797 0.04156250000000001 0.681109 0.0670208 0.675312 0.091375 0.681109 0.0769792 0.645422 0.0803125 0.596453
13 0.0803125 0.765781 0.04156250000000001 0.768281 0.0238542 0.773266 0.0282917 0.804797 0.042666699999999995 0.8056409999999999 0.0825208 0.798984 0.0946875 0.786547 0.0946875 0.750844 0.0935833 0.755828 0.0803125 0.765781
13 0.354958 0.9756090000000001 0.343021 0.8816409999999999 0.325125 0.7541249999999999 0.316188 0.673594 0.28337500000000004 0.6780630000000001 0.280396 0.707156 0.298292 0.767547 0.256521 0.832437 0.268458 0.984563 0.354958 0.9756090000000001
13 0.568917 0.9922660000000001 0.6181249999999999 0.9895630000000001 0.633729 0.940953 0.614521 0.8941560000000001 0.5905210000000001 0.838344 0.592917 0.78975 0.595333 0.778937 0.583333 0.769047 0.556917 0.76725 0.529312 0.773547 0.529312 0.778937 0.525729 0.841953 0.495708 0.9031560000000001 0.48491700000000004 0.9274530000000001 0.500521 0.976062 0.568917 0.9922660000000001
14 0.446042 0.746453 0.458812 0.769891 0.468771 0.810375 0.474437 0.8327500000000001 0.511375 0.837016 0.521312 0.8327500000000001 0.527 0.774156 0.561104 0.765641 0.592354 0.775219 0.602292 0.821031 0.6037079999999999 0.825297 0.6434789999999999 0.8199690000000001 0.6832499999999999 0.8157030000000001 0.715938 0.782687 0.740083 0.754984 0.7599579999999999 0.7251559999999999 0.747188 0.6985159999999999 0.754292 0.676141 0.410521 0.671891 0.389208 0.683609 0.37075 0.699578 0.404833 0.7262190000000001 0.446042 0.746453
50 0.107875 0.325844 0.116854 0.298875 0.119854 0.292141 0.134833 0.289891 0.140833 0.265172 0.122854 0.231453 0.104875 0.215734 0.0808958 0.208984 0.0419375 0.193266 0.0209792 0.2 0.0239792 0.231453 0.0359583 0.262922 0.0359583 0.294375 0.0629167 0.314609 0.0778958 0.325844 0.101875 0.330344 0.107875 0.325844
50 0.0119792 0.316859 0.0119792 0.330344 0.0209792 0.368547 0.0239792 0.382016 0.0239792 0.40898400000000007 0.0389583 0.42921899999999996 0.0778958 0.442703 0.104875 0.451687 0.134833 0.47415599999999997 0.128833 0.49887500000000007 0.119854 0.525844 0.095875 0.543813 0.0689167 0.561797 0.0778958 0.6 0.0868958 0.640453 0.092875 0.671906 0.101875 0.696625 0.134833 0.705625 0.149812 0.707859 0.155813 0.710109 0.155813 0.683141 0.134833 0.631453 0.131833 0.613484 0.128833 0.582016 0.158792 0.626969 0.19475 0.653937 0.272667 0.647188 0.299625 0.638203 0.236708 0.582016 0.188771 0.559547 0.170792 0.530344 0.161792 0.516859 0.170792 0.49437499999999995 0.155813 0.4359529999999999 0.119854 0.361797 0.098875 0.352813 0.0629167 0.341578 0.0359583 0.325844 0.0119792 0.316859
50 0.18639599999999998 0.392344 0.187708 0.382563 0.187708 0.366906 0.20075 0.360063 0.19943800000000003 0.347344 0.207271 0.329734 0.203354 0.301375 0.20075 0.290609 0.165542 0.276922 0.139458 0.278875 0.134229 0.289625 0.11858299999999998 0.286703 0.0964167 0.336578 0.0820625 0.348312 0.11858299999999998 0.365922 0.144667 0.412875 0.162937 0.397234 0.18639599999999998 0.392344
50 0.162937 0.521453 0.195542 0.557641 0.3481250000000001 0.518516 0.363771 0.520469 0.38725 0.510687 0.384646 0.501891 0.404208 0.494062 0.404208 0.491125 0.409417 0.48623399999999994 0.412021 0.482328 0.404208 0.480375 0.404208 0.47254699999999994 0.341604 0.483297 0.332479 0.493078 0.216396 0.49993699999999996 0.16031199999999998 0.45103100000000007 0.175979 0.494062 0.162937 0.521453
50 1 0.32001599999999997 0.975604 0.307734 0.9685830000000001 0.297203 0.9685830000000001 0.260344 0.959229 0.230516 0.940521 0.211219 0.914771 0.200687 0.839896 0.21648399999999998 0.828208 0.23578100000000002 0.818854 0.26210900000000004 0.8071459999999999 0.279656 0.818854 0.302469 0.823521 0.3165 0.835229 0.3165 0.860958 0.348094 0.844583 0.356875 0.828208 0.395484 0.802458 0.411266 0.774396 0.40776599999999996 0.772042 0.39371900000000004 0.736958 0.391969 0.7252500000000001 0.398984 0.708875 0.40073400000000003 0.706542 0.411266 0.697167 0.428812 0.7205619999999999 0.43232799999999993 0.7392920000000001 0.449875 0.78375 0.45865600000000006 0.8071459999999999 0.448125 0.7954380000000001 0.45865600000000006 0.809479 0.470937 0.776729 0.470937 0.7556670000000001 0.47620300000000004 0.7416250000000001 0.47970300000000005 0.7392920000000001 0.49726600000000004 0.7392920000000001 0.518313 0.776729 0.5358590000000001 0.7954380000000001 0.528844 0.7954380000000001 0.562188 0.797792 0.586766 0.875 0.667484 0.987313 0.76225 1 0.781547 1 0.342828 1 0.32001599999999997
50 0.300958 0.36775 0.321146 0.357656 0.344208 0.350438 0.33075 0.322328 0.338938 0.311859 0.343729 0.296719 0.350937 0.292031 0.34902099999999997 0.279422 0.335562 0.261391 0.313937 0.255625 0.311521 0.256344 0.307208 0.255984 0.299521 0.261391 0.300958 0.270766 0.291333 0.280859 0.289417 0.299609 0.272604 0.295641 0.271146 0.296 0.264417 0.303938 0.259146 0.311141 0.254812 0.320156 0.248562 0.332422 0.251437 0.339984 0.260583 0.352609 0.246646 0.354047 0.236542 0.369547 0.247125 0.387937 0.245188 0.400188 0.278354 0.396594 0.285083 0.392266 0.300958 0.36775
50 0.286979 0.39485899999999996 0.31083299999999997 0.388047 0.32502099999999995 0.384641 0.33637500000000004 0.383359 0.352271 0.382094 0.359083 0.382094 0.37725000000000003 0.382938 0.37893699999999997 0.382938 0.386896 0.383797 0.392563 0.388469 0.396542 0.398266 0.395417 0.40423400000000004 0.390292 0.409766 0.38575 0.41275000000000006 0.36418700000000004 0.419125 0.357375 0.419125 0.351708 0.417859 0.344313 0.414875 0.33354199999999995 0.40934400000000004 0.326146 0.40934400000000004 0.323875 0.41275000000000006 0.323875 0.419125 0.334667 0.422969 0.351708 0.42593800000000004 0.363625 0.42934400000000006 0.384625 0.43274999999999997 0.392 0.43274999999999997 0.40845800000000004 0.43659400000000004 0.436292 0.442969 0.436292 0.443828 0.432312 0.445953 0.41925 0.45064099999999996 0.402792 0.450219 0.386333 0.45064099999999996 0.36418700000000004 0.45148400000000005 0.349437 0.451922 0.341479 0.452766 0.313104 0.45064099999999996 0.293229 0.445953 0.284708 0.445953 0.278458 0.449359 0.27449999999999997 0.457031 0.27335400000000004 0.47532800000000003 0.31195799999999996 0.483 0.30797899999999995 0.491516 0.332396 0.486406 0.36872900000000003 0.471922 0.376104 0.46639099999999994 0.397687 0.468516 0.415271 0.470641 0.43175 0.4715 0.437979 0.46043700000000004 0.4465 0.454469 0.471542 0.45356199999999997 0.48970800000000003 0.452719 0.498792 0.41865600000000003 0.484604 0.410141 0.47552099999999997 0.40076599999999996 0.47552099999999997 0.388422 0.468146 0.361172 0.444292 0.353078 0.422167 0.346281 0.426125 0.345422 0.429542 0.340313 0.421021 0.329672 0.423854 0.315625 0.424437 0.299578 0.425563 0.2885 0.421021 0.274875 0.40399999999999997 0.26806199999999997 0.379021 0.26423399999999997 0.36822900000000003 0.266797 0.35404199999999997 0.27937500000000004 0.350625 0.284062 0.346667 0.298531 0.340979 0.306203 0.33699999999999997 0.312156 0.336438 0.319828 0.336438 0.326219 0.338146 0.332594 0.340979 0.342391 0.339271 0.350484 0.330188 0.352187 0.315437 0.356859 0.304646 0.364109 0.291021 0.375172 0.28420799999999996 0.395187 0.286979 0.39485899999999996
50 0.749063 0.360891 0.745708 0.361891 0.741667 0.357859 0.739667 0.349297 0.73025 0.340219 0.704042 0.347281 0.698 0.34375 0.691271 0.334672 0.723542 0.314516 0.734292 0.295375 0.7195 0.295375 0.701354 0.302937 0.691271 0.316531 0.689937 0.329641 0.683208 0.336187 0.684562 0.347281 0.681875 0.362906 0.692625 0.364406 0.689937 0.372984 0.761167 0.370969 0.749063 0.360891
50 0.669771 0.434469 0.667771 0.43899999999999995 0.664396 0.445547 0.671792 0.450594 0.680521 0.454109 0.688583 0.453109 0.694646 0.45512499999999995 0.694646 0.460672 0.70875 0.465703 0.713458 0.463687 0.718167 0.449078 0.718167 0.4324529999999999 0.702708 0.430438 0.695312 0.42690599999999995 0.685896 0.429922 0.6765 0.435469 0.669771 0.434469
50 0.221583 0.316812 0.224354 0.316812 0.243313 0.319922 0.250229 0.319578 0.253021 0.3175 0.254854 0.315422 0.258104 0.308141 0.264562 0.306406 0.267333 0.305375 0.2715 0.303281 0.27104200000000006 0.295656 0.289062 0.299125 0.289521 0.298781 0.289521 0.297047 0.289521 0.293938 0.291375 0.288391 0.292292 0.279719 0.302458 0.267594 0.30708299999999994 0.253375 0.313542 0.235359 0.312625 0.22703100000000004 0.307542 0.21871900000000002 0.295521 0.21248399999999998 0.281208 0.205547 0.27104200000000006 0.198953 0.259021 0.196188 0.247458 0.194453 0.228979 0.196531 0.21881200000000003 0.2 0.19525 0.20867200000000002 0.185542 0.220797 0.183229 0.2305 0.178604 0.243328 0.178146 0.255797 0.178604 0.264813 0.174437 0.270703 0.168896 0.277984 0.179063 0.278328 0.196625 0.287687 0.204021 0.293938 0.206792 0.301906 0.209563 0.313344 0.21138969547915182 0.3185412330717391 0.212396 0.318063 0.21292321547992935 0.3201164908981099 0.213729 0.320266 0.216042 0.320266 0.218354 0.319922 0.221583 0.316812
50 0.205854 0.321172 0.205854 0.328297 0.204687 0.335859 0.201708 0.345203 0.199937 0.350094 0.204083 0.356312 0.200521 0.362984 0.19875 0.363875 0.19518700000000003 0.368781 0.192812 0.374563 0.191042 0.380781 0.186875 0.387906 0.185104 0.393234 0.181542 0.395906 0.166125 0.39725 0.153667 0.400797 0.146542 0.406141 0.148333 0.412812 0.152479 0.42750000000000005 0.157229 0.44262499999999994 0.163167 0.451516 0.177396 0.460406 0.209417 0.48710900000000007 0.217729 0.49910899999999997 0.262208 0.495547 0.267542 0.494672 0.267542 0.489328 0.259833 0.470641 0.261625 0.450188 0.321521 0.415922 0.334562 0.408812 0.341104 0.411922 0.354146 0.420812 0.355333 0.420812 0.368979 0.419937 0.371937 0.419484 0.381437 0.417266 0.389146 0.41103100000000004 0.392708 0.40703100000000003 0.396854 0.401687 0.39625 0.399016 0.39387500000000003 0.393688 0.392708 0.391906 0.390333 0.388344 0.386167 0.383891 0.384396 0.383891 0.372542 0.382563 0.367792 0.382563 0.358292 0.383891 0.335167 0.384781 0.314396 0.388344 0.298979 0.391906 0.285333 0.394578 0.249167 0.399469 0.244417 0.389234 0.243833 0.384781 0.237896 0.371 0.232562 0.362984 0.226625 0.351875 0.222479 0.341188 0.215938 0.331859 0.21292321547992935 0.3201164908981099 0.211875 0.319922 0.21138969547915182 0.3185412330717391 0.205854 0.321172
50 0.003 0.23332799999999998 0.008979170833333333 0.435578 0.008979170833333333 0.819844 0.0868958 0.808609 0.08989580000000001 0.568172 0.110854 0.541203 0.131833 0.48053100000000004 0.092875 0.444562 0.0299583 0.392891 0.0239792 0.345688 0.113854 0.34120300000000003 0.056937499999999995 0.289516 0.017979199999999997 0.222094 0.003 0.23332799999999998
62 0.90225 0.8833909999999999 0.875021 0.8833909999999999 0.860229 0.8878280000000001 0.860833 0.898922 0.901062 0.910016 0.906375 0.9077970000000001 0.914667 0.898922 0.921771 0.894031 0.956083 0.891375 1 0.884281 0.996313 0.852328 0.951354 0.867422 0.9318120000000001 0.8745160000000001 0.922937 0.8816090000000001 0.90225 0.8833909999999999
22 0.623146 0.449984 0.645521 0.406109 0.613687 0.388031 0.578417 0.382875 0.593042 0.4493440000000001 0.623146 0.449984
22 0.544 0.453219 0.577542 0.453859 0.564646 0.384813 0.543125 0.4493440000000001 0.544 0.453219
50 0.822229 0.394781 0.834792 0.387031 0.842917 0.379266 0.848083 0.367641 0.856938 0.355453 0.861375 0.347141 0.861375 0.345484 0.855458 0.3405 0.850292 0.334406 0.845125 0.318344 0.836271 0.316125 0.8215 0.306719 0.814854 0.297859 0.814854 0.288438 0.82075 0.275141 0.816333 0.269609 0.806729 0.269609 0.786792 0.269609 0.761667 0.267953 0.746917 0.271828 0.732146 0.283453 0.7255 0.300625 0.719583 0.31225 0.692271 0.334406 0.6952079999999999 0.337734 0.696688 0.338844 0.704083 0.341609 0.715896 0.342719 0.732146 0.343266 0.735833 0.343828 0.741 0.351031 0.743958 0.359891 0.746917 0.364312 0.755021 0.369297 0.757979 0.372063 0.719583 0.370969 0.675271 0.379266 0.661979 0.380938 0.645 0.389797 0.643521 0.394781 0.643521 0.402531 0.64425 0.4174840000000001 0.662729 0.419703 0.673792 0.419703 0.684146 0.409734 0.688562 0.402531 0.693729 0.398656 0.695958 0.398656 0.711458 0.399203 0.719583 0.399766 0.722542 0.397547 0.729187 0.394219 0.732146 0.393109 0.752083 0.388125 0.758729 0.388125 0.763896 0.394219 0.766104 0.40640599999999993 0.7735 0.40751600000000004 0.780146 0.40751600000000004 0.793438 0.406969 0.803771 0.4058590000000001 0.817063 0.400312 0.822229 0.394781
62 0.40493799999999996 0.47690599999999994 0.404542 0.481203 0.414792 0.48282800000000003 0.466146 0.49170299999999995 0.472458 0.49482799999999993 0.479958 0.49837499999999996 0.501292 0.501188 0.5277499999999999 0.499859 0.530313 0.49910899999999997 0.5301250000000001 0.495406 0.519062 0.488594 0.493396 0.487859 0.47147900000000004 0.48637499999999995 0.409479 0.47645299999999996 0.40493799999999996 0.47690599999999994
62 0.272646 0.656328 0.257292 0.649609 0.243208 0.649609 0.232958 0.656328 0.236813 0.670719 0.262396 0.68225 0.280313 0.685125 0.308479 0.679359 0.321271 0.678406 0.322542 0.676484 0.272646 0.656328
62 0.445417 0.722562 0.459479 0.715844 0.359667 0.691844 0.3635 0.708156 0.445417 0.722562
62 0.628 0.855281 0.630062 0.8587339999999999 0.640271 0.8591089999999999 0.660729 0.8591089999999999 0.6694169999999999 0.857969 0.6735209999999999 0.852984 0.677604 0.849906 0.6965210000000001 0.8407030000000001 0.706229 0.838406 0.715438 0.83725 0.715938 0.833422 0.6995830000000001 0.8364839999999999 0.6735209999999999 0.8468439999999999 0.667896 0.845313 0.6361880000000001 0.847234 0.6310830000000001 0.8522190000000001 0.628 0.855281
27 0.623 0.506672 0.445583 0.502844 0.372833 0.509547 0.33197899999999997 0.521984 0.24518800000000002 0.5440159999999999 0.21454199999999998 0.598578 0.254125 0.614844 0.288583 0.625375 0.34347900000000003 0.6368750000000001 0.360063 0.653141 0.367729 0.6770780000000001 0.39325 0.671328 0.591104 0.654094 0.642146 0.629203 0.829792 0.614844 0.736604 0.522953 0.64725 0.5172030000000001 0.623 0.506672
13 0.444104 0.740359 0.42879199999999995 0.715469 0.39177100000000004 0.717391 0.387958 0.738438 0.37775 0.816938 0.367521 0.8456720000000001 0.379021 0.980641 0.39177100000000004 0.999797 0.46197900000000003 0.997875 0.476021 0.977781 0.482417 0.957672 0.47985399999999995 0.818859 0.446667 0.7748280000000001 0.449229 0.741313 0.444104 0.740359
13 0.320875 0.761062 0.32583300000000004 0.814641 0.340708 0.933672 0.350625 0.9351559999999999 0.35956299999999997 0.8138909999999999 0.372458 0.770734 0.377417 0.734281 0.375438 0.726094 0.361542 0.717922 0.330792 0.716422 0.326833 0.733547 0.320875 0.761062
27 0.01975 0.982297 0.6189370000000001 0.9847810000000001 0.9909370000000001 0.9872500000000001 1 0.794656 0.846083 0.614406 0.7374580000000001 0.607 0.648563 0.634156 0.372021 0.678594 0.32591699999999996 0.631687 0.187646 0.629219 0.0032916708333333333 0.8366250000000001 0.01975 0.982297