77 0.175469 0.615817 0.201281 0.624875 0.20837500000000003 0.6012190000000001 0.204687 0.578615 0.19248400000000002 0.5489470000000001 0.187375 0.539391 0.188797 0.5318280000000001 0.174906 0.527313 0.151922 0.519778 0.135187 0.522299 0.12951600000000002 0.524792 0.12526600000000002 0.544404 0.142844 0.577091 0.158734 0.597202 0.140578 0.640942 0.143422 0.639945 0.159875 0.597202 0.175469 0.615817
77 0.47884399999999994 0.6050690000000001 0.47001600000000004 0.587839 0.464719 0.572992 0.439562 0.573767 0.436031 0.576122 0.423234 0.573767 0.409984 0.590194 0.397187 0.599584 0.38439100000000004 0.637922 0.377328 0.666898 0.387031 0.6778390000000001 0.394094 0.692715 0.41043799999999997 0.689584 0.43029700000000004 0.688006 0.444422 0.666898 0.46384400000000003 0.650443 0.470453 0.624626 0.479281 0.6050690000000001 0.47884399999999994 0.6050690000000001
77 0.503219 0.9056230000000001 0.527297 0.921357 0.522234 0.9460660000000001 0.5260309999999999 0.9483099999999999 0.534906 0.9280889999999999 0.550125 0.950554 0.579266 0.939335 0.600828 0.937091 0.604625 0.9820220000000001 0.610969 0.9820220000000001 0.607156 0.937091 0.627437 0.943823 0.660391 0.912355 0.6870160000000001 0.894377 0.693359 0.840443 0.7009529999999999 0.804488 0.6679999999999999 0.7640440000000001 0.636313 0.7325760000000001 0.604625 0.737091 0.572937 0.7393350000000001 0.551391 0.7662880000000001 0.519703 0.78651 0.496875 0.817978 0.500687 0.867424 0.500687 0.916842 0.503219 0.9056230000000001
77 0.878328 0.818504 0.920562 0.8006929999999999 0.940641 0.7679499999999999 0.963875 0.7408030000000001 0.973906 0.722078 0.9860469999999999 0.68554 0.995031 0.661219 0.978125 0.635928 0.9374689999999999 0.639668 0.910531 0.664017 0.8999689999999999 0.6762050000000001 0.892578 0.6659 0.887297 0.668698 0.894172 0.6846260000000001 0.8682969999999999 0.742659 0.8651249999999999 0.7950969999999999 0.8751559999999999 0.826925 0.878328 0.818504
77 0 0.698864 0.0063437499999999996 0.723601 0.025343700000000004 0.741579 0.0050625 0.791025 0.0114062 0.8 0.0304219 0.7460660000000001 0.0532344 0.761801 0.098875 0.7640440000000001 0.10774999999999998 0.728089 0.0861875 0.6831579999999999 0.0697187 0.65169 0.045625 0.640443 0.0037968796875 0.635956 0 0.66518 0 0.698864
50 0.303031 0.41204999999999997 0.306594 0.419945 0.310141 0.422576 0.312812 0.432022 0.317844 0.43254800000000004 0.319922 0.42518 0.322 0.41099699999999995 0.323766 0.401551 0.322594 0.394737 0.319328 0.384211 0.311625 0.36373999999999995 0.305406 0.361108 0.299187 0.361108 0.297703 0.365319 0.297406 0.370554 0.30125 0.378975 0.302438 0.38526299999999997 0.303328 0.40839299999999995 0.303031 0.41204999999999997
50 0.346328 0.326842 0.344266 0.334155 0.344266 0.33709100000000003 0.345516 0.340028 0.343438 0.343684 0.341797 0.34880900000000004 0.34096899999999997 0.35615 0.341375 0.363463 0.343031 0.36786699999999994 0.344687 0.379584 0.342203 0.401579 0.342203 0.41036 0.34096899999999997 0.41770100000000004 0.34096899999999997 0.426482 0.338063 0.429418 0.335594 0.432355 0.335594 0.437479 0.34054700000000004 0.436731 0.345094 0.43307500000000004 0.345516 0.42429399999999995 0.346328 0.41036 0.350875 0.397175 0.352125 0.411108 0.35046900000000003 0.42795 0.35046900000000003 0.434543 0.353781 0.439668 0.357078 0.44113600000000003 0.357078 0.43160699999999996 0.357078 0.423546 0.35750000000000004 0.408172 0.358328 0.394238 0.35914100000000004 0.385457 0.361219 0.378864 0.363281 0.370055 0.363687 0.35615 0.361625 0.342964 0.355844 0.341496 0.354187 0.33709100000000003 0.355422 0.331967 0.353359 0.325374 0.350062 0.323158 0.346328 0.324626 0.346328 0.326842
50 0.41164100000000003 0.403352 0.414328 0.40097 0.413984 0.395623 0.411984 0.37542899999999996 0.406953 0.365346 0.406953 0.35465399999999997 0.405609 0.347535 0.39725 0.346925 0.392891 0.363546 0.388531 0.370083 0.389547 0.395623 0.391891 0.40928 0.391547 0.43185599999999996 0.39725 0.445512 0.401938 0.444903 0.401938 0.414044 0.404953 0.413435 0.407969 0.444903 0.41265599999999997 0.445512 0.41164100000000003 0.403352
50 0.5700160000000001 0.44454299999999997 0.574828 0.442521 0.575109 0.432465 0.582766 0.415873 0.5833440000000001 0.40481999999999996 0.589297 0.396759 0.582203 0.38218799999999997 0.576813 0.380693 0.5796560000000001 0.370609 0.579375 0.36005499999999996 0.5796560000000001 0.348006 0.576813 0.336925 0.567453 0.334931 0.568594 0.348006 0.565188 0.354017 0.559234 0.356537 0.554125 0.3641 0.556109 0.37263199999999996 0.560937 0.37415499999999996 0.563203 0.379169 0.562063 0.385208 0.558953 0.391745 0.563484 0.39928 0.564047 0.40833800000000003 0.559797 0.41235499999999997 0.554125 0.415873 0.555828 0.42443200000000003 0.559797 0.42695299999999997 0.560656 0.421413 0.564625 0.42241 0.565469 0.42944599999999994 0.564906 0.43900300000000003 0.568875 0.44454299999999997 0.5700160000000001 0.44454299999999997
50 0.133125 0.45592800000000006 0.131766 0.41490299999999997 0.130406 0.395596 0.127 0.379917 0.132438 0.379917 0.132438 0.36903 0.127672 0.358172 0.119516 0.348532 0.124281 0.338864 0.118828 0.326787 0.112016 0.326787 0.10793699999999999 0.33282500000000004 0.108609 0.342493 0.108609 0.346122 0.103844 0.352133 0.10045299999999999 0.355762 0.0997656 0.365429 0.10657799999999999 0.39077599999999996 0.10725 0.406454 0.10725 0.420942 0.105891 0.44146799999999997 0.103844 0.468006 0.10248399999999999 0.481274 0.108609 0.48371200000000003 0.108609 0.47282500000000005 0.108609 0.45351800000000003 0.120188 0.449917 0.122234 0.45955700000000005 0.124281 0.47282500000000005 0.124281 0.48249299999999995 0.136531 0.48249299999999995 0.13720300000000002 0.48249299999999995 0.131078 0.471634 0.133125 0.45592800000000006
50 0.8550000000000001 0.32650999999999997 0.852453 0.318753 0.8506410000000001 0.305208 0.844453 0.305208 0.8437189999999999 0.314875 0.8429840000000001 0.317479 0.840437 0.332299 0.839719 0.36393400000000004 0.828063 0.401357 0.83025 0.403296 0.836797 0.403296 0.837172 0.396205 0.844453 0.371025 0.8517189999999999 0.38587299999999997 0.8484529999999999 0.405235 0.856094 0.40072 0.856094 0.398144 0.8517189999999999 0.361994 0.8550000000000001 0.32650999999999997
50 0.251953 0.443546 0.266344 0.458449 0.286734 0.45205000000000006 0.28912499999999997 0.419114 0.28373400000000004 0.38083100000000003 0.27714099999999997 0.334072 0.268734 0.307507 0.260953 0.313878 0.256156 0.33831 0.251359 0.376593 0.25675 0.415928 0.251953 0.443546
2 0.0746719 0.52313 0.0741094 0.527119 0.0741094 0.5311359999999999 0.0741094 0.535651 0.0752344 0.540139 0.0755156 0.540637 0.0772188 0.543657 0.07890620000000001 0.545152 0.0831406 0.545152 0.0865313 0.544654 0.0986719 0.5461499999999999 0.10234399999999999 0.545152 0.104328 0.538643 0.104891 0.534127 0.10403100000000001 0.5266200000000001 0.104609 0.5196120000000001 0.104891 0.514626 0.104891 0.509612 0.10093700000000001 0.507618 0.0975469 0.507618 0.0944375 0.507618 0.09275 0.507618 0.0921719 0.504598 0.09020310000000001 0.5065930000000001 0.0885156 0.508615 0.0879375 0.509114 0.0854062 0.509114 0.0839844 0.509114 0.0825781 0.504598 0.0814531 0.502604 0.0820156 0.5006090000000001 0.0817344 0.49808899999999995 0.0800312 0.49958400000000003 0.078625 0.503102 0.0766563 0.506094 0.076375 0.507119 0.0757969 0.509114 0.0755156 0.509612 0.0724219 0.510609 0.0729844 0.513601 0.0735469 0.514626 0.0752344 0.513601 0.0752344 0.5196120000000001 0.0746719 0.52313
50 0.257734 0.330194 0.255328 0.32595599999999997 0.25509400000000004 0.319141 0.253656 0.317008 0.249562 0.312742 0.24668800000000002 0.317008 0.246203 0.323407 0.248609 0.33063699999999996 0.24525000000000002 0.33360100000000004 0.247641 0.344681 0.244047 0.35404399999999997 0.243812 0.36213300000000004 0.24668800000000002 0.375762 0.249094 0.397064 0.250766 0.40343500000000004 0.254125 0.40216100000000005 0.251734 0.375762 0.252937 0.36767299999999997 0.257016 0.331911 0.257734 0.330194
50 0.230078 0.47462600000000005 0.220141 0.500194 0.225906 0.518366 0.242906 0.524072 0.25284399999999996 0.522355 0.246109 0.5115510000000001 0.243219 0.505873 0.244828 0.48313 0.249641 0.48030500000000004 0.250594 0.445069 0.246422 0.428587 0.252203 0.415512 0.247391 0.393906 0.243547 0.36833800000000005 0.24162499999999998 0.35867 0.247391 0.34446 0.24706299999999998 0.342742 0.24257800000000002 0.331967 0.23424999999999999 0.331967 0.231031 0.346731 0.225594 0.358089 0.220453 0.375152 0.21629700000000002 0.43027699999999997 0.22206199999999998 0.43199400000000004 0.231031 0.45700799999999997 0.230078 0.47462600000000005
2 0.25981299999999996 0.372244 0.259531 0.375042 0.260094 0.378587 0.260672 0.391994 0.263375 0.396039 0.266094 0.376316 0.26139100000000004 0.374017 0.25981299999999996 0.372244
77 0 0.623795 0.0238906 0.603878 0.0289219 0.585762 0.035625000000000004 0.573878 0.0408281 0.562576 0.0257344 0.5367040000000001 0.0166875 0.533435 0.00696875 0.535512 0 0.5376179999999999 0 0.623795