24 0.315094 0.605417 0.285781 0.6034579999999999 0.284313 0.578042 0.225656 0.578042 0.193406 0.578042 0.181672 0.533083 0.161141 0.533083 0.147953 0.519396 0.137672 0.519396 0.103953 0.527208 0.0013281203125 0.576083 0 0.632792 0.0027968703125 0.9827290000000001 0.13620300000000002 0.984687 0.32390599999999997 0.707083 0.326844 0.705125 0.318031 0.6464789999999999 0.315094 0.605417
24 0.894797 0.512229 0.8739839999999999 0.512229 0.858953 0.577 0.761813 0.569292 0.746781 0.590875 0.741 0.6062919999999999 0.714391 0.6062919999999999 0.712078 0.655625 0.719016 0.671042 0.720172 0.715771 0.727109 0.729646 0.728266 0.695729 0.861266 0.997771 0.997719 0.999313 0.995406 0.5275 0.923703 0.49064599999999997 0.899422 0.5029790000000001 0.894797 0.512229
22 0.571672 0.455979 0.572578 0.481312 0.560797 0.478896 0.5589999999999999 0.517521 0.5589999999999999 0.580292 0.5653279999999999 0.5754579999999999 0.567141 0.567021 0.569859 0.556146 0.572578 0.538042 0.575281 0.544083 0.578906 0.602021 0.588859 0.5996039999999999 0.58525 0.5465 0.628688 0.541667 0.635031 0.600812 0.642266 0.5996039999999999 0.642266 0.5911460000000001 0.642266 0.577875 0.644078 0.5730419999999999 0.641359 0.483729 0.6404690000000001 0.483729 0.6404690000000001 0.44993700000000003 0.622359 0.453563 0.571672 0.455979
22 0.481469 0.494937 0.473391 0.504875 0.47401600000000005 0.529729 0.475875 0.547937 0.477734 0.5868749999999999 0.47898399999999997 0.581063 0.48395299999999997 0.539667 0.482703 0.6026039999999999 0.492031 0.5976250000000001 0.492031 0.545458 0.5355000000000001 0.539667 0.539234 0.5918329999999999 0.541719 0.611708 0.549797 0.599292 0.548547 0.534687 0.554141 0.526417 0.554766 0.475875 0.546063 0.483333 0.547312 0.46345800000000004 0.547312 0.4585 0.505062 0.460146 0.48021900000000006 0.460979 0.481469 0.494937
22 0.579094 0.375729 0.579734 0.428521 0.611984 0.42810400000000004 0.613594 0.375729 0.585484 0.377021 0.580063 0.377021 0.579094 0.375729
22 0.620672 0.37318799999999996 0.623578 0.42933299999999996 0.626969 0.430625 0.626484 0.420938 0.6497189999999999 0.420938 0.6502030000000001 0.424812 0.6550469999999999 0.428042 0.6555310000000001 0.370604 0.6511720000000001 0.37124999999999997 0.636656 0.37318799999999996 0.624062 0.375771 0.620672 0.37318799999999996
22 0.671547 0.427958 0.6719999999999999 0.437458 0.676453 0.437458 0.676453 0.436854 0.677781 0.423208 0.681344 0.417271 0.688469 0.417271 0.698719 0.417271 0.6996089999999999 0.443396 0.701391 0.468333 0.705844 0.467729 0.7049529999999999 0.444583 0.7045 0.406583 0.707625 0.370938 0.703172 0.368563 0.686688 0.369167 0.6706559999999999 0.371542 0.6711090000000001 0.400625 0.666203 0.406583 0.670219 0.411917 0.672891 0.42677099999999996 0.671547 0.427958
27 0.475891 0.483646 0.479547 0.464146 0.536641 0.457312 0.549828 0.456333 0.564469 0.456333 0.5783750000000001 0.456333 0.60325 0.455354 0.637656 0.45241699999999996 0.642781 0.45047899999999996 0.643516 0.465104 0.643516 0.475854 0.6574220000000001 0.473896 0.659625 0.559771 0.666203 0.556854 0.674984 0.597833 0.687437 0.5900420000000001 0.685234 0.44949999999999996 0.670594 0.423146 0.464187 0.429979 0.442953 0.462187 0.45028100000000004 0.605646 0.461984 0.6017499999999999 0.461984 0.483646 0.475891 0.483646
14 0.450234 0.767687 0.450234 0.775687 0.45789099999999994 0.782792 0.459547 0.7863330000000001 0.46320300000000003 0.7903330000000001 0.47885900000000003 0.785 0.488516 0.7725829999999999 0.489844 0.7654789999999999 0.481844 0.757938 0.46853100000000003 0.757042 0.465203 0.757479 0.45921900000000004 0.758813 0.450234 0.767687
43 0.57875 0.31722900000000004 0.541266 0.318167 0.5353749999999999 0.32185400000000003 0.536766 0.350542 0.546125 0.350083 0.578406 0.34916699999999995 0.57875 0.31722900000000004
12 0.559656 0.7284579999999999 0.559656 0.732229 0.6254839999999999 0.731417 0.6254839999999999 0.7265619999999999 0.620656 0.684042 0.5632189999999999 0.6828540000000001 0.559984 0.6848120000000001 0.559391 0.730375 0.559656 0.7284579999999999
36 0.7897339999999999 0.425771 0.788453 0.414688 0.777922 0.39595800000000003 0.7721720000000001 0.395104 0.743109 0.398938 0.733844 0.408729 0.732891 0.430021 0.728734 0.439396 0.724266 0.450042 0.726828 0.462375 0.735125 0.466208 0.738953 0.46110399999999996 0.737047 0.434708 0.756844 0.43768799999999997 0.768016 0.433854 0.775047 0.431292 0.789094 0.42704200000000003 0.7897339999999999 0.425771
26 0.7813589999999999 0.452521 0.7910470000000001 0.450375 0.7924059999999999 0.428125 0.788359 0.42774999999999996 0.781906 0.429542 0.780016 0.43135399999999996 0.7813589999999999 0.452521
26 0.806891 0.42633299999999996 0.805906 0.42522899999999997 0.803609 0.424354 0.8001720000000001 0.424354 0.8 0.424354 0.797547 0.424792 0.795234 0.425896 0.79425 0.427417 0.797375 0.447125 0.798203 0.44733300000000004 0.8054220000000001 0.448208 0.806406 0.43114600000000003 0.807063 0.427417 0.806891 0.42633299999999996
58 0.6065 0.373729 0.626344 0.374542 0.626344 0.369313 0.617656 0.36958300000000005 0.6069060000000001 0.37014600000000003 0.6065 0.373729
26 0.518141 0.7464379999999999 0.522578 0.7554580000000001 0.528656 0.7573329999999999 0.534953 0.754542 0.540562 0.7299380000000001 0.5398590000000001 0.707812 0.534953 0.704083 0.525844 0.7034579999999999 0.5202340000000001 0.705625 0.515109 0.712479 0.514875 0.729313 0.518141 0.7464379999999999