13 0.2888 0.64016 0.27816 0.65008 0.27816 0.660027 0.27178 0.665707 0.2771 0.6728 0.27178 0.789147 0.24624 0.882773 0.2356 0.8983730000000001 0.24412 0.9437870000000002 0.26008 0.933867 0.28136 0.9366930000000001 0.29732 0.94096 0.30902 0.95656 0.31116 0.641573 0.2888 0.64016
13 0.32442000000000004 0.98088 0.33144 0.9893069999999999 0.38339999999999996 1 0.3827 0.973387 0.37076 0.951867 0.37216000000000005 0.935947 0.37286 0.88072 0.36163999999999996 0.8526400000000001 0.36022000000000004 0.8320270000000001 0.3532 0.823627 0.33986 0.831093 0.33916 0.8582399999999999 0.33356 0.88352 0.33283999999999997 0.94624 0.32232 0.979013 0.32442000000000004 0.98088
22 0.7102200000000001 0.694853 0.72182 0.69176 0.71602 0.6793870000000001 0.71138 0.6716799999999999 0.71602 0.665493 0.72762 0.6531199999999999 0.73688 0.6515730000000001 0.75544 0.645387 0.75428 0.58512 0.74848 0.54184 0.7566 0.535653 0.7728200000000001 0.529467 0.796 0.529467 0.796 0.523307 0.7878999999999999 0.47848 0.7878999999999999 0.476933 0.75312 0.447573 0.7195 0.438293 0.6998 0.44911999999999996 0.68008 0.48621299999999995 0.67662 0.531013 0.68356 0.5711999999999999 0.69052 0.595947 0.69748 0.6515730000000001 0.7102200000000001 0.688667 0.7102200000000001 0.694853
22 0.45222 0.60304 0.4604 0.52256 0.4604 0.492533 0.45018 0.480267 0.41232 0.46936 0.39696 0.481627 0.40692 0.49904 0.43074 0.618053 0.43482 0.635787 0.4205 0.663067 0.4338 0.7926670000000001 0.4604 0.7844800000000001 0.46756 0.616693 0.45222 0.60304
22 0.44016000000000005 0.39143999999999995 0.43195999999999996 0.432453 0.43092 0.432453 0.44118 0.47074699999999997 0.46374 0.48303999999999997 0.46784 0.47210699999999994 0.47912 0.39552 0.44016000000000005 0.381867 0.44016000000000005 0.39143999999999995
26 0.76524 0.807573 0.79092 0.80464 0.7967799999999999 0.79584 0.80118 0.667707 0.78138 0.65304 0.75202 0.652053 0.73002 0.651093 0.72048 0.660853 0.72122 0.663787 0.72488 0.792907 0.76524 0.807573
26 0.88788 0.597387 0.87438 0.59096 0.84982 0.58712 0.8334400000000001 0.592267 0.84258 0.61024 0.83584 0.613467 0.8132 0.623733 0.8223400000000001 0.768933 0.8445199999999999 0.7753599999999999 0.86956 0.776 0.8758400000000001 0.770213 0.8801599999999999 0.727173 0.8869199999999999 0.602533 0.88788 0.597387
26 0.10338 0.9987199999999999 0.10472 0.975867 0.11431999999999999 0.95296 0.1245 0.9411729999999999 0.12262 0.907707 0.12676 0.890107 0.1113 0.888587 0.08502 0.894133 0.05926 0.90944 0.05058 0.9212800000000001 0.04682 0.930347 0.047560000000000005 0.950453 0.06228 0.966053 0.06604 0.9984529999999999 0.10338 0.9987199999999999
41 0.5982799999999999 0.8588270000000001 0.403 0.87288 0.40036 0.8957600000000001 0.61148 0.8852 0.62864 0.865867 0.61412 0.8500270000000001 0.5982799999999999 0.8588270000000001
51 0.58608 0.93496 0.6183200000000001 0.9134669999999999 0.6298400000000001 0.92112 0.6333 0.9119200000000001 0.62006 0.9004 0.6022000000000001 0.9004 0.58492 0.9004 0.54518 0.885813 0.53828 0.8942669999999999 0.5227200000000001 0.9111469999999999 0.50314 0.9172800000000001 0.50832 0.9265070000000001 0.53654 0.933413 0.5567000000000001 0.938027 0.58896 0.9388000000000001 0.58608 0.93496
50 0.00664 0.5932270000000001 0.00868 0.63424 0.009720000000000001 0.65064 0.01278 0.658853 0.02612 0.66432 0.024079999999999997 0.7231200000000001 0.01382 0.79696 0.01382 0.8420799999999999 0.014839999999999999 0.8680530000000001 0.02714 0.924107 0.047659999999999994 0.939147 0.05176 0.922747 0.05586 0.911813 0.0733 0.9036000000000001 0.07534 0.9022399999999999 0.09072 0.895413 0.1256 0.88992 0.12764 0.8872 0.12868000000000002 0.881733 0.12868000000000002 0.8680530000000001 0.12969999999999998 0.8420799999999999 0.142 0.8325070000000001 0.14406 0.8242929999999999 0.14406 0.8078930000000001 0.14714 0.7942130000000001 0.15328 0.7832800000000001 0.18403999999999998 0.7914929999999999 0.20046 0.744987 0.24659999999999999 0.653387 0.25892000000000004 0.656107 0.27326 0.654747 0.2866 0.641067 0.31427999999999995 0.638347 0.31633999999999995 0.61784 0.33172 0.6109870000000001 0.34096 0.627413 0.34812 0.631493 0.36044 0.636987 0.38608 0.67664 0.4076 0.6738930000000001 0.40864 0.6738930000000001 0.41478 0.667067 0.42606 0.6602129999999999 0.43428 0.646533 0.43632 0.641067 0.43119999999999997 0.623307 0.40966 0.519387 0.38094 0.446907 0.35428 0.41957300000000003 0.36248 0.40314700000000003 0.3594 0.344373 0.35838 0.326587 0.35838 0.31565299999999996 0.3512 0.282827 0.343 0.241813 0.33274000000000004 0.198053 0.32454 0.176187 0.31427999999999995 0.15157299999999999 0.31224 0.14472000000000002 0.30198 0.11191999999999999 0.29172000000000003 0.09277330133333334 0.2743 0.07637330133333332 0.25686000000000003 0.0668 0.24352000000000001 0.05994670133333333 0.23532 0.058586698666666666 0.22813999999999998 0.057226698666666666 0.21891999999999998 0.057226698666666666 0.20148 0.06544 0.21276 0.09002670133333333 0.18816 0.08048 0.17174 0.09960000000000001 0.15841999999999998 0.122853 0.14098 0.15157299999999999 0.13586 0.184373 0.1256 0.23224 0.13174 0.26232 0.12764 0.29375999999999997 0.1215 0.325227 0.1215 0.34984 0.11431999999999999 0.3936 0.10406 0.416827 0.05688 0.451013 0.031239999999999997 0.5098130000000001 0.00664 0.5932270000000001
50 0.46516 0.782027 0.4972 0.782027 0.5039399999999999 0.687653 0.51574 0.761787 0.7280800000000001 0.692133 0.66404 0.42248 0.62866 0.41797300000000004 0.6269600000000001 0.37527999999999995 0.64044 0.25168 0.62866 0.233707 0.59494 0.217973 0.5191 0.23146699999999998 0.5191 0.337067 0.52248 0.38426699999999997 0.49044 0.404507 0.47022 0.4472 0.4618 0.757307 0.46516 0.782027
50 0.49382 0.06066670133333333 0.49044 0.11461299999999999 0.49382 0.155067 0.51236 0.21349300000000002 0.5039399999999999 0.217973 0.4854 0.27864 0.4736 0.337067 0.49382 0.411227 0.49888 0.39549300000000004 0.50898 0.37304 0.51236 0.28314700000000004 0.5662999999999999 0.235947 0.60338 0.24493299999999998 0.6370800000000001 0.24493299999999998 0.63202 0.22696 0.61348 0.208987 0.5983200000000001 0.18650699999999998 0.5882000000000001 0.161787 0.6050599999999999 0.10336 0.5882000000000001 0.07192 0.54438 0.0472 0.49382 0.06066670133333333
50 0.64766 0.270907 0.65604 0.29552 0.6677799999999999 0.32461300000000004 0.68624 0.35592 0.7080599999999999 0.342507 0.7080599999999999 0.326827 0.7080599999999999 0.29552 0.7047 0.261973 0.70302 0.23736000000000002 0.69798 0.210507 0.67786 0.203787 0.67786 0.185893 0.6728200000000001 0.1792 0.66108 0.1792 0.6526799999999999 0.18365299999999998 0.64766 0.192613 0.64766 0.199333 0.64932 0.210507 0.66108 0.22616 0.66946 0.23288 0.6594 0.244053 0.64598 0.255253 0.64766 0.270907
50 0.84564 0.249253 0.8441799999999999 0.24408 0.8505 0.233093 0.84612 0.22920000000000001 0.83982 0.226613 0.84612 0.2124 0.8548600000000001 0.208507 0.86358 0.19751999999999997 0.8650399999999999 0.18136000000000002 0.86358 0.170987 0.85922 0.16064 0.8437 0.15288 0.8373999999999999 0.156773 0.8296399999999999 0.16322699999999998 0.82382 0.186533 0.82526 0.200747 0.8209 0.210453 0.81314 0.222747 0.80684 0.24730700000000003 0.80198 0.27448 0.80974 0.28096 0.81314 0.307467 0.8146 0.324293 0.8296399999999999 0.33592 0.85 0.26736 0.84564 0.249253
50 0.8561799999999999 0.368533 0.8629199999999999 0.359547 0.86966 0.294373 0.89158 0.24944000000000002 0.93708 0.24493299999999998 0.97248 0.256187 0.99438 0.30112 0.98764 0.22922700000000001 0.9809 0.204507 0.9572999999999999 0.188773 0.93876 0.17304 0.94044 0.11461299999999999 0.92528 0.08989329866666666 0.8882000000000001 0.09213330133333333 0.86966 0.12808 0.8764 0.17077299999999998 0.88314 0.188773 0.8578600000000001 0.206747 0.8460599999999999 0.25842699999999996 0.8292200000000001 0.341573 0.81404 0.39776 0.8174199999999999 0.42248 0.84776 0.364053 0.8561799999999999 0.368533
50 1 0.464107 0.97588 0.41234699999999996 0.99 0.40058699999999997 0.99352 0.37 0.9953 0.348827 0.99706 0.337067 0.99352 0.332347 0.99 0.292347 0.97412 0.26648 0.95824 0.25234700000000004 0.9388200000000001 0.240587 0.90706 0.240587 0.8929400000000001 0.25 0.86118 0.332347 0.85236 0.362933 0.8347 0.40530700000000003 0.81176 0.46176 0.8047000000000001 0.494693 0.7923600000000001 0.522933 0.82236 0.537067 0.8294199999999999 0.591173 0.88588 0.591173 0.88764 0.62176 0.91588 0.62176 0.95824 0.61 0.9652999999999999 0.560587 1 0.565307 1 0.464107
26 0.33952 0.728613 0.33784 0.7871729999999999 0.34628 0.834453 0.35810000000000003 0.8547199999999999 0.37162 0.890773 0.37332 0.9448270000000001 0.40034 0.9560799999999999 0.41048 0.69256 0.39864 0.6858129999999999 0.36318 0.6768000000000001 0.33446 0.679067 0.33952 0.728613
26 0.9185399999999999 0.979787 0.99606 0.986507 1 0.67192 0.97248 0.658427 0.9337000000000001 0.660667 0.91686 0.67192 0.91012 0.67864 0.91516 0.732587 0.9185399999999999 0.979787
41 0.82974 0.9617330000000001 0.81508 0.952933 0.7784 0.939227 0.77986 0.934347 0.77986 0.93336 0.67348 0.901093 0.6624800000000001 0.91184 0.68522 0.920667 0.82314 0.9715199999999999 0.82974 0.9617330000000001
52 0.4685 0.34568 0.48394 0.300587 0.48688 0.264293 0.48174 0.23096 0.45968000000000003 0.22216 0.4582 0.20744 0.46702 0.19469299999999998 0.49938 0.204507 0.49424 0.162347 0.50158 0.128027 0.46114 0.09568 0.44644 0.07706669866666667 0.40232 0.07802670133333334 0.41187999999999997 0.125093 0.36482 0.116267 0.34866 0.138827 0.35968 0.152533 0.3516 0.18392 0.37144 0.18784 0.37954000000000004 0.212347 0.38836000000000004 0.200587 0.43542000000000003 0.19959999999999997 0.43982 0.21626700000000001 0.42218 0.22312 0.4163 0.23392 0.4163 0.2888 0.431 0.348613 0.4685 0.34568
27 0.87472 0.770773 0.82752 0.770773 0.81742 0.72808 0.80394 0.7348270000000001 0.80394 0.793253 0.7618 0.811227 0.72472 0.788773 0.71798 0.687653 0.55956 0.741573 0.72134 0.8247199999999999 0.76686 0.8247199999999999 0.88484 0.8831470000000001 0.9118 0.860667 0.9118 0.69888 0.88314 0.705627 0.87472 0.770773
27 0.41124 0.844933 0.48876 0.8089869999999999 0.61686 0.811227 0.6151599999999999 0.835947 0.6623600000000001 0.8089869999999999 0.7263999999999999 0.831467 0.56292 0.7348270000000001 0.40618 0.7954929999999999 0.41124 0.844933
53 0.72356 0.23304 0.72356 0.34792 0.75502 0.346613 0.7656799999999999 0.342107 0.7676000000000001 0.322747 0.76954 0.3008 0.771 0.293067 0.77826 0.278213 0.7888999999999999 0.27176 0.8029400000000001 0.27112 0.8039 0.255627 0.8077799999999999 0.22463999999999998 0.8184199999999999 0.216907 0.8198799999999999 0.186587 0.8072999999999999 0.180133 0.72696 0.187867 0.72356 0.23304
78 0.44262 0.212693 0.43782 0.226533 0.41544 0.232933 0.42344 0.32136000000000003 0.43622000000000005 0.346907 0.46898 0.35010699999999995 0.48736 0.25424 0.47776 0.231867 0.4562 0.216933 0.46978 0.18392 0.47458 0.176453 0.46177999999999997 0.172187 0.42263999999999996 0.17432 0.41944 0.175387 0.44101999999999997 0.19669299999999998 0.44262 0.212693
13 0.12854 0.8674400000000001 0.13028 0.877893 0.12594 0.894133 0.12376000000000001 0.94056 0.139 0.928373 0.15074 0.928373 0.16076 0.931867 0.18425999999999998 0.923733 0.20428 0.9272 0.21559999999999999 0.9359200000000001 0.21212 0.8848530000000001 0.20516 0.8668530000000001 0.20298 0.833787 0.18862 0.827387 0.18078 0.792 0.17382 0.786773 0.15553999999999998 0.7902399999999999 0.14856 0.796053 0.14378 0.8320270000000001 0.13028 0.844213 0.12854 0.8674400000000001
32 0.40112000000000003 0.8984800000000001 0.40334 0.8999729999999999 0.41006 0.9014669999999999 0.41566000000000003 0.904453 0.42851999999999996 0.905947 0.44083999999999995 0.9066930000000001 0.45089999999999997 0.913413 0.466 0.9193870000000001 0.47552 0.92384 0.48446 0.927573 0.48725999999999997 0.9365330000000001 0.49510000000000004 0.938773 0.5074 0.9357869999999999 0.5225 0.929067 0.53986 0.9216000000000001 0.55048 0.9126670000000001 0.55384 0.9052 0.5393 0.9096799999999999 0.5281 0.9171469999999999 0.50908 0.9268270000000001 0.49286 0.929067 0.48613999999999996 0.92384 0.47776 0.9171469999999999 0.46656 0.9111729999999999 0.4537 0.905947 0.44195999999999996 0.8999729999999999 0.43356 0.8962399999999999 0.41846 0.895493 0.40168 0.895493 0.40112000000000003 0.8984800000000001
41 0.67034 0.895227 0.77788 0.9276000000000001 0.7817999999999999 0.9229869999999999 0.7831 0.918347 0.7831 0.9154669999999999 0.77486 0.9096799999999999 0.7579400000000001 0.9102669999999999 0.6742400000000001 0.888293 0.67034 0.895227
22 0.0081 0.6493599999999999 0.00726 0.658373 0.0081 0.6831729999999999 0.01402 0.747467 0.019940000000000003 0.7711469999999999 0.02332 0.7305330000000001 0.028399999999999998 0.657253 0.013179999999999999 0.657253 0.01234 0.657253 0.0081 0.6493599999999999
52 0.80536 0.172373 0.8077799999999999 0.157867 0.80536 0.14656 0.80414 0.13527999999999998 0.8065599999999999 0.128827 0.82592 0.120773 0.84104 0.11914699999999999 0.8561599999999999 0.10141299999999999 0.8482999999999999 0.107867 0.8477 0.09898670133333333 0.8440599999999999 0.09978670133333332 0.83802 0.103013 0.8368 0.10624000000000001 0.83016 0.09978670133333332 0.8174600000000001 0.09013330133333333 0.82592 0.08770669866666667 0.82774 0.07802670133333334 0.8108 0.07962669866666668 0.8180599999999999 0.07237330133333333 0.80716 0.06674670133333334 0.8035399999999999 0.06269329866666666 0.7992999999999999 0.06834669866666666 0.8029400000000001 0.07802670133333334 0.79326 0.0756 0.78842 0.07317329866666666 0.7866000000000001 0.07962669866666668 0.78116 0.08448 0.7745 0.08285330133333332 0.76664 0.07962669866666668 0.7612000000000001 0.08770669866666667 0.75698 0.09656 0.74972 0.11431999999999999 0.73822 0.124 0.72794 0.13688 0.71282 0.15301299999999998 0.7225 0.151413 0.7243200000000001 0.15464 0.73156 0.159467 0.73882 0.15544 0.7551599999999999 0.15624000000000002 0.75878 0.163493 0.7612000000000001 0.181253 0.77148 0.18688 0.8077799999999999 0.17882699999999999 0.80536 0.172373
78 0.77454 0.140507 0.774 0.16304 0.77612 0.17746699999999999 0.7851 0.17853300000000003 0.8078 0.174293 0.8078 0.14192 0.8004 0.138053 0.77586 0.140853 0.77454 0.140507
50 0.00152 0.258533 0.00152 0.341067 0.0023599999999999997 0.709627 0.01 0.7051200000000001 0.00746 0.691547 0.0057599999999999995 0.670053 0.0083 0.641787 0.01 0.622587 0.011699999999999999 0.583013 0.02866 0.523093 0.03374 0.488027 0.05154 0.463173 0.059179999999999996 0.447333 0.10412 0.41568 0.09904 0.410027 0.09223999999999999 0.39984 0.088 0.38629299999999994 0.07952 0.36592 0.08292000000000001 0.360293 0.09056 0.352373 0.0897 0.345573 0.09056 0.332027 0.09904 0.32976 0.09394 0.32072 0.09140000000000001 0.309413 0.09140000000000001 0.294693 0.08546 0.275493 0.08632 0.267573 0.08886 0.256267 0.04052 0.22912000000000002 0.01508 0.23930700000000002 0.0023599999999999997 0.2608 0.00152 0.258533
50 0.34788 0.292053 0.36202 0.388 0.3466 0.417147 0.37616000000000005 0.43426699999999996 0.39030000000000004 0.463413 0.398 0.466827 0.407 0.470267 0.42113999999999996 0.47197300000000003 0.4417 0.47370700000000004 0.42756 0.40685299999999996 0.40058 0.36744 0.40058 0.362293 0.389 0.309173 0.36588 0.26464 0.34146 0.27149300000000004 0.34788 0.292053
50 0.81624 0.30832000000000004 0.81312 0.28752 0.80688 0.279227 0.7913 0.268827 0.7757200000000001 0.29168 0.76636 0.333253 0.75858 0.34986700000000004 0.74142 0.360267 0.70882 0.41864 0.7034 0.43221299999999996 0.71154 0.435813 0.72376 0.43853299999999995 0.738 0.43672000000000005 0.76106 0.440347 0.76716 0.44576 0.77734 0.443973 0.7847999999999999 0.44848000000000005 0.79498 0.447573 0.80176 0.4512 0.81126 0.4512 0.816 0.4512 0.80448 0.43944 0.80922 0.434 0.81126 0.426773 0.8153400000000001 0.416827 0.81804 0.40416 0.83026 0.34570700000000004 0.81624 0.327013 0.81624 0.30832000000000004
50 0.10474 0.251013 0.10424 0.248693 0.09648000000000001 0.245013 0.08524 0.242347 0.07898000000000001 0.240347 0.07648 0.23736000000000002 0.07748000000000001 0.23168 0.08048000000000001 0.22469299999999998 0.08073999999999999 0.22269299999999997 0.08248 0.21536000000000002 0.08198 0.210693 0.08198 0.20168 0.08048000000000001 0.19634700000000002 0.07848000000000001 0.193013 0.07524 0.190027 0.07198 0.18869299999999997 0.06598000000000001 0.19136 0.05948 0.19069299999999997 0.05674 0.192027 0.05198 0.19797299999999998 0.05048 0.20664 0.05022 0.210293 0.04622 0.22063999999999998 0.046979999999999994 0.225973 0.05098 0.22997299999999998 0.053219999999999996 0.23464 0.06798 0.24562699999999998 0.08948 0.25864 0.08824 0.27392 0.09048 0.28325300000000003 0.09074 0.28824 0.09298000000000001 0.29024 0.09648000000000001 0.29224 0.10048 0.290587 0.10324 0.28424 0.11173999999999999 0.284907 0.10973999999999999 0.28024 0.10723999999999999 0.27848 0.10536 0.255173 0.10474 0.251013
26 0.7778999999999999 0.6498670000000001 0.7991 0.664 0.804 0.673787 0.8015399999999999 0.7390399999999999 0.81704 0.726 0.8146 0.6259469999999999 0.7827999999999999 0.6292 0.78198 0.6226929999999999 0.79584 0.593333 0.81868 0.585707 0.82602 0.585707 0.8276399999999999 0.53352 0.78606 0.523733 0.76974 0.523733 0.75752 0.5302669999999999 0.75262 0.534613 0.74936 0.541147 0.7517999999999999 0.6487729999999999 0.7778999999999999 0.6498670000000001