27 0.008843750000000001 0.970944 0.7710619999999999 0.9866670000000001 0.982156 0.970944 0.9910159999999999 0.0473333 0.151688 0.0495833 0.0037968796875 0.33722199999999997 0.008843750000000001 0.970944
79 0.296156 0.468306 0.303891 0.462917 0.315563 0.459972 0.322078 0.461028 0.331937 0.461583 0.335719 0.45538899999999993 0.357703 0.435167 0.363 0.431667 0.363906 0.429444 0.354328 0.414889 0.343297 0.40522199999999997 0.324016 0.396583 0.316484 0.395306 0.305375 0.395306 0.303516 0.368167 0.302219 0.273389 0.324781 0.243972 0.345016 0.209056 0.350453 0.198667 0.365234 0.148194 0.369719 0.13125 0.373797 0.0738333 0.374 0.0610278 0.371266 0.00327778 0.371625 0.000305556 0.164766 0 0.168734 0.0361667 0.171891 0.0637222 0.176187 0.0930278 0.185984 0.137 0.192828 0.158028 0.199328 0.176389 0.21945300000000004 0.21197199999999997 0.250547 0.249833 0.27975 0.274694 0.287156 0.326611 0.292906 0.398972 0.263453 0.4129999999999999 0.24767200000000003 0.43261099999999997 0.23245299999999997 0.464778 0.23245299999999997 0.480861 0.233281 0.505 0.239031 0.518167 0.2415 0.518167 0.262891 0.508639 0.282219 0.493639 0.289188 0.47505600000000003 0.296156 0.468306
26 0.37584399999999996 0.425889 0.41367200000000004 0.401222 0.448984 0.390028 0.45403099999999996 0.33844399999999997 0.462859 0.277917 0.466641 0.219611 0.44395300000000004 0.18599999999999997 0.40106200000000003 0.168056 0.360703 0.177028 0.334219 0.230833 0.36575 0.42813900000000005 0.37584399999999996 0.425889
26 0.7800469999999999 0.248194 0.7804840000000001 0.25288900000000003 0.781813 0.257972 0.7851090000000001 0.263056 0.7895 0.268139 0.795875 0.272056 0.804672 0.274389 0.813906 0.272056 0.830406 0.267361 0.8306250000000001 0.26461100000000004 0.830406 0.25952800000000004 0.829531 0.258361 0.830188 0.256028 0.834797 0.25288900000000003 0.841625 0.248583 0.8466720000000001 0.243889 0.852609 0.233722 0.8589840000000001 0.21927799999999997 0.8625 0.202861 0.863609 0.186056 0.862063 0.184083 0.861406 0.179389 0.8625 0.17705600000000002 0.8631719999999999 0.17391700000000002 0.8618439999999999 0.165722 0.853938 0.154778 0.8425 0.14538900000000002 0.831281 0.139139 0.821391 0.135222 0.8103910000000001 0.132889 0.798953 0.133278 0.791922 0.136 0.787094 0.143444 0.783344 0.151639 0.777844 0.164944 0.7734530000000001 0.179389 0.7734530000000001 0.19308299999999998 0.777625 0.211833 0.782687 0.229444 0.785328 0.23725 0.78225 0.243889 0.7804840000000001 0.24586100000000002 0.7800469999999999 0.248194
32 0.677547 0.5176390000000001 0.708984 0.509806 0.711188 0.521556 0.7144999999999999 0.526472 0.670375 0.538222 0.636734 0.559806 0.636734 0.56275 0.665422 0.551972 0.717797 0.53725 0.721109 0.5401940000000001 0.6885779999999999 0.550972 0.659344 0.570583 0.692438 0.56175 0.706219 0.5568609999999999 0.742625 0.558833 0.747031 0.551972 0.751437 0.555889 0.77625 0.576472 0.8143119999999999 0.582361 0.878281 0.595083 0.9235 0.61275 0.929562 0.604889 0.9064059999999999 0.567639 0.851812 0.569611 0.822578 0.568611 0.785625 0.5637220000000001 0.766328 0.554889 0.75475 0.545083 0.750344 0.539222 0.731031 0.504889 0.713266 0.4955 0.687922 0.5045000000000001 0.633453 0.540528 0.677547 0.5176390000000001
41 0.788547 0.666667 0.8200939999999999 0.704056 0.9962029999999998 0.9750829999999999 0.9962029999999998 0.965722 1 0.8816110000000001 0.8411250000000001 0.666667 0.772781 0.577889 0.749125 0.573222 0.759641 0.619944 0.788547 0.666667
62 0.15515600000000002 0.554194 0.15075 0.564944 0.14965599999999998 0.572778 0.154047 0.580611 0.160656 0.575722 0.281156 0.504306 0.28885900000000003 0.503333 0.307563 0.503333 0.324063 0.503333 0.339469 0.49650000000000005 0.349922 0.487694 0.35598399999999997 0.481806 0.35762499999999997 0.47008300000000003 0.345531 0.464194 0.324625 0.459306 0.29765600000000003 0.465194 0.274547 0.499417 0.223937 0.5228889999999999 0.16945300000000002 0.5434439999999999 0.15515600000000002 0.554194
26 0.376688 0.0140556 0.377953 0.05225 0.377953 0.08147220000000001 0.388063 0.0994444 0.434828 0.0859444 0.443687 0.0724722 0.44873399999999997 0.005055561111111111 0.376688 0.0140556
26 0.822906 0.133611 0.831906 0.14125000000000001 0.842625 0.147333 0.8615 0.162583 0.8619220000000001 0.162583 0.864922 0.158 0.870063 0.152667 0.8722030000000001 0.146583 0.878219 0.125222 0.8816409999999999 0.111528 0.879922 0.10313900000000001 0.873922 0.09475 0.862781 0.0840833 0.855063 0.106944 0.849922 0.10619400000000001 0.8529220000000001 0.0840833 0.8524839999999999 0.0810278 0.836203 0.0810278 0.8332029999999999 0.0810278 0.8267659999999999 0.0818056 0.8220470000000001 0.0909444 0.8117660000000001 0.132083 0.822906 0.133611
41 0.490547 0.283333 0.504297 0.27925 0.519578 0.275167 0.5287499999999999 0.275167 0.554719 0.256167 0.631875 0.21133300000000002 0.779328 0.154306 0.791547 0.138 0.642578 0.177389 0.621953 0.174667 0.512703 0.239861 0.512703 0.256167 0.485969 0.271111 0.490547 0.283333
62 0.856781 0.109889 0.859062 0.0985556 0.864984 0.0775 0.8750159999999999 0.050749999999999997 0.874547 0.0418611 0.872734 0.0345556 0.8663589999999999 0.032138900000000005 0.859516 0.0386111 0.8545 0.059666699999999996 0.8517659999999999 0.0920556 0.8494999999999999 0.106639 0.856781 0.109889
62 0.846281 0.18050000000000002 0.9112030000000001 0.125083 0.917437 0.119028 0.918859 0.11699999999999999 0.919141 0.109444 0.917437 0.107944 0.907516 0.11499999999999999 0.8494059999999999 0.17194399999999999 0.846281 0.18050000000000002
26 0.780297 0.142583 0.791797 0.135306 0.8073750000000001 0.133944 0.813 0.129861 0.8142660000000002 0.122139 0.8055939999999999 0.105806 0.796141 0.100361 0.785922 0.09491669999999999 0.778266 0.0899167 0.774172 0.0894722 0.760641 0.0899167 0.751953 0.0935556 0.748641 0.101722 0.746344 0.1435 0.746344 0.151667 0.766766 0.143028 0.780297 0.142583
26 0.750672 0.182083 0.757313 0.183444 0.768047 0.177556 0.774937 0.174361 0.777234 0.168472 0.781844 0.155306 0.744297 0.162556 0.744047 0.169833 0.750672 0.182083
62 0.7720469999999999 0.112194 0.771406 0.124667 0.780344 0.130333 0.783531 0.11447199999999999 0.785438 0.0793333 0.791172 0.0317222 0.789266 0.0022500000000000003 0.789266 0 0.7784220000000001 0.0101667 0.7784220000000001 0.0475833 0.775875 0.102 0.772687 0.11558299999999999 0.7720469999999999 0.112194
62 0.708094 0.0165 0.692031 0.02175 0.67925 0.029333300000000003 0.671703 0.0351389 0.667125 0.0456389 0.675969 0.0514722 0.685797 0.0403889 0.690391 0.0380556 0.703172 0.0339722 0.710703 0.027583299999999998 0.724484 0.027583299999999998 0.764141 0.027583299999999998 0.779875 0.025249999999999998 0.778891 0.0176667 0.708094 0.0165