66 0.345906 0.523188 0.33720300000000003 0.525604 0.329813 0.528 0.32128100000000004 0.531938 0.314719 0.534354 0.31504699999999997 0.538937 0.327359 0.538729 0.335234 0.539813 0.345578 0.5391670000000001 0.360016 0.533479 0.368719 0.5238539999999999 0.371344 0.51925 0.373969 0.513771 0.372328 0.513771 0.369219 0.514646 0.365266 0.518375 0.359359 0.518583 0.35196900000000003 0.519896 0.345906 0.523188
66 0.29748399999999997 0.548604 0.300312 0.548604 0.298891 0.5589580000000001 0.299609 0.561771 0.30806300000000003 0.565542 0.308766 0.5589580000000001 0.315828 0.528875 0.317937 0.503479 0.312297 0.486542 0.300312 0.511937 0.292547 0.5505 0.29748399999999997 0.548604
50 0.371156 0.6199790000000001 0.373328 0.614958 0.3755 0.610521 0.3755 0.607417 0.373328 0.6026039999999999 0.369266 0.601625 0.366516 0.604333 0.364781 0.6095419999999999 0.359125 0.613021 0.352031 0.6207499999999999 0.34290600000000004 0.640646 0.34362499999999996 0.645083 0.345375 0.651646 0.34623400000000004 0.65725 0.34362499999999996 0.674063 0.34029699999999996 0.687375 0.340875 0.690271 0.344203 0.690083 0.346391 0.688354 0.345516 0.686417 0.346094 0.6842919999999999 0.349719 0.674646 0.35362499999999997 0.6651670000000001 0.354203 0.6653749999999999 0.354641 0.670188 0.35217200000000004 0.691833 0.356094 0.694729 0.362031 0.694146 0.36289099999999996 0.692396 0.36 0.690271 0.357687 0.689125 0.358547 0.6827500000000001 0.361484 0.6613330000000001 0.365219 0.6613330000000001 0.36609400000000003 0.649042 0.366531 0.647292 0.36939099999999997 0.623 0.371156 0.6199790000000001
50 0.368609 0.684688 0.37092200000000003 0.6945209999999999 0.372828 0.695375 0.374297 0.693688 0.373453 0.683854 0.375984 0.6804790000000001 0.38440599999999997 0.672333 0.38440599999999997 0.675979 0.38251599999999997 0.684125 0.380625 0.688625 0.378938 0.692271 0.37809400000000004 0.69425 0.37851599999999996 0.697333 0.38020299999999996 0.6995830000000001 0.383141 0.698167 0.38378100000000004 0.695083 0.38525 0.688333 0.388828 0.677667 0.391156 0.674854 0.392 0.66925 0.391578 0.663625 0.390516 0.654083 0.391156 0.6391880000000001 0.390937 0.628792 0.390937 0.6237290000000001 0.391359 0.619521 0.392625 0.616437 0.393688 0.613062 0.39346899999999996 0.608 0.391578 0.6063120000000001 0.386734 0.603792 0.384625 0.604917 0.381453 0.6102500000000001 0.38020299999999996 0.618688 0.375984 0.628521 0.373453 0.6512709999999999 0.378719 0.658292 0.38251599999999997 0.668125 0.377875 0.672604 0.369031 0.6835629999999999 0.368609 0.684688
50 0.0400625 0.700104 0.040625 0.703917 0.040625 0.7100000000000001 0.040625 0.713812 0.0412031 0.718396 0.045765600000000003 0.719917 0.0480625 0.716104 0.0480625 0.712292 0.0480625 0.70925 0.047484399999999996 0.699333 0.047484399999999996 0.695521 0.0497656 0.6940000000000001 0.0520625 0.6901879999999999 0.0514844 0.686375 0.0509219 0.6818120000000001 0.0509219 0.6772290000000001 0.0520625 0.671146 0.0520625 0.665042 0.0520625 0.6627500000000001 0.0492031 0.656667 0.048625 0.6505620000000001 0.050343700000000005 0.647521 0.0497656 0.640646 0.048625 0.637604 0.0452031 0.6322709999999999 0.0400625 0.629229 0.0389062 0.629229 0.0354844 0.6315000000000001 0.0349062 0.636833 0.0332031 0.649042 0.032625 0.656667 0.0314844 0.659708 0.028046900000000003 0.6627500000000001 0.028046900000000003 0.6665620000000001 0.028625 0.668083 0.030906299999999998 0.669625 0.030343799999999997 0.672667 0.028046900000000003 0.682562 0.028625 0.690958 0.0320469 0.696292 0.0320469 0.717625 0.0354844 0.716104 0.040625 0.695521 0.0400625 0.700104
50 0.349391 0.495979 0.34895299999999996 0.494438 0.349672 0.4925 0.348375 0.486521 0.348078 0.483438 0.345187 0.483438 0.34199999999999997 0.48516699999999996 0.340687 0.4925 0.337797 0.4925 0.332141 0.497729 0.326781 0.511042 0.328094 0.516458 0.329109 0.520312 0.330125 0.525146 0.334172 0.524188 0.339391 0.519542 0.346344 0.517604 0.351125 0.511813 0.35459399999999996 0.510271 0.353578 0.507375 0.351406 0.500042 0.349391 0.495979
50 0.27417199999999997 0.5841670000000001 0.305203 0.5855 0.310531 0.582833 0.309859 0.576604 0.303859 0.560604 0.298531 0.5592710000000001 0.302187 0.553917 0.301187 0.5481459999999999 0.295516 0.545479 0.291516 0.549917 0.291844 0.556146 0.293516 0.558813 0.29418700000000003 0.561042 0.288516 0.5592710000000001 0.304187 0.5793959999999999 0.303187 0.581167 0.288187 0.5616040000000001 0.287188 0.557604 0.284172 0.554042 0.279844 0.5598120000000001 0.27949999999999997 0.565604 0.282516 0.569604 0.287844 0.569604 0.287844 0.573604 0.285172 0.575396 0.285172 0.576292 0.287188 0.580167 0.276844 0.578396 0.27417199999999997 0.5841670000000001
50 0.138047 0.287979 0.139297 0.283917 0.141625 0.282021 0.139484 0.277958 0.136625 0.273667 0.134297 0.272708 0.133937 0.271521 0.134828 0.26556199999999996 0.131609 0.262229 0.127859 0.26318800000000003 0.125172 0.270333 0.123391 0.277 0.12214100000000001 0.28487500000000004 0.12446900000000001 0.292271 0.134656 0.291313 0.138047 0.287979
50 0.643188 0.435604 0.645906 0.435604 0.646422 0.437875 0.650953 0.437875 0.651656 0.43666699999999997 0.653875 0.435875 0.654172 0.43370800000000004 0.657609 0.433313 0.6600159999999999 0.429542 0.659609 0.42512500000000003 0.658312 0.4235 0.6565000000000001 0.42175 0.656594 0.417458 0.654984 0.414646 0.652969 0.414771 0.650547 0.415438 0.649438 0.416792 0.6498440000000001 0.42270800000000003 0.646719 0.423229 0.645 0.42525 0.6445000000000001 0.42660400000000004 0.641781 0.42660400000000004 0.639359 0.42875 0.6337189999999999 0.43074999999999997 0.627875 0.42968799999999996 0.627578 0.437604 0.633625 0.437208 0.635031 0.439229 0.637047 0.43962500000000004 0.6424839999999999 0.436937 0.643188 0.435604
66 0.156422 0.275188 0.156422 0.2725 0.1455 0.277875 0.142625 0.280167 0.149812 0.287083 0.156422 0.275188
66 0.107828 0.297042 0.104375 0.30356299999999997 0.10321899999999999 0.304333 0.12104699999999999 0.303187 0.134281 0.2955 0.133703 0.29475 0.125359 0.28975 0.107828 0.297042
66 0.633969 0.430479 0.629469 0.429625 0.628516 0.432208 0.628672 0.436479 0.631891 0.436708 0.635422 0.436063 0.6375 0.434563 0.639281 0.432625 0.641844 0.430917 0.640406 0.430271 0.633969 0.430479
66 0.671563 0.435625 0.676063 0.435208 0.678953 0.433708 0.677187 0.431771 0.674781 0.431333 0.670766 0.431333 0.667234 0.430917 0.663687 0.431125 0.663375 0.431125 0.662891 0.435208 0.663375 0.435208 0.667234 0.435417 0.671563 0.435625
66 0.65775 0.432625 0.652125 0.435833 0.658078 0.435833 0.657594 0.433917 0.65775 0.432625