18 0 0.345859 0.0011875 0.480719 0.0364375 0.47910899999999995 0.057291699999999994 0.489344 0.0745625 0.487734 0.0911042 0.479641 0.09975 0.479641 0.0975833 0.430016 0.111958 0.413281 0.0457917 0.37445300000000004 0.008374999999999999 0.353953 0 0.345859
18 0.814333 0.389688 0.8055420000000001 0.389688 0.7892499999999999 0.393453 0.7704369999999999 0.393453 0.737833 0.391578 0.7065 0.38875000000000004 0.6952079999999999 0.40473400000000004 0.71025 0.414141 0.734083 0.41601600000000005 0.759146 0.424484 0.776708 0.443297 0.780479 0.46492199999999995 0.785479 0.478094 0.8068120000000001 0.47620300000000004 0.828125 0.47620300000000004 0.835646 0.48467200000000005 0.8519380000000001 0.495016 0.86825 0.497844 0.885792 0.49971899999999997 0.913375 0.49971899999999997 0.9321870000000001 0.490313 0.934708 0.482797 0.935958 0.482797 0.947229 0.482797 0.963542 0.483734 0.9484999999999999 0.41978099999999996 0.945979 0.41696900000000003 0.8883120000000001 0.4085 0.8494379999999999 0.402859 0.8130620000000001 0.393453 0.814333 0.389688
44 0.502146 0.468281 0.467104 0.468281 0.440312 0.403359 0.38675 0.394094 0.401167 0.40026600000000007 0.374375 0.395641 0.368188 0.40645300000000006 0.38675 0.425 0.38879199999999997 0.454359 0.3785 0.4868279999999999 0.37025 0.523922 0.372312 0.534734 0.434146 0.548641 0.458875 0.539375 0.47947900000000004 0.531641 0.528937 0.544016 0.516562 0.508453 0.502146 0.468281
44 0.689667 0.567187 0.732938 0.564094 0.755604 0.542469 0.759729 0.519281 0.757667 0.494547 0.747375 0.47754700000000005 0.728833 0.469828 0.710271 0.462094 0.689667 0.462094 0.685542 0.46054699999999993 0.671125 0.47290599999999994 0.65875 0.496094 0.652583 0.534734 0.654646 0.556375 0.689667 0.567187
49 0.276688 0.33817200000000003 0.17481200000000002 0.349078 0.105708 0.39546899999999996 0.09295830000000001 0.43912500000000004 0.103875 0.484141 0.13843799999999998 0.5769059999999999 0.105708 0.642391 0.109333 0.677875 0.158458 0.8374840000000001 0.276688 0.8374840000000001 0.309437 0.8265779999999999 0.360354 0.707875 0.35854199999999997 0.653312 0.33489599999999997 0.593281 0.384 0.501875 0.391292 0.425484 0.365812 0.41320300000000004 0.362187 0.383188 0.285792 0.340891 0.276688 0.33817200000000003
50 0.542875 0.510281 0.542875 0.485672 0.539896 0.449875 0.5070830000000001 0.42751599999999995 0.5339379999999999 0.42751599999999995 0.584646 0.42751599999999995 0.599562 0.41632800000000003 0.590604 0.40290600000000004 0.5369170000000001 0.382766 0.5339379999999999 0.364875 0.5369170000000001 0.340266 0.527958 0.31789100000000003 0.513042 0.306703 0.47341700000000003 0.316219 0.46752099999999996 0.32654700000000003 0.47341700000000003 0.35459399999999996 0.46358299999999997 0.361969 0.445875 0.385594 0.43012500000000004 0.407719 0.438 0.44167199999999995 0.508833 0.477094 0.512771 0.536141 0.542875 0.510281
18 0.559417 0.386109 0.562229 0.384703 0.570646 0.377688 0.577188 0.377688 0.583729 0.386109 0.592146 0.391719 0.598688 0.377688 0.579979 0.367172 0.560354 0.360156 0.541646 0.354547 0.521083 0.352438 0.514542 0.355953 0.534167 0.365062 0.559417 0.386109
18 0.41166700000000006 0.348938 0.346208 0.353844 0.322833 0.354547 0.320979 0.359453 0.354625 0.379094 0.364917 0.399422 0.372396 0.397328 0.413542 0.397328 0.4285 0.402234 0.433188 0.399422 0.415417 0.386109 0.418208 0.380484 0.421958 0.376281 0.429437 0.380484 0.440667 0.3875 0.447208 0.386109 0.461229 0.362953 0.47525 0.356641 0.484604 0.352438 0.478063 0.347531 0.463104 0.346828 0.41166700000000006 0.348938
18 0.685646 0.456234 0.684708 0.459734 0.690333 0.454828 0.685646 0.4590310000000001 0.700604 0.4590310000000001 0.726792 0.464641 0.733333 0.467453 0.7455 0.4744689999999999 0.759521 0.49340600000000007 0.764208 0.492703 0.7828959999999999 0.489187 0.787583 0.48357799999999995 0.7903749999999999 0.468859 0.787583 0.452031 0.7828959999999999 0.44360900000000003 0.765125 0.428188 0.703417 0.411344 0.703417 0.415562 0.684708 0.451328 0.685646 0.456234
9 0.000875 0.9490000000000001 0.103313 0.912453 0.124187 0.913953 0.136125 0.9079840000000001 0.147063 0.9079840000000001 0.16397899999999999 0.915438 0.155021 0.962438 0.134146 0.9788439999999999 0.135125 0.9960000000000001 0.102313 0.9930160000000001 0.0963542 0.9818279999999999 0.0814167 0.9788439999999999 0.058562499999999997 0.9818279999999999 0.0317083 0.9930160000000001 0.0257292 0.999719 0.128167 0.9982340000000001 0.18485400000000002 1 0.182875 0.966906 0.21170799999999998 0.896047 0.18485400000000002 0.877391 0.185854 0.8445779999999999 0.157021 0.831891 0.146063 0.807281 0.136125 0.796844 0.137125 0.7886409999999999 0.140104 0.769234 0.12220800000000001 0.790125 0.107292 0.803547 0.0933542 0.822203 0.0943542 0.8378590000000001 0.091375 0.853531 0.089375 0.863969 0.10429200000000001 0.870688 0.0863958 0.878891 0 0.916938 0.000875 0.9490000000000001
18 0.006104170833333334 0.335547 0.002125 0.340031 0.0330417 0.367703 0.10781299999999999 0.407344 0.120771 0.391641 0.147708 0.360969 0.126771 0.347516 0.088875 0.344516 0.06893750000000001 0.33629699999999996 0.008104170833333334 0.335547 0.006104170833333334 0.335547
18 0.856021 0.369625 0.929063 0.367641 0.9224789999999999 0.338531 0.813271 0.341984 0.779708 0.365672 0.856021 0.369625
18 0.42125 0.314375 0.341396 0.316438 0.249854 0.319547 0.244333 0.333484 0.324188 0.355672 0.347583 0.355156 0.443958 0.351547 0.474938 0.347422 0.4825 0.3185 0.483187 0.311281 0.463229 0.311281 0.42125 0.314375
18 0.5245 0.346391 0.563729 0.363937 0.583688 0.371172 0.598146 0.370641 0.567854 0.34225 0.571979 0.329859 0.572688 0.317984 0.556854 0.315406 0.518979 0.316438 0.523813 0.338125 0.5245 0.346391