50 0.55312 1 0.551067 0.98922 0.55176 0.97604 0.55312 0.97526 0.557947 0.9543200000000001 0.55864 0.93002 0.5528000000000001 0.9153 0.54968 0.91322 0.541067 0.9155599999999999 0.53832 0.9119400000000001 0.541413 0.89824 0.5345329999999999 0.89202 0.523147 0.8938400000000001 0.516267 0.9034 0.5167200000000001 0.9037200000000001 0.522427 0.91104 0.5242129999999999 0.9126599999999999 0.525973 0.9144 0.528667 0.9164 0.529467 0.91822 0.52544 0.9194199999999999 0.525173 0.92004 0.524907 0.9299 0.52784 0.93352 0.529467 0.9411799999999999 0.5255730000000001 0.9432 0.523147 0.9473400000000001 0.52176 0.95924 0.5204 0.99698 0.54864 1 0.55312 1
50 0.9410130000000001 0.82516 0.942133 0.8294 0.94552 0.84212 0.9460799999999999 0.85272 0.950053 0.86288 0.95232 0.8637400000000001 0.9681329999999999 0.8637400000000001 0.981707 0.8599199999999999 0.978293 0.8090599999999999 0.981707 0.80228 0.98736 0.78574 0.98056 0.76624 0.97096 0.7539600000000001 0.9608 0.73658 0.957387 0.72852 0.955147 0.72472 0.94328 0.72048 0.9342130000000001 0.71962 0.9285869999999999 0.73234 0.9285869999999999 0.7357400000000001 0.930267 0.74166 0.931387 0.74252 0.93648 0.75014 0.9319729999999999 0.75778 0.931387 0.76244 0.931947 0.77938 0.9388000000000001 0.78772 0.9388000000000001 0.80186 0.939653 0.82178 0.9410130000000001 0.82516
50 0.329973 0.84724 0.337893 0.84668 0.33888 0.8429800000000001 0.34456000000000003 0.84038 0.348507 0.8379800000000001 0.34752 0.8346399999999999 0.339867 0.83038 0.339867 0.8262999999999999 0.335653 0.82536 0.33344 0.8294400000000001 0.329733 0.83038 0.328747 0.835 0.326507 0.84002 0.329973 0.84724
50 0.538747 0.8478600000000001 0.551787 0.8472999999999999 0.556133 0.8369800000000001 0.554693 0.8271799999999999 0.550347 0.81576 0.5445329999999999 0.80814 0.533653 0.80488 0.528587 0.80922 0.5271199999999999 0.8146599999999999 0.5278670000000001 0.82066 0.532933 0.82338 0.533653 0.8271799999999999 0.533653 0.83208 0.531493 0.84242 0.538747 0.8478600000000001
50 0.46168 0.85364 0.46696000000000004 0.8569 0.47224 0.8551 0.47464 0.88176 0.484747 0.88212 0.480427 0.84068 0.478027 0.83202 0.47224 0.83202 0.46840000000000004 0.84176 0.47080000000000005 0.84572 0.46408 0.85438 0.46168 0.85364
40 0.53632 0.39382 0.553547 0.42901999999999996 0.580293 0.46604 0.58624 0.46692 0.561867 0.43260000000000004 0.54224 0.39292 0.55056 0.39158 0.5577070000000001 0.38312 0.5577070000000001 0.37242000000000003 0.55472 0.36484 0.545227 0.35725999999999997 0.53096 0.34968 0.516107 0.3479 0.498853 0.3519 0.49528 0.36260000000000003 0.497067 0.37554000000000004 0.514907 0.38668 0.535707 0.39248 0.53632 0.39382
40 0.34359999999999996 0.245 0.3584 0.24906 0.375707 0.24906 0.387253 0.24664 0.40640000000000004 0.24446 0.422987 0.24852000000000002 0.42768 0.24906 0.40818699999999997 0.24258000000000002 0.386907 0.24446 0.37210699999999997 0.24825999999999998 0.355147 0.24744 0.342507 0.24258000000000002 0.34143999999999997 0.23662 0.34613299999999997 0.22444 0.32304 0.22091999999999998 0.32410700000000003 0.23852 0.334933 0.2404 0.34359999999999996 0.245
40 0.45303999999999994 0.52444 0.463573 0.55444 0.47759999999999997 0.5655 0.461467 0.49022000000000004 0.48112 0.4781 0.479013 0.46862 0.47130700000000003 0.46177999999999997 0.45936 0.45914 0.444613 0.46072 0.438293 0.46388 0.438293 0.4702 0.450933 0.48442 0.45303999999999994 0.52444
40 0.9537869999999999 0.5947 0.9574929999999999 0.58704 0.9547199999999999 0.57836 0.94128 0.5724600000000001 0.923227 0.57108 0.91072 0.5745399999999999 0.906533 0.58462 0.91304 0.59434 0.934347 0.6019800000000001 0.949147 0.60094 0.9537869999999999 0.5947
50 0.268853 0.82872 0.268853 0.8305800000000001 0.270453 0.83468 0.272507 0.83824 0.273173 0.8447 0.273173 0.8511799999999999 0.27544 0.85202 0.278613 0.8530399999999999 0.27840000000000004 0.84726 0.281573 0.84658 0.284507 0.8482799999999999 0.28384 0.85254 0.285867 0.85576 0.288827 0.8530399999999999 0.28952 0.83178 0.293813 0.83212 0.298133 0.82804 0.291547 0.82752 0.29224 0.8242999999999999 0.29608 0.8202 0.297227 0.81544 0.293813 0.8130599999999999 0.289973 0.8103400000000001 0.280667 0.81102 0.274533 0.81544 0.27296 0.8227599999999999 0.271573 0.8277 0.268853 0.82872
50 0.147387 1 0.149653 0.97752 0.14341299999999998 0.9707 0.142827 0.95452 0.136027 0.9464400000000001 0.12296 0.946 0.11330699999999999 0.95324 0.10877300000000001 0.9656 0.10479999999999999 0.9702799999999999 0.105947 0.9830399999999999 0.112747 0.98688 0.114453 1 0.147387 1
50 0.9098670000000001 0.99776 0.8789600000000001 0.9629800000000001 0.863493 0.94476 0.8535470000000001 0.93316 0.835893 0.93316 0.82264 0.9348200000000001 0.814907 0.93978 0.8116000000000001 0.9464 0.81048 0.95386 0.8071729999999999 0.9613200000000001 0.800533 0.9696 0.797227 0.97788 0.7950130000000001 0.99858 0.9098670000000001 0.99776
50 0.7240270000000001 0.83378 0.732773 0.85014 0.74712 0.84594 0.745253 0.83938 0.748987 0.83658 0.7589600000000001 0.83236 0.76832 0.8351799999999999 0.76832 0.84126 0.77144 0.85296 0.7739469999999999 0.85576 0.786427 0.85622 0.803253 0.85576 0.803253 0.84968 0.7988799999999999 0.84454 0.79264 0.84312 0.788907 0.83892 0.79016 0.8319 0.79016 0.82536 0.7938930000000001 0.81272 0.7963999999999999 0.80664 0.797653 0.8005599999999999 0.7963999999999999 0.7739 0.79576 0.765 0.802 0.76314 0.8094929999999999 0.7607999999999999 0.81448 0.75612 0.8182130000000001 0.7495599999999999 0.8176000000000001 0.7462799999999999 0.800747 0.7420800000000001 0.7963999999999999 0.7392799999999999 0.790773 0.7373999999999999 0.78704 0.73552 0.788907 0.7346 0.78704 0.72056 0.783307 0.71634 0.767707 0.71308 0.75648 0.72102 0.757733 0.73038 0.75272 0.7313200000000001 0.745253 0.73646 0.735893 0.7509600000000001 0.735893 0.75612 0.740267 0.7636000000000001 0.745253 0.76734 0.747733 0.7701399999999999 0.7496 0.77716 0.75336 0.7855800000000001 0.75648 0.79308 0.7596 0.79962 0.760827 0.80664 0.754613 0.81786 0.733387 0.8319 0.7240270000000001 0.83378
50 0.21559999999999999 0.9225800000000001 0.22448 0.92508 0.227253 0.92092 0.22837300000000002 0.91176 0.228933 0.89176 0.230587 0.87634 0.22837300000000002 0.8700800000000001 0.2256 0.8655 0.22504 0.85966 0.22058699999999998 0.8550800000000001 0.212827 0.85258 0.208373 0.85342 0.20336 0.858 0.202267 0.863 0.202267 0.86758 0.200587 0.86842 0.19616 0.8709199999999999 0.19669299999999998 0.87676 0.19837300000000002 0.8821599999999999 0.200027 0.88716 0.202827 0.89176 0.20616 0.9009199999999999 0.206693 0.90676 0.20616 0.91216 0.206693 0.92092 0.21559999999999999 0.9225800000000001
50 0.305253 0.85594 0.307093 0.8520800000000001 0.3104 0.85538 0.308933 0.86666 0.311867 0.8683 0.316267 0.8639 0.318453 0.8573 0.316987 0.8504400000000001 0.31661300000000003 0.84302 0.31442699999999996 0.83614 0.31661300000000003 0.8334 0.319173 0.8295399999999999 0.31333300000000003 0.8273400000000001 0.31112 0.8268 0.308933 0.82404 0.306 0.81964 0.302693 0.82102 0.301227 0.8270599999999999 0.300853 0.8284400000000001 0.2972 0.83092 0.29536 0.83614 0.29829300000000003 0.84548 0.2972 0.8501599999999999 0.296827 0.85648 0.2972 0.8611599999999999 0.2972 0.8630800000000001 0.296827 0.8680399999999999 0.301947 0.86886 0.305253 0.85594
50 0.5176 1 0.521227 0.99142 0.520027 0.97648 0.521227 0.96426 0.52304 0.95294 0.5284800000000001 0.94432 0.529093 0.93572 0.525467 0.92938 0.520027 0.92576 0.5182129999999999 0.9226 0.517013 0.91444 0.512187 0.90584 0.5061329999999999 0.9040199999999999 0.497093 0.90358 0.489227 0.90764 0.486827 0.91762 0.49346700000000004 0.92304 0.49346700000000004 0.92622 0.488027 0.92712 0.478373 0.93256 0.477147 0.9438799999999999 0.480773 0.95066 0.4844 0.95656 0.480773 0.96742 0.481387 0.9706 0.479573 0.98236 0.483787 1 0.48501299999999997 1 0.5176 1
50 0.8214929999999999 0.84696 0.847947 0.84696 0.87064 0.84696 0.873467 0.8179 0.8621329999999999 0.78598 0.869707 0.7633 0.864027 0.73138 0.85456 0.72076 0.8394400000000001 0.71154 0.8385070000000001 0.70232 0.8366129999999999 0.69098 0.82432 0.68884 0.8214929999999999 0.69098 0.811093 0.69878 0.8139200000000001 0.71224 0.801627 0.72146 0.8025599999999999 0.7413200000000001 0.8158129999999999 0.7477 0.8073069999999999 0.76258 0.806347 0.77676 0.806347 0.8065599999999999 0.8262130000000001 0.8363400000000001 0.8214929999999999 0.84696