50 0.233656 0.449542 0.282656 0.47372899999999996 0.29626600000000003 0.5572079999999999 0.33164099999999996 0.531792 0.328016 0.502771 0.351609 0.460437 0.390609 0.467688 0.41964100000000004 0.481 0.43415600000000004 0.449542 0.440516 0.398729 0.42871899999999996 0.347937 0.377 0.321313 0.37518799999999997 0.27777100000000005 0.356141 0.22695800000000002 0.328922 0.199146 0.300797 0.22575 0.297172 0.253583 0.300797 0.299542 0.31078100000000003 0.321313 0.269953 0.363646 0.22731200000000001 0.447125 0.233656 0.449542
50 0.610422 0.522687 0.623875 0.560792 0.630609 0.5809789999999999 0.635656 0.5809789999999999 0.645734 0.5787289999999999 0.662563 0.5630419999999999 0.686094 0.533896 0.697875 0.50475 0.707953 0.473354 0.709641 0.45989599999999997 0.719734 0.421792 0.716375 0.390396 0.711328 0.352271 0.674328 0.31864600000000004 0.664234 0.282771 0.659188 0.233437 0.644062 0.18412499999999998 0.575109 0.17066699999999999 0.566703 0.18412499999999998 0.549891 0.235687 0.546531 0.25587499999999996 0.554938 0.28950000000000004 0.554938 0.30070800000000003 0.519625 0.34556200000000004 0.514578 0.352271 0.49607799999999996 0.41954199999999997 0.489344 0.433 0.487672 0.433 0.5868909999999999 0.498021 0.610422 0.522687
50 1 0.427646 0.972266 0.39649999999999996 0.9633749999999999 0.349062 0.9066560000000001 0.24972899999999998 0.852172 0.185979 0.8332660000000001 0.203771 0.806578 0.223042 0.7787810000000001 0.285312 0.776563 0.310521 0.794359 0.349062 0.816594 0.397979 0.8010160000000001 0.408354 0.786562 0.43356300000000003 0.748766 0.481 0.699844 0.501771 0.704281 0.529938 0.707625 0.5610630000000001 0.715406 0.5818329999999999 0.739859 0.6070209999999999 0.729859 0.635208 0.799906 0.675229 0.8443910000000001 0.725646 0.87775 0.7375 0.9044380000000001 0.741938 0.974484 0.761229 0.9978440000000001 0.7552920000000001 1 0.427646
42 0.44348400000000004 0.795292 0.47607799999999995 0.793937 0.508672 0.802083 0.518859 0.8211040000000001 0.500531 0.8605 0.500531 0.927042 0.501547 0.937917 0.569797 0.971792 0.604422 1 0.714438 0.998958 0.7684219999999999 0.835979 0.659438 0.789792 0.64925 0.776208 0.574891 0.749042 0.572844 0.721875 0.547391 0.479229 0.414969 0.600104 0.44348400000000004 0.795292
42 0.567812 0.595437 0.573891 0.594542 0.594812 0.590938 0.613047 0.595437 0.624516 0.602646 0.623844 0.65125 0.655578 0.684542 0.778438 0.689042 0.781813 0.675542 0.771016 0.662042 0.694734 0.598146 0.628578 0.587333 0.601578 0.516229 0.554984 0.484729 0.548234 0.483833 0.560391 0.591833 0.567812 0.595437
42 0.134156 0.445646 0.168953 0.556625 0.17081200000000002 0.564083 0.177641 0.568229 0.182 0.573187 0.194422 0.574021 0.20684399999999997 0.5790000000000001 0.209953 0.5839580000000001 0.224859 0.5856250000000001 0.234172 0.5790000000000001 0.268953 0.5765 0.292563 0.577333 0.297531 0.577333 0.301875 0.569875 0.306234 0.566562 0.308719 0.5525 0.30995300000000003 0.546688 0.315547 0.547521 0.316172 0.55 0.31740599999999997 0.556625 0.32673399999999997 0.551667 0.336047 0.5309579999999999 0.329828 0.5301250000000001 0.32425000000000004 0.531792 0.312438 0.53675 0.303125 0.540896 0.296297 0.545042 0.275172 0.455583 0.135406 0.439854 0.134156 0.445646
42 0.127766 0.458833 0.127766 0.478646 0.144906 0.486271 0.132906 0.443604 0.158625 0.440542 0.150625 0.360521 0.0014375 0.378813 0.00371875 0.522104 0.012755986484940519 0.5228442514526914 0.00154688 0.566042 0.00154688 0.646146 0.030578100000000004 0.639854 0.0319375 0.615542 0.0609531 0.615542 0.0636562 0.596646 0.0548906 0.55975 0.0636562 0.549833 0.0825625 0.539938 0.0967344 0.479625 0.0326094 0.446333 0.0322969 0.445875 0.0951875 0.477896 0.118609 0.476375 0.120906 0.458083 0.127766 0.458833
42 0.384266 0.902688 0.39775 0.862229 0.399438 0.806063 0.411234 0.668979 0.143266 0.639771 0.136516 0.639771 0.11965600000000001 0.938646 0.09775 0.985833 0.392703 0.985833 0.389328 0.954375 0.384266 0.902688
45 0.782266 0.7877919999999999 0.790391 0.767813 0.799813 0.767813 0.8302189999999999 0.780938 0.847344 0.786083 0.847344 0.784375 0.840062 0.775813 0.8062340000000001 0.752979 0.777984 0.739271 0.736016 0.7426879999999999 0.728313 0.747833 0.722312 0.760958 0.718891 0.782083 0.722734 0.7877919999999999 0.727016 0.7877919999999999 0.740297 0.7855209999999999 0.777547 0.798083 0.782266 0.7877919999999999
39 0.842703 0.984271 0.849437 0.979771 0.8545 0.973042 0.8393280000000001 0.946063 0.830906 0.943812 0.8224690000000001 0.9146040000000001 0.8612339999999999 0.869667 0.9151719999999999 0.865167 0.918547 0.813479 0.7887660000000001 0.755062 0.751687 0.874167 0.716297 0.984271 0.842703 0.984271
50 0.9439690000000001 0.215167 0.939875 0.205333 0.94725 0.204792 0.9468439999999999 0.192229 0.9517659999999999 0.174729 0.9550470000000001 0.16489600000000001 0.9525779999999999 0.15725 0.94725 0.128833 0.9312659999999999 0.109167 0.903406 0.09987499999999999 0.8911089999999999 0.09987499999999999 0.885375 0.107521 0.8808590000000001 0.185667 0.8825 0.212708 0.893563 0.229104 0.9075 0.257521 0.959141 0.227187 0.9468439999999999 0.21462499999999998 0.9439690000000001 0.215167
50 0.013484399999999999 0.36060400000000004 0.0033750000000000004 0.371854 0.0084218703125 0.374104 0.15337499999999998 0.36285399999999995 0.15673399999999998 0.401062 0.160109 0.401062 0.16348400000000002 0.392062 0.16348400000000002 0.358354 0.155062 0.329146 0.13820300000000002 0.304437 0.12809399999999999 0.299938 0.12134400000000001 0.295438 0.09270310000000001 0.297687 0.094375 0.293187 0.094375 0.290958 0.094375 0.28420799999999996 0.0960625 0.270729 0.0960625 0.2505 0.09270310000000001 0.228021 0.0893281 0.21679199999999998 0.0792188 0.203313 0.0724687 0.198813 0.0572969 0.198813 0.0421406 0.201063 0.028656300000000003 0.210042 0.0235938 0.225771 0.0235938 0.23702099999999998 0.025281199999999997 0.261729 0.0337031 0.290958 0.0438125 0.31791699999999995 0.0370781 0.322417 0.020218800000000002 0.342625 0.010109400000000001 0.36285399999999995 0.013484399999999999 0.36060400000000004
50 0.824719 0.9171250000000001 0.817187 0.943479 0.8360160000000001 0.9660829999999999 0.8595470000000001 0.976125 0.888734 0.977375 1 0.989938 0.9979530000000001 0.937208 0.9989060000000001 0.8543540000000001 0.8765000000000001 0.8744379999999999 0.830359 0.892 0.824719 0.9171250000000001
50 0.629375 0.177896 0.629375 0.157896 0.623578 0.131438 0.615828 0.124333 0.594531 0.12304200000000001 0.580016 0.14368699999999998 0.573719 0.168208 0.626953 0.183063 0.629375 0.177896
50 0.564422 0.20281200000000002 0.572609 0.18781299999999998 0.570563 0.164604 0.565453 0.155063 0.553172 0.144146 0.541922 0.140063 0.531687 0.126417 0.515313 0.126417 0.499969 0.134604 0.5050779999999999 0.16325 0.48154700000000006 0.16325 0.46825 0.167333 0.4795 0.185083 0.491781 0.195979 0.4795 0.219187 0.447781 0.251917 0.437547 0.299667 0.432437 0.36925 0.441641 0.414271 0.48564100000000004 0.37743699999999997 0.519406 0.36106299999999997 0.538844 0.324229 0.55625 0.292854 0.55625 0.257375 0.55625 0.209625 0.564422 0.20281200000000002
26 0.112531 0.545813 0.10260899999999999 0.539208 0.0877344 0.53425 0.057984400000000005 0.538375 0.051171900000000006 0.5507709999999999 0.0740937 0.6425 0.0827813 0.6656460000000001 0.101984 0.657375 0.11996899999999999 0.647458 0.11871899999999999 0.6234999999999999 0.112531 0.5499580000000001 0.112531 0.545813
42 0.697219 0.291875 0.69475 0.30716699999999997 0.694344 0.330667 0.700906 0.330125 0.707047 0.31975 0.7205779999999999 0.31372900000000004 0.734922 0.308812 0.750906 0.22739600000000001 0.749672 0.22029200000000002 0.735328 0.224125 0.714844 0.2285 0.712781 0.235042 0.6992659999999999 0.277667 0.697219 0.291875
39 0.643672 0.881333 0.6533439999999999 0.867125 0.660609 0.835521 0.669813 0.800667 0.6538280000000001 0.792271 0.649484 0.789687 0.648031 0.7748539999999999 0.575906 0.754854 0.501375 0.891667 0.49895300000000004 0.895521 0.49749999999999994 0.927146 0.611719 0.962 0.643672 0.881333
39 0.629859 0.5932080000000001 0.6464529999999999 0.640896 0.675203 0.668146 0.7365160000000001 0.665604 0.642953 0.5898129999999999 0.633687 0.591521 0.629859 0.5932080000000001
39 0.0050625 0.6404580000000001 0.0421406 0.626958 0.048875 0.622479 0.0016875000000000002 0.5820209999999999 0.0050625 0.6404580000000001
26 0.401687 1 0.49000000000000005 0.997292 0.491437 0.942729 0.490719 0.9053749999999999 0.490719 0.891979 0.48928099999999997 0.887188 0.477078 0.877625 0.46775 0.872833 0.454109 0.869 0.443328 0.869 0.424672 0.871875 0.416047 0.873792 0.403844 0.8833749999999999 0.412453 0.931229 0.408875 0.9341039999999999 0.395937 0.895813 0.391641 0.9044380000000001 0.40025000000000005 0.98675 0.401687 1
26 0.512891 0.821979 0.5033909999999999 0.808458 0.48945299999999997 0.794083 0.462828 0.792396 0.429234 0.796625 0.404516 0.8101459999999999 0.39310900000000004 0.834646 0.40642199999999995 0.8794369999999999 0.42607799999999996 0.8684580000000001 0.470437 0.873521 0.490719 0.892958 0.49389099999999997 0.9926670000000001 0.511625 0.8287289999999999 0.512891 0.821979
26 0.632812 0.597667 0.582031 0.5872499999999999 0.556641 0.597667 0.572266 0.756521 0.583984 0.756521 0.625 0.748708 0.632812 0.597667
39 0.296125 0.5459790000000001 0.298312 0.558979 0.328031 0.530396 0.32631299999999996 0.529104 0.31754699999999997 0.533 0.30245299999999997 0.5352709999999999 0.296609 0.545333 0.296125 0.5459790000000001
50 0.8275779999999999 0.15997899999999998 0.8087500000000001 0.143229 0.777344 0.143229 0.753266 0.16695800000000002 0.742797 0.208833 0.745937 0.261854 0.735484 0.32464600000000005 0.732344 0.352563 0.717688 0.38745799999999997 0.717688 0.430708 0.7155940000000001 0.462813 0.7511720000000001 0.432104 0.7564059999999999 0.420938 0.770016 0.447458 0.796188 0.415375 0.8077030000000001 0.401417 0.797234 0.376292 0.787813 0.337208 0.781531 0.293958 0.797234 0.247896 0.8118909999999999 0.21581299999999998 0.815016 0.213021 0.8380470000000001 0.20325000000000001 0.8349059999999999 0.178125 0.8275779999999999 0.15997899999999998