18 0.038740000000000004 0.962192 0.05214 0.9442940000000001 0.12218000000000001 0.942042 0.2086 0.942042 0.22347999999999998 0.964414 0.22944 0.962192 0.23392 0.9465169999999999 0.2354 0.926396 0.2518 0.942042 0.25328 0.9375680000000001 0.25478 0.8816520000000001 0.24731999999999998 0.8413809999999999 0.23392 0.7921619999999999 0.21008000000000002 0.747417 0.19072 0.725045 0.08940000000000001 0.7295200000000001 0.0596 0.738468 0.044700000000000004 0.7765169999999999 0.02384 0.839129 0.02532 0.901772 0.03128 0.964414 0.038740000000000004 0.962192
18 0.22228 0.7688590000000001 0.24142 0.823844 0.25724 0.8825830000000001 0.26222 0.8913209999999999 0.26722 0.9163359999999999 0.26972 0.922583 0.27472 0.9250750000000001 0.27888 0.9250750000000001 0.2822 0.922583 0.2847 0.8988289999999999 0.29386 0.911321 0.29886 0.90009 0.29886 0.877598 0.29636 0.8251050000000001 0.27888 0.805105 0.28138 0.793844 0.2922 0.791351 0.29886 0.7863659999999999 0.29636 0.7788590000000001 0.2797 0.7788590000000001 0.25308 0.736366 0.2048 0.727628 0.22228 0.7688590000000001
18 0.30678 0.711622 0.3098 0.719189 0.31992000000000004 0.731321 0.33052 0.760931 0.33052 0.767748 0.33456 0.767748 0.33658 0.761682 0.34922000000000003 0.761682 0.34872000000000003 0.7760960000000001 0.3477 0.776847 0.33608 0.774595 0.33508 0.778378 0.34568 0.8018919999999999 0.34518 0.8231529999999999 0.34266 0.8587990000000001 0.34618 0.8678980000000001 0.35074 0.8747449999999999 0.35882 0.8701800000000001 0.35831999999999997 0.858048 0.35932 0.8367870000000001 0.35932 0.8140240000000001 0.36084 0.80039 0.35882 0.7806609999999999 0.3563 0.768529 0.35346 0.755495 0.3479 0.738799 0.34184 0.720571 0.33527999999999997 0.711471 0.30645999999999995 0.708438 0.30678 0.711622
18 0.37468 0.756306 0.37377999999999995 0.768589 0.37377999999999995 0.783604 0.38104000000000005 0.79042 0.38922 0.786336 0.39196 0.7754049999999999 0.43738 0.7740539999999999 0.4392 0.786336 0.44374 0.780871 0.44645999999999997 0.771321 0.44645999999999997 0.759039 0.4501 0.756306 0.451 0.73994 0.44010000000000005 0.727658 0.44010000000000005 0.716757 0.43101999999999996 0.704474 0.3865 0.707207 0.3765 0.731742 0.37468 0.757688 0.37468 0.756306
18 0.46692 0.763994 0.47018 0.7462460000000001 0.46782 0.734264 0.46692 0.724955 0.47018 0.724054 0.46988 0.718288 0.46338 0.718739 0.46308 0.724054 0.45836 0.708529 0.4551 0.70009 0.44445999999999997 0.7005410000000001 0.44652 0.704535 0.45038 0.721381 0.45332 0.737808 0.45362 0.751141 0.45688 0.757778 0.46072 0.764895 0.46692 0.763994
18 0.2088 0.73006 0.25194 0.735405 0.2771 0.774444 0.29419999999999996 0.7766369999999999 0.30075999999999997 0.7881079999999999 0.29913999999999996 0.7946850000000001 0.28254 0.797658 0.28074 0.8065770000000001 0.29574 0.824595 0.29704 0.861231 0.30092 0.863814 0.30436 0.8889790000000001 0.32280000000000003 0.892162 0.32236000000000004 0.8599699999999999 0.3261 0.861892 0.3261 0.881802 0.33648 0.882793 0.34494 0.877868 0.34494 0.863213 0.34414 0.811291 0.34614 0.801922 0.34358 0.7917120000000001 0.33762000000000003 0.781922 0.3345 0.7780779999999999 0.33564 0.7738140000000001 0.34896 0.776607 0.3493 0.764024 0.33858 0.763033 0.3366 0.766096 0.33382 0.767057 0.32986 0.766096 0.3297 0.76015 0.3222 0.734054 0.31454000000000004 0.7223120000000001 0.31036 0.718378 0.3067 0.713303 0.30566000000000004 0.710541 0.30254000000000003 0.7062459999999999 0.29824 0.706396 0.29792 0.702943 0.29374 0.702643 0.29364 0.707508 0.22030000000000002 0.705495 0.21988 0.714354 0.20793999999999999 0.7282879999999999 0.2088 0.73006
18 0.48308 0.6954049999999999 0.48228 0.6954049999999999 0.47706 0.695165 0.47516 0.695165 0.46344 0.6954049999999999 0.46122 0.696577 0.45994 0.698739 0.45804 0.702763 0.45788 0.708228 0.45836 0.7099099999999999 0.46042 0.717027 0.46264 0.721321 0.4639 0.722763 0.46612 0.725135 0.46802 0.727027 0.46976 0.727508 0.47436 0.727508 0.47974 0.727748 0.48356 0.728468 0.48369999999999996 0.73012 0.48418 0.734174 0.48813999999999996 0.733694 0.48878 0.728468 0.49116000000000004 0.721562 0.49148000000000003 0.714655 0.49019999999999997 0.710871 0.48894 0.707778 0.48798 0.704925 0.48562 0.699429 0.48308 0.6954049999999999
18 0.8697 0.786156 0.86876 0.75021 0.8730800000000001 0.7499399999999999 0.87326 0.743183 0.86764 0.7426429999999999 0.8659600000000001 0.736727 0.85568 0.719309 0.80928 0.718739 0.7973 0.745435 0.79692 0.765946 0.8697 0.786156
18 0.7668400000000001 0.726396 0.7597200000000001 0.740631 0.7597200000000001 0.754895 0.76962 0.759039 0.77198 0.755495 0.7759400000000001 0.739459 0.78504 0.7162759999999999 0.7751399999999999 0.714505 0.7668400000000001 0.726396
18 0.71056 0.692643 0.70472 0.709279 0.70872 0.719009 0.73398 0.721321 0.7343 0.719009 0.7284400000000001 0.695886 0.71056 0.692643
73 0.68086 0.529069 0.66716 0.528318 0.66514 0.558799 0.66818 0.562613 0.67732 0.558799 0.6762999999999999 0.532102 0.68086 0.529069
73 0.9557599999999999 0.615375 0.96308 0.614745 0.9656399999999999 0.611502 0.9656399999999999 0.594715 0.96694 0.582462 0.96694 0.572793 0.96608 0.561171 0.9600599999999999 0.547628 0.9527599999999999 0.554715 0.94932 0.558589 0.9501799999999999 0.563754 0.9501799999999999 0.572793 0.95232 0.592132 0.9557599999999999 0.614745 0.9557599999999999 0.615375
73 0.43286 0.610991 0.42954000000000003 0.601051 0.41796 0.601892 0.4152 0.611832 0.4174 0.625075 0.42678 0.627568 0.43286 0.610991
18 0.40542 0.7026129999999999 0.43413999999999997 0.706967 0.44156 0.7185889999999999 0.44542000000000004 0.72973 0.44866 0.736997 0.45026 0.753964 0.44445999999999997 0.762192 0.44768 0.7738140000000001 0.45608 0.765586 0.4551 0.752973 0.45318 0.732643 0.44833999999999996 0.716156 0.4435 0.6997 0.40606 0.697748 0.40542 0.7026129999999999
18 0.7728400000000001 0.75961 0.79526 0.7656459999999999 0.7984199999999999 0.7609009999999999 0.7995800000000001 0.7427630000000001 0.81222 0.716877 0.78722 0.713874 0.7708400000000001 0.751832 0.7728400000000001 0.75961
73 0.5413 0.5566369999999999 0.5575 0.555165 0.55814 0.508949 0.5419400000000001 0.507027 0.5413 0.5566369999999999
18 0.7255 0.743904 0.72962 0.746486 0.73178 0.746817 0.73394 0.7484379999999999 0.73654 0.7510209999999999 0.7421599999999999 0.752012 0.7443200000000001 0.753303 0.74626 0.753964 0.74734 0.751682 0.7460399999999999 0.741291 0.7458400000000001 0.7331829999999999 0.74518 0.7305710000000001 0.74086 0.7305710000000001 0.74064 0.726697 0.7410800000000001 0.723453 0.74346 0.723453 0.74562 0.722462 0.74734 0.718559 0.7493 0.714685 0.75038 0.712072 0.75188 0.708168 0.75276 0.707538 0.7534 0.707538 0.748 0.705586 0.74324 0.7052550000000001 0.7363200000000001 0.708168 0.73242 0.707538 0.73134 0.707207 0.73242 0.71045 0.73372 0.716306 0.73372 0.72018 0.7307 0.7218019999999999 0.7293999999999999 0.7218019999999999 0.72702 0.722793 0.72702 0.725706 0.7268 0.727988 0.72746 0.726036 0.7255 0.737087 0.7255 0.743904
73 0.45346 0.48486500000000005 0.4472 0.475435 0.4378 0.475435 0.43256 0.492703 0.43674 0.5021019999999999 0.44092000000000003 0.508378 0.45346 0.513093 0.45346 0.48486500000000005