20 0.350859 0.661687 0.35246900000000003 0.659562 0.35246900000000003 0.6489170000000001 0.35246900000000003 0.639313 0.351672 0.604167 0.351672 0.595646 0.351672 0.574333 0.350859 0.561542 0.350859 0.532792 0.350062 0.52 0.351672 0.49868799999999996 0.346078 0.501896 0.341281 0.501896 0.334094 0.501896 0.329297 0.500812 0.314906 0.500812 0.312516 0.500812 0.306125 0.500812 0.291734 0.501896 0.28375 0.502958 0.27575 0.502958 0.273359 0.504021 0.266969 0.504021 0.252578 0.504021 0.238203 0.506146 0.229406 0.514667 0.215828 0.527458 0.208641 0.54025 0.20224999999999999 0.5551670000000001 0.199047 0.574333 0.195047 0.600958 0.197453 0.6073540000000001 0.20145300000000002 0.6190829999999999 0.20145300000000002 0.6276039999999999 0.20145300000000002 0.6446459999999999 0.20224999999999999 0.6531669999999999 0.203844 0.6574380000000001 0.211828 0.664896 0.21662499999999998 0.670208 0.22381299999999998 0.675542 0.228609 0.677667 0.23979699999999998 0.675542 0.245391 0.6787500000000001 0.251781 0.686208 0.26057800000000003 0.6925830000000001 0.266969 0.693646 0.273359 0.698979 0.278953 0.7000419999999999 0.290141 0.7000419999999999 0.291734 0.7000419999999999 0.299734 0.7000419999999999 0.30771899999999996 0.7000419999999999 0.31171899999999997 0.697917 0.321297 0.6957920000000001 0.32370299999999996 0.6925830000000001 0.329297 0.685125 0.335688 0.6744789999999999 0.350062 0.660625 0.350859 0.661687
13 0.708609 0.627375 0.730172 0.628521 0.738797 0.571021 0.731047 0.558375 0.731047 0.536521 0.724141 0.531917 0.713797 0.536521 0.712063 0.557229 0.703437 0.566417 0.698266 0.610125 0.708609 0.627375
52 0.0671094 0.836896 0.0704687 0.830187 0.0704687 0.825729 0.0671094 0.812292 0.0671094 0.792167 0.06879690000000001 0.787687 0.06879690000000001 0.7675630000000001 0.0704687 0.763083 0.0704687 0.754125 0.062078100000000004 0.747417 0.10403100000000001 0.6937289999999999 0.099 0.6892499999999999 0.09564059999999999 0.684771 0.0855781 0.678063 0.07718749999999999 0.680312 0.0671094 0.6713539999999999 0.0637656 0.64675 0.06879690000000001 0.633333 0.0738281 0.6221460000000001 0.0721406 0.613187 0.0671094 0.606479 0.0587188 0.593063 0.0503281 0.568458 0.0486562 0.505812 0.0486562 0.474479 0.0486562 0.45435400000000004 0.0452969 0.445417 0.0402656 0.445417 0.0335625 0.45435400000000004 0.0201406 0.48120799999999997 0.0201406 0.499104 0.0167813 0.521479 0.015093699999999998 0.543833 0.0100625 0.593063 0.015093699999999998 0.6176670000000001 0.0167813 0.6556879999999999 0.0134219 0.7004370000000001 0.0083906296875 0.725042 0.0016718796875 0.7451880000000001 0.0100625 0.7586040000000001 0.0167813 0.77875 0.0201406 0.7966460000000001 0.021812500000000002 0.807813 0.036906299999999996 0.814542 0.0419531 0.8190000000000001 0.0536875 0.8279580000000001 0.0637656 0.836896 0.062078100000000004 0.830187 0.0671094 0.836896
21 0.687922 0.65425 0.685984 0.655792 0.685984 0.6653129999999999 0.696031 0.6784370000000001 0.710687 0.6928540000000001 0.719562 0.701604 0.727484 0.7036669999999999 0.731531 0.703917 0.742156 0.69825 0.741578 0.6882079999999999 0.733266 0.675354 0.713781 0.652458 0.707031 0.648083 0.702391 0.6483329999999999 0.6942809999999999 0.650125 0.687719 0.654771 0.687922 0.65425
42 0.34167200000000003 0.7861670000000001 0.575 0.784042 0.563812 0.656188 0.563812 0.46547900000000003 0.34726599999999996 0.472937 0.352859 0.651917 0.337688 0.776583 0.337688 0.788292 0.34167200000000003 0.7861670000000001
26 0.11035900000000001 0.872042 0.134797 0.862396 0.143844 0.846708 0.123937 0.728417 0.105828 0.710313 0.0850156 0.7151460000000001 0.0777656 0.7260000000000001 0.062375 0.746521 0.06328120000000001 0.7537710000000001 0.09496879999999999 0.869625 0.11035900000000001 0.872042
12 0.9791719999999999 0.8495 0.973484 0.841917 0.982953 0.8368749999999999 0.984844 0.831812 0.984844 0.8242499999999999 0.984844 0.816667 0.878781 0.816667 0.876891 0.804042 0.8541719999999999 0.809083 0.863641 0.839396 0.9791719999999999 0.8495
12 0.978359 0.713958 0.886703 0.7156669999999999 0.873297 0.728 0.87425 0.733958 0.8841559999999999 0.722896 0.9789999999999999 0.721625 0.978359 0.713958
12 0.693438 0.827667 0.801281 0.851625 0.805625 0.788 0.8099529999999999 0.731812 0.808094 0.7185830000000001 0.752938 0.710313 0.7145159999999999 0.701229 0.7045939999999999 0.702875 0.7002659999999999 0.695438 0.6773279999999999 0.688833 0.6265 0.684708 0.597375 0.683042 0.56825 0.7937919999999999 0.570109 0.797083 0.655016 0.81775 0.693438 0.827667
12 0.873203 0.785604 0.8763909999999999 0.82175 0.984828 0.81325 0.980828 0.786667 0.886766 0.786667 0.873203 0.785604
12 0.9749840000000001 0.7114379999999999 0.958687 0.712479 0.925938 0.712729 0.882312 0.715563 0.875531 0.7243539999999999 0.875531 0.7269380000000001 0.881734 0.718937 0.886766 0.7160829999999999 0.979828 0.714021 0.9749840000000001 0.7114379999999999
12 0.941906 0.5995830000000001 0.8371409999999999 0.602 0.831719 0.652583 0.832625 0.667021 0.853391 0.6429379999999999 0.853391 0.632104 0.942812 0.629687 0.941906 0.5995830000000001
13 0.132219 0.5769369999999999 0.128609 0.5645830000000001 0.12654700000000002 0.555667 0.112141 0.5495 0.104922 0.5522290000000001 0.09668750000000001 0.565958 0.0977187 0.580375 0.0992656 0.585875 0.0961719 0.611271 0.09978129999999999 0.635292 0.105438 0.662062 0.110594 0.6956880000000001 0.11110899999999999 0.7080420000000001 0.12654700000000002 0.717646 0.137875 0.713542 0.156406 0.7066669999999999 0.158469 0.691562 0.155891 0.684708 0.138391 0.591354 0.132219 0.5769369999999999
12 0.9699690000000001 0.6887500000000001 0.877938 0.689646 0.8690939999999999 0.709125 0.872156 0.7181879999999999 0.8728440000000001 0.716375 0.879297 0.700979 0.9716720000000001 0.700979 0.9699690000000001 0.6887500000000001
12 0.5554840000000001 0.415833 0.469062 0.412542 0.46757799999999994 0.41518700000000003 0.464125 0.465229 0.5569689999999999 0.465875 0.5569689999999999 0.420458 0.5554840000000001 0.415833