13 0.6079199999999999 0.8524269999999999 0.61626 0.8524269999999999 0.6269 0.851787 0.62736 0.8493329999999999 0.62922 0.8437600000000001 0.632 0.83328 0.63432 0.825253 0.63664 0.8171999999999999 0.63942 0.811653 0.6422 0.8030130000000001 0.64312 0.79744 0.64312 0.7906670000000001 0.64498 0.781387 0.64312 0.7733599999999999 0.64312 0.763493 0.64312 0.755467 0.63848 0.7486670000000001 0.63848 0.736933 0.63618 0.7264269999999999 0.6264400000000001 0.7233329999999999 0.61348 0.7233329999999999 0.61162 0.730747 0.61394 0.745573 0.6111599999999999 0.750507 0.60652 0.75792 0.60652 0.763493 0.6079199999999999 0.76472 0.60838 0.7739729999999999 0.60652 0.7844800000000001 0.60652 0.849947 0.6079199999999999 0.8524269999999999
22 0.0016 0.97888 0.4561 0.976747 0.4577 0.974613 0.46092 0.9060799999999999 0.46574 0.84184 0.45127999999999996 0.76904 0.40792 0.739067 0.36616000000000004 0.709093 0.27784 0.7219200000000001 0.14776 0.730507 0.07226 0.7583470000000001 0.01446 0.839707 0.0016 0.97888
22 0.81148 0.6164000000000001 0.8132 0.606747 0.81704 0.59992 0.8182999999999999 0.597653 0.80424 0.5919730000000001 0.79316 0.59368 0.7855 0.59936 0.7855 0.6056 0.78804 0.61072 0.79232 0.6141329999999999 0.79274 0.6186929999999999 0.7995599999999999 0.6141329999999999 0.80552 0.613573 0.81064 0.6152799999999999 0.8161799999999999 0.624933 0.8174600000000001 0.623227 0.81148 0.6164000000000001
23 0.30345999999999995 0.30306700000000003 0.31118 0.29984 0.32230000000000003 0.291467 0.32518 0.270213 0.3247 0.255413 0.31892000000000004 0.241253 0.31118 0.23224 0.29862 0.227733 0.288 0.23159999999999997 0.28414 0.23479999999999998 0.2851 0.243813 0.27932 0.24704 0.2798 0.2612 0.27256 0.263147 0.27304 0.28696 0.27496 0.294053 0.29331999999999997 0.303707 0.30345999999999995 0.30306700000000003
42 0.5023 0.93096 0.68308 0.928027 0.75774 0.70648 0.68528 0.67232 0.62818 0.85288 0.5615800000000001 0.8558129999999999 0.55938 0.858747 0.55792 0.86752 0.56524 0.8704529999999999 0.56816 0.873387 0.5667000000000001 0.878267 0.55792 0.88216 0.55134 0.88216 0.54108 0.88216 0.53376 0.88216 0.5315599999999999 0.888027 0.555 0.8870399999999999 0.555 0.8909600000000001 0.5469400000000001 0.899733 0.52058 0.899733 0.50522 0.9026670000000001 0.49644 0.9026670000000001 0.4957 0.9026670000000001 0.4957 0.9094929999999999 0.49789999999999995 0.9260799999999999 0.5023 0.93096
50 0.17528 0.7101069999999999 0.30338 0.72136 0.25618 0.611227 0.25956 0.584267 0.26630000000000004 0.568533 0.3 0.54608 0.31012 0.52584 0.31854000000000005 0.492133 0.32527999999999996 0.47416 0.32022 0.415733 0.32192000000000004 0.413493 0.32866 0.37527999999999995 0.29158 0.316853 0.23426 0.289893 0.15 0.34608 0.15 0.38426699999999997 0.15841999999999998 0.435947 0.18034 0.5078670000000001 0.1837 0.52808 0.15841999999999998 0.543813 0.13146000000000002 0.57304 0.11966 0.683147 0.10786 0.7303470000000001 0.17528 0.7101069999999999
50 0.09906000000000001 0.7105330000000001 0.10446 0.7339200000000001 0.11458 0.706933 0.11728 0.67632 0.11932 0.6322129999999999 0.12336 0.5935199999999999 0.11188 0.590827 0.12742 0.562907 0.13754 0.538613 0.14294 0.502613 0.13146000000000002 0.472907 0.10244 0.454907 0.07814 0.454907 0.0599 0.48010699999999995 0.05586 0.51432 0.05654 0.547627 0.04168 0.5701069999999999 0.0248 0.58992 0.00928 0.60792 0 0.660133 0.04236 0.666427 0.0923 0.691627 0.09906000000000001 0.7105330000000001
50 0.56864 0.60016 0.58276 0.604853 0.5905 0.6095470000000001 0.5989800000000001 0.6161329999999999 0.6025 0.61144 0.61378 0.61144 0.62154 0.61144 0.6279 0.612373 0.63354 0.6161329999999999 0.64834 0.62648 0.6469400000000001 0.613333 0.642 0.597333 0.63706 0.581333 0.63636 0.571947 0.63776 0.56912 0.64622 0.562533 0.64622 0.552187 0.64622 0.55032 0.6469400000000001 0.535253 0.65046 0.528693 0.65046 0.522107 0.6434 0.50424 0.64412 0.494827 0.64412 0.49296 0.64412 0.490133 0.63848 0.477893 0.63282 0.46754700000000005 0.6229600000000001 0.462853 0.6053200000000001 0.462853 0.59968 0.464747 0.59616 0.468507 0.5891000000000001 0.47319999999999995 0.58276 0.479787 0.57782 0.506107 0.57782 0.523973 0.58486 0.53904 0.59474 0.556907 0.59192 0.563467 0.5714600000000001 0.60016 0.56864 0.60016
50 0.68096 0.673547 0.7527999999999999 0.705067 0.75734 0.711147 0.72824 0.8057070000000001 0.7427999999999999 0.8045070000000001 0.77554 0.81784 0.791 0.820267 0.8164600000000001 0.837227 0.811 0.84816 0.80736 0.86512 0.89648 0.923333 0.89648 0.906347 0.8983 0.800853 0.8883 0.77904 0.86464 0.7608530000000001 0.80736 0.7317600000000001 0.80736 0.7220530000000001 0.791 0.691733 0.7918999999999999 0.683253 0.79644 0.6784 0.79826 0.668693 0.8055399999999999 0.663867 0.81736 0.650507 0.81736 0.64688 0.8128200000000001 0.63232 0.8091799999999999 0.618987 0.7973600000000001 0.61536 0.78826 0.629893 0.78462 0.6141329999999999 0.77826 0.594747 0.77644 0.591093 0.77644 0.5765600000000001 0.77918 0.562 0.78098 0.55232 0.7827999999999999 0.52928 0.78554 0.50624 0.791 0.488053 0.78918 0.473493 0.77554 0.44802699999999995 0.74826 0.42864 0.73552 0.43711999999999995 0.7000599999999999 0.46136 0.6655 0.5147200000000001 0.6636799999999999 0.526853 0.6727799999999999 0.53896 0.66732 0.55472 0.6555 0.5765600000000001 0.65278 0.602027 0.65278 0.63112 0.67368 0.680827 0.68096 0.673547
50 0.8193400000000001 0.636 0.8193400000000001 0.6605329999999999 0.86194 0.672453 0.85142 0.607947 0.87352 0.5981069999999999 0.88246 0.56096 0.8945599999999999 0.544827 0.89824 0.5230670000000001 0.89718 0.504853 0.8977200000000001 0.488 0.90244 0.469067 0.89402 0.459253 0.8661599999999999 0.459253 0.84826 0.475387 0.84564 0.49432000000000004 0.84722 0.508347 0.85352 0.523787 0.82408 0.573573 0.81356 0.609333 0.8193400000000001 0.636
50 1 0.67496 0.9920800000000001 0.658747 0.9698 0.626347 0.96238 0.590347 0.95766 0.5723469999999999 0.94416 0.561547 0.94078 0.55616 0.9515800000000001 0.54536 0.95226 0.53544 0.9617 0.529147 0.959 0.514747 0.96104 0.49224 0.95968 0.47784 0.94888 0.465253 0.91446 0.45354700000000003 0.9023 0.46343999999999996 0.89352 0.478747 0.89218 0.5129600000000001 0.89488 0.532747 0.89016 0.539947 0.8786799999999999 0.562453 0.87394 0.583147 0.87328 0.591253 0.88812 0.608347 0.90432 0.6209600000000001 0.90916 0.6304 0.91126 0.65424 0.91284 0.67528 0.92072 0.688587 0.9249400000000001 0.7019200000000001 0.92592 0.701973 0.9536 0.693867 0.96576 0.688453 0.98938 0.6911729999999999 1 0.688453 1 0.67496
50 0.27978 0.182027 0.24776 0.14832 0.1972 0.12808 0.16854 0.1528 0.15168 0.2 0.13145999999999997 0.285387 0.14494 0.37077299999999996 0.15842 0.3438129999999999 0.1854 0.316853 0.20562 0.30112 0.22922 0.294373 0.26291999999999993 0.29888 0.27978 0.262933 0.27304 0.235947 0.27978 0.182027
50 0.32696 0.45618699999999995 0.31854 0.49887999999999993 0.30674 0.541573 0.28146 0.557307 0.26124 0.570773 0.25956 0.629227 0.30842 0.7101069999999999 0.30506 0.67192 0.30842 0.62696 0.31854 0.57528 0.32696 0.559547 0.37584 0.47864 0.39606 0.433707 0.42472 0.379787 0.45 0.319093 0.43652 0.319093 0.38258 0.32808 0.3809 0.37527999999999995 0.32696 0.45618699999999995
50 0.51434 0.566507 0.51434 0.5896 0.52904 0.597307 0.55108 0.602907 0.5678799999999999 0.601493 0.58938 0.568613 0.59148 0.557413 0.58466 0.5420269999999999 0.57732 0.525227 0.58152 0.494453 0.5852 0.472747 0.57994 0.46576 0.5668200000000001 0.465067 0.54792 0.46576 0.53534 0.47696000000000005 0.53324 0.496533 0.52798 0.5525329999999999 0.51802 0.568613 0.51434 0.566507
50 0.883 0.460213 0.88888 0.46205300000000005 0.89928 0.464827 0.90412 0.47130700000000003 0.90932 0.46527999999999997 0.9152 0.46343999999999996 0.92906 0.46253299999999997 0.93944 0.462987 0.93944 0.4556 0.94014 0.45376 0.94186 0.444987 0.9422 0.43389300000000003 0.94014 0.415893 0.9366599999999999 0.40528 0.9332 0.40112 0.92974 0.40018699999999996 0.92386 0.400667 0.91624 0.402507 0.90862 0.40943999999999997 0.90516 0.424667 0.90586 0.44221299999999997 0.8819600000000001 0.460213 0.883 0.460213
52 0.1264 0.62648 0.1305 0.608747 0.14174 0.576 0.14787999999999998 0.559627 0.16426 0.5418930000000001 0.17959999999999998 0.52824 0.17756 0.491413 0.16938 0.470933 0.15402000000000002 0.40272 0.15197999999999998 0.4 0.14584 0.391813 0.13766 0.36861299999999997 0.13766 0.34408 0.13766 0.34269299999999997 0.1397 0.29496 0.14994 0.21584 0.15096 0.17216 0.15096 0.16944 0.14482 0.14624 0.11822 0.163973 0.109 0.19671999999999998 0.11412 0.204907 0.1305 0.226747 0.1172 0.224 0.09672 0.226747 0.09058 0.329067 0.09366 0.42592 0.10286 0.44911999999999996 0.12334 0.46413299999999996 0.1397 0.496853 0.13254 0.54872 0.1264 0.585547 0.11822 0.595093 0.10286 0.6032799999999999 0.109 0.63328 0.1172 0.6660269999999999 0.1264 0.62648
42 0.79438 0.671067 0.81302 0.73152 0.8235800000000001 0.73816 0.8304 0.736507 0.8807200000000001 0.676853 0.8211 0.6478670000000001 0.79438 0.671067
50 0 0.658907 0.01292 0.59992 0.05342 0.557227 0.056240000000000005 0.523333 0.05812 0.490693 0.06094 0.47186700000000004 0.04682 0.463067 0.03458 0.46432 0.0167 0.47688 0.00256 0.49696 0 0.52584 0 0.566027 0 0.658907
22 0.43413999999999997 0.637973 0.44126 0.5972 0.43413999999999997 0.5972 0.42292 0.5972 0.42038 0.607413 0.43210000000000004 0.639333 0.43413999999999997 0.637973
22 0.49422000000000005 0.616533 0.48998 0.63688 0.49168 0.6968 0.49168 0.748827 0.50102 0.752213 0.51034 0.7556 0.52052 0.7725599999999999 0.5349400000000001 0.76352 0.5434 0.744293 0.5451 0.726213 0.5434 0.6968 0.5374800000000001 0.6662929999999999 0.53154 0.621067 0.52646 0.598453 0.49168 0.595067 0.49422000000000005 0.616533
22 0.54168 0.676267 0.54628 0.694693 0.54352 0.745067 0.5426 0.7806929999999999 0.54998 0.7880799999999999 0.56288 0.789307 0.56932 0.77824 0.54628 0.601307 0.53708 0.608693 0.54168 0.676267
22 0.57946 0.7942129999999998 0.58406 0.813867 0.60434 0.81264 0.6071 0.762267 0.61172 0.7487469999999999 0.61264 0.73032 0.6108 0.7180270000000001 0.60894 0.676267 0.59882 0.635707 0.59696 0.616053 0.57762 0.602533 0.54998 0.601307 0.57302 0.7855999999999999 0.57946 0.7942129999999998
22 0.85812 0.6384 0.86912 0.67176 0.88516 0.68112 0.85368 0.7127199999999999 0.8521599999999999 0.739013 0.89922 0.785573 0.90378 0.840213 0.9478 0.86448 0.9811799999999999 0.80176 0.9917999999999999 0.7673599999999999 0.9948400000000001 0.684373 0.93716 0.690453 0.9295800000000001 0.6358130000000001 0.89466 0.60544 0.86582 0.601387 0.8521 0.609013 0.8481000000000001 0.619707 0.85812 0.6384
22 0.64784 0.626933 0.6228 0.612267 0.61078 0.610933 0.60078 0.614933 0.60578 0.633627 0.6158 0.636293 0.6258 0.66968 0.63682 0.723067 0.64182 0.7564529999999999 0.64784 0.7711470000000001 0.67588 0.68704 0.66286 0.653653 0.64784 0.626933
22 0.00164 0.819067 0.011359999999999999 0.79312 0.0385 0.76512 0.05848 0.75008 0.09996 0.7248270000000001 0.09894 0.71048 0.08664 0.6934130000000001 0.04978 0.668827 0.0001 0.657227 0.00164 0.819067
50 0.51288 0.565573 0.52136 0.568053 0.52874 0.551307 0.53354 0.513413 0.53354 0.49421300000000007 0.53612 0.482427 0.54056 0.47208 0.53872 0.45338700000000004 0.52394 0.448453 0.50844 0.45189299999999993 0.50476 0.463227 0.50624 0.48535999999999996 0.5066 0.5144 0.50918 0.53016 0.51102 0.549333 0.51288 0.565573
50 0.48294 0.529547 0.47376 0.541307 0.46732 0.563947 0.4601799999999999 0.589307 0.45814 0.59928 0.45202 0.624187 0.45406 0.652267 0.46188 0.67264 0.47002 0.676267 0.48972 0.67128 0.48904 0.617387 0.48632 0.532267 0.4843 0.525013 0.48294 0.529547
50 0.99998 0.603333 0.99934 0.48503999999999997 0.98034 0.48757300000000003 0.96956 0.495173 0.96512 0.518827 0.9632200000000001 0.534053 0.96766 0.553493 0.96068 0.570373 0.9594199999999999 0.57968 0.96512 0.582213 0.9949199999999999 0.5906669999999999 0.99998 0.603333