13 0.11732 0.49637299999999995 0.1142 0.480187 0.10864 0.46629300000000007 0.10622 0.43624 0.10692 0.42511999999999994 0.10482 0.421893 0.09476 0.421893 0.09476 0.43344 0.09512 0.470933 0.08922 0.480187 0.08818 0.50656 0.08956 0.54032 0.0913 0.541253 0.09894 0.54032 0.11698 0.51536 0.11732 0.49637299999999995
13 0.1017 0.556533 0.11558 0.556533 0.11906 0.550987 0.11766 0.531067 0.11662 0.522293 0.11038 0.526453 0.10344 0.537547 0.10136 0.5468 0.1017 0.556533
13 0.55488 1 0.55564 0.96296 0.5518200000000001 0.872427 0.53886 0.8469869999999999 0.53808 0.843947 0.53504 0.7818930000000001 0.52206 0.784933 0.51978 0.845973 0.503 0.893787 0.5091 1 0.55488 1
22 0.07432 0.989867 0.20608 0.989867 0.23142 0.9087729999999999 0.17634 0.705627 0.14696 0.70384 0.03716 0.8569869999999999 0.05912 0.98536 0.07432 0.989867
22 0.7835599999999999 0.602 0.76846 0.61544 0.7651 0.6378130000000001 0.74664 0.6870130000000001 0.7281799999999999 0.7563730000000001 0.75336 0.810053 0.78692 0.866 0.8188 0.92864 0.83558 0.834667 0.86242 0.6914929999999999 0.8271799999999999 0.646747 0.78692 0.60424 0.7835599999999999 0.602
22 0.8422799999999999 0.98232 0.98658 0.98232 0.9949600000000001 0.971147 1 0.805573 0.93456 0.713867 0.90436 0.7228 0.8406 0.98456 0.8422799999999999 0.98232
22 0.4467 0.609067 0.45622 0.623733 0.45842 0.537653 0.50832 0.541573 0.50832 0.583627 0.51786 0.566027 0.51858 0.62568 0.53032 0.643307 0.54352 0.641333 0.545 0.54256 0.59414 0.5474399999999999 0.59268 0.679493 0.60222 0.6814399999999999 0.61102 0.49266699999999997 0.60882 0.4868 0.44816 0.475067 0.44376 0.6100530000000001 0.4467 0.609067
78 0.48064 0.804347 0.47776 0.8538129999999999 0.47437999999999997 0.8698670000000001 0.49172000000000005 0.88208 0.51004 0.88272 0.51342 0.868587 0.51774 0.857013 0.5259400000000001 0.8461069999999999 0.53798 0.845467 0.54184 0.846747 0.54184 0.815253 0.5355800000000001 0.7799200000000001 0.53942 0.746507 0.54088 0.742027 0.52786 0.74008 0.51774 0.74008 0.50618 0.7394400000000001 0.49701999999999996 0.7362399999999999 0.48354 0.7298129999999999 0.47486 0.726613 0.47342 0.7240270000000001 0.48354 0.7651469999999999 0.48064 0.804347
13 0.06982 0.45824000000000004 0.07540000000000001 0.457573 0.07592 0.47648 0.07844 0.511627 0.08148000000000001 0.517707 0.08807999999999999 0.5190670000000001 0.08807999999999999 0.5062129999999999 0.08907999999999999 0.484587 0.09162000000000001 0.47445299999999996 0.08148000000000001 0.460267 0.08148000000000001 0.44744 0.08048000000000001 0.42445299999999997 0.07236 0.42445299999999997 0.07034 0.45488 0.06982 0.45824000000000004
13 0.06318 0.7218130000000001 0.05516 0.729387 0.05282 0.735173 0.05316 0.741867 0.04614 0.753467 0.0478 0.7614669999999999 0.0545 0.759707 0.05818 0.7543470000000001 0.06720000000000001 0.756587 0.07456 0.752107 0.09362 0.72136 0.07054 0.714213 0.06318 0.7218130000000001
13 0.04862 0.45754700000000004 0.05564 0.455307 0.056659999999999995 0.45442699999999997 0.05432 0.437493 0.0533 0.435253 0.0493 0.43437299999999995 0.04428 0.43437299999999995 0.04294 0.435253 0.04294 0.43704 0.04294 0.43792 0.04194 0.46288 0.04862 0.45754700000000004
13 0.03114 0.49319999999999997 0.0337 0.485173 0.035859999999999996 0.47143999999999997 0.03114 0.46058699999999997 0.02984 0.41594699999999996 0.02984 0.41194699999999995 0.02426 0.41080000000000005 0.01998 0.41424 0.020399999999999998 0.45770700000000003 0.018699999999999998 0.462853 0.03114 0.49319999999999997
13 0.10498 0.713147 0.10424 0.731067 0.11992 0.70768 0.11264 0.702933 0.10498 0.713147
13 0.12402 0.711893 0.10592 0.739307 0.10704 0.7517599999999999 0.11226 0.7477599999999999 0.12534 0.7268529999999999 0.12402 0.711893
13 0.0891 0.746267 0.07976 0.755733 0.08032 0.764213 0.0835 0.766187 0.08928 0.763707 0.0949 0.754747 0.1003 0.7542400000000001 0.09826 0.71664 0.08816 0.731813 0.0891 0.746267
13 0.00974 0.46354700000000004 0.01208 0.465333 0.0171 0.46488 0.019100000000000002 0.464 0.019780000000000002 0.460427 0.019780000000000002 0.453307 0.02044 0.42656 0.02044 0.409627 0.019100000000000002 0.40248 0.01142 0.40024 0.00974 0.46354700000000004
13 0.02422 0.830427 0.04292 0.814453 0.04796 0.80136 0.04316 0.79432 0.02998 0.811573 0.02206 0.811893 0.02086 0.8039200000000001 0.030699999999999998 0.781547 0.02566 0.781227 0.01128 0.79944 0.006 0.8086930000000001 0.00792 0.8170130000000001 0 0.8301069999999999 0.00047999999999999996 0.844507 0.01728 0.830427 0.02422 0.830427
79 0.08476 0.630533 0.08406 0.574693 0.07918 0.575147 0.07986 0.6352 0.07601999999999999 0.636133 0.0708 0.64776 0.0673 0.670587 0.068 0.700373 0.068 0.711547 0.09908 0.713867 0.09908 0.70456 0.09838 0.6742929999999999 0.09 0.636587 0.08476 0.630533
79 0.04104 0.6435730000000001 0.04104 0.65384 0.039380000000000005 0.670747 0.040479999999999995 0.676613 0.04764 0.67808 0.05646 0.678827 0.06252 0.679547 0.06638 0.6744 0.06196 0.658987 0.06086 0.656053 0.05976 0.645787 0.05866 0.64064 0.05756 0.631093 0.057 0.617867 0.05646 0.6076 0.05646 0.596587 0.04764 0.596587 0.04874 0.62888 0.04104 0.6435730000000001
79 0.02026 0.673253 0.04162 0.67816 0.03868 0.638853 0.0431 0.630027 0.03498 0.614293 0.0313 0.6034930000000001 0.02172 0.6329600000000001 0.02026 0.673253
79 0.06545999999999999 0.613893 0.05968 0.6267469999999999 0.05968 0.642187 0.062380000000000005 0.650933 0.0701 0.6504 0.0778 0.6344529999999999 0.07124 0.6097870000000001 0.0778 0.598987 0.07664 0.5928 0.06545999999999999 0.588187 0.06044 0.59384 0.062380000000000005 0.6046400000000001 0.06624 0.610293 0.06545999999999999 0.613893
79 0.00178 0.59192 0.00348 0.60912 0.00076 0.614107 0.00178 0.6612 0.00788 0.668 0.01264 0.668453 0.01434 0.668907 0.014021006462731599 0.6678862206807411 0.01774 0.67072 0.02046 0.671173 0.02148 0.634027 0.02486 0.623627 0.0235 0.62 0.01978 0.61592 0.02012 0.59736 0.01638 0.596453 0.01808 0.621813 0.01277971107544142 0.6315045393258426 0.01264 0.6304 0.01638 0.62136 0.011620000000000002 0.613653 0.00652 0.60912 0.00584 0.5892 0.00178 0.59192
79 0.12778 0.629493 0.1142 0.604587 0.11318 0.568373 0.10808 0.571547 0.10672 0.599173 0.10604 0.60912 0.1006 0.616827 0.10264 0.64672 0.10468 0.649893 0.11284 0.648987 0.12438 0.643547 0.12778 0.629493
22 0.16944 0.702293 0.1987 0.793307 0.23492 0.9084800000000001 0.28228 0.7636000000000001 0.24746 0.590853 0.22796 0.59272 0.16247999999999999 0.67072 0.16944 0.70416 0.16944 0.702293
27 0.66292 0.682 0.58886 0.6834669999999999 0.60354 0.665973 0.60584 0.661867 0.585 0.664933 0.5819 0.656693 0.59658 0.628907 0.5657000000000001 0.649493 0.5711 0.6309600000000001 0.58036 0.61552 0.5935 0.57536 0.6073999999999999 0.55064 0.6050800000000001 0.5485869999999999 0.5525599999999999 0.6278670000000001 0.5518 0.619627 0.54484 0.637147 0.5309400000000001 0.643333 0.5402 0.628907 0.5386599999999999 0.6248 0.5294 0.628907 0.5263 0.62272 0.5178200000000001 0.6248 0.5147200000000001 0.601093 0.5201399999999999 0.5661069999999999 0.51936 0.557867 0.50778 0.594933 0.50546 0.613467 0.49927999999999995 0.621707 0.49695999999999996 0.60624 0.49695999999999996 0.588747 0.49001999999999996 0.601093 0.4823 0.572267 0.47534 0.564027 0.4823 0.5908 0.48074 0.6103729999999999 0.47534 0.6258130000000001 0.47302 0.62272 0.46452 0.601093 0.47302 0.65568 0.4568 0.6258130000000001 0.44522 0.603173 0.44832 0.578453 0.43904000000000004 0.598027 0.42206 0.585653 0.43363999999999997 0.6124269999999999 0.44289999999999996 0.6278670000000001 0.44289999999999996 0.6464 0.43442000000000003 0.64744 0.41048 0.613467 0.40198 0.603173 0.41124 0.6248 0.39426 0.60624 0.41356 0.649493 0.429 0.674213 0.3348 0.6711199999999999 0.31910000000000005 0.67152 0.31776 0.6724 0.30578 0.70256 0.1581 1 0.83868 0.985227 0.69016 0.6826930000000001 0.66292 0.682