50 0.6630199999999999 0.838438 0.666 0.863123 0.66898 0.86985 0.6884 0.912432 0.70782 0.878799 0.70482 0.822763 0.7003400000000001 0.7734230000000001 0.69438 0.710661 0.6928799999999999 0.663574 0.6824199999999999 0.614234 0.6809400000000001 0.5245650000000001 0.6779400000000001 0.46177199999999996 0.6884 0.385526 0.6884 0.356396 0.6854199999999999 0.295856 0.67944 0.262222 0.67198 0.230841 0.66898 0.226336 0.6421 0.21288300000000002 0.6197 0.22186199999999998 0.6107400000000001 0.224114 0.5988 0.242042 0.56296 0.264474 0.55848 0.264474 0.52862 0.248769 0.51816 0.248769 0.5136799999999999 0.275676 0.5346000000000001 0.327237 0.54804 0.360871 0.55252 0.367598 0.557 0.383303 0.55998 0.419159 0.55848 0.45504500000000003 0.557 0.5312910000000001 0.55102 0.632162 0.55102 0.6904800000000001 0.5435599999999999 0.7510209999999999 0.53608 0.7868769999999999 0.53608 0.809309 0.53608 0.8675980000000001 0.55252 0.894505 0.55998 0.905706 0.5764 0.8967570000000001 0.58686 0.8406910000000001 0.58686 0.816036 0.5988 0.7510209999999999 0.6003 0.712883 0.60626 0.692703 0.61522 0.668048 0.6227 0.643393 0.6630199999999999 0.838438
50 0.21203999999999998 0.917297 0.224 0.921772 0.2464 0.9352250000000001 0.2464 0.9576579999999999 0.26430000000000003 0.9666370000000001 0.30910000000000004 0.975586 0.3315 0.962132 0.31507999999999997 0.930751 0.32106 0.892643 0.34494 0.814174 0.35838 0.823123 0.39422 0.8298500000000001 0.445 0.80967 0.46888 0.780541 0.47934 0.758108 0.48231999999999997 0.728949 0.48231999999999997 0.708769 0.47934 0.688589 0.45694 0.688589 0.43304000000000004 0.704294 0.43006 0.731201 0.40766 0.7558560000000001 0.38974000000000003 0.749129 0.3763 0.733453 0.37182 0.711021 0.37182 0.693093 0.37332 0.668408 0.38077999999999995 0.648258 0.39422 0.605646 0.3763 0.5652849999999999 0.3569 0.554084 0.35092 0.554084 0.33598 0.554084 0.3315 0.5608110000000001 0.31956 0.585465 0.30462 0.607898 0.29118 0.634805 0.27326 0.65048 0.23594 0.672913 0.20906 0.6908409999999999 0.18816 0.713273 0.17472 0.753634 0.1762 0.80967 0.224 0.852282 0.19562000000000002 0.910571 0.21203999999999998 0.917297
50 0.20454 0.42195200000000005 0.26538 0.418138 0.3072 0.410541 0.28312 0.38009 0.27424 0.355345 0.24384 0.281141 0.2261 0.26972999999999997 0.22482 0.237387 0.20834 0.214535 0.19694 0.24120100000000003 0.19822 0.267838 0.1792 0.294474 0.17414 0.33633599999999997 0.18428 0.36678700000000003 0.20074 0.368679 0.20582 0.406727 0.20454 0.42195200000000005
50 0.38345999999999997 0.272613 0.37848000000000004 0.28222200000000003 0.37278 0.28753799999999996 0.36212 0.303574 0.35002 0.32597600000000004 0.34077999999999997 0.33561599999999997 0.33864 0.349489 0.35216000000000003 0.349489 0.35998 0.36015 0.35714 0.383664 0.35928 0.39006 0.36710000000000004 0.39006 0.37136 0.386847 0.37278 0.381502 0.38345999999999997 0.381502 0.40976 0.39432399999999995 0.4375 0.38045 0.44389999999999996 0.365495 0.43892000000000003 0.344144 0.43110000000000004 0.31958000000000003 0.43110000000000004 0.30570600000000003 0.42044 0.283273 0.41332 0.28009 0.41048 0.256577 0.40266 0.22987999999999997 0.39768000000000003 0.223483 0.38772 0.223483 0.38132 0.23096100000000003 0.38132 0.239489 0.38201999999999997 0.241622 0.38201999999999997 0.260841 0.38345999999999997 0.272613
50 0.77426 0.301712 0.78416 0.301712 0.7877000000000001 0.302763 0.80116 0.296396 0.8096599999999999 0.29318299999999997 0.81674 0.29318299999999997 0.83726 0.295315 0.8379800000000001 0.298498 0.84364 0.31976 0.84788 0.341021 0.9505399999999999 0.326156 0.94274 0.317658 0.93072 0.312342 0.91442 0.312342 0.9024 0.31339300000000003 0.89886 0.29958 0.8960199999999999 0.278318 0.89036 0.25492499999999996 0.88966 0.246426 0.87478 0.234745 0.87266 0.216667 0.8719600000000001 0.21026999999999998 0.8677 0.185826 0.85142 0.180511 0.84646 0.20072099999999998 0.84364 0.21985 0.84364 0.22621599999999997 0.84364 0.231532 0.8408 0.238979 0.8344400000000001 0.25174199999999997 0.82098 0.262372 0.80186 0.277267 0.78276 0.29318299999999997 0.77426 0.301712
50 0.52532 0.334835 0.51634 0.305616 0.50886 0.301111 0.49538 0.271922 0.4924 0.242703 0.48342 0.229219 0.47143999999999997 0.229219 0.46546 0.258438 0.46246 0.271922 0.43101999999999996 0.319099 0.45048 0.350571 0.45048 0.391021 0.51934 0.382012 0.5238200000000001 0.357297 0.52532 0.334835
4 0.7174400000000001 0.08507509909909909 0.6037 0.283243 0.6069199999999999 0.294505 0.6069199999999999 0.29291300000000003 0.7281799999999999 0.102793 0.7174400000000001 0.08507509909909909
50 0.15266 0.029219201201201198 0.14816 0.013483501501501502 0.07931999999999999 0 0.08381999999999999 0.0359459009009009 0.14518 0.0427026996996997 0.15266 0.029219201201201198
8 0.28968 0.38789799999999997 0.31545999999999996 0.38609599999999994 0.31606 0.40501499999999996 0.38380000000000003 0.395105 0.37542000000000003 0.37801799999999997 0.36942 0.38970000000000005 0.35922000000000004 0.386997 0.35982 0.36360400000000004 0.34424 0.34828800000000004 0.2765 0.358198 0.28968 0.38789799999999997
8 0.68184 0.317147 0.6841 0.325105 0.6912999999999999 0.344414 0.6954600000000001 0.357477 0.83098 0.337598 0.83892 0.334745 0.83628 0.316577 0.8272 0.293844 0.78366 0.296096 0.69092 0.312012 0.68184 0.317147
5 0.46872 0.779069 0.46872 0.768258 0.46738 0.758799 0.48492 0.729069 0.48448 0.710811 0.46782 0.693243 0.45658 0.691892 0.44758 0.699339 0.43542000000000003 0.721622 0.43451999999999996 0.749339 0.42732 0.757447 0.43857999999999997 0.7757059999999999 0.43992000000000003 0.7912309999999999 0.46288 0.783814 0.46872 0.779069
13 0.29504 0.35564599999999996 0.29968 0.356486 0.30513999999999997 0.356486 0.30269999999999997 0.322432 0.29942 0.310931 0.2975 0.309309 0.29504 0.312162 0.2945 0.317087 0.2945 0.320781 0.2945 0.355255 0.29504 0.35564599999999996
50 0.13602 0.427628 0.13602 0.39967 0.12028 0.351321 0.11812 0.323363 0.11598 0.300811 0.09594 0.291141 0.08664 0.30618599999999996 0.08306000000000001 0.335195 0.06659999999999999 0.34378400000000003 0.05442 0.35882899999999995 0.040100000000000004 0.38462500000000005 0.0351 0.42979 0.04226 0.448048 0.0673 0.44267300000000004 0.13674 0.43192200000000003 0.13602 0.427628
50 0.115 0.302252 0.119 0.33168200000000003 0.12178 0.357477 0.12818000000000002 0.369489 0.13738 0.39771799999999996 0.13778 0.42354400000000003 0.14018 0.431351 0.17058 0.427147 0.19616 0.427748 0.20456 0.42114100000000004 0.18098 0.409129 0.16258 0.407928 0.15578 0.361682 0.15297999999999998 0.332883 0.15138 0.328078 0.14098 0.31186200000000003 0.12897999999999998 0.303453 0.13138 0.293844 0.13258 0.278829 0.12978 0.25780800000000004 0.12538 0.245225 0.113 0.242823 0.1038 0.251201 0.0986 0.27342299999999997 0.09820000000000001 0.292643 0.115 0.302252
13 0.17568 0.33036 0.17438 0.333664 0.1733 0.342733 0.17292 0.369399 0.17658000000000001 0.37186199999999997 0.18225999999999998 0.371051 0.18172 0.348228 0.18116 0.334204 0.18044 0.332282 0.17987999999999998 0.33009 0.18044 0.324565 0.17987999999999998 0.322372 0.17768 0.32321300000000003 0.17438 0.32348299999999997 0.17568 0.33036
50 0.04914 0.617808 0.03618 0.660901 0.03338 0.6921919999999999 0.053079999999999995 0.732733 0.07446 0.758949 0.10765999999999999 0.7792189999999999 0.09754 0.832462 0.09022 0.889069 0.08345999999999999 0.91018 0.08122 0.9203300000000001 0.09078 0.927928 0.0874 0.942312 0.08345999999999999 0.954985 0.0964 0.967658 0.10822 0.9625830000000001 0.13524 0.9727330000000001 0.14818 0.9701799999999999 0.15324000000000002 0.9592189999999999 0.14762 0.947387 0.13806000000000002 0.9304799999999999 0.15718000000000001 0.9304799999999999 0.15944 0.912733 0.16506 0.912733 0.1707 0.802042 0.16676 0.755556 0.1645 0.735285 0.16112 0.715826 0.14930000000000002 0.691321 0.16 0.672733 0.1797 0.632192 0.19490000000000002 0.606817 0.20052 0.571351 0.19658 0.542613 0.20108 0.5375380000000001 0.21346 0.5409309999999999 0.22134 0.5409309999999999 0.2236 0.555285 0.22866 0.5603600000000001 0.22978 0.545976 0.2343 0.539219 0.23936000000000002 0.528228 0.24724000000000002 0.497808 0.23992 0.491051 0.2371 0.48513500000000004 0.24836000000000003 0.480931 0.25342 0.475856 0.24609999999999999 0.443754 0.21853999999999998 0.426006 0.20052 0.426847 0.17802 0.44036000000000003 0.17013999999999999 0.47669700000000004 0.16056 0.491892 0.11048000000000001 0.5273869999999999 0.054759999999999996 0.612733 0.04914 0.617808