13 0.198813 0.0032291708333333337 0.0193906 0.0032291708333333337 0.0323281 0.11529199999999999 0.0581875 0.320042 0.07435939999999999 0.42133299999999996 0.0905156 0.442896 0.108297 0.45366700000000004 0.129312 0.434271 0.164875 0.408396 0.23114099999999999 0.371771 0.205281 0.005395829166666667 0.198813 0.0032291708333333337
27 1 0.7409789999999999 0.726297 0.251125 0.421563 0.199208 0.369078 0.260167 0.221781 0.257896 0.189609 0.370771 0.106656 0.438479 0.0101563 0.44525 0.0067656203125 0.968958 1 0.9825 1 0.7409789999999999
50 0.634875 0.112312 0.59425 0.08972920000000001 0.565469 0.08972920000000001 0.518062 0.10327099999999999 0.504516 0.11908300000000001 0.47912499999999997 0.15745800000000001 0.465578 0.195833 0.48420300000000005 0.227417 0.514672 0.24775 0.5756249999999999 0.236458 0.606094 0.243229 0.675516 0.243229 0.7212189999999999 0.216146 0.8194060000000001 0.292896 0.8651249999999999 0.338042 0.921 0.367375 0.944688 0.410271 0.963313 0.43962500000000004 0.998875 0.46670799999999996 1 0.0829583 0.958234 0.0919792 0.9023749999999999 0.0468333 0.868516 0.0242708 0.8194060000000001 0.0242708 0.783859 0.0265208 0.761844 0.0378125 0.736453 0.06941670000000001 0.707672 0.10327099999999999 0.700906 0.105521 0.683969 0.112312 0.634875 0.112312
79 0.0016875000000000002 0.0715417 0 0.320979 0.0235938 0.332208 0.0337031 0.345688 0.048875 0.487271 0.0320156 0.503 0.0117969 0.525458 0 0.5546880000000001 0.0067343703125 0.5681670000000001 0.018546899999999998 0.577146 0.0438125 0.5681670000000001 0.055625 0.532208 0.094375 0.471542 0.0825781 0.471542 0.06909370000000001 0.406375 0.058984400000000006 0.327708 0.06909370000000001 0.316479 0.1045 0.278271 0.126406 0.244562 0.136516 0.20860399999999998 0.13820300000000002 0.168167 0.124719 0.0782708 0.112922 0.0535625 0.0859531 0.0445625 0.0050625 0.0490625 0.0016875000000000002 0.0715417
79 0.327328 0.0740417 0.324234 0.150313 0.336594 0.1565 0.342781 0.0719792 0.358234 0.0616875 0.359781 0.008083329166666667 0.285578 0.006020829166666667 0.307219 0.0534375 0.327328 0.0740417
79 0.234672 0.121104 0.246234 0.123208 0.24360900000000002 0.0636042 0.26675 0.037666700000000004 0.266219 0.0004791666666666667 0.199953 0.004 0.20835900000000002 0.0516875 0.208891 0.0544792 0.22835899999999998 0.0671042 0.234672 0.121104
32 0.43535899999999994 0.193667 0.42410899999999996 0.186188 0.405891 0.167042 0.394266 0.15077100000000002 0.372938 0.156979 0.413641 0.20943699999999998 0.42468700000000004 0.218229 0.43904699999999997 0.21693700000000002 0.45221900000000004 0.216167 0.474906 0.201687 0.467734 0.19495800000000002 0.46796899999999997 0.193667 0.45114099999999996 0.202792 0.43535899999999994 0.193667
51 0.412937 0.814125 0.589406 0.818833 0.603531 0.847062 0.7023590000000001 0.8658750000000001 0.7658750000000001 0.842354 0.7658750000000001 0.811771 0.753531 0.776479 0.794125 0.738833 0.801172 0.7317710000000001 0.8276410000000001 0.774125 0.841766 0.76 0.834703 0.724708 0.8576409999999999 0.670583 0.868234 0.6282289999999999 0.928234 0.6141249999999999 0.944125 0.543521 0.905297 0.529417 0.8576409999999999 0.49412500000000004 0.8364689999999999 0.484708 0.8099999999999999 0.40941700000000003 0.748234 0.369417 0.698828 0.327063 0.665297 0.315292 0.6476409999999999 0.282354 0.614125 0.28941700000000004 0.603531 0.310583 0.589406 0.315292 0.541766 0.317646 0.47293799999999997 0.322354 0.388234 0.312938 0.322937 0.317646 0.26293700000000003 0.336479 0.23470300000000002 0.352938 0.188828 0.416479 0.14646900000000002 0.44 0.111172 0.487063 0.09529689999999999 0.475292 0.10764100000000001 0.503521 0.102359 0.541167 0.102359 0.592938 0.07235939999999999 0.64 0.14117200000000002 0.6188330000000001 0.174703 0.6541250000000001 0.171172 0.6635209999999999 0.261172 0.76 0.412937 0.814125
14 0.712031 0.0821042 0.662031 0.0662292 0.521547 0.0524792 0.397734 0.0651875 0.36678099999999997 0.077875 0.368375 0.0926875 0.37075 0.100104 0.372344 0.100104 0.41440599999999994 0.118083 0.44218799999999997 0.13818699999999998 0.46043700000000004 0.163604 0.47392200000000007 0.169937 0.478688 0.164646 0.49615600000000004 0.13289600000000001 0.5207499999999999 0.110688 0.572344 0.091625 0.617578 0.0948125 0.663609 0.105396 0.677109 0.106458 0.708063 0.095875 0.712031 0.0821042
13 0.0457031 0.43475 0.027718700000000002 0.331938 0.0032968703124999998 0.313083 0 0.445042 0.0032968703124999998 0.445042 0.028999999999999998 0.445042 0.0457031 0.43475
32 0.331984 0.190896 0.328625 0.18045799999999998 0.307938 0.187917 0.21842199999999998 0.199104 0.216188 0.224458 0.224578 0.234167 0.23689100000000002 0.21252100000000002 0.324156 0.202083 0.331984 0.190896