77 0.0119688 0.35056299999999996 0.0194375 0.355047 0.0388906 0.370798 0.10470299999999999 0.40673699999999996 0.198937 0.44270000000000004 0.246813 0.44270000000000004 0.305141 0.424718 0.317109 0.4 0.332063 0.368545 0.315609 0.35056299999999996 0.207922 0.29662 0.169031 0.287629 0.0373906 0.276408 0.0029843796874999997 0.31237099999999995 0.0119688 0.35056299999999996
18 1 0.509272 0.9899530000000001 0.507394 0.914375 0.503638 0.9037499999999999 0.531784 0.898766 0.598404 0.9043749999999999 0.611549 0.915625 0.624695 0.9306089999999999 0.6359389999999999 0.944984 0.634061 0.974953 0.647207 0.994938 0.650023 1 0.6481459999999999 1 0.509272
18 0.861156 0.592019 0.8767189999999999 0.601596 0.892281 0.6090380000000001 0.901484 0.6090380000000001 0.8993589999999999 0.570751 0.907859 0.536737 0.909969 0.515493 0.907859 0.5123 0.882375 0.511244 0.861156 0.553756 0.861156 0.592019
38 0.360328 0.607653 0.354187 0.6189439999999999 0.35828099999999996 0.6281920000000001 0.365109 0.637418 0.379469 0.6435919999999999 0.386984 0.641526 0.386984 0.616878 0.386984 0.615869 0.372625 0.6086849999999999 0.360328 0.607653
18 0 0.558357 0.0402187 0.55669 0.0634219 0.565 0.09435940000000001 0.558357 0.09712499999999999 0.5450699999999999 0.09712499999999999 0.5309619999999999 0.0822031 0.529296 0.07170309999999999 0.5168539999999999 0.0628594 0.5110330000000001 0.0059531296875 0.5168539999999999 0 0.558357
13 0.338594 0.436338 0.336766 0.438592 0.33593799999999996 0.440845 0.335594 0.445329 0.334766 0.47105600000000003 0.344578 0.471784 0.344734 0.44784 0.347062 0.440352 0.347062 0.439085 0.346562 0.436103 0.345906 0.434601 0.345906 0.429366 0.34556200000000004 0.42786399999999997 0.34556200000000004 0.427113 0.33975 0.42786399999999997 0.33975 0.434108 0.338594 0.436338
13 0.37421899999999997 0.47394400000000003 0.37421899999999997 0.454484 0.37421899999999997 0.434554 0.373297 0.427136 0.374828 0.417394 0.365578 0.416455 0.3665 0.42481199999999997 0.363109 0.43222999999999995 0.362187 0.46978899999999996 0.37421899999999997 0.47394400000000003
13 0.361766 0.440282 0.362203 0.437089 0.362203 0.434531 0.355812 0.434531 0.35475 0.43901399999999996 0.355594 0.44061 0.356234 0.444437 0.356031 0.47162000000000004 0.357734 0.47192500000000004 0.362406 0.47192500000000004 0.361766 0.440282
13 0.4105 0.435399 0.40995299999999996 0.429178 0.403469 0.43 0.403828 0.438662 0.402562 0.441901 0.402562 0.445141 0.41282800000000003 0.445423 0.411219 0.44108 0.4105 0.435399
13 0.403109 0.471408 0.41210899999999995 0.47166699999999995 0.411937 0.448662 0.401844 0.448944 0.403109 0.471408
13 0.46020300000000003 0.46997700000000003 0.460016 0.480211 0.465078 0.479038 0.463906 0.439225 0.461172 0.431338 0.460391 0.426362 0.45670299999999997 0.426362 0.454938 0.428991 0.453969 0.432207 0.452016 0.435423 0.451234 0.44098600000000004 0.45065600000000006 0.448897 0.451438 0.458545 0.451234 0.46939 0.46020300000000003 0.46997700000000003
13 0.401547 0.516784 0.402375 0.509812 0.396641 0.508991 0.396641 0.5171830000000001 0.392547 0.519648 0.392266 0.5532860000000001 0.395 0.5532860000000001 0.40292199999999995 0.552887 0.403188 0.547958 0.40292199999999995 0.520892 0.400453 0.515962 0.401547 0.516784
13 0.319828 0.44115 0.319828 0.452606 0.328391 0.45295799999999997 0.329547 0.439061 0.328156 0.43558699999999995 0.328391 0.431408 0.327688 0.426901 0.323766 0.426197 0.324219 0.43108 0.323984 0.431761 0.32237499999999997 0.438357 0.319828 0.44115
13 0.364438 0.5197890000000001 0.364438 0.517441 0.364844 0.5142019999999999 0.365031 0.509202 0.364438 0.505376 0.360328 0.504202 0.358187 0.507723 0.357594 0.513028 0.356031 0.514789 0.356031 0.5212680000000001 0.35525 0.5330280000000001 0.354859 0.54831 0.354453 0.551268 0.359938 0.551854 0.361906 0.548897 0.364438 0.5197890000000001
13 0.37451599999999996 0.435915 0.373453 0.47075100000000003 0.379828 0.472019 0.381953 0.437817 0.38239100000000004 0.435915 0.380891 0.433028 0.380891 0.430164 0.378984 0.428873 0.377062 0.430798 0.37621899999999997 0.434319 0.37451599999999996 0.435915
38 0.350969 0.654155 0.353219 0.6745070000000001 0.371281 0.690329 0.387078 0.693709 0.402141 0.686925 0.395359 0.6654460000000001 0.35848399999999997 0.6462439999999999 0.350969 0.654155
38 0.345359 0.740446 0.346687 0.751009 0.356797 0.7681690000000001 0.378328 0.772793 0.395016 0.7761030000000001 0.3915 0.747042 0.348875 0.733192 0.345359 0.740446
50 0.591672 0.5154690000000001 0.591344 0.520376 0.5903590000000001 0.521338 0.589391 0.522817 0.588406 0.528192 0.587437 0.534061 0.588734 0.5379809999999999 0.5903590000000001 0.536033 0.587109 0.549742 0.591672 0.552183 0.591672 0.5688259999999999 0.5955779999999999 0.5688259999999999 0.5955779999999999 0.553169 0.5988279999999999 0.552183 0.599812 0.550728 0.602094 0.554155 0.603719 0.553662 0.604047 0.549249 0.60275 0.544343 0.600797 0.525751 0.599484 0.520845 0.5978589999999999 0.519883 0.597531 0.515962 0.593297 0.512042 0.591672 0.5154690000000001
50 0.573734 0.569343 0.573734 0.5655629999999999 0.573313 0.557347 0.572891 0.545352 0.573734 0.5327230000000001 0.5716249999999999 0.522606 0.570797 0.515023 0.569953 0.509343 0.566172 0.507465 0.566172 0.515023 0.564063 0.5251410000000001 0.564484 0.535235 0.5653279999999999 0.544085 0.5653279999999999 0.551667 0.566594 0.568099 0.573734 0.569343
50 0.154109 0.533075 0.155688 0.530728 0.156109 0.526643 0.153547 0.519977 0.153406 0.5118079999999999 0.150688 0.509014 0.147109 0.516972 0.146531 0.53007 0.145687 0.542535 0.148547 0.54338 0.15154700000000002 0.5438259999999999 0.15225 0.531784 0.154109 0.533075
50 0.136563 0.542042 0.139437 0.541784 0.142625 0.541291 0.143469 0.5324180000000001 0.145156 0.530141 0.145156 0.526362 0.145828 0.520282 0.145828 0.512958 0.142469 0.507136 0.142625 0.50385 0.13725 0.502817 0.134891 0.508638 0.132359 0.514977 0.133375 0.522817 0.136063 0.526854 0.135563 0.539507 0.136563 0.542042
50 0.5260779999999999 0.583451 0.5258130000000001 0.563897 0.525312 0.559296 0.52275 0.55277 0.526578 0.537817 0.526578 0.53054 0.525563 0.528991 0.524031 0.525164 0.5237809999999999 0.520188 0.521484 0.515587 0.5181560000000001 0.514038 0.516375 0.515587 0.516375 0.517488 0.516125 0.525164 0.5158590000000001 0.52669 0.512547 0.527089 0.512547 0.528239 0.515359 0.533592 0.514703 0.55338 0.514844 0.555962 0.515562 0.561315 0.5168440000000001 0.564319 0.518266 0.569883 0.517984 0.577371 0.515406 0.581009 0.5241089999999999 0.5823 0.5260779999999999 0.583451
13 0.432781 0.470634 0.433547 0.44110299999999997 0.42971899999999996 0.433052 0.42971899999999996 0.426526 0.427172 0.426526 0.42640599999999995 0.433052 0.422578 0.44072799999999995 0.422828 0.470235 0.432781 0.470634
13 0.43454699999999996 0.470188 0.442969 0.47183100000000006 0.44492200000000004 0.452981 0.44340599999999997 0.437394 0.441031 0.43091500000000005 0.44059400000000004 0.424742 0.43670299999999995 0.424742 0.43562500000000004 0.42896700000000004 0.434109 0.433192 0.433031 0.440657 0.433891 0.44518800000000003 0.43454699999999996 0.451033 0.43476600000000004 0.458826 0.434109 0.469883 0.43454699999999996 0.470188
13 0.300547 0.44485900000000006 0.302547 0.441432 0.302109 0.433944 0.301828 0.434155 0.302266 0.433075 0.295125 0.43349800000000005 0.295125 0.43971799999999994 0.293703 0.440798 0.292281 0.449577 0.300266 0.450211 0.300547 0.44485900000000006
13 0.300969 0.476127 0.300547 0.454718 0.300547 0.454507 0.292 0.45385 0.292141 0.47570400000000007 0.300969 0.476127
13 0.310312 0.450423 0.309875 0.444249 0.311391 0.439061 0.310953 0.434507 0.309672 0.432559 0.307078 0.432559 0.303391 0.432559 0.303391 0.435164 0.299938 0.446831 0.300156 0.451056 0.302094 0.451714 0.303609 0.451714 0.307719 0.451056 0.310312 0.450423
13 0.300797 0.454624 0.301672 0.469906 0.302312 0.475094 0.304906 0.475728 0.308797 0.475094 0.309875 0.456901 0.308797 0.453333 0.307938 0.453333 0.303391 0.453333 0.300797 0.453991 0.300797 0.454624
36 0.527109 0.5561969999999999 0.530781 0.557347 0.529406 0.5433100000000001 0.529406 0.539413 0.528797 0.536408 0.526953 0.536878 0.524813 0.537793 0.524656 0.540094 0.526953 0.5414789999999999 0.526344 0.5433100000000001 0.525125 0.544249 0.525125 0.550446 0.5245 0.556667 0.527109 0.5561969999999999
38 0.270125 0.740493 0.276172 0.737277 0.281516 0.72338 0.281156 0.713756 0.275094 0.703592 0.255172 0.6902109999999999 0.249828 0.690751 0.244844 0.694484 0.240922 0.7025119999999999 0.241641 0.712136 0.24378099999999997 0.7174879999999999 0.260859 0.740493 0.270125 0.740493