22 0.857734 0.198458 0.857734 0.183542 0.8511559999999999 0.168646 0.836047 0.1555 0.8222340000000001 0.142354 0.807109 0.134458 0.793313 0.130958 0.769641 0.12306299999999999 0.751234 0.12920800000000002 0.736781 0.14497900000000002 0.7249380000000001 0.173896 0.711797 0.206333 0.705219 0.223 0.703906 0.234396 0.717703 0.24489599999999997 0.723625 0.259813 0.7275780000000001 0.267688 0.733484 0.272083 0.741375 0.283479 0.751891 0.291354 0.760437 0.29924999999999996 0.768328 0.3045 0.7814840000000001 0.30627099999999996 0.796594 0.30274999999999996 0.807109 0.30274999999999996 0.816328 0.301 0.816984 0.29924999999999996 0.8459059999999999 0.21772899999999998 0.857734 0.198458
22 0.0842656 0.774604 0.0337031 0.64425 0.0353906 0.603812 0.0674219 0.5925619999999999 0.09775 0.6262709999999999 0.123031 0.574604 0.0471875 0.4465 0.0016875000000000002 0.45325 0.0050625 0.713917 0.0117969 0.727396 0.0674219 0.817292 0.0842656 0.774604
22 0.847234 0.644271 0.8538439999999999 0.6511250000000001 0.875125 0.680458 0.887594 0.7137290000000001 0.8765940000000001 0.825229 0.8465159999999999 0.920104 0.8677809999999999 0.9279379999999999 0.885391 0.80175 0.895656 0.669708 0.9132659999999999 0.62275 0.9521409999999999 0.522 0.973422 0.492667 0.922063 0.494625 0.8912660000000001 0.525917 0.8912660000000001 0.531792 0.889062 0.5415620000000001 0.885391 0.5445 0.8780469999999999 0.542542 0.842844 0.603187 0.847234 0.644271
62 0.585359 0.686083 0.584797 0.7036250000000001 0.596859 0.7051040000000001 0.602344 0.6919369999999999 0.608375 0.6809580000000001 0.650047 0.6363749999999999 0.6950160000000001 0.598354 0.687891 0.585917 0.6555310000000001 0.618104 0.6155160000000001 0.6612290000000001 0.5919380000000001 0.6838960000000001 0.585359 0.686083
14 0.543953 0.730187 0.567969 0.7682920000000001 0.6211249999999999 0.7553540000000001 0.641125 0.6928540000000001 0.638266 0.651687 0.609687 0.6897920000000001 0.598266 0.695896 0.591406 0.684458 0.630844 0.644062 0.5965469999999999 0.622729 0.5559529999999999 0.634917 0.539391 0.669229 0.543953 0.730187
14 0.499172 0.788167 0.512 0.8043750000000001 0.532922 0.702667 0.5389999999999999 0.645958 0.514031 0.6351669999999999 0.40062499999999995 0.619854 0.38710900000000004 0.622563 0.353359 0.7134579999999999 0.34526599999999996 0.745875 0.35268700000000003 0.757563 0.499172 0.788167
14 0.272422 0.964354 0.47926599999999997 0.986771 0.521297 0.8275830000000001 0.501125 0.791708 0.306047 0.7558330000000001 0.25223399999999996 0.901563 0.272422 0.964354
1 0.338187 0.504104 0.33654700000000004 0.514271 0.339547 0.533125 0.344984 0.5443960000000001 0.346625 0.550917 0.343359 0.5559999999999999 0.334641 0.565438 0.33137500000000003 0.571604 0.334109 0.5712499999999999 0.347438 0.555646 0.355063 0.557813 0.373844 0.546563 0.383094 0.535667 0.386906 0.528771 0.386641 0.512813 0.382281 0.49937499999999996 0.370859 0.485958 0.368125 0.484854 0.365406 0.485229 0.349078 0.48812500000000003 0.338187 0.504104
47 0.367781 0.486542 0.379047 0.494292 0.38557800000000003 0.494292 0.389937 0.490417 0.392844 0.480729 0.392484 0.466687 0.390313 0.460875 0.383031 0.457 0.3725 0.454583 0.361234 0.452646 0.353609 0.452646 0.344156 0.456521 0.337984 0.46377100000000004 0.333625 0.484604 0.33870300000000003 0.491396 0.34525 0.49235399999999996 0.356516 0.484604 0.367781 0.486542
47 0.382984 0.5977709999999999 0.403969 0.5983959999999999 0.41282800000000003 0.5934170000000001 0.41842199999999996 0.579125 0.42262500000000003 0.5623330000000001 0.418891 0.538083 0.41235900000000003 0.530625 0.40023400000000003 0.528125 0.383453 0.527521 0.374594 0.539958 0.370859 0.567937 0.382984 0.5977709999999999
47 0.42525 0.46893799999999997 0.433359 0.484479 0.435891 0.495292 0.456672 0.495958 0.455656 0.482458 0.44096900000000006 0.46825 0.435891 0.456771 0.414109 0.458125 0.403969 0.45541699999999996 0.391813 0.460833 0.390797 0.46691699999999997 0.396359 0.477042 0.41309399999999996 0.467583 0.42525 0.46893799999999997
19 0.331078 0.6673749999999999 0.336641 0.663312 0.337156 0.657917 0.337656 0.653854 0.337656 0.647104 0.331078 0.6423749999999999 0.31789100000000003 0.643042 0.313328 0.650479 0.322453 0.664667 0.331078 0.6673749999999999
19 0.301344 0.656521 0.299328 0.669333 0.274547 0.689562 0.30032800000000004 0.691583 0.33623400000000003 0.6706869999999999 0.355953 0.657875 0.368594 0.647083 0.368078 0.641687 0.35493800000000003 0.6410210000000001 0.33775 0.6349579999999999 0.335719 0.643042 0.338766 0.650458 0.334203 0.666625 0.321563 0.6659579999999999 0.320047 0.6652920000000001 0.314484 0.655167 0.301344 0.656521
50 0.9583280000000001 0 0.951328 0.0145417 0.9337030000000001 0.051812500000000004 0.9210470000000001 0.0620208 0.90075 0.082875 0.8920939999999999 0.09575 0.8824529999999999 0.10993800000000001 0.8684689999999999 0.12104200000000001 0.8581559999999999 0.13656300000000002 0.8581559999999999 0.145 0.8707969999999999 0.136125 0.876125 0.141896 0.880781 0.146333 0.887109 0.135229 0.891766 0.13122899999999998 0.902078 0.132125 0.917719 0.129021 0.927375 0.119708 0.9586560000000001 0.082875 0.9772970000000001 0.0762083 1 0.043375000000000004 1 0 0.9583280000000001 0
14 0.7062809999999999 0.503354 0.726562 0.566812 0.8670159999999999 0.5688960000000001 0.877938 0.55225 0.881062 0.5002289999999999 0.870922 0.5002289999999999 0.872469 0.516875 0.854531 0.535604 0.8350160000000001 0.537687 0.8342499999999999 0.507521 0.864672 0.451333 0.8740309999999999 0.43572900000000003 0.8654529999999999 0.42325 0.703156 0.42116699999999996 0.7062809999999999 0.503354
14 0.291687 0.7471669999999999 0.300203 0.753646 0.33667199999999997 0.735 0.351875 0.720417 0.38775 0.6190829999999999 0.375594 0.599646 0.357344 0.585854 0.342156 0.582604 0.319656 0.591521 0.260078 0.630437 0.239406 0.655563 0.239406 0.675833 0.244266 0.6815 0.273453 0.715563 0.291687 0.7471669999999999
14 0.401656 0.618104 0.466078 0.628833 0.5399689999999999 0.643354 0.538078 0.6679999999999999 0.555125 0.632 0.555125 0.608625 0.5627030000000001 0.520833 0.562234 0.507563 0.435766 0.49052100000000004 0.401656 0.612417 0.401656 0.618104
14 0.670063 0.539458 0.570969 0.530104 0.563172 0.532187 0.555375 0.631021 0.559266 0.634146 0.592828 0.621646 0.599062 0.6226870000000001 0.609203 0.629979 0.618578 0.635188 0.633391 0.645583 0.680219 0.599813 0.675531 0.549875 0.670063 0.539458
14 0.836875 0.42020799999999997 0.831297 0.406167 0.826547 0.397062 0.823438 0.39045799999999997 0.709328 0.381083 0.702094 0.394313 0.699828 0.402021 0.7006560000000001 0.405875 0.703547 0.410021 0.704375 0.421875 0.836875 0.42020799999999997
1 0.176313 0.608604 0.187328 0.599271 0.204344 0.592583 0.222375 0.595271 0.23439100000000002 0.595271 0.251406 0.5939169999999999 0.261422 0.5658960000000001 0.248406 0.547187 0.21635900000000002 0.535167 0.195328 0.536521 0.194328 0.547187 0.155281 0.5485209999999999 0.13725 0.5632079999999999 0.121234 0.588583 0.125234 0.597938 0.167297 0.6166250000000001 0.176313 0.608604
55 0.533047 0.823542 0.606625 0.8406669999999999 0.607125 0.805771 0.631812 0.776792 0.631812 0.770208 0.626875 0.7682289999999999 0.614531 0.7721870000000001 0.594781 0.780083 0.562188 0.789958 0.533047 0.793917 0.533047 0.823542
55 0.684656 0.82325 0.679234 0.822729 0.657156 0.826333 0.629672 0.826333 0.605672 0.830458 0.597922 0.8428540000000001 0.607219 0.8598960000000001 0.652906 0.9316460000000001 0.673422 0.947146 0.676906 0.929063 0.684266 0.833562 0.684656 0.82325
55 0.765906 0.898083 0.774219 0.890687 0.783453 0.8832920000000001 0.7788280000000001 0.8204790000000001 0.768672 0.8007500000000001 0.762203 0.797062 0.757578 0.798292 0.722484 0.815542 0.680906 0.830333 0.674438 0.952271 0.677203 0.9584379999999999 0.740031 0.925167 0.765906 0.898083
55 0.608953 0.827292 0.631812 0.826646 0.65225 0.824063 0.677063 0.821458 0.678516 0.781896 0.675109 0.779292 0.6327969999999999 0.778 0.608469 0.8071870000000001 0.608469 0.827292 0.608953 0.827292
27 0.841562 0.623375 0.841562 0.587021 0.859094 0.42856299999999997 0.8123440000000001 0.348042 0.664281 0.218188 0.529875 0.15843700000000002 0.3 0.184417 0.19870300000000002 0.28570799999999996 0.0974062 0.7558539999999999 0.08765629999999999 0.802604 0.18701600000000002 1 0.781172 0.9973960000000001 0.851297 0.8779170000000001 0.884422 0.75325 0.8785780000000001 0.6961040000000001 0.841562 0.623375
22 0.0788281 0.760563 0.100359 0.6485420000000001 0.0939062 0.613125 0.0680469 0.6006870000000001 0.05154689999999999 0.596854 0.0407656 0.6006870000000001 0.0379063 0.603563 0.03575 0.6495 0.0788281 0.760563
50 0.942859 0.327271 0.9487030000000001 0.345458 0.824031 0.496104 0.837656 0.5506460000000001 0.892203 0.5428540000000001 0.9136409999999999 0.496104 0.981812 0.454542 0.9623440000000001 0.698708 0.8941560000000001 0.9610420000000001 0.903891 0.987021 0.997406 0.987021 0.991563 0.0909167 0.9233750000000001 0.16104200000000002 0.942859 0.327271
22 0.48490599999999995 0.0420208 0.456016 0.034 0.409687 0.0348125 0.369969 0.0420208 0.351328 0.050854199999999995 0.34229699999999996 0.0701042 0.339281 0.113438 0.367563 0.113438 0.368172 0.09577079999999999 0.374781 0.0845417 0.377203 0.0725208 0.382016 0.0604792 0.38742200000000004 0.058875000000000004 0.410891 0.0749167 0.423531 0.07893750000000001 0.436766 0.0749167 0.454812 0.0725208 0.465641 0.0717083 0.46323400000000003 0.0845417 0.470453 0.110208 0.472266 0.12225 0.47948399999999997 0.125458 0.486703 0.134292 0.486703 0.144708 0.50475 0.134292 0.49753100000000006 0.056458299999999996 0.48490599999999995 0.0420208
22 0.163891 0.0945208 0.191109 0.189417 0.18168800000000002 0.105687 0.171219 0.0791667 0.171219 0.0010208291666666666 0.0843437 0.005208329166666667 0.08748439999999999 0.122438 0.0948125 0.13499999999999998 0.12725 0.13499999999999998 0.150281 0.236875 0.15970299999999998 0.236875 0.13981300000000002 0.115458 0.163891 0.0945208
22 0.0031093796875 0.202354 0.0031093796875 0.228625 0.019531200000000002 0.235646 0.0510781 0.358333 0.057656200000000005 0.358333 0.0707969 0.357458 0.0806562 0.350458 0.0714531 0.299625 0.06225000000000001 0.244417 0.0537188 0.215479 0.041218700000000004 0.202354 0.0221719 0.204104 0.0050781296875 0.204979 0.0031093796875 0.202354
26 0.548641 0.743188 0.567734 0.774042 0.610328 0.7725620000000001 0.6231880000000001 0.7603329999999999 0.631625 0.7245830000000001 0.643375 0.6868960000000001 0.643375 0.6599579999999999 0.630156 0.6452709999999999 0.616578 0.638417 0.5879380000000001 0.624229 0.5662659999999999 0.628625 0.546078 0.642833 0.537625 0.656542 0.534687 0.67025 0.536156 0.6844370000000001 0.543875 0.7098960000000001 0.548641 0.743188
55 0.535578 0.821771 0.533875 0.8149580000000001 0.521953 0.8149580000000001 0.511734 0.8376870000000001 0.511734 0.905833 0.518547 0.912667 0.530469 0.92175 0.5407029999999999 0.919479 0.5424059999999999 0.912667 0.552625 0.821771 0.535578 0.821771
55 0.614391 0.45891699999999996 0.608547 0.46670799999999996 0.609047 0.482958 0.6105 0.49333299999999997 0.609047 0.502417 0.608547 0.506313 0.615375 0.511521 0.616828 0.518 0.6265780000000001 0.5238539999999999 0.631922 0.533583 0.633875 0.540083 0.6665 0.5394380000000001 0.679156 0.536833 0.680625 0.523208 0.677219 0.503729 0.6777029999999999 0.49072899999999997 0.676234 0.471271 0.664062 0.462167 0.653844 0.460875 0.643609 0.456333 0.639234 0.455687 0.634359 0.45891699999999996 0.633391 0.45891699999999996 0.631437 0.459583 0.618781 0.45697899999999997 0.614391 0.45891699999999996
55 0.691953 0.827458 0.748328 0.8005 0.745141 0.794125 0.736094 0.794125 0.735031 0.777813 0.68025 0.781354 0.677594 0.821063 0.691953 0.827458
55 0.536031 0.906979 0.546047 0.9285 0.552156 0.936667 0.5543910000000001 0.909208 0.5627340000000001 0.8683960000000001 0.566641 0.8312919999999999 0.564406 0.821646 0.5577340000000001 0.821646 0.546047 0.8275830000000001 0.542141 0.8617290000000001 0.536031 0.906979
55 0.5554840000000001 0.9350210000000001 0.578859 0.947917 0.622391 0.939333 0.649797 0.958667 0.678813 0.958667 0.676391 0.9511459999999999 0.665922 0.945771 0.642547 0.919979 0.624 0.8888130000000001 0.610297 0.8683960000000001 0.599016 0.840458 0.568391 0.834 0.553875 0.9275 0.5554840000000001 0.9350210000000001
47 0.351891 0.555875 0.353375 0.555875 0.35929700000000003 0.554542 0.364734 0.547312 0.371141 0.5466460000000001 0.37410899999999997 0.542708 0.380031 0.533479 0.3835 0.529542 0.385969 0.524271 0.385969 0.517687 0.385969 0.5091249999999999 0.383984 0.5025419999999999 0.381031 0.496604 0.378547 0.49331200000000003 0.368672 0.48804200000000003 0.357812 0.485417 0.352375 0.48804200000000003 0.34053100000000003 0.495292 0.335594 0.505833 0.338562 0.530188 0.3435 0.538083 0.349422 0.55125 0.351891 0.555875