50 0.5167029999999999 0.416425 0.520563 0.41724300000000003 0.523328 0.41806099999999996 0.523328 0.416425 0.5216719999999999 0.408972 0.5177970000000001 0.40154199999999995 0.51725 0.399883 0.5227809999999999 0.399883 0.525531 0.399883 0.529953 0.399883 0.534938 0.398224 0.539906 0.392453 0.536594 0.376752 0.529406 0.350304 0.5266409999999999 0.33789699999999995 0.528297 0.32965 0.5327189999999999 0.323037 0.534938 0.315584 0.536047 0.31310699999999997 0.536047 0.29988299999999996 0.527203 0.290794 0.523875 0.289977 0.515031 0.289977 0.515031 0.283364 0.5050939999999999 0.283364 0.5012190000000001 0.291636 0.505641 0.302383 0.49459400000000003 0.31310699999999997 0.487406 0.31310699999999997 0.478562 0.318902 0.476359 0.32137899999999997 0.471938 0.327173 0.466953 0.337079 0.467516 0.34616800000000003 0.469719 0.36352799999999996 0.47525000000000006 0.370958 0.47801600000000005 0.375093 0.48187499999999994 0.37841100000000005 0.485203 0.381706 0.48685900000000004 0.385 0.484641 0.39740699999999995 0.503984 0.408972 0.5167029999999999 0.416425
60 0.548547 0.419673 0.563219 0.42161200000000004 0.574875 0.42352799999999996 0.580063 0.406752 0.572281 0.40612100000000007 0.559766 0.404182 0.542938 0.400958 0.514453 0.394509 0.512297 0.406752 0.517484 0.411916 0.531719 0.414509 0.548547 0.419673
60 0.487266 0.406752 0.484687 0.400304 0.48770299999999994 0.391262 0.483391 0.391262 0.454469 0.38481299999999996 0.439797 0.383528 0.4350470000000001 0.391916 0.435906 0.39579400000000003 0.452313 0.401589 0.48425 0.411285 0.527406 0.427407 0.550703 0.440958 0.565813 0.444182 0.574875 0.435164 0.568406 0.428061 0.558484 0.426776 0.545969 0.426776 0.513156 0.4138549999999999 0.501938 0.40612100000000007 0.487266 0.406752
50 0.823563 0.456449 0.823766 0.45979 0.825609 0.465584 0.829063 0.469229 0.835172 0.46771 0.8349690000000001 0.456449 0.8321249999999999 0.453411 0.827437 0.44913600000000004 0.8241720000000001 0.45278 0.823563 0.456449
50 0.545563 0.551963 0.5490160000000001 0.551659 0.550656 0.548925 0.549438 0.541308 0.546172 0.542523 0.546172 0.548925 0.545563 0.551963
50 0.537953 0.553037 0.538625 0.559065 0.540297 0.56257 0.546 0.565093 0.545328 0.5726169999999999 0.547687 0.5736209999999999 0.546 0.5500229999999999 0.542312 0.548528 0.543984 0.544509 0.540969 0.5414950000000001 0.5399689999999999 0.544019 0.5399689999999999 0.545514 0.540641 0.548528 0.537953 0.553037
50 0.501437 0.567804 0.49993699999999996 0.562477 0.499375 0.5599299999999999 0.49881200000000003 0.556285 0.497312 0.554042 0.49524999999999997 0.553481 0.49524999999999997 0.556846 0.495062 0.563598 0.49712500000000004 0.56472 0.49974999999999997 0.5694859999999999 0.501625 0.568925 0.501437 0.567804
50 0.15234399999999998 0.746519 0.154938 0.744299 0.155688 0.739836 0.153953 0.735771 0.152219 0.7294630000000001 0.15679700000000002 0.728738 0.15679700000000002 0.726121 0.153453 0.726121 0.15370299999999998 0.723902 0.15382800000000002 0.719463 0.15146900000000002 0.7178039999999999 0.150484 0.719463 0.150484 0.723528 0.148 0.726121 0.14925 0.734112 0.150234 0.738178 0.14973399999999998 0.7457710000000001 0.15234399999999998 0.7457710000000001 0.15234399999999998 0.746519
50 0.389437 0.588645 0.386109 0.590748 0.386281 0.596238 0.388031 0.598575 0.386281 0.603808 0.387859 0.6053740000000001 0.386984 0.60722 0.384359 0.608248 0.386984 0.611402 0.38890600000000003 0.6092989999999999 0.392922 0.6092989999999999 0.391703 0.588645 0.389437 0.588645
50 0.40654700000000005 0.618061 0.40546899999999997 0.617804 0.40439100000000006 0.6201639999999999 0.402234 0.62215 0.40207800000000005 0.628341 0.403313 0.63243 0.40365599999999996 0.634299 0.402734 0.6365190000000001 0.403062 0.638248 0.407547 0.636893 0.40779699999999997 0.635023 0.407703 0.6293219999999999 0.40571900000000005 0.627103 0.40679699999999996 0.6251169999999999 0.40679699999999996 0.619042 0.40654700000000005 0.618061
50 0.15390600000000002 0.805701 0.159312 0.809439 0.166828 0.809439 0.165766 0.805257 0.163469 0.803294 0.16312500000000002 0.798154 0.16306199999999998 0.7959350000000001 0.16203099999999998 0.7932939999999999 0.161 0.792196 0.16195299999999999 0.788458 0.161656 0.785257 0.159891 0.783715 0.15679700000000002 0.786028 0.1565 0.788902 0.15643800000000002 0.7904439999999999 0.155688 0.792079 0.15562499999999999 0.79229 0.155359 0.801752 0.15390600000000002 0.805701
50 0.149141 0.774486 0.147969 0.7752340000000001 0.146953 0.778528 0.146953 0.78257 0.145594 0.78486 0.142375 0.7851170000000001 0.14204699999999998 0.7881539999999999 0.143063 0.793972 0.143219 0.794463 0.142203 0.7952340000000001 0.14068799999999998 0.800537 0.143734 0.8040889999999999 0.148812 0.80535 0.152703 0.803061 0.153547 0.796238 0.154562 0.7924530000000001 0.155062 0.7896730000000001 0.153891 0.783855 0.152359 0.782079 0.151172 0.7803039999999999 0.150672 0.779533 0.150672 0.7752340000000001 0.149141 0.774486
50 0.531375 0.549065 0.530953 0.546869 0.528656 0.5475 0.527609 0.552804 0.525531 0.556869 0.534297 0.558738 0.531375 0.551238 0.531375 0.549065
50 0.535344 0.577173 0.537641 0.57528 0.538047 0.567173 0.534719 0.566869 0.533453 0.568738 0.535344 0.577173