76 0.297687 0.22555 0.305172 0.272646 0.326109 0.29058500000000004 0.323125 0.418384 0.336578 0.42063199999999995 0.42932800000000004 0.38025800000000004 0.421859 0.19191999999999998 0.302172 0.221077 0.297687 0.22555
22 0.655703 0.544075 0.6427970000000001 0.54623 0.6614530000000001 0.5956910000000001 0.627016 0.608595 0.606922 0.6774239999999999 0.612672 0.713981 0.685844 0.787096 0.618406 0.7785009999999999 0.573922 0.8774240000000001 0.591141 0.9655969999999999 0.839359 0.950539 0.850844 0.9096719999999999 0.769062 0.804309 0.7561410000000001 0.782787 0.852281 0.787096 0.893891 0.6430210000000001 0.967062 0.38494100000000003 0.948406 0.352693 0.9010619999999999 0.316136 0.8695 0.324731 0.832188 0.354848 0.8264530000000001 0.423653 0.7805310000000001 0.503232 0.7475310000000001 0.507518 0.685844 0.526885 0.652844 0.54623 0.655703 0.544075
45 0.292937 0.675925 0.300156 0.671874 0.303219 0.6675639999999999 0.302859 0.6602809999999999 0.29906299999999997 0.649204 0.289703 0.6389229999999999 0.28393799999999997 0.6337940000000001 0.276547 0.6311009999999999 0.261953 0.629742 0.250953 0.643794 0.254391 0.65459 0.261953 0.66918 0.27149999999999996 0.671874 0.270953 0.671335 0.283219 0.677002 0.292937 0.675925
39 0.42846900000000004 0.504543 0.48779700000000004 0.462506 0.48779700000000004 0.455293 0.45571900000000004 0.432459 0.386781 0.47452 0.42846900000000004 0.504543
39 0.584328 0.417049 0.592953 0.420749 0.598812 0.420749 0.607125 0.420749 0.613594 0.422131 0.619141 0.423981 0.625906 0.427213 0.638234 0.425808 0.650859 0.419344 0.65825 0.413817 0.668422 0.40967200000000004 0.6733439999999999 0.405972 0.677656 0.405504 0.6819689999999999 0.405504 0.6862809999999999 0.403208 0.686594 0.398571 0.6862809999999999 0.39489499999999994 0.674891 0.387963 0.6641090000000001 0.38241200000000003 0.661641 0.37826699999999996 0.65425 0.37550399999999995 0.6431560000000001 0.37089000000000005 0.632688 0.37089000000000005 0.623453 0.37227200000000005 0.613594 0.373653 0.5966560000000001 0.378735 0.587109 0.384262 0.574172 0.391194 0.5683119999999999 0.39674499999999996 0.569234 0.400422 0.576937 0.413349 0.584328 0.417049
12 0.23271899999999998 0.337377 0.23271899999999998 0.348337 0.250766 0.348337 0.27417199999999997 0.5113110000000001 0.285375 0.510585 0.272219 0.337377 0.245391 0.338103 0.23271899999999998 0.337377
12 0.116641 0.6080329999999999 0.12998400000000002 0.602225 0.136016 0.6003040000000001 0.137313 0.6003040000000001 0.12009399999999999 0.41702599999999995 0.0606719 0.39185000000000003 0.0481875 0.39637 0.0507656 0.426066 0.0765938 0.630632 0.116641 0.6080329999999999
12 0.540484 0.365995 0.543031 0.366838 0.543891 0.366417 0.544453 0.363864 0.542188 0.278712 0.5385 0.280422 0.537922 0.283396 0.540484 0.365995
12 0.23148399999999997 0.37070299999999995 0.26078100000000004 0.516112 0.2725 0.509274 0.24906299999999998 0.358009 0.232781 0.350211 0.23148399999999997 0.37070299999999995
26 0.322594 0.445574 0.32189100000000004 0.464707 0.330391 0.474262 0.336078 0.48170999999999997 0.336078 0.49871200000000004 0.336078 0.505105 0.347422 0.507213 0.359469 0.50829 0.36089099999999996 0.504028 0.36160899999999996 0.423255 0.358063 0.420047 0.348125 0.414731 0.326844 0.42430900000000005 0.329688 0.442389 0.322594 0.445574
12 0.512375 0.38248200000000004 0.517109 0.381194 0.5153909999999999 0.301171 0.507641 0.30377 0.5085 0.339906 0.508922 0.35473099999999996 0.509781 0.374098 0.512375 0.38248200000000004
12 0.559844 0.354988 0.564578 0.355527 0.563859 0.27756400000000003 0.5580309999999999 0.278126 0.559844 0.354988
76 0.0719375 0.26135800000000003 0.060312500000000005 0.17173300000000002 0 0.178946 0.000515625 0.246323 0.0009062499999999999 0.248126 0.0029218703125 0.277588 0.0719375 0.26135800000000003
39 0.144203 0.884122 0.192859 0.9856670000000001 0.227609 0.9882899999999999 0.429156 0.980468 0.361391 0.9257850000000001 0.239766 0.7981729999999999 0.132047 0.868501 0.144203 0.884122
12 0.523438 0.28641700000000003 0.515281 0.287049 0.518719 0.37569100000000005 0.52 0.37761100000000003 0.525141 0.375035 0.523438 0.28641700000000003
12 0.031625 0.6618269999999999 0.11368799999999998 0.7390869999999999 0.22942200000000001 0.6665570000000001 0.147359 0.594028 0.0432031 0.655527 0.031625 0.6618269999999999