76 0.44071899999999997 0.309294 0.533031 0.31828199999999995 0.5360159999999999 0.21962399999999999 0.43775000000000003 0.215129 0.44071899999999997 0.309294
24 0.00571875 0.987106 0.259906 0.984941 0.34131300000000003 0.729035 0.33275 0.709671 0.309891 0.6752710000000001 0.172797 0.709671 0.15995299999999998 0.722588 0.161375 0.705365 0.0928281 0.524729 0.0656875 0.47957599999999995 0.00428125 0.513976 0.00571875 0.987106
24 0.777828 0.989506 0.9996560000000001 0.989506 0.9982340000000001 0.522682 0.9385 0.486282 0.927125 0.486282 0.918594 0.49484700000000004 0.911484 0.509835 0.887312 0.569788 0.8474999999999999 0.691859 0.696766 0.659741 0.686813 0.661882 0.671172 0.689718 0.66975 0.713271 0.774984 0.987365 0.777828 0.989506
16 0.988609 0.984729 1 0.0117412 0.0029843796874999997 0.002729409411764706 0.0044843796875 0.9824710000000001 0.988609 0.984729
22 0.0012343796875 0.534635 0.0012343796875 0.999741 0.253469 1 0.340984 0.741365 0.322109 0.6844939999999999 0.162531 0.6844939999999999 0.0681563 0.48037599999999997 0 0.534635 0.0012343796875 0.534635
22 0.774125 0.511882 0.780875 0.467788 0.777875 0.44856499999999994 0.771125 0.442894 0.741844 0.441765 0.668266 0.441765 0.664516 0.522047 0.774125 0.511882
22 0.551891 0.535624 0.542125 0.539012 0.533875 0.553694 0.537625 0.601176 0.542875 0.623788 0.588688 0.622659 0.601438 0.5944 0.617203 0.540141 0.622469 0.525435 0.632969 0.5164 0.651 0.515271 0.65475 0.436118 0.579672 0.438376 0.551891 0.535624
22 0.536219 0.548118 0.541172 0.538424 0.552063 0.5332 0.572875 0.453388 0.577828 0.442188 0.710078 0.442188 0.711062 0.413859 0.7026410000000001 0.40042400000000006 0.5585 0.398188 0.550578 0.414588 0.536719 0.486941 0.531766 0.48470599999999997 0.5258130000000001 0.491412 0.521859 0.5078349999999999 0.522844 0.527976 0.527297 0.546612 0.534734 0.551835 0.536219 0.548118
22 0.384422 0.377835 0.320109 0.374235 0.312125 0.381459 0.314922 0.389271 0.384828 0.391671 0.385219 0.379647 0.384422 0.377835
22 0.43475 0.377835 0.396797 0.382047 0.395203 0.386259 0.395203 0.392282 0.442344 0.391671 0.43475 0.377835
22 0.27425 0.439529 0.351219 0.440282 0.412797 0.437294 0.41578099999999996 0.444024 0.43514099999999994 0.5300239999999999 0.439609 0.537506 0.4575 0.548729 0.457984 0.5442349999999999 0.46096899999999996 0.48738800000000004 0.447562 0.483647 0.43514099999999994 0.41635300000000003 0.42868700000000004 0.403647 0.386969 0.392424 0.308516 0.389435 0.303547 0.387176 0.27425 0.39390600000000003 0.269766 0.39764700000000003 0.268781 0.43654099999999996 0.27425 0.439529
22 0.359516 0.516706 0.37251599999999996 0.5188940000000001 0.391281 0.530847 0.41078099999999995 0.616753 0.41367200000000004 0.623271 0.43099999999999994 0.624376 0.444719 0.6363289999999999 0.44689100000000004 0.624376 0.454109 0.544988 0.452656 0.538471 0.438938 0.5352 0.412219 0.437341 0.204984 0.436259 0.201375 0.443859 0.197047 0.46235299999999996 0.195609 0.497153 0.199937 0.5243289999999999 0.359516 0.516706
22 0.682875 0.667271 0.665109 0.7097180000000001 0.78 0.9975529999999999 0.998297 1 0.999328 0.9047529999999999 0.999328 0.519412 0.931453 0.483247 0.910562 0.503694 0.827 0.681412 0.688094 0.6656939999999999 0.682875 0.667271
22 0.584719 0.662776 0.593344 0.621224 0.564016 0.6264000000000001 0.5450470000000001 0.6757650000000001 0.569203 0.771859 0.689937 0.7666590000000001 0.665781 0.709529 0.688203 0.662776 0.836547 0.6757650000000001 0.884844 0.5562819999999999 0.908984 0.514729 0.626109 0.527694 0.584719 0.662776
22 0.16935899999999998 0.6877880000000001 0.320813 0.689247 0.341906 0.744094 0.329437 0.7845179999999999 0.363953 0.764306 0.368734 0.8205880000000001 0.407078 0.814824 0.41092199999999995 0.771529 0.4205 0.772965 0.435844 0.768635 0.44542200000000004 0.709435 0.448297 0.6531530000000001 0.44351599999999997 0.634376 0.435844 0.630047 0.40995299999999996 0.6242819999999999 0.386953 0.530447 0.365859 0.5217879999999999 0.08787500000000001 0.5217879999999999 0.16935899999999998 0.6877880000000001
24 0.36428099999999997 0.768188 0.366438 0.820188 0.37292200000000003 0.826682 0.398813 0.795812 0.39449999999999996 0.771435 0.440906 0.768188 0.44629700000000005 0.7438119999999999 0.451687 0.631694 0.41176599999999997 0.621929 0.396656 0.552071 0.374 0.522824 0.0847969 0.522824 0.165734 0.711318 0.31140599999999996 0.673929 0.338391 0.7373179999999999 0.326516 0.7698119999999999 0.36428099999999997 0.768188