13 0.465141 0.653292 0.46362500000000006 0.745292 0.469672 0.7473120000000001 0.493797 0.748313 0.491156 0.660833 0.488141 0.64725 0.482484 0.635687 0.481359 0.611042 0.48021900000000006 0.592438 0.476828 0.588917 0.47532800000000003 0.589917 0.471547 0.590938 0.472297 0.634167 0.465141 0.653292
13 0.08795309999999999 0.584229 0.08795309999999999 0.597125 0.0840781 0.606812 0.0777812 0.616479 0.0729531 0.6345620000000001 0.0744062 0.666813 0.07584379999999999 0.699083 0.0806875 0.716521 0.0840781 0.735229 0.08698439999999999 0.734583 0.0966562 0.7216670000000001 0.109734 0.705542 0.122313 0.700375 0.118438 0.68425 0.118438 0.6487499999999999 0.1165 0.622292 0.10682799999999999 0.610042 0.100531 0.5977709999999999 0.101016 0.5829369999999999 0.09425 0.5829369999999999 0.0884375 0.584854 0.08795309999999999 0.584229
13 0.237469 0.538479 0.237047 0.525417 0.23532799999999998 0.521437 0.23532799999999998 0.517458 0.236187 0.511771 0.22937500000000002 0.511208 0.228938 0.518583 0.227234 0.529958 0.227234 0.5418959999999999 0.223406 0.5481459999999999 0.22296900000000003 0.580542 0.234484 0.586208 0.234906 0.594167 0.245141 0.5936039999999999 0.241297 0.544729 0.237469 0.538479
13 0.49579700000000004 0.726812 0.497578 0.760042 0.516563 0.758458 0.513 0.709417 0.5094369999999999 0.673833 0.498172 0.6769999999999999 0.498766 0.679354 0.499953 0.718125 0.49579700000000004 0.726812
13 0.1515 0.494104 0.151109 0.461688 0.149938 0.44337499999999996 0.14601599999999998 0.432917 0.145234 0.417229 0.143266 0.40991700000000003 0.14053100000000002 0.407292 0.13503099999999998 0.407292 0.13425 0.41252099999999997 0.132281 0.43447899999999995 0.127969 0.44389599999999996 0.126016 0.45697899999999997 0.126406 0.46900000000000003 0.126406 0.481542 0.127188 0.489917 0.131109 0.494625 0.14404699999999998 0.496708 0.1515 0.494104
13 0.8366720000000001 0.69825 0.8390000000000001 0.7018540000000001 0.840359 0.702125 0.8413280000000001 0.701604 0.845969 0.7000620000000001 0.846156 0.7070209999999999 0.851578 0.7106250000000001 0.8604689999999999 0.7126870000000001 0.864531 0.711917 0.867047 0.70625 0.8701409999999999 0.699021 0.8691720000000001 0.6951459999999999 0.8691720000000001 0.6923119999999999 0.8685940000000001 0.6876669999999999 0.868203 0.68225 0.8616250000000001 0.675292 0.858922 0.673229 0.84925 0.6631870000000001 0.839391 0.651833 0.8355159999999999 0.6523540000000001 0.8291410000000001 0.658792 0.823719 0.667563 0.821406 0.674521 0.8221719999999999 0.683813 0.8366720000000001 0.69825
22 0.9848750000000001 0.891458 0.9735469999999999 0.930354 0.879594 0.938979 0.7937339999999999 0.9497920000000001 0.8083130000000001 0.988667 0.978406 0.984333 0.9978440000000001 0.757563 0.9848750000000001 0.822354 0.9848750000000001 0.891458
22 0.549141 0.988667 0.549141 0.889313 0.541031 0.889313 0.532937 0.945458 0.531313 0.9864999999999999 0.469766 0.977854 0.47462499999999996 0.8785000000000001 0.33854700000000004 0.8569169999999999 0.328828 0.848271 0.309391 0.852583 0.330453 0.9864999999999999 0.549141 0.988667
27 0.596469 0.811917 0.5364690000000001 0.828396 0.524125 0.809562 0.525875 0.778979 0.5364690000000001 0.75075 0.54 0.736625 0.54 0.684854 0.517062 0.687208 0.46587500000000004 0.687208 0.42706299999999997 0.684854 0.400594 0.691917 0.33706200000000003 0.7178129999999999 0.301766 0.7178129999999999 0.24529700000000002 0.708396 0.21176599999999998 0.720167 0.21176599999999998 0.75075 0.195875 0.771917 0.144703 0.783687 0.132359 0.753104 0.11823399999999999 0.767208 0.09 0.7766249999999999 0.0776406 0.764854 0.0352969 0.75075 0 0.7413329999999999 0.0123594 0.8354579999999999 0.617641 0.866042 0.596469 0.811917
50 0.533031 0.49877099999999996 0.568828 0.541729 0.552125 0.595854 0.538984 0.649979 0.544969 0.688187 0.558094 0.694542 0.585547 0.645188 0.62375 0.557646 0.627344 0.501958 0.609422 0.422354 0.598688 0.387333 0.597484 0.339583 0.585547 0.32047899999999996 0.558094 0.325271 0.554516 0.34437500000000004 0.543766 0.377792 0.543766 0.398479 0.553312 0.417563 0.535422 0.446229 0.5294380000000001 0.500354 0.533031 0.49877099999999996
50 0.410813 0.690604 0.45993700000000004 0.6865 0.46504700000000004 0.648312 0.471187 0.634667 0.47015599999999996 0.591 0.48448399999999997 0.589646 0.48448399999999997 0.6319370000000001 0.49574999999999997 0.6537710000000001 0.493703 0.691958 0.49881200000000003 0.6933330000000001 0.49982800000000005 0.6796880000000001 0.515188 0.6755829999999999 0.513141 0.706958 0.542812 0.6865 0.5417810000000001 0.6824169999999999 0.5417810000000001 0.648312 0.552016 0.6196459999999999 0.566344 0.544625 0.526438 0.487312 0.516203 0.466854 0.490625 0.461396 0.48346900000000004 0.430021 0.473234 0.39045799999999997 0.456859 0.365896 0.427187 0.36727099999999996 0.40570300000000004 0.4 0.40876599999999996 0.434125 0.388313 0.4805 0.386266 0.530979 0.383188 0.5719169999999999 0.410813 0.601917 0.410813 0.659229 0.404672 0.691958 0.410813 0.690604
50 0.9977499999999999 0.770792 0.996063 0.532583 0.975844 0.5011249999999999 0.943812 0.5011249999999999 0.926969 0.507875 0.9067339999999999 0.5415829999999999 0.898312 0.5752710000000001 0.896625 0.591021 0.869656 0.626958 0.8224690000000001 0.6921250000000001 0.803937 0.728083 0.815734 0.739333 0.832578 0.6966249999999999 0.8780939999999999 0.6876460000000001 0.8898910000000001 0.685396 0.910109 0.689896 0.9337030000000001 0.703375 0.9455 0.7460629999999999 0.9235939999999999 0.7595419999999999 0.830906 0.788771 0.817422 0.8112290000000001 0.8275309999999999 0.853938 0.776969 0.853938 0.741578 0.853938 0.744938 0.937083 0.7634839999999999 0.9820209999999999 0.792141 0.973042 0.8022500000000001 0.9550630000000001 0.825844 0.943812 0.9775309999999999 0.946063 0.985953 0.9280830000000001 0.979219 0.826958 0.9977499999999999 0.770792
50 0.310109 0.723062 0.314391 0.7040209999999999 0.342922 0.677396 0.342922 0.6602709999999999 0.3415 0.527062 0.328656 0.38625000000000004 0.28870300000000004 0.353917 0.263016 0.35962500000000003 0.260156 0.41860400000000003 0.245891 0.4205 0.21590600000000001 0.430021 0.21734399999999998 0.44525 0.22732800000000003 0.450958 0.23875000000000002 0.44143699999999997 0.258734 0.431917 0.261578 0.45666700000000005 0.22162500000000002 0.52325 0.230187 0.555604 0.250172 0.5613119999999999 0.263016 0.536583 0.263016 0.563229 0.257297 0.705937 0.310109 0.723062
50 0.649016 0.485437 0.602859 0.6084999999999999 0.573125 0.6508959999999999 0.561844 0.691917 0.5341560000000001 0.763 0.531078 0.787625 0.529031 0.8327500000000001 0.5669690000000001 0.831375 0.603891 0.797187 0.598766 0.921625 0.602859 0.98725 0.601844 0.995458 0.757719 0.9968330000000001 0.757719 0.947604 0.753609 0.865563 0.7495160000000001 0.787625 0.760797 0.820438 0.7977190000000001 0.8559789999999999 0.8284840000000001 0.8505210000000001 0.832578 0.823167 0.826422 0.795833 0.811047 0.773958 0.7977190000000001 0.7383959999999999 0.7761720000000001 0.687812 0.754641 0.657729 0.7474689999999999 0.594833 0.7495160000000001 0.560646 0.7495160000000001 0.531938 0.7361869999999999 0.47312499999999996 0.689016 0.443062 0.694141 0.45125 0.673625 0.449896 0.649016 0.485437
53 0.724719 0.343438 0.7179840000000001 0.383896 0.7045 0.39737500000000003 0.701125 0.453563 0.7129220000000001 0.453563 0.739891 0.50075 0.751687 0.5793959999999999 0.75 0.624354 0.768547 0.676021 0.792141 0.736708 0.8292189999999999 0.6984999999999999 0.824156 0.6782710000000001 0.8342660000000001 0.6535620000000001 0.8545 0.669292 0.8780939999999999 0.613104 0.896625 0.604125 0.9151719999999999 0.5546880000000001 0.918547 0.332208 0.746625 0.332208 0.723031 0.338958 0.724719 0.343438
26 0.385969 0.747667 0.38839100000000004 0.748958 0.40920300000000004 0.7496039999999999 0.415984 0.7450829999999999 0.41550000000000004 0.6947500000000001 0.41307799999999995 0.6928129999999999 0.406297 0.6889369999999999 0.39904700000000004 0.6889369999999999 0.39081299999999997 0.690229 0.385484 0.693458 0.385969 0.747667
26 0.328187 0.734812 0.3435 0.736167 0.358812 0.7320829999999999 0.361875 0.681729 0.346562 0.6722079999999999 0.325125 0.680375 0.32001599999999997 0.7252919999999999 0.328187 0.734812
13 0.372625 0.5658329999999999 0.380141 0.561417 0.380359 0.522208 0.374609 0.5216040000000001 0.376609 0.510417 0.374609 0.510417 0.373953 0.500375 0.36621899999999996 0.4995 0.365547 0.503042 0.370641 0.503625 0.369969 0.509521 0.368203 0.511 0.369531 0.520437 0.366875 0.5216040000000001 0.366875 0.560813 0.372625 0.5658329999999999
79 0.684625 0.28010399999999996 0.687891 0.290271 0.6887030000000001 0.293896 0.689516 0.310958 0.687078 0.315312 0.6965939999999999 0.313854 0.693063 0.308417 0.692797 0.29170799999999997 0.697141 0.28518699999999997 0.6993280000000001 0.27283300000000005 0.6985 0.2605 0.697969 0.256875 0.683812 0.257958 0.682719 0.27066700000000005 0.684625 0.28010399999999996
79 0.661281 0.28739600000000004 0.661797 0.309062 0.65925 0.31381200000000004 0.670937 0.315833 0.670937 0.311104 0.670937 0.309729 0.6694060000000001 0.29145800000000005 0.676016 0.278583 0.677531 0.263687 0.677531 0.260979 0.667891 0.256917 0.656719 0.25893700000000003 0.655188 0.261646 0.655188 0.283333 0.661281 0.28739600000000004
26 0.5556409999999999 0.7097289999999999 0.5556409999999999 0.7078749999999999 0.55425 0.700479 0.552859 0.688917 0.550437 0.6866040000000001 0.534125 0.691688 0.522672 0.700479 0.518516 0.708333 0.512609 0.733333 0.5178130000000001 0.792563 0.5230159999999999 0.8004169999999999 0.529969 0.7995 0.532391 0.7685 0.536562 0.7597079999999999 0.544891 0.739333 0.555297 0.709271 0.5556409999999999 0.7097289999999999
14 0.228984 0.46997900000000004 0.23573400000000003 0.46725 0.23779699999999998 0.465292 0.234563 0.46137500000000004 0.239562 0.45706199999999997 0.24337499999999998 0.451583 0.23926599999999998 0.447667 0.2325 0.444917 0.22692199999999998 0.448833 0.220453 0.448833 0.21604700000000002 0.445708 0.219578 0.43864600000000004 0.214281 0.437083 0.204594 0.437083 0.201359 0.439438 0.20223399999999997 0.446875 0.207234 0.45862499999999995 0.21223399999999998 0.468021 0.214578 0.469208 0.215469 0.470375 0.222516 0.470375 0.228984 0.46997900000000004
14 0.307641 0.7753960000000001 0.319266 0.7753960000000001 0.330875 0.772292 0.330219 0.7696459999999999 0.330875 0.764771 0.33553099999999997 0.760792 0.34084400000000004 0.7559170000000001 0.3445 0.7475 0.343172 0.736875 0.336531 0.7324369999999999 0.320594 0.7337710000000001 0.30165600000000004 0.732 0.29832800000000004 0.7399789999999999 0.295016 0.752375 0.29700000000000004 0.766542 0.304641 0.773188 0.304641 0.774521 0.307641 0.7753960000000001
43 0.0817031 0.49795799999999996 0.0809688 0.59675 0.0861094 0.590875 0.0890469 0.5820620000000001 0.0993125 0.581083 0.10151600000000001 0.599688 0.135266 0.597729 0.134531 0.5762079999999999 0.153594 0.569354 0.155062 0.5625 0.174875 0.5625 0.177078 0.568375 0.194687 0.578167 0.196141 0.605542 0.213016 0.5762079999999999 0.210094 0.493062 0.177078 0.507729 0.0875781 0.505771 0.0817031 0.49795799999999996
48 0.0757656 0.581729 0.0700937 0.53725 0.0651562 0.535896 0.022125 0.562229 0.0220469 0.563042 0.0237188 0.6546870000000001 0.0700937 0.666687 0.0720937 0.662687 0.0720937 0.65825 0.0730937 0.633333 0.0767656 0.6195420000000001 0.0807656 0.612417 0.0777656 0.607521 0.0757656 0.598625 0.0757656 0.581729
48 0.189625 0.677854 0.187734 0.696 0.196047 0.718667 0.24859400000000004 0.718667 0.24971899999999997 0.709604 0.247078 0.672812 0.242922 0.638042 0.23725000000000002 0.616875 0.239141 0.615375 0.239516 0.615375 0.243297 0.606792 0.20587499999999997 0.594708 0.200594 0.593688 0.197188 0.59975 0.194156 0.610333 0.194156 0.621417 0.194156 0.634021 0.193781 0.649625 0.189625 0.677854
58 0.344781 0.5768540000000001 0.34575 0.578125 0.389594 0.580688 0.394391 0.579417 0.392469 0.572167 0.387672 0.578562 0.380641 0.577271 0.383828 0.5708749999999999 0.382547 0.56575 0.38287499999999997 0.561917 0.351187 0.5610630000000001 0.348312 0.56575 0.34895299999999996 0.56575 0.34382799999999997 0.575146 0.344781 0.5768540000000001
50 0.866141 0.790604 0.875812 0.782604 0.883813 0.7750419999999999 0.890484 0.7679170000000001 0.9025000000000001 0.771937 0.9151719999999999 0.7714789999999999 0.930531 0.765708 0.9375310000000001 0.759917 0.9418749999999999 0.750583 0.9428750000000001 0.731 0.937203 0.7092080000000001 0.9298590000000001 0.696313 0.912844 0.68475 0.8914839999999999 0.676292 0.882484 0.678958 0.875141 0.686083 0.8708130000000001 0.6931879999999999 0.8694689999999999 0.700313 0.865141 0.707437 0.862125 0.712313 0.864797 0.714542 0.866141 0.718542 0.864469 0.7265619999999999 0.8617969999999999 0.727896 0.8574529999999999 0.727896 0.864797 0.731 0.864797 0.735458 0.8574529999999999 0.738563 0.8494529999999999 0.737687 0.8437810000000001 0.7314579999999999 0.841109 0.725229 0.838109 0.718104 0.835437 0.712771 0.8290940000000001 0.7212080000000001 0.8197660000000001 0.729229 0.8144220000000001 0.7318960000000001 0.811422 0.738563 0.8087500000000001 0.756354 0.81175 0.769271 0.8210940000000001 0.7803749999999999 0.827094 0.7875 0.8280939999999999 0.7955 0.8280939999999999 0.7950630000000001 0.844453 0.796396 0.866141 0.790604
79 0.657156 0.260792 0.654469 0.258396 0.646844 0.25718799999999997 0.6428130000000001 0.25718799999999997 0.640797 0.26406199999999996 0.640797 0.268854 0.64125 0.279896 0.641922 0.287375 0.647297 0.292458 0.649312 0.31127099999999996 0.646172 0.31545799999999996 0.654016 0.31514600000000004 0.651109 0.31066699999999997 0.6502030000000001 0.293646 0.655594 0.284375 0.657156 0.260792
79 0.6258589999999999 0.292167 0.626875 0.302583 0.625516 0.312542 0.632313 0.312542 0.630953 0.303937 0.631281 0.290813 0.6380779999999999 0.280854 0.636719 0.263646 0.636719 0.260479 0.621438 0.25866700000000004 0.6207659999999999 0.284479 0.6258589999999999 0.292167
26 0.651516 0.337833 0.637078 0.337833 0.638672 0.38275 0.651906 0.38275 0.651109 0.341562 0.651516 0.337833
26 0.618797 0.382104 0.637359 0.38264600000000004 0.636531 0.33839600000000003 0.626422 0.33756200000000003 0.620656 0.33756200000000003 0.618797 0.382104
26 0.656156 0.39081299999999997 0.6736869999999999 0.39081299999999997 0.6736869999999999 0.336271 0.650297 0.34145800000000004 0.65225 0.388208 0.656156 0.39081299999999997
26 0.639359 0.18937500000000002 0.6205 0.188833 0.621703 0.236958 0.638953 0.2375 0.638953 0.193104 0.639359 0.18937500000000002
13 0.364687 0.560083 0.365437 0.530562 0.361 0.526125 0.358422 0.5207080000000001 0.358797 0.510875 0.354734 0.510875 0.354359 0.523667 0.34993799999999997 0.5300619999999999 0.348453 0.540896 0.348453 0.554667 0.34956200000000004 0.5586040000000001 0.35325 0.5630419999999999 0.356203 0.5630419999999999 0.363219 0.562042 0.364687 0.560083
79 0.683437 0.337813 0.679203 0.36383299999999996 0.686828 0.370604 0.688531 0.378521 0.684281 0.384167 0.696156 0.38191699999999995 0.693609 0.37172900000000003 0.702094 0.366083 0.700391 0.34347900000000003 0.683437 0.337813