22 0.400219 0.6098750000000001 0.507844 0.639021 0.51625 0.605375 0.578469 0.6143540000000001 0.639016 0.6031460000000001 0.652469 0.511208 0.401906 0.49104200000000003 0.400219 0.6098750000000001
22 0.254875 0.486458 0.24457800000000002 0.483521 0.240906 0.460958 0.264422 0.44135399999999997 0.23575 0.362938 0.22840600000000003 0.362938 0.195312 0.374688 0.179875 0.386458 0.182078 0.39529200000000003 0.231344 0.59625 0.270313 0.581542 0.268109 0.569792 0.270313 0.558021 0.260016 0.536458 0.254875 0.486458
22 0.32328100000000004 0.589187 0.397 0.6117290000000001 0.40907799999999994 0.484458 0.477953 0.48606299999999997 0.474328 0.38939599999999996 0.46950000000000003 0.38616700000000004 0.29065599999999997 0.403896 0.288234 0.410333 0.32328100000000004 0.589187
22 0.238375 0.32847899999999997 0.236422 0.32847899999999997 0.214594 0.331708 0.21217199999999997 0.33558299999999996 0.21120299999999997 0.353688 0.236906 0.347875 0.238375 0.32847899999999997
27 0.0067343703125 0.983896 0.996063 0.9883959999999999 0.996063 0.880521 0.9556250000000001 0.826583 0.857859 0.7973750000000001 0.766859 0.703 0.606734 0.667042 0.578094 0.6872710000000001 0.512359 0.6872710000000001 0.49718799999999996 0.662542 0.436516 0.628833 0.279781 0.5726669999999999 0.0084218703125 0.6850210000000001 0.0067343703125 0.983896
27 0.696469 0.277687 0.713938 0.276667 0.719266 0.24325000000000002 0.756453 0.230104 0.7754380000000001 0.231104 0.7405160000000001 0.218958 0.672937 0.232125 0.693453 0.276667 0.696469 0.277687
50 1 0.520188 0.995516 0.459646 0.985422 0.40135400000000004 0.955156 0.36097900000000005 0.9215310000000001 0.287 0.903031 0.264583 0.8677189999999999 0.230937 0.825672 0.228708 0.773547 0.233188 0.755047 0.251125 0.721406 0.278021 0.689469 0.327354 0.686094 0.381167 0.697875 0.473104 0.711328 0.506729 0.709641 0.531396 0.6776869999999999 0.567271 0.6474219999999999 0.589688 0.6205160000000001 0.612104 0.566703 0.6076250000000001 0.539797 0.623313 0.514578 0.639021 0.5044839999999999 0.652458 0.5044839999999999 0.672646 0.573438 0.6636869999999999 0.588562 0.659188 0.605375 0.654708 0.6726409999999999 0.6681670000000001 0.6827340000000001 0.661438 0.721406 0.650229 0.75 0.616583 0.766813 0.661438 0.770172 0.683854 0.770172 0.704042 0.783625 0.739917 0.7970780000000001 0.748875 0.813906 0.753354 0.830719 0.757854 0.8492190000000001 0.769062 0.8777969999999999 0.7780210000000001 0.9097500000000001 0.816146 0.924891 0.829604 0.9383440000000001 0.8363130000000001 0.956844 0.847542 0.9887969999999999 0.852021 1 0.863229 1 0.860979 1 0.847542 1 0.840812 1 0.813896 1 0.787 1 0.748875 1 0.7107709999999999 1 0.639021 1 0.587438 1 0.520188
26 0.6205160000000001 0.919167 0.617156 0.6815 0.593609 0.6635620000000001 0.559984 0.656833 0.529703 0.6590830000000001 0.507844 0.674771 0.485984 0.692708 0.48262499999999997 0.726354 0.528031 0.9685 0.6222030000000001 0.981958 0.6205160000000001 0.919167
26 0.251672 1 0.233219 0.890604 0.221469 0.859271 0.17281200000000002 0.839146 0.124156 0.857042 0.0671094 0.90625 0.055374999999999994 0.9510000000000001 0.0671094 1 0.251672 1
51 0.307734 0.7668130000000001 0.36828099999999997 0.704042 0.23542200000000002 0.708521 0.114344 0.7668130000000001 0.158078 0.804937 0.060531299999999996 0.894625 0.10593699999999999 0.941708 0.10257799999999999 0.919292 0.339688 0.802687 0.307734 0.7668130000000001
12 0.730844 0.92075 0.734953 0.994583 0.74725 1 0.999531 0.9973120000000001 0.9984999999999999 0.857833 0.9400470000000001 0.831854 0.879547 0.78675 0.845703 0.760771 0.730844 0.92075
22 0.44303100000000006 0.38375 0.46825 0.379229 0.479156 0.379229 0.48818700000000004 0.378729 0.500609 0.376708 0.498344 0.372208 0.494578 0.316521 0.423094 0.327542 0.42534400000000006 0.38475 0.44303100000000006 0.38375
22 0.686766 0.378729 0.691641 0.349458 0.692453 0.325604 0.646094 0.31475000000000003 0.632266 0.409104 0.628203 0.47960400000000003 0.626563 0.507792 0.663172 0.5121249999999999 0.665609 0.543583 0.662359 0.590229 0.668859 0.585875 0.6753750000000001 0.572875 0.686766 0.378729
22 0.57675 0.292083 0.579797 0.326125 0.594391 0.38447899999999996 0.6065470000000001 0.454208 0.601078 0.49472900000000003 0.615062 0.500396 0.615062 0.491479 0.626 0.496354 0.628437 0.463042 0.630859 0.418458 0.6387660000000001 0.365708 0.622359 0.29518700000000003 0.6199220000000001 0.29518700000000003 0.590125 0.298417 0.580406 0.294375 0.57675 0.292083
22 0.180141 0.339875 0.181031 0.341062 0.182156 0.344646 0.181938 0.349437 0.18304700000000002 0.351229 0.182828 0.352417 0.186641 0.352417 0.186188 0.343167 0.190219 0.342562 0.190672 0.351229 0.197172 0.350625 0.1965 0.342271 0.20007799999999998 0.341667 0.200297 0.352125 0.208594 0.351521 0.20635900000000001 0.347646 0.205234 0.34375 0.20120300000000002 0.335396 0.179016 0.337187 0.180141 0.339875
22 0.722672 0.30797899999999995 0.726031 0.293792 0.732172 0.27887500000000004 0.7422500000000001 0.26395799999999997 0.752313 0.252021 0.761266 0.245312 0.760703 0.234875 0.720437 0.24606199999999998 0.7159530000000001 0.24606199999999998 0.713719 0.31170800000000004 0.717078 0.31170800000000004 0.722672 0.30797899999999995
22 0.8083750000000001 0.22564599999999999 0.829953 0.21352100000000002 0.8264060000000001 0.18722899999999998 0.825562 0.180938 0.821016 0.181833 0.8127660000000001 0.18497899999999998 0.8085470000000001 0.18925 0.807203 0.19531199999999999 0.806688 0.20047900000000002 0.807531 0.210146 0.8083750000000001 0.22564599999999999
27 0.518188 0.48052100000000003 0.5435 0.483125 0.555187 0.490917 0.574672 0.490917 0.576625 0.438958 0.586359 0.436354 0.588313 0.4103959999999999 0.588313 0.361042 0.502594 0.374021 0.469484 0.384417 0.477266 0.425979 0.48117200000000004 0.467542 0.487016 0.483125 0.518188 0.48052100000000003
27 0.23960900000000002 0.462333 0.24740599999999996 0.488312 0.259094 0.490917 0.264937 0.555854 0.268828 0.576625 0.290266 0.574021 0.290266 0.545458 0.301953 0.519479 0.307797 0.519479 0.288313 0.42856299999999997 0.23960900000000002 0.462333
27 0.7032499999999999 0.35325 0.718828 0.314292 0.712984 0.301292 0.681813 0.311688 0.7032499999999999 0.35325
50 0.8169219999999999 0.198521 0.818187 0.20770799999999998 0.819219 0.215208 0.847063 0.218271 0.8552339999999999 0.216896 0.8572810000000001 0.170583 0.8600939999999999 0.16956300000000002 0.878734 0.15899999999999997 0.882828 0.1515 0.8843590000000001 0.140604 0.8777189999999999 0.140604 0.8754060000000001 0.14333300000000002 0.8672340000000001 0.147083 0.847312 0.145375 0.8475630000000001 0.13925 0.8480779999999999 0.136854 0.849109 0.1195 0.841687 0.112688 0.835313 0.112688 0.830703 0.114042 0.824578 0.125958 0.824062 0.145375 0.822281 0.147417 0.8169219999999999 0.15218800000000002 0.8143589999999999 0.158312 0.8138439999999999 0.164104 0.8138439999999999 0.177396 0.8169219999999999 0.198521
50 0.802219 0.19068800000000002 0.801922 0.180729 0.797906 0.167313 0.794172 0.160792 0.796469 0.158104 0.797328 0.15043700000000002 0.795031 0.136625 0.7884059999999999 0.130104 0.782375 0.132792 0.779203 0.140854 0.780938 0.151583 0.778062 0.156958 0.771734 0.16308299999999998 0.765406 0.178042 0.765984 0.19414599999999999 0.802219 0.19068800000000002
50 0.957391 0.104917 0.953703 0.1295 0.953703 0.15775 0.9546250000000001 0.178646 0.961078 0.204437 0.9629220000000001 0.208125 0.965687 0.208125 0.909484 0.23637499999999997 0.898422 0.252354 0.898422 0.263417 0.940813 0.32485400000000003 0.9546250000000001 0.385042 0.973984 0.415771 0.987813 0.43418799999999996 0.996094 0.448938 0.9997809999999999 0.448938 0.997016 0.0594583 0.9675309999999999 0.07912499999999999 0.957391 0.104917
22 0.0924531 0.586542 0.09789060000000001 0.583646 0.094625 0.5401039999999999 0.151219 0.531417 0.154484 0.570583 0.16535899999999998 0.5647920000000001 0.144687 0.35583299999999995 0.145781 0.35002099999999997 0.060890599999999996 0.361646 0.0630625 0.371792 0.08156250000000001 0.489333 0.0924531 0.586542