9 0.699062 1 0.711078 0.993958 0.717375 0.977658 0.721391 0.947658 0.716234 0.929625 0.711656 0.915902 0.703641 0.9039109999999999 0.705937 0.900468 0.696203 0.8978919999999999 0.681906 0.8918969999999999 0.673312 0.893607 0.660156 0.902201 0.665875 0.878173 0.674469 0.86445 0.675609 0.86103 0.663016 0.866159 0.6647339999999999 0.8713110000000001 0.655 0.9039109999999999 0.655578 0.9116160000000001 0.6521410000000001 0.9364870000000001 0.647 0.9399299999999999 0.646422 0.927916 0.641266 0.9116160000000001 0.634406 0.8944730000000001 0.617812 0.8747539999999999 0.6189530000000001 0.8481500000000001 0.6172340000000001 0.843021 0.610938 0.844731 0.614375 0.850726 0.6086560000000001 0.893607 0.597203 0.888478 0.5846250000000001 0.893607 0.57375 0.909906 0.572031 0.927916 0.5743280000000001 0.948501 0.581766 0.9699530000000001 0.5949220000000001 0.987963 0.606938 0.990539 0.6172340000000001 0.985386 0.624109 0.9690869999999999 0.628688 0.951944 0.628109 0.931358 0.622953 0.915059 0.6149530000000001 0.898759 0.6149530000000001 0.8918969999999999 0.6418440000000001 0.945082 0.645281 0.9579390000000001 0.647 0.9639340000000001 0.653859 0.966511 0.649859 0.973372 0.651578 0.9811010000000001 0.6607339999999999 0.975948 0.664156 0.985386 0.680187 1 0.699062 1
16 0.0734687 0.824731 0.0854531 0.829204 0.143937 0.826956 0.157422 0.820234 0.170922 0.824731 0.185906 0.8157380000000001 0.193406 0.806745 0.197906 0.7707959999999999 0.194906 0.734824 0.160422 0.734824 0.07946879999999999 0.741569 0.0734687 0.824731
50 0.485484 0.838618 0.48492199999999996 0.8458309999999999 0.485203 0.847939 0.49000000000000005 0.847939 0.493109 0.844965 0.493109 0.8428570000000001 0.491984 0.837354 0.491141 0.832693 0.49085900000000005 0.8292970000000001 0.49085900000000005 0.827588 0.492828 0.8259019999999999 0.493687 0.82548 0.49424999999999997 0.822084 0.492266 0.81192 0.49170299999999995 0.8047070000000001 0.49085900000000005 0.798361 0.49000000000000005 0.7953859999999999 0.48831199999999997 0.7932549999999999 0.487453 0.7907259999999999 0.487172 0.7890159999999999 0.485484 0.786487 0.48492199999999996 0.786487 0.48151599999999994 0.7869090000000001 0.48067200000000004 0.7907259999999999 0.48067200000000004 0.7953859999999999 0.48095299999999996 0.799204 0.47898399999999997 0.801733 0.478125 0.803443 0.478125 0.806838 0.47728099999999996 0.810211 0.47728099999999996 0.8131849999999999 0.477844 0.8157380000000001 0.48237500000000005 0.8246370000000001 0.484063 0.834801 0.485484 0.838618
50 0.389125 0.786276 0.38984399999999997 0.791663 0.39039100000000004 0.7943560000000001 0.392547 0.796253 0.388766 0.7965340000000001 0.388594 0.802459 0.388766 0.8054100000000001 0.39020299999999997 0.8118740000000001 0.391641 0.826698 0.39290600000000003 0.8407030000000001 0.391828 0.8428570000000001 0.39110900000000004 0.8455739999999999 0.39614099999999997 0.8479859999999999 0.397219 0.84637 0.397578 0.825363 0.399375 0.817002 0.400094 0.8040750000000001 0.39704700000000004 0.794098 0.395422 0.791663 0.393078 0.785199 0.389125 0.786276
50 0.377531 0.8463470000000001 0.381297 0.843326 0.379953 0.842108 0.378344 0.8374710000000001 0.379156 0.822365 0.380891 0.815527 0.3805 0.80726 0.379016 0.798009 0.376734 0.795574 0.377 0.7925530000000001 0.37512500000000004 0.789133 0.373375 0.7887350000000001 0.371891 0.790749 0.372969 0.799016 0.371766 0.801429 0.371094 0.811686 0.372969 0.819742 0.373234 0.8425060000000001 0.377531 0.8463470000000001
50 0.658344 0.9155740000000001 0.654547 0.901639 0.662828 0.889227 0.680391 0.854122 0.679359 0.838103 0.675906 0.820047 0.666266 0.7988759999999999 0.662828 0.781311 0.659031 0.773044 0.659719 0.766347 0.653859 0.759625 0.64525 0.743607 0.638703 0.739485 0.631469 0.743607 0.628719 0.753419 0.628719 0.767892 0.631812 0.776136 0.634578 0.779789 0.629406 0.787002 0.627 0.795269 0.622172 0.812834 0.614938 0.822646 0.619422 0.8283139999999999 0.624578 0.83555 0.626656 0.83555 0.630094 0.831944 0.636297 0.83089 0.644562 0.8303749999999999 0.645594 0.836066 0.642156 0.841733 0.624578 0.855176 0.622172 0.860328 0.623891 0.871686 0.633891 0.8954570000000001 0.642844 0.914028 0.635609 0.923864 0.632156 0.928478 0.634234 0.932084 0.652141 0.924871 0.653516 0.920211 0.658344 0.9155740000000001
50 0.704359 0.814122 0.7096560000000001 0.813747 0.711578 0.811944 0.712547 0.81267 0.716391 0.81555 0.717359 0.814122 0.7139840000000001 0.806534 0.711094 0.7986179999999999 0.7096560000000001 0.796089 0.708688 0.792834 0.7079690000000001 0.788525 0.705562 0.787073 0.704359 0.790328 0.704125 0.794637 0.703156 0.796089 0.701719 0.800773 0.701484 0.806183 0.702438 0.813021 0.704359 0.814122
50 0.23767200000000002 0.8337 0.24070299999999997 0.824333 0.242203 0.832553 0.243906 0.8337 0.24542199999999997 0.831429 0.245797 0.813279 0.246188 0.795995 0.243531 0.792881 0.242781 0.788618 0.23937499999999998 0.790328 0.23975 0.7954330000000001 0.238422 0.7954330000000001 0.23710900000000001 0.8033720000000001 0.23671899999999998 0.815269 0.23671899999999998 0.829157 0.23482799999999998 0.8300230000000001 0.23767200000000002 0.833419 0.23767200000000002 0.8337
50 0.287781 0.832951 0.290906 0.834215 0.292609 0.829532 0.293187 0.827845 0.295453 0.830398 0.297453 0.833372 0.299437 0.832084 0.299437 0.811241 0.29915600000000003 0.8086650000000001 0.29971899999999996 0.807822 0.300578 0.805269 0.300578 0.800164 0.296875 0.7988759999999999 0.29375 0.7988759999999999 0.292047 0.8005849999999999 0.291203 0.8074 0.29148399999999997 0.809532 0.28948399999999996 0.8107960000000001 0.286937 0.8167679999999999 0.288359 0.819742 0.28864100000000004 0.822295 0.287781 0.826136 0.287781 0.832951
23 0.112656 0.270913 0.110469 0.29114799999999996 0.115937 0.304262 0.124328 0.31627599999999995 0.134172 0.320094 0.142187 0.322295 0.148391 0.318454 0.15240599999999999 0.30808 0.155688 0.292225 0.150938 0.274754 0.14256200000000002 0.26271700000000003 0.132719 0.258899 0.12104699999999999 0.259438 0.112656 0.272553 0.112656 0.270913
23 0.0733437 0.31953200000000004 0.07475000000000001 0.31953200000000004 0.07568749999999999 0.31953200000000004 0.0775625 0.31953200000000004 0.07943750000000001 0.30971899999999997 0.080375 0.304122 0.08317189999999999 0.285176 0.0859844 0.27606600000000003 0.0855156 0.26274000000000003 0.0827031 0.26274000000000003 0.07943750000000001 0.26555 0.076625 0.270445 0.0761563 0.28096 0.0738125 0.286581 0.07475000000000001 0.297096 0.0719531 0.30271699999999996 0.0714844 0.31812599999999996 0.0733437 0.31953200000000004
75 0.905687 0.838665 0.905297 0.8404450000000001 0.9230940000000001 0.845785 0.9290160000000001 0.839859 0.931 0.838665 0.9444380000000001 0.83096 0.9480000000000001 0.8410299999999999 0.963016 0.8404450000000001 0.971313 0.839859 0.9748749999999999 0.835105 0.9807969999999999 0.8226699999999999 0.9997809999999999 0.8244499999999999 0.9993909999999999 0.7409129999999999 0.9993909999999999 0.7219439999999999 0.9535310000000001 0.714824 0.8788130000000001 0.718384 0.874469 0.719578 0.8776249999999999 0.75808 0.87525 0.79897 0.8800000000000001 0.819719 0.899375 0.8185250000000001 0.9049060000000001 0.837494 0.905687 0.838665
75 0.845594 0.823817 0.851125 0.8246370000000001 0.852797 0.836253 0.862203 0.836253 0.862203 0.827963 0.8755000000000001 0.8263 0.878266 0.836253 0.881047 0.836253 0.8821410000000001 0.827963 0.88325 0.827963 0.8865780000000001 0.83377 0.891563 0.83377 0.8926719999999999 0.8246370000000001 0.894328 0.822155 0.88325 0.821311 0.8760619999999999 0.794754 0.8777189999999999 0.7474470000000001 0.835078 0.751593 0.845594 0.823817
73 0.248813 0.750258 0.257172 0.749087 0.260313 0.6832550000000001 0.25821900000000003 0.6828810000000001 0.257172 0.677002 0.24645299999999998 0.680515 0.24645299999999998 0.7424120000000001 0.248813 0.750258
73 0.475875 0.7474470000000001 0.477609 0.764309 0.487125 0.764309 0.491875 0.761077 0.491875 0.751335 0.49534399999999995 0.73644 0.49620300000000006 0.733185 0.481938 0.729953 0.475875 0.7474470000000001
50 0.199156 0.857073 0.20396899999999998 0.861405 0.204203 0.837611 0.205656 0.836183 0.206141 0.840867 0.204453 0.855644 0.20757799999999998 0.858876 0.20950000000000002 0.8221080000000001 0.20854699999999998 0.818501 0.206609 0.805176 0.212141 0.7968850000000001 0.21046900000000002 0.7954330000000001 0.211906 0.781007 0.204453 0.7803040000000001 0.204203 0.790398 0.198437 0.810211 0.199641 0.817799 0.20253100000000002 0.835808 0.199641 0.855293 0.199156 0.857073
50 0.14460900000000002 0.837237 0.145172 0.835527 0.147156 0.835527 0.147156 0.837237 0.147734 0.845316 0.14829699999999998 0.85171 0.15370299999999998 0.8627870000000001 0.155406 0.8610770000000001 0.157953 0.859368 0.160516 0.8572369999999999 0.159938 0.8555499999999999 0.159094 0.8555499999999999 0.157391 0.855972 0.155969 0.8542620000000001 0.155406 0.8529979999999999 0.155109 0.849578 0.15370299999999998 0.844052 0.153125 0.838946 0.151984 0.8346840000000001 0.152844 0.823607 0.153125 0.8159479999999999 0.154266 0.8129740000000001 0.15625 0.812529 0.157109 0.8082900000000001 0.156828 0.8082900000000001 0.155688 0.808712 0.153406 0.806581 0.153406 0.8027399999999999 0.151141 0.7997660000000001 0.150281 0.798056 0.14829699999999998 0.79466 0.14885900000000002 0.794239 0.14943800000000002 0.788267 0.146313 0.787424 0.14432799999999998 0.79082 0.142609 0.7950820000000001 0.140344 0.7997660000000001 0.140344 0.801897 0.1395 0.804871 0.136937 0.804028 0.136078 0.804871 0.136078 0.807869 0.136078 0.809133 0.137781 0.809133 0.141484 0.8121079999999999 0.141484 0.817658 0.140906 0.824473 0.139781 0.8317100000000001 0.13807799999999998 0.836815 0.136656 0.84363 0.134656 0.85171 0.134094 0.855105 0.134094 0.8610770000000001 0.134656 0.86363 0.136656 0.86534 0.13807799999999998 0.86534 0.141484 0.86534 0.142609 0.864918 0.141766 0.8627870000000001 0.140625 0.861499 0.140625 0.859789 0.141203 0.8542620000000001 0.141203 0.849578 0.141484 0.8448950000000001 0.14375 0.83808 0.14460900000000002 0.837237
16 0.030093799999999997 0.756347 0.029546899999999997 0.760515 0.0312031 0.776276 0.0306406 0.78623 0.027875 0.7986890000000001 0.0256563 0.821101 0.033968700000000004 0.821101 0.0395156 0.7986890000000001 0.046156199999999994 0.789555 0.0500313 0.7854099999999999 0.0533594 0.78459 0.0555625 0.791218 0.05225 0.794543 0.0516875 0.7986890000000001 0.05225 0.816956 0.0583438 0.824426 0.0633281 0.821101 0.0727344 0.816956 0.0755 0.753864 0.0721875 0.750539 0.0306406 0.756347 0.030093799999999997 0.756347
73 0.5046090000000001 0.7399060000000001 0.502078 0.740164 0.49848400000000004 0.740047 0.498313 0.7427400000000001 0.496922 0.742857 0.496922 0.7469089999999999 0.49848400000000004 0.747752 0.49848400000000004 0.7492270000000001 0.49978100000000003 0.7499530000000001 0.499859 0.752037 0.498391 0.752037 0.49790599999999996 0.753396 0.49790599999999996 0.758173 0.499953 0.7596489999999999 0.500188 0.7608670000000001 0.504687 0.760492 0.5046090000000001 0.7399060000000001
73 0.350484 0.755667 0.34496899999999997 0.732482 0.33225 0.73082 0.336125 0.758993 0.347734 0.762295 0.350484 0.755667
50 0.40106200000000003 0.8039339999999999 0.398594 0.8145899999999999 0.397359 0.821991 0.396125 0.84096 0.398594 0.846042 0.403234 0.846042 0.40570300000000004 0.8423419999999999 0.40415599999999996 0.8321780000000001 0.40507799999999994 0.8206089999999999 0.408172 0.80904 0.40725 0.799789 0.403844 0.7909839999999999 0.398594 0.7854329999999999 0.39675 0.792834 0.40106200000000003 0.8039339999999999
50 0.20654699999999998 0.806909 0.207984 0.817681 0.208937 0.82377 0.208937 0.840281 0.208453 0.856792 0.208453 0.861101 0.208703 0.861827 0.21084399999999998 0.861101 0.21181299999999997 0.857518 0.219469 0.857869 0.21851600000000002 0.842436 0.220906 0.829532 0.22114099999999998 0.82377 0.22185899999999997 0.819461 0.220906 0.815176 0.22042199999999998 0.811569 0.223297 0.811218 0.223781 0.812646 0.22642199999999998 0.812646 0.227609 0.812646 0.23743799999999998 0.812295 0.235281 0.808712 0.227609 0.807986 0.224266 0.80726 0.219234 0.804052 0.219953 0.800094 0.220906 0.7932790000000001 0.219 0.790047 0.215156 0.789321 0.212281 0.786464 0.209656 0.7936300000000001 0.209656 0.798665 0.21181299999999997 0.7944730000000001 0.208937 0.801522 0.20654699999999998 0.806909
44 0.79025 0.84274 0.791687 0.8421310000000001 0.7931250000000001 0.839649 0.7931250000000001 0.8359719999999999 0.7927190000000001 0.8338169999999999 0.792516 0.8307260000000001 0.791078 0.8301170000000001 0.789438 0.8295079999999999 0.789234 0.8285710000000001 0.790047 0.827026 0.7904690000000001 0.826112 0.790672 0.824262 0.789438 0.8224119999999999 0.789234 0.821194 0.7884059999999999 0.8202579999999999 0.786766 0.81719 0.786766 0.81534 0.786562 0.812881 0.786766 0.81103 0.7884059999999999 0.810398 0.789438 0.808571 0.789234 0.804262 0.787594 0.802084 0.786969 0.80733 0.788 0.80918 0.786562 0.810398 0.7857339999999999 0.811335 0.783891 0.8144030000000001 0.785937 0.817799 0.786969 0.8208669999999999 0.787594 0.8230209999999999 0.789031 0.8258080000000001 0.789031 0.8267209999999999 0.787375 0.827658 0.786969 0.8285710000000001 0.787594 0.8322719999999999 0.788 0.83534 0.786141 0.8365809999999999 0.787594 0.8365809999999999 0.788812 0.838431 0.789031 0.841803 0.79025 0.84274
44 0.770328 0.8064169999999999 0.768078 0.80733 0.766641 0.80918 0.766422 0.811639 0.767047 0.814098 0.768687 0.81534 0.769719 0.8165570000000001 0.7711560000000001 0.81719 0.771359 0.8181029999999999 0.7711560000000001 0.8187120000000001 0.770328 0.821803 0.770328 0.822717 0.770953 0.8258080000000001 0.771563 0.828267 0.771563 0.828876 0.7711560000000001 0.8301170000000001 0.771359 0.831335 0.772797 0.832576 0.773625 0.832576 0.7748440000000001 0.8338169999999999 0.774438 0.836885 0.775469 0.841194 0.776906 0.843349 0.779578 0.8442860000000001 0.780813 0.84274 0.781828 0.838431 0.783266 0.836885 0.784922 0.8365809999999999 0.786141 0.8365809999999999 0.7851250000000001 0.8338169999999999 0.784922 0.833489 0.784297 0.828876 0.784297 0.82733 0.7824530000000001 0.8251759999999999 0.781828 0.824262 0.7797810000000001 0.8224119999999999 0.779375 0.8224119999999999 0.777719 0.8214990000000001 0.777109 0.821194 0.776281 0.8208669999999999 0.7748440000000001 0.8193440000000001 0.7750619999999999 0.8208669999999999 0.774438 0.8202579999999999 0.774438 0.8187120000000001 0.776703 0.8159479999999999 0.7783439999999999 0.815644 0.7787499999999999 0.8100940000000001 0.776703 0.809485 0.773 0.8064169999999999 0.770328 0.8064169999999999
36 0.714422 0.8870020000000001 0.712266 0.855386 0.684141 0.852951 0.670625 0.8732080000000001 0.671703 0.887799 0.670078 0.89185 0.703062 0.895105 0.714422 0.8870020000000001
50 0.692391 0.8379160000000001 0.6948909999999999 0.838314 0.6969839999999999 0.837728 0.697641 0.836932 0.698297 0.833185 0.698828 0.828852 0.698828 0.815059 0.6989690000000001 0.812693 0.698172 0.8048010000000001 0.697391 0.8010539999999999 0.6967190000000001 0.799087 0.6948909999999999 0.797892 0.694625 0.795738 0.694094 0.79356 0.692391 0.7927869999999999 0.691328 0.793372 0.690672 0.800258 0.690547 0.80185 0.68975 0.8032320000000001 0.689891 0.80637 0.690813 0.8097190000000001 0.691203 0.812482 0.690813 0.815457 0.690937 0.818197 0.6919839999999999 0.821546 0.6933119999999999 0.82452 0.6933119999999999 0.8290400000000001 0.692656 0.8345670000000001 0.692391 0.8379160000000001
2 0.48142199999999996 0.801335 0.483281 0.80007 0.48479700000000003 0.799813 0.48395299999999997 0.8015690000000001 0.48479700000000003 0.814473 0.485313 0.819789 0.488516 0.821827 0.490531 0.823091 0.492734 0.822319 0.489359 0.798033 0.48817199999999994 0.797283 0.48479700000000003 0.7962760000000001 0.48310899999999996 0.797775 0.48142199999999996 0.801335
50 0.44575 0.85082 0.444109 0.819813 0.44082800000000005 0.793724 0.44082800000000005 0.7858550000000001 0.43525 0.786838 0.43393800000000005 0.804052 0.435906 0.811944 0.43721899999999997 0.850328 0.44575 0.85082
44 0.343422 0.832201 0.345438 0.832763 0.346906 0.8355039999999999 0.352766 0.836885 0.358641 0.836604 0.364687 0.835222 0.367437 0.833583 0.367437 0.828361 0.367437 0.821756 0.36524999999999996 0.817916 0.360656 0.817916 0.358453 0.818735 0.356438 0.823419 0.35625 0.828642 0.355703 0.835785 0.354609 0.835785 0.353328 0.825059 0.353328 0.815152 0.344891 0.81185 0.343422 0.832201