13 0.183297 0.389229 0.21525 0.427354 0.24551599999999998 0.508062 0.24215599999999998 0.517042 0.248875 0.52825 0.282516 0.505833 0.289234 0.478917 0.274109 0.398208 0.264016 0.344396 0.238797 0.313 0.225344 0.25918800000000003 0.213563 0.232292 0.195062 0.227813 0.16648400000000002 0.24125 0.174891 0.272646 0.19001600000000002 0.337667 0.183297 0.389229
13 0.111531 0.393313 0.150328 0.389 0.18265599999999999 0.401938 0.164875 0.350208 0.142234 0.32866700000000004 0.11960900000000001 0.289875 0.121234 0.274792 0.11476599999999999 0.255396 0.11476599999999999 0.246771 0.0969844 0.233833 0.06949999999999999 0.240292 0.0549531 0.264 0.061421899999999995 0.29202100000000003 0.0759688 0.309271 0.08728129999999999 0.352375 0.0808125 0.384708 0.08728129999999999 0.401938 0.111531 0.393313
55 0.35675 0.47939600000000004 0.345156 0.505667 0.346312 0.5412079999999999 0.348641 0.5504789999999999 0.35095299999999996 0.5752079999999999 0.366016 0.606125 0.39731299999999997 0.638583 0.43673400000000007 0.681854 0.47382799999999997 0.684958 0.579313 0.623125 0.6001719999999999 0.596854 0.593219 0.581396 0.611766 0.548937 0.568875 0.488667 0.545687 0.471667 0.534094 0.45002099999999995 0.521344 0.451583 0.48425 0.416021 0.447156 0.38512500000000005 0.422813 0.386667 0.39151600000000003 0.419125 0.355594 0.48402100000000003 0.35675 0.47939600000000004
55 0.612422 0.543833 0.654359 0.575167 0.708047 0.5326460000000001 0.729859 0.47672899999999996 0.723156 0.400667 0.671141 0.30670800000000004 0.585578 0.295521 0.543625 0.317896 0.503359 0.351438 0.489938 0.36487499999999995 0.498328 0.382771 0.543625 0.463312 0.612422 0.543833
26 0 0.617917 0.017921899999999998 0.652021 0.052718799999999996 0.676583 0.0782969 0.710688 0.152984 0.7870830000000001 0.202094 0.7734380000000001 0.23585899999999999 0.7256870000000001 0.248141 0.699771 0.234844 0.551063 0.237906 0.519687 0.22768700000000003 0.452833 0.194938 0.405083 0.138656 0.391437 0.0915938 0.399625 0.0373594 0.42827099999999996 0 0.474667 0 0.617917
14 0.134578 0.197354 0.121281 0.227375 0.113094 0.24375 0.129469 0.299687 0.136625 0.3215 0.143781 0.329688 0.157094 0.33787500000000004 0.168344 0.35289600000000004 0.18062499999999998 0.391083 0.18676600000000002 0.37743699999999997 0.188812 0.363792 0.18676600000000002 0.325604 0.17039100000000001 0.281938 0.1755 0.245104 0.188812 0.228729 0.211313 0.230104 0.214391 0.231458 0.232813 0.284667 0.23996900000000002 0.3215 0.254297 0.344708 0.26453099999999996 0.356979 0.276797 0.378813 0.282938 0.417 0.293172 0.407458 0.319781 0.404729 0.33103099999999996 0.381542 0.348422 0.366521 0.361734 0.347438 0.364797 0.336521 0.379125 0.3215 0.39140600000000003 0.303771 0.403688 0.231458 0.392422 0.183708 0.38321900000000003 0.152333 0.321828 0.116875 0.23996900000000002 0.116875 0.216438 0.126417 0.202109 0.13325 0.151969 0.172813 0.134578 0.197354
32 0.848359 0.257854 0.848719 0.258562 0.857109 0.272875 0.8633749999999999 0.269292 0.8505 0.256667 0.848359 0.257854
32 0.8367340000000001 0.253562 0.836203 0.255708 0.8481720000000001 0.278354 0.8554999999999999 0.272875 0.8410309999999999 0.257854 0.8367340000000001 0.253562
32 0.823687 0.259771 0.8344059999999999 0.272646 0.8458439999999999 0.281208 0.8263589999999998 0.255229 0.823687 0.256188 0.823687 0.259771
19 0.295672 0.253646 0.288969 0.24852100000000002 0.272688 0.24512499999999998 0.250656 0.240875 0.24075000000000002 0.226396 0.242359 0.2 0.238516 0.199563 0.230859 0.220854 0.238844 0.243 0.247469 0.248958 0.264062 0.256188 0.29312499999999997 0.266417 0.295672 0.253646
19 0.28014100000000003 0.188062 0.282984 0.187354 0.292219 0.186646 0.294359 0.194937 0.301281 0.195875 0.307141 0.197542 0.306781 0.194708 0.301641 0.18381299999999998 0.29275 0.17268699999999998 0.288844 0.17481200000000002 0.280859 0.18310400000000002 0.28014100000000003 0.188062
19 0.227094 0.194292 0.20600000000000002 0.188125 0.19570300000000002 0.206646 0.183859 0.19156199999999998 0.182828 0.215583 0.20290599999999998 0.22106199999999998 0.227094 0.194292
19 0.27314099999999997 0.349729 0.276547 0.349729 0.276547 0.34550000000000003 0.269484 0.343875 0.263641 0.345833 0.264625 0.351667 0.269 0.351667 0.27314099999999997 0.349729