15 0.6132 0.42334 0.628933 0.4092 0.666667 0.36910000000000004 0.69496 0.32430000000000003 0.6824 0.30542 0.679253 0.30542 0.65408 0.28656 0.619493 0.28656 0.5817599999999999 0.31486000000000003 0.566027 0.32194 0.5754670000000001 0.33844 0.606907 0.36910000000000004 0.6132 0.42334
15 0.42864 0.54696 0.425493 0.54962 0.423147 0.55284 0.422747 0.55814 0.423147 0.56608 0.42197300000000004 0.57108 0.41608 0.57256 0.405893 0.57432 0.402747 0.57784 0.401973 0.58402 0.39765300000000003 0.5943200000000001 0.38864000000000004 0.59902 0.38903999999999994 0.60284 0.394507 0.6084400000000001 0.40392 0.6108 0.417653 0.6108 0.426667 0.60902 0.438053 0.6105 0.45138700000000004 0.6119600000000001 0.47530700000000004 0.60374 0.486293 0.59784 0.49296 0.5855 0.497653 0.57226 0.501573 0.5602 0.49962700000000004 0.5558 0.49296 0.5505 0.47805300000000006 0.54226 0.462373 0.5307999999999999 0.44432 0.5357999999999999 0.429813 0.54638 0.42864 0.54696
51 0.9977600000000001 0.31460000000000005 0.9348270000000001 0.23596 0.8209869999999999 0.14158 0.725093 0.11012000000000001 0.6951200000000001 0.09437999999999999 0.66216 0.09437999999999999 0.590267 0.0854 0.54832 0.08764 0.50336 0.07192 0.464427 0.0854 0.42248 0.0854 0.359547 0.10112 0.3176 0.11686 0.275653 0.11686 0.242693 0.12584 0.17077299999999998 0.16404 0.17077299999999998 0.17978 0.128827 0.2045 0.08688 0.23596 0.032959999999999996 0.30562 0.020986701333333333 0.33932 0.011973298666666667 0.36854000000000003 0.011973298666666667 0.4 0.011973298666666667 0.43145999999999995 0.0029866693333333335 0.4472 0.011973298666666667 0.58876 0.06293329866666666 0.6359600000000001 0.06293329866666666 0.69888 0.13784 0.75506 0.17077299999999998 0.79326 0.22173299999999999 0.8022400000000001 0.272667 0.82472 0.305627 0.8561799999999999 0.35656000000000004 0.8651599999999999 0.38952 0.8719199999999999 0.440453 0.89662 0.545307 0.89662 0.599253 0.8809 0.671173 0.8651599999999999 0.788027 0.8337 0.85992 0.7797799999999999 0.92584 0.75506 0.9558129999999999 0.71686 0.9558129999999999 0.7236 1 0.6449400000000001 0.9977600000000001 0.31460000000000005
15 0.907387 0.39266 0.898533 0.3983 0.90472 0.40492 0.91712 0.41487999999999997 0.910933 0.42782 0.925947 0.42816000000000004 0.93128 0.41786 0.9441069999999999 0.41919999999999996 0.9462929999999999 0.42616000000000004 0.9462929999999999 0.43445999999999996 0.964453 0.43245999999999996 0.968427 0.42118 0.967973 0.4089 0.97416 0.40626 0.978587 0.391 0.971973 0.37042 0.952053 0.35384 0.917547 0.36678 0.918 0.38733999999999996 0.90472 0.39364 0.907387 0.39266
15 0.762987 0.45026 0.722933 0.4683 0.723653 0.47868 0.742587 0.47212 0.770293 0.47266 0.7826670000000001 0.48578 0.791413 0.49288 0.808907 0.48960000000000004 0.822 0.47758 0.8351200000000001 0.46502 0.838773 0.44588 0.82128 0.4273 0.8059729999999999 0.4273 0.7936000000000001 0.42894 0.7812 0.4437 0.7571729999999999 0.45189999999999997 0.762987 0.45026
15 0.783707 0.66684 0.8013870000000001 0.6685 0.82016 0.6685 0.82456 0.65938 0.827893 0.65028 0.8300799999999999 0.64364 0.832293 0.63702 0.838933 0.62378 0.838933 0.61466 0.8300799999999999 0.60554 0.821253 0.59478 0.81904 0.59396 0.795867 0.59726 0.781493 0.60058 0.7572 0.60554 0.7373329999999999 0.61134 0.732907 0.62378 0.7373329999999999 0.63122 0.74616 0.6428200000000001 0.754987 0.65358 0.766027 0.66186 0.7616269999999999 0.6577200000000001 0.777093 0.66518 0.783707 0.66684
15 0.31712 0.23614 0.31712 0.24112 0.325947 0.25188 0.34032 0.2585 0.346933 0.26016 0.35245299999999996 0.26182 0.36791999999999997 0.26016 0.37456 0.26182 0.37786700000000006 0.26512 0.38226699999999997 0.27342 0.392213 0.26844 0.408773 0.26677999999999996 0.406587 0.26264 0.405467 0.2527 0.406587 0.2469 0.41981300000000005 0.23862 0.42976 0.23862 0.439707 0.23946 0.443013 0.23614 0.439707 0.22538 0.438613 0.2088 0.43088000000000004 0.20715999999999998 0.422027 0.20384 0.41210699999999995 0.19888 0.40216 0.19472 0.392213 0.19390000000000002 0.38008000000000003 0.19308 0.372347 0.19472 0.35797300000000004 0.19804 0.34584 0.1997 0.341413 0.20798 0.3348 0.22124000000000002 0.32154699999999997 0.23448 0.31712 0.23614
15 0.35568 0.34572 0.35264 0.37316000000000005 0.337387 0.38077999999999995 0.327227 0.38994 0.333333 0.40364 0.35264 0.40442 0.367893 0.4067 0.38311999999999996 0.40442 0.42072000000000004 0.38688 0.40040000000000003 0.36936 0.39024000000000003 0.36325999999999997 0.379067 0.3404 0.351627 0.33582 0.35568 0.34572
15 0.545307 0.8131 0.587253 0.81986 0.644187 0.79962 0.665173 0.7659199999999999 0.6412 0.7389600000000001 0.58128 0.73446 0.524347 0.7119800000000001 0.5213599999999999 0.71872 0.5722929999999999 0.7546799999999999 0.524347 0.78838 0.545307 0.8131
15 0.64776 0.13266 0.64432 0.12684 0.63656 0.12490000000000001 0.633973 0.13782 0.634853 0.1675 0.593547 0.18880000000000002 0.5901069999999999 0.19848 0.61936 0.18622 0.632267 0.18428 0.632267 0.2088 0.645173 0.22041999999999998 0.653787 0.21009999999999998 0.677013 0.21525999999999998 0.706267 0.20364 0.7157330000000001 0.1804 0.7252 0.15394 0.707973 0.14362 0.655493 0.14104 0.64776 0.13266
15 0.141547 0.40372 0.17967999999999998 0.39282 0.19178699999999999 0.3842 0.195413 0.3683 0.191173 0.34152 0.167573 0.3338 0.143973 0.327 0.134293 0.33608 0.11552 0.34106000000000003 0.10402700000000001 0.34516 0.10583999999999999 0.35378 0.10704 0.3683 0.11127999999999999 0.3842 0.11975999999999999 0.40054 0.141547 0.40372
15 0.7861870000000001 0.5438200000000001 0.79152 0.5438200000000001 0.8048799999999999 0.529 0.80704 0.52178 0.8305330000000001 0.52098 0.84656 0.51538 0.85032 0.50776 0.84816 0.50014 0.84016 0.48892 0.8374929999999999 0.48892 0.81984 0.48892 0.796347 0.49251999999999996 0.78512 0.49172000000000005 0.77816 0.49372000000000005 0.7706930000000001 0.49854000000000004 0.781387 0.52338 0.7861870000000001 0.5438200000000001
15 0.49506700000000003 0.5896399999999999 0.488293 0.60912 0.49506700000000003 0.62776 0.50072 0.6328400000000001 0.533467 0.6176 0.569627 0.59642 0.5639730000000001 0.58286 0.5391199999999999 0.571 0.52784 0.5684600000000001 0.498453 0.56252 0.49506700000000003 0.5896399999999999