50 0.45234399999999997 0.946075 0.443328 0.883154 0.42979700000000004 0.802243 0.43281200000000003 0.748318 0.431313 0.680888 0.423797 0.6292059999999999 0.420781 0.6067520000000001 0.42979700000000004 0.6179669999999999 0.43281200000000003 0.595514 0.43731200000000003 0.591005 0.435813 0.561799 0.44482799999999995 0.546075 0.443328 0.525841 0.434312 0.485397 0.44032799999999994 0.469673 0.42529700000000004 0.426963 0.41176599999999997 0.40224299999999996 0.393734 0.39999999999999997 0.375703 0.38203299999999996 0.38171900000000003 0.346075 0.378703 0.285397 0.362172 0.240444 0.33964099999999997 0.222477 0.311078 0.222477 0.287031 0.23371499999999998 0.273516 0.265164 0.272016 0.30560699999999996 0.262984 0.31684599999999996 0.272016 0.343832 0.28403100000000003 0.38427599999999995 0.259984 0.38876200000000005 0.243453 0.406752 0.225422 0.415724 0.21340599999999998 0.435958 0.189359 0.45392499999999997 0.160797 0.465164 0.157641 0.476121 0.123891 0.493879 0.123891 0.5006780000000001 0.12662500000000002 0.518435 0.131187 0.527967 0.14943800000000002 0.537523 0.165859 0.540257 0.173156 0.533435 0.180453 0.527967 0.185016 0.502056 0.20417200000000002 0.499322 0.225156 0.4925 0.23743799999999998 0.516846 0.252469 0.525841 0.258484 0.602243 0.252469 0.680888 0.249469 0.750561 0.258484 0.808995 0.241953 0.862921 0.21790600000000002 0.988762 0.291547 0.986519 0.31559400000000004 0.9191119999999999 0.333625 0.885397 0.341141 0.871916 0.35465599999999997 0.876402 0.378703 0.9640420000000001 0.38321900000000003 0.986519 0.455344 0.986519 0.456859 0.986519 0.45985899999999996 0.977523 0.45234399999999997 0.946075
50 0.433859 0.544042 0.47426599999999997 0.564182 0.48025 0.5999770000000001 0.516156 0.6424770000000001 0.5715 0.584322 0.622375 0.584322 0.628359 0.615631 0.614891 0.709603 0.589453 0.778949 0.5730000000000001 0.877383 0.556547 0.993715 0.785438 0.998178 0.783953 0.986799 0.780953 0.877173 0.812375 0.8503269999999999 0.837813 0.767547 0.855766 0.644509 0.887172 0.628855 0.882687 0.608715 0.870719 0.546075 0.8811880000000001 0.521472 0.864734 0.46778000000000003 0.875203 0.393949 0.8527659999999999 0.311168 0.792922 0.25972 0.748047 0.282103 0.715125 0.36264 0.7016560000000001 0.396192 0.7106410000000001 0.454346 0.656781 0.44988300000000003 0.605922 0.47672899999999996 0.526625 0.5192289999999999 0.49520299999999995 0.47448599999999996 0.463781 0.440935 0.44134399999999996 0.463294 0.433859 0.544042
24 0.886703 0.92028 0.891656 0.9128740000000001 0.9997339999999999 0.952921 0.9977499999999999 0.933645 1 0.8461679999999999 0.9997339999999999 0.469579 0.854969 0.454766 0.873812 0.49922900000000003 0.861906 0.5274070000000001 0.8827339999999999 0.594112 0.870844 0.619322 0.8678589999999999 0.6475 0.8351409999999999 0.7675930000000001 0.8133279999999999 0.850607 0.782594 0.868411 0.781609 0.895093 0.886703 0.92028
52 0.173641 0.715584 0.179469 0.70514 0.18179700000000001 0.71035 0.18179700000000001 0.701636 0.180641 0.694673 0.185297 0.680724 0.187625 0.666776 0.194625 0.642383 0.191125 0.6284350000000001 0.185297 0.579626 0.185297 0.569159 0.184125 0.558715 0.18179700000000001 0.551729 0.18179700000000001 0.553481 0.15382800000000002 0.544766 0.14450000000000002 0.543014 0.14217200000000002 0.543014 0.1375 0.543014 0.136344 0.543014 0.13517200000000001 0.543014 0.129344 0.544766 0.125844 0.546519 0.121188 0.55 0.11768700000000001 0.555234 0.104859 0.562196 0.104859 0.565678 0.116516 0.583107 0.118859 0.5953039999999999 0.121188 0.60229 0.12234400000000001 0.614486 0.125844 0.614486 0.139828 0.609252 0.14450000000000002 0.609252 0.15382800000000002 0.6214489999999999 0.15731299999999998 0.6319159999999999 0.158484 0.644112 0.160812 0.659813 0.160812 0.677243 0.160812 0.687687 0.163156 0.71035 0.16548400000000002 0.717336 0.163156 0.736495 0.159656 0.7469629999999999 0.160812 0.773107 0.180641 0.7835749999999999 0.173641 0.715584
54 0.277203 0.4349529999999999 0.279547 0.429977 0.278766 0.42764 0.274062 0.420304 0.258984 0.41532699999999995 0.252734 0.426168 0.250766 0.439042 0.252531 0.44315400000000005 0.258797 0.451332 0.2635 0.451051 0.273672 0.449299 0.273281 0.445771 0.277203 0.4349529999999999
78 0.164516 0.7785049999999999 0.176156 0.7785049999999999 0.181141 0.776846 0.183906 0.77021 0.176703 0.709766 0.168406 0.699813 0.162859 0.71472 0.156219 0.723832 0.155656 0.771051 0.164516 0.7785049999999999
78 0.230203 0.7507480000000001 0.25309400000000004 0.752687 0.256375 0.686192 0.234125 0.697921 0.246563 0.6725 0.234125 0.666612 0.230859 0.681285 0.230203 0.7507480000000001
54 0.491156 0.493271 0.483891 0.47803699999999993 0.472984 0.442173 0.440984 0.43238299999999996 0.435891 0.46607499999999996 0.4497030000000001 0.488925 0.476609 0.51285 0.490422 0.510678 0.491156 0.493271
54 0.45625 0.553084 0.462063 0.568294 0.468609 0.570467 0.478062 0.573738 0.482437 0.573738 0.49625 0.561776 0.497703 0.559603 0.49625 0.550911 0.488969 0.551986 0.470797 0.548715 0.4577030000000001 0.538949 0.45625 0.553084
54 0.143906 0.5229670000000001 0.156297 0.526402 0.159969 0.526402 0.178781 0.523668 0.182453 0.52229 0.17925 0.50993 0.176031 0.505818 0.165469 0.511986 0.156297 0.518154 0.154453 0.506495 0.15767199999999998 0.49619199999999997 0.134719 0.492079 0.12554700000000002 0.492079 0.12417199999999999 0.49619199999999997 0.12645299999999998 0.519533 0.143906 0.5229670000000001
52 0.2525 0.527477 0.23609399999999997 0.500234 0.226375 0.492944 0.20875 0.499322 0.188078 0.4975 0.180188 0.514766 0.184438 0.542033 0.199016 0.622921 0.23912499999999998 0.625631 0.23973399999999997 0.641075 0.257359 0.631098 0.259797 0.617453 0.2525 0.527477
52 0.233047 0.67743 0.230016 0.75014 0.23670299999999997 0.753785 0.254328 0.753785 0.2525 0.744696 0.2525 0.715607 0.254937 0.695607 0.2525 0.656542 0.255547 0.638364 0.24095300000000003 0.649252 0.233047 0.67743
27 0.539281 0.880117 0.540328 0.966846 0.539281 1 0.559312 0.998388 0.560359 0.8895790000000001 0.570906 0.887991 0.574078 0.870654 0.549828 0.861192 0.479172 0.842266 0.496047 0.813879 0.523453 0.7981069999999999 0.505531 0.7981069999999999 0.493938 0.812313 0.478109 0.821776 0.435937 0.812313 0.434875 0.8075700000000001 0.429609 0.810724 0.43804699999999996 0.8548829999999998 0.508687 0.876963 0.539281 0.880117
54 0.719391 0.597734 0.712453 0.577407 0.705203 0.560234 0.694031 0.556192 0.685875 0.561589 0.682844 0.580117 0.684359 0.581028 0.690703 0.584626 0.705203 0.593668 0.716984 0.605421 0.719391 0.597734
54 0.692375 0.685514 0.696609 0.6778269999999998 0.696609 0.676472 0.692984 0.671051 0.681203 0.655257 0.679984 0.664743 0.692375 0.685514