50 0.491078 0.478458 0.49776600000000004 0.564646 0.49776600000000004 0.5958330000000001 0.49776600000000004 0.627042 0.498891 0.641917 0.515609 0.6537919999999999 0.521172 0.650813 0.525625 0.65825 0.5535 0.647854 0.5713280000000001 0.589896 0.562406 0.558688 0.567984 0.478458 0.567984 0.46954199999999996 0.562406 0.44725000000000004 0.562406 0.43387499999999996 0.598078 0.396729 0.598078 0.369979 0.602531 0.337292 0.608109 0.297167 0.6092190000000001 0.218417 0.5925 0.20206200000000002 0.586922 0.188687 0.579125 0.166417 0.582469 0.126292 0.5612969999999999 0.102521 0.5389999999999999 0.11291699999999999 0.525625 0.138167 0.530094 0.184229 0.521172 0.193146 0.502234 0.196125 0.494422 0.22287500000000002 0.48551599999999995 0.28975 0.487734 0.33877100000000004 0.498891 0.34768699999999997 0.493313 0.380375 0.5 0.435354 0.502234 0.432396 0.494422 0.462104 0.491078 0.478458
50 0.142625 0.141146 0.13087500000000002 0.163521 0.12751600000000002 0.19260400000000003 0.132547 0.21720799999999998 0.117453 0.22168700000000002 0.10570299999999999 0.24183300000000002 0.119125 0.257479 0.099 0.250771 0.0721406 0.23735399999999998 0.0755 0.315646 0.0671094 0.338021 0.06543750000000001 0.382771 0.0738281 0.45435400000000004 0.08389060000000001 0.541604 0.0939531 0.5796250000000001 0.10234399999999999 0.619896 0.12751600000000002 0.675833 0.176172 0.718333 0.23825 0.6892499999999999 0.288594 0.769792 0.308719 0.879417 0.318797 0.986792 0.384234 0.986792 0.389266 0.982313 0.389266 0.9554790000000001 0.37415600000000004 0.942042 0.36409400000000003 0.942042 0.36409400000000003 0.924146 0.36409400000000003 0.897312 0.362422 0.857042 0.360734 0.830187 0.387578 0.881646 0.407719 0.897312 0.434563 0.9174380000000001 0.463094 0.921917 0.479859 0.897312 0.46979699999999996 0.877167 0.43959400000000004 0.854812 0.43623399999999996 0.8503329999999999 0.42785900000000004 0.830187 0.417781 0.792167 0.404359 0.747417 0.389266 0.6937289999999999 0.37584399999999996 0.6489790000000001 0.355703 0.6310830000000001 0.302016 0.599771 0.298656 0.584104 0.302016 0.563979 0.290266 0.543833 0.276844 0.543833 0.268453 0.537125 0.266781 0.521479 0.26175000000000004 0.510292 0.253359 0.490146 0.24832800000000002 0.465542 0.263422 0.443167 0.270141 0.42975 0.270141 0.405146 0.266781 0.382771 0.25671900000000003 0.360396 0.24832800000000002 0.34027100000000005 0.244969 0.317896 0.243281 0.295521 0.243281 0.268667 0.233219 0.257479 0.221469 0.27091699999999996 0.221469 0.268667 0.223156 0.250771 0.228187 0.244063 0.23825 0.23735399999999998 0.228187 0.214979 0.22985899999999998 0.20827099999999998 0.231547 0.19260400000000003 0.233219 0.183667 0.231547 0.163521 0.20637500000000003 0.141146 0.181203 0.1255 0.161078 0.127729 0.135906 0.143396 0.142625 0.141146
50 0.874328 0.165437 0.8758589999999999 0.167104 0.8758589999999999 0.166 0.8758589999999999 0.162292 0.876 0.155813 0.8757189999999999 0.151354 0.8739060000000001 0.148396 0.871406 0.145625 0.8694689999999999 0.148958 0.870844 0.15043700000000002 0.8723750000000001 0.153396 0.8725160000000001 0.156917 0.873219 0.162667 0.874328 0.165437
50 0.884703 0.173958 0.887719 0.178979 0.887344 0.194604 0.8892340000000001 0.19764600000000002 0.891875 0.19712500000000002 0.893016 0.183521 0.8915 0.170917 0.896797 0.16135400000000003 0.8964219999999999 0.153292 0.8896089999999999 0.14975 0.89075 0.144208 0.8899839999999999 0.140188 0.8858280000000001 0.143208 0.885453 0.14825 0.882437 0.153292 0.883563 0.168771 0.884703 0.173958
50 0.843047 0.170646 0.843047 0.170375 0.842844 0.168396 0.842422 0.167271 0.843469 0.16222899999999998 0.843891 0.160812 0.844938 0.15575 0.845578 0.151833 0.845359 0.147896 0.8440939999999999 0.145375 0.842844 0.143125 0.8422029999999999 0.140021 0.840094 0.13862500000000003 0.837359 0.143396 0.8348280000000001 0.145646 0.833359 0.148729 0.8337809999999999 0.15435400000000002 0.833562 0.157437 0.8337809999999999 0.161938 0.835047 0.168125 0.843047 0.170646
53 0.637578 0.709396 0.652688 0.445417 0.798656 0.521479 0.8422810000000001 0.0203542 0.661078 0.0449583 0.43623399999999996 0.0449583 0.42617200000000005 0.678063 0.637578 0.709396
26 0.0000625 0.652875 0.0033125000000000003 0.658646 0.00790625 0.661875 0.0130469 0.659354 0.0179063 0.6611670000000001 0.024125 0.664396 0.029796899999999998 0.669813 0.034125 0.671604 0.0362969 0.67775 0.0368281 0.684229 0.034937499999999996 0.6907289999999999 0.0325 0.718125 0.0338594 0.723896 0.040625 0.718479 0.0422344 0.6914370000000001 0.0446719 0.6654789999999999 0.0449531 0.652875 0.0400781 0.645292 0.0295312 0.643125 0.0200625 0.6420619999999999 0.0152031 0.644208 0.0025 0.646729 0.0000625 0.652875
26 0.0842656 0.679167 0.0876875 0.675354 0.095125 0.583896 0.0888281 0.578562 0.0876875 0.577042 0.0808281 0.574 0.0671094 0.574 0.0579687 0.579333 0.0488281 0.5846669999999999 0.0471094 0.586958 0.060828099999999996 0.6822079999999999 0.0842656 0.679167
50 0.914875 0.17547900000000002 0.917437 0.170375 0.917437 0.163125 0.916156 0.15631199999999998 0.914875 0.14993800000000002 0.913594 0.14737499999999998 0.913922 0.143125 0.909766 0.143979 0.909766 0.149083 0.910719 0.152479 0.9091250000000001 0.15462499999999998 0.9081720000000001 0.161437 0.9081720000000001 0.169083 0.910406 0.170792 0.910406 0.179729 0.9078440000000001 0.18314599999999998 0.908484 0.18825 0.9119999999999999 0.18527100000000002 0.9142340000000001 0.18825 0.914875 0.17547900000000002
50 0.99075 0.173042 0.99075 0.165604 0.99075 0.15618800000000002 0.988109 0.153833 0.9895780000000001 0.14954199999999998 0.988391 0.14483300000000002 0.985453 0.14483300000000002 0.984281 0.147187 0.984281 0.15306199999999998 0.9807499999999999 0.15579199999999999 0.981047 0.16364599999999999 0.9807499999999999 0.17343699999999998 0.979281 0.18087499999999998 0.9795780000000001 0.18754200000000001 0.9795780000000001 0.192229 0.979281 0.195375 0.9860469999999999 0.194187 0.9860469999999999 0.189896 0.98575 0.18714599999999998 0.9860469999999999 0.175 0.99075 0.173042
50 0.9305619999999999 0.170271 0.929953 0.172708 0.928266 0.174958 0.928266 0.177396 0.9293440000000001 0.18045799999999998 0.931328 0.18085400000000001 0.931938 0.179021 0.93225 0.176187 0.9336249999999999 0.173333 0.9352969999999999 0.171708 0.9377340000000001 0.173333 0.940188 0.173333 0.940953 0.169458 0.9377340000000001 0.16783299999999998 0.9354530000000001 0.16437500000000002 0.934234 0.16314599999999999 0.934234 0.15662500000000001 0.9336249999999999 0.154396 0.931938 0.152771 0.930875 0.151542 0.931016 0.149292 0.931016 0.146458 0.929797 0.145229 0.927969 0.14502099999999998 0.926141 0.14625000000000002 0.926594 0.150313 0.926437 0.15256299999999998 0.924906 0.153979 0.924906 0.159083 0.925219 0.163354 0.924766 0.16579200000000002 0.924 0.16822900000000002 0.9253750000000001 0.170688 0.9305619999999999 0.170271
50 0.9991559999999999 0.6578130000000001 0.9979530000000001 0.186 0.988922 0.196458 0.982297 0.21933299999999997 0.978078 0.234583 0.968437 0.29360400000000003 0.967234 0.30887499999999996 0.976875 0.36104200000000003 0.984094 0.37952100000000005 0.9895160000000001 0.41204199999999996 0.990734 0.41525 0.9925309999999999 0.42729199999999995 0.994938 0.474271 0.988922 0.498375 0.984094 0.5521879999999999 0.984703 0.583521 0.9852969999999999 0.6027920000000001 0.9852969999999999 0.625292 0.985906 0.6445620000000001 0.9979530000000001 0.6533960000000001 0.9991559999999999 0.6578130000000001
50 0.9010619999999999 0.148625 0.8996869999999999 0.152479 0.898 0.153917 0.898156 0.165729 0.9018280000000001 0.173458 0.901516 0.19056199999999998 0.9039529999999999 0.190167 0.9035 0.17387499999999997 0.9050309999999999 0.17081200000000002 0.9060940000000001 0.173042 0.906563 0.18527100000000002 0.907781 0.18506199999999998 0.907625 0.169792 0.908078 0.152292 0.9064059999999999 0.149438 0.9060940000000001 0.145354 0.9064059999999999 0.14168799999999998 0.9050309999999999 0.140479 0.9039529999999999 0.14027099999999998 0.901203 0.143313 0.9010619999999999 0.148625
50 0.8614219999999999 0.148229 0.8624219999999999 0.155625 0.865187 0.15629200000000001 0.871984 0.15629200000000001 0.870219 0.145896 0.867703 0.145896 0.8697190000000001 0.141521 0.8684689999999999 0.1385 0.8664529999999999 0.1385 0.864687 0.143542 0.865953 0.145896 0.8624219999999999 0.146229 0.8614219999999999 0.148229
26 0 0.7464580000000001 0.00715625 0.747604 0.0249844 0.7433960000000001 0.029296899999999997 0.736875 0.03275 0.709646 0.0350469 0.688562 0.0359063 0.6812710000000001 0.0353281 0.673604 0.0330312 0.668625 0.028437499999999998 0.6651670000000001 0.0252656 0.663625 0.0195156 0.660937 0.014921899999999998 0.6601870000000001 0.0094531203125 0.6594169999999999 0.00053125 0.6613330000000001 0 0.7464580000000001
26 0.478531 0.34904199999999996 0.45365599999999995 0.347979 0.45789099999999994 0.401958 0.47429699999999997 0.401604 0.478531 0.34904199999999996
50 0.8583589999999999 0.154125 0.858703 0.149438 0.85625 0.144292 0.854484 0.139125 0.854141 0.13866699999999998 0.8509840000000001 0.13818699999999998 0.8481719999999999 0.14568799999999998 0.846406 0.1485 0.845359 0.156479 0.845359 0.158812 0.845703 0.16256199999999998 0.846406 0.164917 0.8481719999999999 0.165375 0.8548439999999999 0.160208 0.8583589999999999 0.154125
50 0.939953 0.164604 0.941219 0.165188 0.9509529999999999 0.165188 0.950844 0.161229 0.9506410000000001 0.157562 0.949891 0.155021 0.948094 0.153896 0.9469369999999999 0.15318800000000002 0.9461869999999999 0.151646 0.943437 0.150667 0.942062 0.15362499999999998 0.942391 0.155729 0.9407970000000001 0.162354 0.939953 0.164604