50 0.48525999999999997 0.384249 0.4919 0.44472799999999996 0.48194 0.517891 0.4773 0.574121 0.48128 0.575176 0.52378 0.57623 0.5344 0.5857829999999999 0.5397000000000001 0.598498 0.53174 0.602748 0.5251 0.6271249999999999 0.53108 0.6366769999999999 0.5456799999999999 0.629265 0.549 0.617604 0.55432 0.606997 0.5437000000000001 0.5444089999999999 0.55498 0.534856 0.57424 0.5115339999999999 0.5676 0.45533500000000005 0.56096 0.42773199999999995 0.54834 0.394856 0.5344 0.370479 0.53706 0.369425 0.54104 0.3323 0.54038 0.301534 0.51978 0.291981 0.50518 0.295176 0.50252 0.308946 0.49722000000000005 0.318498 0.49656 0.351374 0.49588 0.36623 0.47996 0.38003200000000004 0.48525999999999997 0.384249
50 0.55802 0.612109 0.56984 0.611438 0.58956 0.611438 0.5930599999999999 0.598115 0.5930599999999999 0.588339 0.58692 0.556134 0.58692 0.546358 0.5974400000000001 0.541438 0.59524 0.530958 0.5983200000000001 0.516262 0.5992000000000001 0.5022679999999999 0.60402 0.491757 0.60358 0.48127800000000004 0.5935 0.46728400000000003 0.58036 0.46377 0.5694 0.482684 0.5716 0.507157 0.56896 0.516965 0.55802 0.5288499999999999 0.55276 0.537252 0.54706 0.534441 0.5426799999999999 0.551246 0.55276 0.610032 0.55802 0.612109
50 0.49572000000000005 0.366518 0.49478 0.330799 0.50358 0.297604 0.51334 0.290064 0.5278200000000001 0.296102 0.53474 0.266933 0.52562 0.245335 0.51114 0.24131 0.49886 0.250351 0.49633999999999995 0.26744399999999996 0.4998 0.27901 0.49572000000000005 0.29207700000000003 0.4888 0.311693 0.48408 0.339361 0.47966000000000003 0.34738 0.47526 0.36249200000000004 0.48218 0.377572 0.49572000000000005 0.366518
50 0.5712 0.477923 0.57938 0.46335499999999996 0.5803400000000001 0.460319 0.5901000000000001 0.46284299999999995 0.59292 0.461821 0.59512 0.45680499999999996 0.59608 0.448754 0.59638 0.438211 0.59638 0.42913700000000005 0.59638 0.417093 0.59324 0.409553 0.58096 0.404505 0.5724600000000001 0.406518 0.56712 0.41156499999999996 0.56428 0.420607 0.5636599999999999 0.434185 0.56932 0.449265 0.56838 0.456294 0.5712 0.477923
78 0.56156 0.928818 0.56224 0.9230989999999999 0.56316 0.9148240000000001 0.56316 0.9086899999999999 0.56262 0.902109 0.56224 0.8976679999999999 0.56236 0.888946 0.56224 0.880256 0.55904 0.8590730000000001 0.5574600000000001 0.846134 0.5575800000000001 0.8340580000000001 0.55626 0.8243130000000001 0.5556 0.8200639999999999 0.5556 0.812428 0.55706 0.805655 0.5587799999999999 0.798658 0.5587799999999999 0.794185 0.55386 0.788275 0.54272 0.7857190000000001 0.5325 0.78508 0.52176 0.785304 0.51194 0.788275 0.5098 0.7907989999999999 0.50954 0.798658 0.5098 0.817732 0.511 0.824505 0.50954 0.840415 0.5098 0.8541850000000001 0.50954 0.8620450000000001 0.5118 0.8590730000000001 0.51538 0.86099 0.5189600000000001 0.8662620000000001 0.5199 0.870511 0.51936 0.8726520000000001 0.51936 0.8745369999999999 0.52148 0.8781469999999999 0.52454 0.8807029999999999 0.52812 0.8832269999999999 0.5325 0.8857830000000001 0.53608 0.88853 0.53888 0.894696 0.54286 0.902939 0.54418 0.911853 0.54776 0.9230989999999999 0.55162 0.92754 0.5554600000000001 0.93476 0.55998 0.9309270000000001 0.56156 0.928818
78 0.2839 0.823323 0.28572000000000003 0.876773 0.27772 0.9000319999999999 0.285 0.9104789999999999 0.29481999999999997 0.9250160000000001 0.30210000000000004 0.94361 0.31301999999999996 0.917476 0.31192000000000003 0.898275 0.301 0.877955 0.29846 0.755911 0.30210000000000004 0.746006 0.29192 0.741374 0.27846 0.747764 0.2839 0.823323
78 0.72312 0.955048 0.7278 0.9244089999999999 0.73054 0.898786 0.73172 0.8881789999999999 0.7278 0.8769009999999999 0.72546 0.866901 0.71842 0.822524 0.7199800000000001 0.8000320000000001 0.7235 0.77377 0.73172 0.770032 0.73602 0.759393 0.7278 0.753131 0.71764 0.750032 0.7004199999999999 0.747508 0.6918 0.751885 0.6781200000000001 0.755016 0.67538 0.760639 0.68124 0.772524 0.68828 0.776262 0.69416 0.805655 0.69532 0.820671 0.69338 0.8300320000000001 0.7035399999999999 0.83754 0.7094199999999999 0.8412780000000001 0.7098 0.849425 0.70238 0.8631630000000001 0.7012 0.869425 0.7012 0.885655 0.7015800000000001 0.9119170000000001 0.7098 0.9256869999999999 0.71176 0.9456869999999999 0.71294 0.9631949999999999 0.7106 0.9719169999999999 0.7094199999999999 0.9888180000000001 0.7199800000000001 0.9869330000000001 0.72312 0.955048
78 0.45738 0.891821 0.4567 0.8560059999999999 0.44516 0.796358 0.43972 0.766006 0.44448000000000004 0.73345 0.4472 0.717188 0.45330000000000004 0.70853 0.4567 0.700927 0.44380000000000003 0.692268 0.4248 0.692268 0.40646 0.694409 0.40036 0.700927 0.41258 0.724792 0.42072000000000004 0.751917 0.41731999999999997 0.788786 0.41326 0.806134 0.4085 0.8234819999999999 0.40986 0.8321729999999999 0.40578 0.8408309999999999 0.40102 0.8701279999999999 0.40646 0.892907 0.41054 0.903738 0.4146 0.911342 0.42072000000000004 0.903738 0.43226 0.903738 0.43838 0.921086 0.44107999999999997 0.9286900000000001 0.4506 0.915655 0.45738 0.891821
78 0.70572 0.997412 0.71262 0.964313 0.7106399999999999 0.9390729999999999 0.7017599999999999 0.915431 0.69978 0.8618210000000001 0.7116399999999999 0.8444729999999999 0.69782 0.8302879999999999 0.68104 0.823962 0.65636 0.8334189999999999 0.65142 0.842875 0.6603 0.858658 0.65734 0.896518 0.64648 0.9248879999999999 0.64352 0.9422360000000001 0.6455 0.975335 0.65734 1 0.70572 0.997412
78 0.12768000000000002 0.952236 0.12440000000000001 0.9818530000000001 0.12768000000000002 0.9949520000000001 0.15006 1 0.1697 0.9949520000000001 0.17354 0.947859 0.17462 0.9356549999999999 0.1719 0.924313 0.16644 0.8877 0.16808 0.8415020000000001 0.17516 0.828435 0.17354 0.819712 0.14352 0.8179550000000001 0.12932 0.8327800000000001 0.13368 0.845847 0.14352 0.877252 0.13696 0.901661 0.13206 0.930415 0.12768000000000002 0.952236
78 0.12976 0.808658 0.12229999999999999 0.8049200000000001 0.1139 0.810895 0.11156 0.8362299999999999 0.1153 0.87278 0.11062000000000001 0.904121 0.11295999999999999 0.9123319999999999 0.12415999999999999 0.900383 0.13069999999999998 0.907093 0.12976 0.896677 0.12604 0.846677 0.12976 0.808658
78 0.1663 0.760192 0.16984 0.735335 0.17478 0.718371 0.1663 0.709329 0.14718 0.716102 0.15568 0.730799 0.15072 0.800895 0.15461472785556343 0.8133087593480846 0.15498 0.814473 0.15717018833565938 0.8152540294253577 0.17692 0.8302880000000001 0.17124 0.815591 0.17124 0.800895 0.1663 0.760192
78 0.1155 0.737476 0.1001 0.736006 0.0964 0.750288 0.09086 0.781789 0.09548 0.802939 0.09548 0.808339 0.10134 0.80885 0.11028 0.810799 0.1232 0.802939 0.13246 0.802428 0.13646 0.799489 0.1306 0.756198 0.12844 0.737476 0.1155 0.737476
78 0.19036 0.8698719999999999 0.18328 0.841597 0.17692 0.8302880000000001 0.16842 0.855176 0.17124 0.8811820000000001 0.18186 0.875527 0.19036 0.8698719999999999
78 0.2029 0.8395529999999999 0.20476 0.829137 0.20804 0.814952 0.21036000000000002 0.7769010000000001 0.21458000000000002 0.765719 0.20664 0.759744 0.19122 0.758275 0.18936 0.7642169999999999 0.19122 0.774665 0.19590000000000002 0.776166 0.19122 0.8485300000000001 0.19075999999999999 0.8701599999999999 0.19496 0.869393 0.2071 0.870895 0.20804 0.8455269999999999 0.2029 0.8395529999999999
78 0.75878 1 0.7609 0.9909899999999999 0.77506 0.928818 0.77152 0.8711499999999999 0.77222 0.841757 0.7707999999999999 0.822524 0.7764800000000001 0.819137 0.78638 0.811214 0.78638 0.806709 0.78214 0.794281 0.74958 0.787476 0.72834 0.7886259999999999 0.72834 0.802173 0.7311799999999999 0.815751 0.734 0.8236739999999999 0.73826 0.845144 0.73612 0.876805 0.73046 0.897157 0.72976 0.920895 0.7219800000000001 0.9695210000000001 0.72056 0.985335 0.7248 1 0.7439199999999999 1 0.75878 1
78 0.8462 0.866901 0.84414 0.8498400000000002 0.84578 0.831438 0.85236 0.816358 0.8573 0.802556 0.85482 0.796006 0.84784 0.790096 0.8351 0.787444 0.81906 0.787444 0.80878 0.790096 0.80302 0.796645 0.8055 0.815048 0.81866 0.817668 0.8305800000000001 0.823578 0.83428 0.829489 0.83428 0.84262 0.82564 0.8465499999999999 0.8207 0.85246 0.81824 0.8629710000000002 0.81824 0.8754630000000001 0.81824 0.8820129999999999 0.8198800000000002 0.8892329999999999 0.8207 0.8931949999999999 0.8388 0.8951439999999999 0.84824 0.9017250000000001 0.85482 0.908275 0.85112 0.885304 0.8462 0.866901
78 0.8447 0.926997 0.84342 0.930064 0.8431 0.9356870000000002 0.84278 0.9453989999999999 0.84086 0.960767 0.83766 0.984281 0.84246 0.984281 0.85174 0.979681 0.85432 0.974058 0.8572 0.9663900000000001 0.8604 0.952045 0.85944 0.9351759999999999 0.85624 0.916741 0.8527 0.9244089999999999 0.8447 0.926997
78 0.77174 0.829968 0.78124 0.840927 0.78916 0.869585 0.78546 0.889808 0.7764800000000001 0.9294250000000001 0.7659400000000001 0.969042 0.7590800000000001 0.999393 0.80128 0.999393 0.81236 0.966518 0.81396 0.9420769999999999 0.8155399999999999 0.9269009999999999 0.80498 0.9201600000000001 0.79812 0.908371 0.79918 0.897412 0.82028 0.895719 0.81712 0.873802 0.82292 0.8485300000000001 0.83294 0.840927 0.8345199999999999 0.823227 0.8181799999999999 0.814824 0.80498 0.813131 0.78652 0.813131 0.7727999999999999 0.8223959999999999 0.77174 0.829968
14 0.02856 0.23274799999999998 0.030420000000000003 0.240958 0.03462 0.250639 0.0365 0.25884999999999997 0.05378 0.265559 0.06172 0.25587899999999997 0.06404 0.24019200000000002 0.06264 0.23571899999999998 0.05378 0.223035 0.04256 0.21035099999999998 0.03322 0.19396200000000002 0.03182 0.19766799999999998 0.030899999999999997 0.201406 0.02996 0.20738 0.02902 0.21482400000000001 0.02996 0.236454 0.02856 0.23274799999999998
14 0.08892 0.5827800000000001 0.08764 0.603227 0.09852 0.622971 0.10790000000000001 0.630128 0.11856 0.628083 0.12708 0.618562 0.13328 0.600511 0.13412000000000002 0.572907 0.12454000000000001 0.557604 0.11023999999999999 0.552492 0.10022 0.558275 0.09381999999999999 0.565751 0.08892 0.5827800000000001
78 0.6917000000000001 0.638243 0.6835800000000001 0.687316 0.67726 0.70607 0.67544 0.733514 0.7034600000000001 0.733514 0.72604 0.747955 0.7332799999999999 0.760927 0.72334 0.785463 0.7224400000000001 0.827348 0.73146 0.820128 0.7332799999999999 0.789808 0.7531599999999999 0.7797120000000001 0.78118 0.78115 0.78298 0.710415 0.7667200000000001 0.6526839999999999 0.76038 0.626677 0.7549600000000001 0.59492 0.75586 0.553067 0.75948 0.5386259999999999 0.7423200000000001 0.534313 0.71972 0.535751 0.70164 0.5415340000000001 0.69804 0.5444089999999999 0.70164 0.5862620000000001 0.6917000000000001 0.638243
14 0.08832 0.602268 0.0889 0.5833229999999999 0.09368000000000001 0.566901 0.08746 0.565272 0.07544 0.570128 0.07138 0.57639 0.0685 0.586102 0.06645999999999999 0.5962620000000001 0.06734 0.609233 0.07008 0.61869 0.07936 0.6261019999999999 0.08732 0.62655 0.09658 0.61869 0.08832 0.602268