14 0.378563 0.868985 0.391281 0.889205 0.400828 0.893687 0.669641 0.9251659999999999 0.933672 0.900442 0.949578 0.549868 0.933672 0.122914 0.9241250000000001 0.116159 0.6648590000000001 0.09145700000000001 0.388109 0.109426 0.384922 0.127395 0.365828 0.459978 0.378563 0.868985
14 0.32999999999999996 0.47973499999999997 0.344344 0.470728 0.350719 0.450442 0.34593799999999997 0.268013 0.347531 0.12386299999999999 0.347531 0.11035299999999999 0.34275 0.0945916004415011 0.333188 0.09008830022075055 0.168984 0.09008830022075055 0.103625 0.09008830022075055 0.09246879999999999 0.09008830022075055 0.0812969 0.09008830022075055 0.0749219 0.09684330022075055 0.0701406 0.11035299999999999 0.0701406 0.12386299999999999 0.0717344 0.41666699999999995 0.0717344 0.439183 0.0749219 0.461722 0.0812969 0.475232 0.0892813 0.477483 0.0988437 0.47973499999999997 0.10203100000000001 0.481987 0.294922 0.47973499999999997 0.32999999999999996 0.47973499999999997
14 0.353109 0.894393 0.348344 0.552804 0.338797 0.496623 0.07634379999999999 0.505607 0.063625 0.523598 0.0731719 0.860684 0.0842969 0.894393 0.34356200000000003 0.896623 0.353109 0.894393
19 0.14801599999999998 0.769382 0.155484 0.7663800000000001 0.160109 0.7623399999999999 0.157266 0.761347 0.15085900000000002 0.7543050000000001 0.146937 0.745254 0.137125 0.7337090000000001 0.11832800000000002 0.7094480000000001 0.10606199999999999 0.6932670000000001 0.0913438 0.67479 0.0905156 0.6770860000000001 0.101156 0.704812 0.11504700000000001 0.731391 0.146125 0.7683439999999999 0.14801599999999998 0.769382
19 0.291141 0.844768 0.308047 0.849448 0.309563 0.837947 0.285391 0.836225 0.291141 0.844768
19 0.341578 0.848168 0.341578 0.835386 0.318922 0.838366 0.317406 0.85245 0.341578 0.848168
19 0.334766 0.8034880000000001 0.326109 0.7964019999999999 0.23768699999999998 0.797042 0.23768699999999998 0.807351 0.334766 0.8034880000000001
19 0.0902656 0.655695 0.0981719 0.640044 0.0902656 0.5684549999999999 0.0775937 0.566203 0.0902656 0.655695
19 0.159656 0.80479 0.204516 0.807506 0.22076600000000002 0.8113469999999999 0.223469 0.806424 0.21534399999999998 0.802605 0.182094 0.793863 0.155781 0.791678 0.147281 0.791678 0.146125 0.797682 0.159656 0.80479
19 0.10078100000000001 0.7064239999999999 0.10078100000000001 0.71106 0.102406 0.741589 0.10470299999999999 0.773046 0.11584399999999999 0.781391 0.12140599999999999 0.774901 0.1165 0.760088 0.11125 0.7249230000000001 0.102078 0.710132 0.10078100000000001 0.7064239999999999
15 0.235578 0.466115 0.325984 0.466115 0.33490600000000004 0.451921 0.338266 0.396733 0.33490600000000004 0.163355 0.324859 0.138124 0.311469 0.116049 0.295844 0.108168 0.2445 0.103444 0.221062 0.100287 0.199859 0.11763799999999999 0.187578 0.123929 0.165266 0.122362 0.154094 0.106578 0.140703 0.119205 0.13178099999999998 0.123929 0.10610900000000001 0.1334 0.0927188 0.155475 0.08825 0.209095 0.08489060000000001 0.26585 0.0893594 0.30843299999999996 0.0971719 0.35414999999999996 0.10164100000000001 0.41565100000000005 0.10275000000000001 0.448764 0.17865599999999998 0.46454700000000004 0.235578 0.466115
19 0.226141 0.553974 0.251625 0.536711 0.25268799999999997 0.54872 0.277625 0.530728 0.284531 0.5262249999999999 0.26701600000000003 0.5224719999999999 0.254281 0.526976 0.25321899999999997 0.526976 0.255344 0.5187200000000001 0.23198400000000002 0.5329579999999999 0.20279699999999998 0.556954 0.191656 0.5779470000000001 0.179969 0.590706 0.18740600000000002 0.5929580000000001 0.228797 0.568962 0.226141 0.553974
19 0.283078 0.555298 0.2815 0.555298 0.274109 0.56053 0.279906 0.56574 0.288891 0.570221 0.29996900000000004 0.5679909999999999 0.322156 0.5649890000000001 0.333234 0.55755 0.34643799999999997 0.55755 0.348016 0.547086 0.344328 0.552318 0.333234 0.552318 0.322156 0.552318 0.30156299999999997 0.55755 0.2815 0.55755 0.283078 0.555298