77 0.265212 0.252892 0.274265 0.254902 0.283317 0.255915 0.294379 0.255915 0.294379 0.25187899999999996 0.303431 0.254902 0.35774500000000004 0.250376 0.365278 0.253889 0.368807 0.247859 0.37433 0.25993499999999997 0.43416699999999997 0.256405 0.432663 0.24534299999999998 0.44624199999999997 0.241324 0.465343 0.24233700000000002 0.46634 0.23730400000000001 0.43416699999999997 0.216193 0.399477 0.20261400000000002 0.342157 0.201095 0.30142199999999997 0.21065399999999998 0.267222 0.226748 0.249624 0.233791 0.24862700000000001 0.241324 0.24862700000000001 0.24383999999999997 0.255163 0.250882 0.265212 0.252892
22 0.286422 0.319951 0.285866 0.36347999999999997 0.292042 0.384559 0.304118 0.37668300000000005 0.326029 0.371062 0.332222 0.394101 0.338121 0.379216 0.342042 0.338203 0.3325 0.318546 0.29429700000000003 0.315735 0.286422 0.319951
50 0.858007 0.26790800000000004 0.844641 0.270131 0.84732 0.277271 0.861127 0.293317 0.8660460000000001 0.294216 0.87049 0.282173 0.87049 0.270588 0.870049 0.262108 0.8540030000000001 0.25720600000000005 0.8562249999999999 0.266569 0.858007 0.26790800000000004
66 0.458497 0.595294 0.48851300000000003 0.606209 0.525359 0.593922 0.539003 0.565278 0.526716 0.5325329999999999 0.504886 0.49978799999999995 0.462598 0.48341500000000004 0.432582 0.477958 0.402565 0.48751600000000006 0.39165 0.505245 0.39848 0.5161600000000001 0.402565 0.5379900000000001 0.432582 0.57482 0.458497 0.595294
36 0.8564050000000001 0.738807 0.909134 0.740065 0.919183 0.7225 0.924199 0.702402 0.927974 0.678562 0.9304740000000001 0.640899 0.9304740000000001 0.638382 0.8212579999999999 0.650931 0.83884 0.735049 0.8564050000000001 0.738807
36 0.974216 0.758562 0.991765 0.751552 1 0.676095 0.998791 0.6374839999999999 0.97598 0.621683 0.9478920000000001 0.623448 0.923333 0.61817 0.89701 0.616422 0.874199 0.6269440000000001 0.8847220000000001 0.639232 0.91982 0.640997 0.932108 0.648007 0.932108 0.669069 0.932108 0.700654 0.926846 0.716454 0.91982 0.732239 0.923333 0.7445259999999999 0.9338559999999999 0.751552 0.974216 0.758562
77 0.345801 0.266944 0.32006500000000004 0.26029399999999997 0.302631 0.25531 0.28354599999999996 0.26361100000000004 0.279395 0.270261 0.285196 0.275245 0.345801 0.274412 0.345801 0.266944
22 0.373954 0.32683 0.398546 0.339967 0.423121 0.328529 0.42609500000000006 0.334461 0.405327 0.347173 0.397271 0.376422 0.40490200000000004 0.37727099999999997 0.42694400000000005 0.406095 0.43668300000000004 0.418382 0.43923199999999996 0.42093100000000006 0.452369 0.42050699999999996 0.44982000000000005 0.410327 0.44601299999999994 0.372614 0.45364400000000005 0.364559 0.454918 0.36243499999999995 0.45279400000000003 0.354379 0.45152000000000003 0.35565399999999997 0.44601299999999994 0.363709 0.44093099999999996 0.36668300000000004 0.429477 0.359902 0.435408 0.345065 0.43287600000000004 0.320899 0.379886 0.319199 0.373954 0.32683
36 0.924314 0.898824 0.9288730000000001 0.898824 0.948938 0.8031050000000001 0.948938 0.796732 0.936176 0.7611760000000001 0.867794 0.744755 0.8605069999999999 0.742941 0.854118 0.741111 0.847745 0.742941 0.838627 0.7465849999999999 0.830408 0.752059 0.8258500000000001 0.753873 0.828595 0.7684639999999999 0.823121 0.771193 0.8103589999999999 0.82317 0.815833 0.8742159999999999 0.818562 0.8842479999999999 0.822206 0.887892 0.855948 0.896095 0.924314 0.898824
66 0.775637 0.727141 0.771127 0.654771 0.737206 0.597124 0.713464 0.5858169999999999 0.687451 0.5733820000000001 0.64902 0.577892 0.627533 0.593725 0.612843 0.625376 0.6117159999999999 0.6977450000000001 0.62415 0.738448 0.6693629999999999 0.785931 0.704412 0.790441 0.697631 0.789314 0.738333 0.781405 0.775637 0.727141
22 1 0.506977 0.945049 0.500784 0.9140689999999999 0.502337 0.906324 0.5075 0.8985780000000001 0.51781 0.888775 0.5369120000000001 0.8815360000000001 0.557565 0.8696729999999999 0.584412 0.867092 0.604036 0.871225 0.620556 0.941422 0.626225 0.989444 0.627271 1 0.561176 1 0.506977
2 0.939771 0.837598 0.945735 0.814461 0.9472220000000001 0.789853 0.9427449999999999 0.769722 0.933056 0.757778 0.924853 0.757026 0.898742 0.7525649999999999 0.88085 0.749575 0.859216 0.736895 0.848775 0.738382 0.842794 0.7443460000000001 0.833105 0.7525649999999999 0.828627 0.760016 0.828627 0.768971 0.820425 0.7950820000000001 0.809232 0.834608 0.939771 0.837598