28 0.364047 0.626112 0.363469 0.6186569999999999 0.364047 0.614188 0.361141 0.6186569999999999 0.34314100000000003 0.62014 0.327469 0.626112 0.315859 0.63505 0.31528100000000003 0.643968 0.317016 0.642485 0.319922 0.6410020000000001 0.324562 0.644729 0.326891 0.647695 0.331531 0.645471 0.333281 0.638758 0.335016 0.636533 0.337922 0.636533 0.357078 0.63505 0.358812 0.632806 0.361719 0.631323 0.360563 0.633547 0.364047 0.637275 0.364047 0.626112
11 0.379203 0.517455 0.374984 0.502665 0.38904700000000003 0.49186399999999997 0.37160899999999997 0.427675 0.367109 0.387315 0.315109 0.499058 0.371047 0.506393 0.370484 0.513607 0.358969 0.516493 0.355594 0.506393 0.34996900000000003 0.5060319999999999 0.350813 0.519018 0.341531 0.521182 0.346875 0.53006 0.38004699999999997 0.528257 0.379203 0.517455
11 0.0839063 0.498878 0.0806094 0.498878 0.0806094 0.5135270000000001 0.133297 0.513808 0.178953 0.5140880000000001 0.178953 0.505351 0.178734 0.497194 0.180484 0.487615 0.177859 0.48733499999999996 0.176984 0.48988 0.159641 0.488457 0.159859 0.40176399999999995 0.15787500000000002 0.446794 0.155688 0.491002 0.123203 0.49128299999999997 0.12056199999999999 0.500301 0.0834688 0.49971899999999997 0.0839063 0.498878
50 0.648281 0.550601 0.650172 0.551683 0.651438 0.551683 0.652062 0.553567 0.652062 0.555972 0.653734 0.55517 0.655828 0.555711 0.658984 0.558136 0.659609 0.5616230000000001 0.660234 0.56485 0.658141 0.5710419999999999 0.657297 0.577495 0.6570940000000001 0.583948 0.6524840000000001 0.5879759999999999 0.647234 0.58986 0.643891 0.592545 0.643891 0.59523 0.645984 0.599259 0.6470309999999999 0.5987370000000001 0.652062 0.5971139999999999 0.6560469999999999 0.598196 0.658344 0.600621 0.657516 0.623186 0.657297 0.632345 0.655 0.642545 0.656469 0.6473949999999999 0.660031 0.662184 0.6627500000000001 0.674269 0.6627500000000001 0.681804 0.660656 0.6852910000000001 0.655 0.6879959999999999 0.653312 0.689599 0.659609 0.6914830000000001 0.667984 0.692285 0.672187 0.692285 0.678266 0.691222 0.681609 0.69014 0.679938 0.682345 0.679312 0.6761520000000001 0.6780470000000001 0.66998 0.676375 0.6608419999999999 0.6747029999999999 0.6460520000000001 0.6740630000000001 0.625892 0.678687 0.61513 0.6788909999999999 0.600341 0.681609 0.5866330000000001 0.680562 0.572104 0.6747029999999999 0.555972 0.668203 0.550341 0.666516 0.548717 0.668625 0.54523 0.670922 0.542265 0.664422 0.535812 0.656672 0.532585 0.651016 0.535812 0.649547 0.5420039999999999 0.6497499999999999 0.547114 0.647859 0.549539 0.648281 0.550601
50 0.7604059999999999 0.688497 0.756094 0.671403 0.754531 0.651804 0.757672 0.64022 0.759625 0.627154 0.766297 0.611563 0.760797 0.5979960000000001 0.749047 0.593968 0.7506090000000001 0.588437 0.749437 0.586433 0.742375 0.5738479999999999 0.732969 0.588437 0.732969 0.5934670000000001 0.741594 0.595972 0.739625 0.600501 0.7404219999999999 0.611563 0.741203 0.63018 0.738063 0.646273 0.7474689999999999 0.651804 0.74825 0.6608419999999999 0.748656 0.682966 0.741203 0.687495 0.7604059999999999 0.688497
50 0.469953 0.553727 0.470594 0.528818 0.46542199999999995 0.512224 0.464125 0.504749 0.45959399999999995 0.505571 0.45959399999999995 0.522184 0.462188 0.542104 0.458953 0.555391 0.461531 0.572826 0.45959399999999995 0.579459 0.469953 0.5786370000000001 0.469953 0.553727
50 0.802109 0.649519 0.801328 0.625391 0.801328 0.617335 0.8056409999999999 0.601242 0.8056409999999999 0.596733 0.804078 0.587174 0.8064220000000001 0.5670540000000001 0.8064220000000001 0.5605209999999999 0.8032809999999999 0.5509620000000001 0.8032809999999999 0.54996 0.7993750000000001 0.544429 0.797016 0.538898 0.794266 0.5303610000000001 0.789953 0.526333 0.782125 0.529339 0.776234 0.533868 0.778594 0.538397 0.779766 0.545431 0.781719 0.5489580000000001 0.782906 0.5509620000000001 0.7868280000000001 0.5559919999999999 0.783687 0.566553 0.784469 0.5791179999999999 0.787219 0.588176 0.785641 0.6082970000000001 0.783297 0.637956 0.785641 0.658076 0.7868280000000001 0.6686369999999999 0.783687 0.672645 0.785641 0.676673 0.8064220000000001 0.671643 0.802109 0.649519
50 0.895187 0.5365329999999999 0.897219 0.5365329999999999 0.8982340000000001 0.523928 0.8995939999999999 0.522625 0.901969 0.534649 0.9054690000000001 0.5337879999999999 0.903656 0.513507 0.904672 0.51004 0.906188 0.509178 0.907953 0.5028859999999999 0.906188 0.50004 0.906625 0.493747 0.904844 0.48976000000000003 0.9003909999999999 0.49090199999999995 0.9003909999999999 0.49603200000000003 0.896828 0.49831699999999995 0.893266 0.509178 0.8950469999999999 0.52515 0.8955 0.534289 0.895187 0.5365329999999999
50 0.560984 0.5477350000000001 0.561859 0.538758 0.563391 0.533988 0.567125 0.5283570000000001 0.568875 0.52499 0.568875 0.524148 0.5649219999999999 0.520501 0.562078 0.517976 0.560109 0.5154510000000001 0.559891 0.512345 0.559891 0.507014 0.559016 0.503928 0.555734 0.500842 0.552234 0.500281 0.550687 0.50505 0.5513440000000001 0.5101 0.551562 0.514028 0.5493750000000001 0.517695 0.5485 0.52499 0.548719 0.5294789999999999 0.549594 0.532866 0.5500309999999999 0.536794 0.5485 0.5429660000000001 0.548063 0.5499999999999999 0.548063 0.557014 0.5485 0.564028 0.5500309999999999 0.568257 0.5524530000000001 0.567415 0.554422 0.5609419999999999 0.555516 0.5525249999999999 0.556391 0.5572950000000001 0.556391 0.56489 0.557922 0.569098 0.561203 0.5660120000000001 0.561203 0.555611 0.560984 0.5477350000000001
50 0.527672 0.5484169999999999 0.5280940000000001 0.5537880000000001 0.52825 0.561383 0.532438 0.5608420000000001 0.532438 0.5482360000000001 0.532141 0.536553 0.533016 0.5317430000000001 0.534312 0.522465 0.535172 0.510802 0.531281 0.505792 0.529984 0.504128 0.529828 0.50024 0.528672 0.497455 0.526516 0.49597199999999997 0.523328 0.498016 0.522312 0.5015229999999999 0.524484 0.506172 0.524922 0.5117229999999999 0.524047 0.519138 0.524047 0.52024 0.519578 0.522104 0.520875 0.527114 0.5252030000000001 0.527655 0.524781 0.527655 0.524047 0.546934 0.527672 0.5484169999999999
50 0.372594 0.516733 0.374312 0.516333 0.375109 0.513126 0.376203 0.513327 0.376672 0.5155310000000001 0.37839100000000003 0.525972 0.380594 0.53 0.38184399999999996 0.527375 0.382 0.521764 0.382 0.522966 0.383094 0.528597 0.3845 0.528597 0.385594 0.526373 0.38607800000000003 0.521964 0.38575 0.514128 0.38654700000000003 0.5099 0.386234 0.502665 0.383875 0.501864 0.38075000000000003 0.500661 0.38075000000000003 0.49563100000000004 0.37839100000000003 0.492826 0.37651599999999996 0.49523 0.37589100000000003 0.498657 0.375734 0.502665 0.373219 0.503868 0.372438 0.508297 0.372125 0.516733 0.372594 0.516733
50 0.7649060000000001 0.565711 0.765656 0.571022 0.769031 0.578257 0.766781 0.586453 0.7645310000000001 0.5941679999999999 0.7645310000000001 0.6018840000000001 0.762641 0.605251 0.7649060000000001 0.609118 0.768281 0.608637 0.767531 0.631303 0.770172 0.648176 0.7716719999999999 0.648657 0.7757970000000001 0.672766 0.772797 0.684329 0.775047 0.6852910000000001 0.779563 0.682886 0.784453 0.679038 0.783328 0.670842 0.782188 0.643347 0.782953 0.628397 0.785578 0.6148899999999999 0.788203 0.600922 0.7863279999999999 0.59513 0.787453 0.583547 0.785203 0.571022 0.7840779999999999 0.5666730000000001 0.782953 0.558477 0.781062 0.55511 0.7761720000000001 0.5546289999999999 0.771297 0.553667 0.767531 0.5637880000000001 0.7649060000000001 0.565711
50 0.8708589999999999 0.513186 0.8532500000000001 0.5189980000000001 0.8507339999999999 0.528677 0.844187 0.534489 0.844187 0.539639 0.851234 0.540301 0.8658279999999999 0.534489 0.879922 0.536413 0.882437 0.528036 0.885953 0.51513 0.887469 0.506092 0.882437 0.500922 0.882437 0.49511 0.881422 0.488657 0.875891 0.48673299999999997 0.872875 0.492545 0.872875 0.49833700000000003 0.8748910000000001 0.500922 0.8723750000000001 0.513186 0.8708589999999999 0.513186
50 0.761531 0.515932 0.761531 0.5076149999999999 0.7592190000000001 0.50523 0.755969 0.500481 0.753188 0.4999 0.749484 0.4999 0.747641 0.503447 0.747641 0.5076149999999999 0.7471720000000001 0.515331 0.749031 0.518898 0.751344 0.518898 0.750422 0.525431 0.750875 0.5289980000000001 0.752266 0.5272140000000001 0.760609 0.524248 0.761531 0.515932
50 0.49389099999999997 0.524248 0.495672 0.532204 0.495672 0.541864 0.498328 0.562325 0.501875 0.5662929999999999 0.500984 0.558918 0.500094 0.548677 0.502313 0.536172 0.508953 0.530501 0.505859 0.5196989999999999 0.501875 0.5117430000000001 0.500984 0.503206 0.49478099999999997 0.503788 0.492125 0.510601 0.49478099999999997 0.5145689999999999 0.49389099999999997 0.524248
11 0.286656 0.47294600000000003 0.304063 0.481543 0.322813 0.481543 0.331188 0.469519 0.333531 0.419279 0.32984399999999997 0.419699 0.327828 0.469519 0.318125 0.47294600000000003 0.313437 0.463507 0.301047 0.466072 0.300375 0.426132 0.297031 0.425711 0.29735900000000004 0.46136299999999997 0.29468700000000003 0.46264500000000003 0.292672 0.46436900000000003 0.293344 0.472084 0.286984 0.47122200000000003 0.286656 0.47294600000000003
11 0.8275159999999999 0.533687 0.8318749999999999 0.5372549999999999 0.8441560000000001 0.539279 0.871516 0.536232 0.8719060000000001 0.520481 0.8505 0.523026 0.831469 0.531663 0.8275159999999999 0.533687
11 0.794203 0.523507 0.785875 0.5046889999999999 0.786281 0.474188 0.7854840000000001 0.452846 0.7835 0.395391 0.781516 0.38014000000000003 0.7787499999999999 0.378617 0.7743909999999999 0.383707 0.768437 0.39589199999999997 0.758922 0.42334700000000003 0.7478279999999999 0.452325 0.7351409999999999 0.47775599999999996 0.725625 0.49350700000000003 0.747437 0.50012 0.747437 0.509279 0.745453 0.511804 0.7434689999999999 0.517916 0.749422 0.527054 0.753375 0.5260520000000001 0.793813 0.524529 0.794203 0.523507
11 0.810672 0.487916 0.801812 0.496433 0.802375 0.507054 0.863734 0.511323 0.8239380000000001 0.375892 0.807906 0.47019999999999995 0.810672 0.487916
50 0.546281 0.54493 0.547984 0.540281 0.547984 0.534068 0.547984 0.526613 0.5487029999999999 0.51978 0.5487029999999999 0.5157309999999999 0.54725 0.513246 0.54725 0.510461 0.5457970000000001 0.507655 0.5433749999999999 0.506112 0.5407029999999999 0.507034 0.53925 0.5101399999999999 0.5387660000000001 0.511082 0.539984 0.513567 0.539984 0.516353 0.541188 0.519158 0.5414380000000001 0.5219440000000001 0.5404690000000001 0.526293 0.540953 0.532505 0.5407029999999999 0.539659 0.539984 0.54493 0.540219 0.5499 0.541188 0.550842 0.541922 0.553948 0.546281 0.552084 0.546281 0.54493
11 0.582313 0.462585 0.576156 0.457275 0.561125 0.457916 0.5609219999999999 0.464128 0.558094 0.464389 0.558094 0.46996 0.570812 0.47019999999999995 0.578469 0.469699 0.585328 0.46996 0.587359 0.469178 0.588469 0.466192 0.588766 0.46503 0.585734 0.464128 0.582313 0.462585
11 0.49896900000000005 0.532906 0.49446899999999994 0.52984 0.49446899999999994 0.521663 0.497109 0.511102 0.493672 0.480802 0.487297 0.433447 0.477203 0.362946 0.474547 0.349659 0.464984 0.35477 0.470031 0.362265 0.463656 0.36976000000000003 0.456484 0.382024 0.44240599999999997 0.422906 0.434438 0.43753499999999995 0.422234 0.471944 0.399656 0.507034 0.431531 0.517916 0.43310899999999997 0.533928 0.43126600000000004 0.546533 0.43099999999999994 0.550621 0.43126600000000004 0.562545 0.43284399999999995 0.567655 0.45489100000000005 0.566974 0.471094 0.562886 0.510922 0.564248 0.530578 0.5608420000000001 0.526859 0.541082 0.509328 0.543808 0.494203 0.540741 0.489953 0.541764 0.47029699999999997 0.544148 0.49896900000000005 0.532906
11 0.9588749999999999 0.46649300000000005 0.9299839999999999 0.465772 0.917328 0.46507 0.919797 0.472124 0.957484 0.472826 0.9588749999999999 0.46649300000000005
11 0.7176720000000001 0.46454900000000005 0.705734 0.462625 0.6963440000000001 0.462906 0.692297 0.46781599999999995 0.7142660000000001 0.468377 0.7176720000000001 0.46454900000000005