11 0.5097970000000001 0.7356790000000001 0.5097970000000001 0.731274 0.5031410000000001 0.719446 0.480656 0.706177 0.463172 0.6722159999999999 0.456516 0.666316 0.41321899999999995 0.658947 0.405734 0.670748 0.396578 0.712078 0.392406 0.725374 0.39075000000000004 0.729778 0.39075000000000004 0.737175 0.43320299999999995 0.7489750000000001 0.48898400000000003 0.765208 0.49814100000000006 0.738643 0.5097970000000001 0.7356790000000001
11 0.382437 0.6477010000000001 0.36889099999999997 0.64108 0.36095299999999997 0.6311359999999999 0.353469 0.636925 0.35114100000000004 0.6617730000000001 0.345062 0.678338 0.34926599999999997 0.689114 0.36095299999999997 0.689945 0.367016 0.6874520000000001 0.3815 0.684958 0.382437 0.6477010000000001
11 0.6997340000000001 0.6665099999999999 0.718078 0.667729 0.7269059999999999 0.6701389999999999 0.737781 0.67133 0.743891 0.67133 0.748641 0.6641 0.749328 0.649668 0.747969 0.641219 0.7445630000000001 0.644848 0.733703 0.648449 0.7119690000000001 0.646039 0.6963440000000001 0.644848 0.685469 0.647258 0.690906 0.655679 0.690906 0.660499 0.6942969999999999 0.662909 0.6997340000000001 0.6665099999999999
11 0.259297 0.615319 0.257719 0.627202 0.264813 0.636316 0.276656 0.641911 0.281391 0.6404989999999999 0.280203 0.621607 0.278234 0.6139060000000001 0.27270300000000003 0.610416 0.267969 0.609723 0.259297 0.615319
11 0.667547 0.6435730000000001 0.661438 0.629141 0.638344 0.632742 0.636984 0.649612 0.62 0.660443 0.677734 0.6616339999999999 0.667547 0.6435730000000001
11 0.6247659999999999 0.672382 0.624297 0.67072 0.618687 0.665762 0.617297 0.655817 0.629906 0.655817 0.632703 0.648366 0.629906 0.641745 0.619156 0.640083 0.6154219999999999 0.63759 0.6149530000000001 0.628476 0.613547 0.622687 0.609344 0.617729 0.604672 0.610249 0.598141 0.610249 0.594875 0.6144040000000001 0.593938 0.616066 0.593 0.616898 0.593469 0.559751 0.588328 0.560554 0.587391 0.619363 0.582719 0.630139 0.573375 0.640914 0.5649689999999999 0.645873 0.562172 0.650028 0.565906 0.6549860000000001 0.571047 0.655817 0.577578 0.656648 0.582719 0.656648 0.5836560000000001 0.656648 0.584594 0.662438 0.585531 0.6641 0.590875 0.667036 0.620563 0.674875 0.6247659999999999 0.672382
11 0.642703 0.6253190000000001 0.647578 0.626676 0.652266 0.626454 0.652516 0.6183660000000001 0.654594 0.617147 0.671578 0.6167590000000001 0.675328 0.6159560000000001 0.676203 0.616343 0.676422 0.619861 0.6784060000000001 0.619474 0.680266 0.629889 0.696281 0.629391 0.696281 0.626454 0.697937 0.6258170000000001 0.698125 0.62108 0.701172 0.620582 0.704844 0.617147 0.711938 0.617147 0.7172810000000001 0.6142110000000001 0.7226090000000001 0.6139060000000001 0.726938 0.61144 0.736062 0.611967 0.7470939999999999 0.628033 0.765203 0.629529 0.769172 0.628532 0.780203 0.6275069999999999 0.781344 0.613463 0.781344 0.603435 0.759266 0.608947 0.751625 0.608947 0.697578 0.609446 0.697016 0.599418 0.693109 0.597424 0.693047 0.592825 0.693047 0.572964 0.694813 0.572715 0.6953280000000001 0.5712740000000001 0.6939219999999999 0.566898 0.687922 0.566565 0.680891 0.56554 0.6764840000000001 0.565512 0.677469 0.580831 0.676859 0.6099720000000001 0.665047 0.611634 0.656062 0.612271 0.651578 0.614571 0.642359 0.615208 0.642469 0.623795 0.642703 0.6253190000000001
11 0.336438 0.607756 0.33317199999999997 0.6132409999999999 0.332656 0.618726 0.33454700000000004 0.6232960000000001 0.336094 0.626039 0.342094 0.626648 0.349484 0.627258 0.359625 0.623906 0.362719 0.616898 0.361 0.599224 0.340734 0.599834 0.336438 0.607756
11 0.920609 0.708476 0.982953 0.684986 0.984062 0.632188 0.9934369999999999 0.581302 0.990687 0.566648 0.946547 0.555873 0.932203 0.5167590000000001 0.9184060000000001 0.510886 0.9211560000000001 0.496205 0.9189529999999999 0.4659 0.913438 0.46296400000000004 0.904609 0.459058 0.9029529999999999 0.477618 0.9062659999999999 0.501108 0.891375 0.5050140000000001 0.8968909999999999 0.581302 0.8659840000000001 0.5627420000000001 0.8439220000000001 0.575457 0.831781 0.604792 0.798672 0.632188 0.7887500000000001 0.692825 0.9184060000000001 0.708476 0.920609 0.708476
11 0.6247659999999999 0.687701 0.615938 0.686731 0.609875 0.695512 0.6700160000000001 0.698449 0.668906 0.663241 0.620906 0.661302 0.6247659999999999 0.669114 0.6247659999999999 0.687701
11 0.651891 0.629335 0.660953 0.62892 0.6733279999999999 0.6532129999999999 0.685266 0.654404 0.685047 0.650886 0.686141 0.646177 0.692781 0.644598 0.694328 0.639501 0.698297 0.6332409999999999 0.695875 0.632078 0.681063 0.63169 0.6784060000000001 0.624238 0.676422 0.616399 0.653891 0.6183660000000001 0.651891 0.629335
11 0.11420300000000001 0.597645 0.114375 0.625429 0.132312 0.62759 0.133531 0.576039 0.114031 0.576371 0.11332800000000001 0.583158 0.11420300000000001 0.597645
11 0.146578 0.627895 0.14675 0.605679 0.145016 0.605069 0.145187 0.59518 0.142234 0.594571 0.143094 0.587784 0.139969 0.584681 0.139969 0.578199 0.136484 0.577285 0.135797 0.631911 0.140656 0.628837 0.146578 0.627895
11 0.233828 0.670443 0.25375 0.676066 0.250859 0.620305 0.247688 0.609557 0.241344 0.602909 0.22834399999999996 0.603934 0.22343799999999997 0.604432 0.219109 0.604958 0.219109 0.659197 0.22575000000000003 0.666343 0.233828 0.670443