50 0.395033 0.164216 0.37923199999999996 0.191307 0.302484 0.272565 0.302484 0.394477 0.318284 0.520882 0.33408499999999997 0.534428 0.356667 0.552484 0.356667 0.620196 0.426634 0.660833 0.530474 0.633742 0.49661799999999995 0.615686 0.465016 0.593121 0.45372500000000004 0.5795750000000001 0.45372500000000004 0.5773199999999999 0.45372500000000004 0.563775 0.462761 0.552484 0.483072 0.5479740000000001 0.550784 0.532173 0.604967 0.518627 0.620768 0.464444 0.598186 0.47348 0.56433 0.45768000000000003 0.550784 0.446389 0.530474 0.441879 0.525964 0.43284300000000003 0.5440200000000001 0.417042 0.49436300000000005 0.292892 0.483072 0.281601 0.476291 0.27031 0.476291 0.263546 0.476291 0.25451 0.49436300000000005 0.23194399999999998 0.49887299999999996 0.23194399999999998 0.510163 0.236454 0.548529 0.175507 0.548529 0.14616 0.428889 0.134869 0.408578 0.157451 0.395033 0.164216
50 0.780327 0.377582 0.778954 0.365278 0.784428 0.358448 0.781699 0.351601 0.783056 0.337941 0.776225 0.331095 0.769395 0.31469 0.768023 0.298284 0.725637 0.281879 0.702386 0.298284 0.69281 0.32152 0.69281 0.344771 0.688709 0.383056 0.702386 0.383056 0.718791 0.380327 0.735212 0.383056 0.743415 0.392631 0.748873 0.396732 0.762549 0.395359 0.780327 0.384428 0.780327 0.377582
50 0.9020259999999999 0.570376 0.9115849999999999 0.562173 0.9156859999999999 0.558072 0.92116 0.544395 0.929363 0.541667 0.9362089999999998 0.533464 0.9362089999999998 0.519788 0.943039 0.515686 0.9539709999999999 0.511585 0.963546 0.504755 0.963546 0.48560500000000006 0.959444 0.480131 0.944412 0.47877500000000006 0.926634 0.47877500000000006 0.919788 0.484232 0.9074839999999998 0.49655199999999994 0.9020259999999999 0.506111 0.891078 0.512958 0.8774019999999999 0.517059 0.8514219999999999 0.534837 0.8377610000000001 0.536193 0.836389 0.52799 0.819984 0.508856 0.809036 0.486977 0.789902 0.458252 0.772124 0.466471 0.743415 0.477402 0.687353 0.480131 0.688709 0.507484 0.698284 0.515686 0.703758 0.52116 0.707859 0.543039 0.721536 0.548497 0.754346 0.548497 0.774853 0.555343 0.802206 0.558072 0.82134 0.560817 0.8432189999999999 0.567647 0.860997 0.570376 0.867843 0.574477 0.8815029999999999 0.57585 0.8924510000000001 0.57585 0.9020259999999999 0.570376
14 0.6044930000000001 0.674722 0.66067 0.6792159999999999 0.782026 0.661242 0.829216 0.63652 0.8741499999999999 0.614052 0.8786440000000001 0.6117969999999999 0.880899 0.593824 0.867418 0.5758500000000001 0.8224670000000001 0.562353 0.737075 0.546634 0.696634 0.539886 0.624722 0.528644 0.555049 0.530899 0.516846 0.539886 0.48089899999999997 0.557859 0.45617599999999997 0.569101 0.47191199999999994 0.6095419999999999 0.48764699999999994 0.6117969999999999 0.467418 0.593824 0.543824 0.6455069999999999 0.6044930000000001 0.674722
29 0.662304 0.80951 0.666601 0.807549 0.671307 0.805588 0.677582 0.8114709999999999 0.684624 0.812631 0.690114 0.810294 0.695997 0.80951 0.705 0.813415 0.713627 0.811078 0.715588 0.804412 0.7151959999999999 0.796961 0.713235 0.78835 0.706569 0.776209 0.690114 0.7687579999999999 0.672092 0.769935 0.657598 0.776209 0.650147 0.794624 0.658382 0.80951 0.662304 0.80951
29 0.659101 0.773775 0.663546 0.763562 0.661765 0.755131 0.652451 0.752467 0.639134 0.751585 0.629363 0.747141 0.620049 0.744918 0.615163 0.744036 0.610719 0.7458009999999999 0.6080559999999999 0.749804 0.605833 0.7533500000000001 0.604951 0.756013 0.616487 0.756912 0.6227119999999999 0.760899 0.627582 0.766667 0.632467 0.7733329999999999 0.6373530000000001 0.77866 0.652892 0.77732 0.659101 0.773775
29 0.566275 0.706961 0.5640029999999999 0.706961 0.56201 0.7085130000000001 0.559984 0.70933 0.5580719999999999 0.7097880000000001 0.554902 0.709886 0.553219 0.710392 0.551503 0.71183 0.547778 0.714085 0.545833 0.714951 0.545392 0.716781 0.544526 0.7200329999999999 0.544101 0.724036 0.5442159999999999 0.725768 0.545621 0.725441 0.546585 0.725212 0.548971 0.723922 0.55232 0.719052 0.555033 0.715915 0.560539 0.713758 0.56433 0.713758 0.5669280000000001 0.716029 0.567794 0.716569 0.5688730000000001 0.713317 0.569526 0.71018 0.571029 0.709101 0.573301 0.708448 0.574379 0.7078270000000001 0.570588 0.707288 0.566275 0.706961
29 0.754559 0.81067 0.7572880000000001 0.810114 0.764935 0.81067 0.770948 0.812859 0.7753270000000001 0.811209 0.77969 0.810114 0.784069 0.8090200000000001 0.787337 0.810114 0.789526 0.81067 0.796078 0.809575 0.7971729999999999 0.804101 0.797729 0.7981050000000001 0.796078 0.790441 0.79335 0.784984 0.788431 0.776242 0.77969 0.770784 0.772042 0.76969 0.756748 0.76969 0.746356 0.776781 0.740899 0.786078 0.738709 0.7909970000000001 0.738709 0.801373 0.7436269999999999 0.8117650000000001 0.754559 0.81067
29 0.758186 0.725703 0.765212 0.728235 0.772794 0.745359 0.775605 0.764461 0.783758 0.7594120000000001 0.7961109999999999 0.753235 0.811291 0.741993 0.807631 0.720931 0.7941499999999999 0.7110949999999999 0.775882 0.706324 0.76268 0.706601 0.756781 0.711944 0.7576309999999999 0.725147 0.758186 0.725703
29 0.63634 0.7763559999999999 0.622141 0.759575 0.6073040000000001 0.7582840000000001 0.6027939999999999 0.756356 0.5847220000000001 0.770556 0.583431 0.7925 0.588595 0.798938 0.60085 0.7983009999999999 0.608595 0.805392 0.62085 0.80152 0.625376 0.80152 0.635703 0.794428 0.63634 0.7763559999999999
29 0.463693 0.694592 0.467761 0.681699 0.46098 0.663366 0.445359 0.6599670000000001 0.429755 0.664722 0.412108 0.676944 0.407353 0.687124 0.407353 0.7007030000000001 0.414134 0.707484 0.428399 0.70817 0.463693 0.694592
29 0.322157 0.665686 0.327353 0.668137 0.341993 0.6699670000000001 0.343529 0.668137 0.34596400000000005 0.662941 0.34841500000000003 0.657451 0.353595 0.652565 0.363987 0.644935 0.369477 0.641879 0.370082 0.639739 0.370082 0.636683 0.36885599999999996 0.633938 0.367647 0.631814 0.364902 0.6287579999999999 0.359101 0.626618 0.354216 0.624788 0.347794 0.625098 0.34078400000000003 0.626618 0.33619299999999996 0.6287579999999999 0.329477 0.631814 0.326127 0.635474 0.323072 0.640964 0.318497 0.6479900000000001 0.316961 0.658366 0.322157 0.665686
29 0.362304 0.7215360000000001 0.362304 0.716193 0.35933000000000004 0.711438 0.352206 0.709052 0.343889 0.708464 0.336176 0.709052 0.329641 0.7108500000000001 0.315392 0.71915 0.307075 0.728056 0.362304 0.7215360000000001
29 0.43289200000000005 0.66433 0.43109499999999995 0.659837 0.42928099999999997 0.655327 0.41488600000000003 0.6490360000000001 0.40768 0.6481370000000001 0.379788 0.6661269999999999 0.375278 0.685033 0.399592 0.702141 0.405882 0.701242 0.41219 0.677843 0.43289200000000005 0.66433
29 0.835376 0.7663070000000001 0.839199 0.773415 0.841389 0.782696 0.845212 0.787614 0.853415 0.7832520000000001 0.855588 0.7783329999999999 0.858333 0.771225 0.8594120000000001 0.766863 0.855049 0.7575649999999999 0.850131 0.7482840000000001 0.844118 0.7411760000000001 0.83701 0.738448 0.829363 0.736258 0.820082 0.735703 0.8162579999999999 0.737353 0.813513 0.739526 0.8091499999999999 0.74281 0.806961 0.752647 0.823905 0.7575649999999999 0.835376 0.7663070000000001
14 0.712631 0.8467319999999999 0.817435 0.8484639999999999 0.9377119999999999 0.810654 0.972075 0.772859 0.96348 0.735065 0.884444 0.6749350000000001 0.800261 0.64915 0.7813559999999999 0.662908 0.657663 0.6800820000000001 0.5631539999999999 0.662908 0.520212 0.637124 0.454918 0.633693 0.425703 0.647435 0.44289200000000006 0.657745 0.47382399999999997 0.673203 0.477255 0.697271 0.542549 0.690392 0.539101 0.721324 0.518497 0.79348 0.509902 0.800343 0.570033 0.82268 0.712631 0.8467319999999999
29 0.7538239999999999 0.719036 0.756895 0.709837 0.763546 0.70317 0.758938 0.690899 0.745637 0.685261 0.731307 0.6919280000000001 0.726699 0.698056 0.722108 0.707778 0.723121 0.716487 0.728235 0.728758 0.734379 0.7328589999999999 0.744101 0.720572 0.7538239999999999 0.719036
29 0.5939709999999999 0.740523 0.597402 0.740523 0.60134 0.740523 0.606275 0.740523 0.611193 0.740523 0.615131 0.7380559999999999 0.617092 0.7356050000000001 0.618072 0.732157 0.6175820000000001 0.7247709999999999 0.613644 0.721324 0.609216 0.716895 0.605768 0.711487 0.604788 0.706569 0.604788 0.699673 0.602337 0.697206 0.594951 0.694755 0.587565 0.694755 0.58018 0.699183 0.575261 0.703611 0.572304 0.706569 0.569363 0.7164050000000001 0.5688730000000001 0.718873 0.573791 0.73018 0.575752 0.734118 0.576748 0.7360949999999999 0.5860949999999999 0.740523 0.5939709999999999 0.740523