24 0.0032187500000000003 0.307521 0.0032187500000000003 0.4731250000000001 0.0709687 0.35268700000000003 0.0532188 0.301083 0.0080625 0.298917 0.0032187500000000003 0.307521
24 0.280641 0.335479 0.280641 0.363437 0.3 0.43225 0.3042093124909834 0.4468418077816633 0.348391 0.6 0.388703 0.556979 0.424188 0.503229 0.422578 0.494625 0.403219 0.453771 0.4102917136936979 0.43920200671646903 0.42096900000000004 0.41720799999999997 0.40645300000000006 0.356979 0.280641 0.335479
24 0.679031 0.509687 0.740328 0.436563 0.8548440000000002 0.356979 0.685484 0.341938 0.559672 0.36775 0.551609 0.522583 0.546781 0.548396 0.577422 0.541937 0.641937 0.658062 0.654844 0.662375 0.679031 0.509687
50 1 0.849771 0.998875 0.0313958 0.971969 0.049333300000000004 0.9702970000000001 0.0403542 0.94675 0.06727079999999999 0.923203 0.107625 0.9114380000000001 0.163687 0.884531 0.320625 0.8677189999999999 0.3565 0.8357659999999999 0.39462499999999995 0.7348589999999999 0.46637500000000004 0.6945 0.567271 0.6793750000000001 0.647979 0.655828 0.7242080000000001 0.6222030000000001 0.811667 0.610422 0.883417 0.585203 0.9618749999999999 0.583516 0.9641249999999999 0.57175 0.986542 0.650781 0.984313 0.684422 0.966375 0.699547 0.919292 0.7045939999999999 0.865479 0.714687 0.8206249999999999 0.733187 0.769062 0.751687 0.7152499999999999 0.773547 0.688333 0.7954060000000001 0.699542 0.8071719999999999 0.751125 0.802125 0.8206249999999999 0.8189529999999999 0.867708 0.89125 0.901354 0.9417030000000001 0.878917 0.9803750000000001 0.878917 1 0.8744379999999999 1 0.849771
50 0.399438 0.988771 0.5713440000000001 0.984271 0.574719 0.964042 0.579781 0.905625 0.586516 0.8494379999999999 0.596625 0.784271 0.5915779999999999 0.6966249999999999 0.5932660000000001 0.635958 0.588203 0.5820209999999999 0.574719 0.5730419999999999 0.5545 0.557312 0.542703 0.530333 0.556187 0.465167 0.564609 0.391021 0.5545 0.355063 0.542703 0.328083 0.512359 0.303375 0.470219 0.289896 0.434828 0.310104 0.417984 0.377521 0.40618699999999996 0.449437 0.433141 0.525833 0.414609 0.5415829999999999 0.387641 0.550562 0.358984 0.5617920000000001 0.343812 0.5820209999999999 0.3 0.649438 0.271344 0.7213539999999999 0.281453 0.755062 0.301687 0.8 0.32528100000000004 0.8314579999999999 0.40112500000000006 0.946063 0.399438 0.988771
50 0.411531 0.16639600000000002 0.406203 0.18487499999999998 0.405141 0.204792 0.40834400000000004 0.22612500000000002 0.38701599999999997 0.24316700000000002 0.376344 0.2645 0.371016 0.31568799999999997 0.427531 0.31995799999999996 0.431797 0.31427099999999997 0.469125 0.288667 0.48831199999999997 0.288667 0.504312 0.29293800000000003 0.526703 0.308583 0.522437 0.280146 0.5117659999999999 0.250292 0.49790599999999996 0.228958 0.486172 0.23464600000000002 0.48724999999999996 0.220438 0.490437 0.203375 0.491516 0.18345799999999998 0.489375 0.172083 0.480844 0.16214599999999998 0.47657800000000006 0.149333 0.480844 0.15218800000000002 0.480844 0.12089599999999999 0.462719 0.09814579999999999 0.437125 0.0967292 0.430734 0.115208 0.41579699999999997 0.135125 0.411531 0.163562 0.411531 0.16639600000000002
50 0.293922 0.670042 0.322641 0.62725 0.331078 0.586708 0.334453 0.496625 0.322641 0.447063 0.290547 0.413292 0.268578 0.36824999999999997 0.25 0.27814599999999995 0.233109 0.199333 0.20607799999999998 0.16329200000000002 0.163844 0.149771 0.128375 0.149771 0.123313 0.149771 0.0878437 0.174542 0.06925 0.212833 0.057437499999999996 0.269146 0.057437499999999996 0.280396 0.06587499999999999 0.341208 0.06925 0.3705 0.0354688 0.402021 0.0033750000000000004 0.426792 0.0016875000000000002 0.9335629999999999 0.037156299999999996 0.9042709999999999 0.057437499999999996 0.8952709999999999 0.0641875 0.856979 0.06925 0.8164370000000001 0.06925 0.814187 0.0675625 0.8029379999999999 0.10642199999999999 0.780396 0.136828 0.771396 0.1875 0.769146 0.21453099999999997 0.7871670000000001 0.233109 0.8119379999999999 0.288844 0.8457290000000001 0.32770299999999997 0.847979 0.271953 0.726354 0.293922 0.670042
50 0.7997029999999999 0.23477099999999998 0.7950470000000001 0.307104 0.796703 0.326187 0.801359 0.34170799999999996 0.805688 0.34304199999999996 0.8256560000000001 0.341271 0.844625 0.340833 0.8492810000000001 0.26629200000000003 0.8592660000000001 0.235667 0.87225 0.199729 0.866922 0.13716699999999998 0.851953 0.09456250000000001 0.8329840000000001 0.08302079999999999 0.8206559999999999 0.0781458 0.8053589999999999 0.0737083 0.806688 0.105667 0.805016 0.147813 0.800359 0.174 0.7997029999999999 0.23477099999999998
50 0.873203 0.180333 0.882 0.149021 0.8981410000000001 0.104042 0.9142810000000001 0.0922917 0.923078 0.055125 0.913547 0.04925 0.9084059999999999 0.0512083 0.8952030000000001 0.07175 0.893734 0.0922917 0.886406 0.0922917 0.8753909999999999 0.111854 0.865859 0.137292 0.8710000000000001 0.18229199999999998 0.873203 0.180333
14 0.13356300000000002 1 0.140234 0.9891249999999999 0.154578 0.966 0.154578 0.9268540000000001 0.146234 0.9095 0.130891 0.896604 0.107531 0.894833 0.0818438 0.896604 0.0521563 0.9041669999999999 0.0341406 0.9135000000000001 0.030468699999999998 0.9148540000000001 0.0014375 0.941083 0.00043750000000000006 1 0.13356300000000002 1
50 0.895984 0.250354 0.899141 0.227229 0.9217660000000001 0.115021 0.963313 0.0476875 0.950156 0.0455833 0.9364839999999999 0.044187500000000005 0.924391 0.050499999999999996 0.9159689999999999 0.0876667 0.904922 0.107292 0.894406 0.118521 0.8802030000000001 0.163396 0.8717969999999999 0.199167 0.85075 0.260875 0.846016 0.338021 0.857594 0.339438 0.877578 0.339438 0.895984 0.250354
50 0.593422 0.164583 0.5912189999999999 0.17533300000000002 0.589016 0.185125 0.598547 0.22425 0.6029530000000001 0.23208299999999998 0.6029530000000001 0.241854 0.6022190000000001 0.256521 0.598547 0.259458 0.583141 0.261417 0.569203 0.26729200000000003 0.556734 0.271208 0.550141 0.28195800000000004 0.544266 0.29662499999999997 0.5398590000000001 0.309354 0.536922 0.31716700000000003 0.5383910000000001 0.325979 0.547937 0.32891699999999996 0.798828 0.344562 0.791484 0.305438 0.781953 0.285875 0.770953 0.274125 0.762141 0.266313 0.749672 0.260437 0.7327969999999999 0.259458 0.716656 0.2575 0.696859 0.24968700000000002 0.688047 0.239896 0.701984 0.198813 0.702719 0.153833 0.6939219999999999 0.137187 0.685125 0.131333 0.673375 0.124479 0.660172 0.119583 0.650641 0.116646 0.642563 0.113729 0.625703 0.11177100000000001 0.597078 0.146 0.593422 0.164583
50 0.272516 0.315354 0.372469 0.312812 0.361047 0.298854 0.364859 0.291229 0.36675 0.273458 0.36579700000000004 0.262042 0.36579700000000004 0.243 0.36960899999999997 0.23410399999999998 0.364859 0.225229 0.36295299999999997 0.203646 0.371516 0.18968700000000002 0.36579700000000004 0.166833 0.34199999999999997 0.140188 0.30012500000000003 0.138917 0.27537500000000004 0.150333 0.25060899999999997 0.194771 0.252516 0.277271 0.25918800000000003 0.29377099999999995 0.263 0.315354 0.272516 0.315354
26 1 0.8861249999999999 0.992094 0.883583 0.9749380000000001 0.8810420000000001 0.9584059999999999 0.883583 0.950156 0.886958 0.943797 0.8971250000000001 0.9387190000000001 0.9115420000000001 0.937438 1 1 0.999646 1 0.8861249999999999
21 0.0718906 0.6581670000000001 0.0143125 0.638625 0.0038593796875 0.647 0.0059531296875 0.6637500000000001 0.0342031 0.6637500000000001 0.041531200000000004 0.6637500000000001 0.07398439999999999 0.6735209999999999 0.0718906 0.6581670000000001
50 0.567516 0.27112499999999995 0.599062 0.261917 0.603875 0.258708 0.6041719999999999 0.249479 0.6041719999999999 0.233458 0.602672 0.229437 0.599062 0.217812 0.590047 0.21341700000000002 0.584344 0.21902100000000002 0.5783280000000001 0.22664600000000001 0.5723130000000001 0.239875 0.569312 0.249479 0.566312 0.267125 0.567516 0.27112499999999995
50 0.877031 0.07575 0.874797 0.061541700000000005 0.869188 0.0540625 0.864141 0.0450833 0.8495469999999999 0.0533125 0.843938 0.0735208 0.8372189999999999 0.0862292 0.8495469999999999 0.10341700000000001 0.862453 0.126604 0.866938 0.142313 0.866938 0.14306300000000002 0.884328 0.10268799999999999 0.874797 0.10043700000000001 0.877031 0.07575