13 0.262437 0.731812 0.260813 0.7263750000000001 0.258766 0.7263750000000001 0.25345300000000004 0.7285419999999999 0.252219 0.7416250000000001 0.24895299999999998 0.76725 0.24935900000000003 0.814688 0.25345300000000004 0.816312 0.266937 0.8119580000000001 0.27184400000000003 0.809771 0.27184400000000003 0.780875 0.26817199999999997 0.7514369999999999 0.262437 0.731812
13 0.455703 0.639417 0.45065600000000006 0.664125 0.45065600000000006 0.704583 0.47256200000000004 0.711333 0.460109 0.635958 0.455703 0.639417
13 0.9764060000000001 0.6405 0.977641 0.682917 0.982531 0.688917 0.997219 0.692708 0.999672 0.687812 1 0.6377710000000001 0.996406 0.615479 0.994766 0.6024170000000001 0.986203 0.6024170000000001 0.98375 0.617104 0.9764060000000001 0.6405
24 0.0969844 0.9472079999999999 0.16325 0.912708 0.160016 0.789875 0.176187 0.787708 0.179422 0.770479 0.205281 0.7597079999999999 0.21012499999999998 0.714438 0.271547 0.710125 0.26831299999999997 0.6842710000000001 0.27640600000000004 0.611 0.287719 0.542021 0.245688 0.537708 0.23114099999999999 0.557104 0.00646875 0.5527920000000001 0.0016093796875 0.9881460000000001 0.0581875 0.9881460000000001 0.0969844 0.9472079999999999
24 0.753828 0.581792 0.750516 0.632417 0.759609 0.675354 0.776109 0.708375 0.803359 0.728187 0.8421559999999999 0.7447079999999999 0.879312 0.7447079999999999 0.884266 0.7402920000000001 0.890047 0.727083 0.889219 0.710583 0.878484 0.701771 0.8627969999999999 0.696271 0.871875 0.686354 0.910688 0.66325 0.942062 0.625812 0.9519690000000001 0.6005 0.962688 0.5674790000000001 0.9915940000000001 0.547667 0.981687 0.5432710000000001 0.843812 0.533354 0.8132659999999999 0.538854 0.754656 0.575187 0.753828 0.581792
50 0.493813 0.979771 0.471906 0.9011250000000001 0.476969 0.867417 0.45337500000000003 0.8045000000000001 0.455063 0.788771 0.439891 0.748313 0.46179699999999996 0.5617920000000001 0.517422 0.47639600000000004 0.517422 0.43820800000000004 0.615172 0.426958 0.694375 0.361792 0.753375 0.28539600000000004 0.812359 0.262917 0.8477499999999999 0.215729 0.844375 0.15731299999999998 0.8224690000000001 0.14381300000000002 0.792141 0.173042 0.733141 0.249438 0.647188 0.289896 0.5511250000000001 0.334833 0.48201599999999994 0.316854 0.48201599999999994 0.305625 0.48876600000000003 0.267417 0.50225 0.22695800000000002 0.485391 0.2 0.4955 0.164042 0.4955 0.130333 0.46854699999999994 0.10112499999999999 0.434828 0.094375 0.399438 0.123604 0.380906 0.137083 0.367422 0.22247899999999998 0.353938 0.283146 0.34550000000000003 0.298875 0.291578 0.485396 0.266297 0.6786460000000001 0.281453 0.773042 0.338766 0.889896 0.298312 0.988771 0.493813 0.979771
50 0.598641 0.435375 0.595234 0.435375 0.600344 0.526083 0.622453 0.634917 0.608844 0.7415 0.62075 0.843542 0.588438 0.931979 0.581625 0.96825 0.586734 0.984125 0.636047 0.9863960000000002 0.656469 0.922896 0.656469 0.841271 0.681969 0.793646 0.702375 0.723354 0.731297 0.829937 0.75 0.925167 0.748297 0.988667 0.799312 0.984125 0.785719 0.947854 0.795922 0.866208 0.784016 0.802729 0.770406 0.687083 0.7585 0.605438 0.744891 0.526083 0.744891 0.414958 0.8299369999999999 0.417229 0.858844 0.421771 0.8707499999999999 0.396833 0.899656 0.396833 0.9149689999999999 0.371875 0.9268750000000001 0.371875 0.908156 0.349208 0.8860469999999999 0.335604 0.857141 0.335604 0.838438 0.351479 0.790813 0.351479 0.761906 0.344667 0.743203 0.326521 0.734687 0.326521 0.680266 0.385479 0.598641 0.435375
42 0.559562 0.696229 0.577906 0.623833 0.519219 0.649271 0.502344 0.668833 0.499406 0.663937 0.46565599999999996 0.675687 0.470062 0.693292 0.472266 0.698187 0.5104059999999999 0.7138329999999999 0.559562 0.696229
54 0.774937 0.27275 0.7880309999999999 0.289125 0.815063 0.261833 0.8199690000000001 0.235625 0.800313 0.217062 0.778203 0.250917 0.785578 0.262917 0.774937 0.27275
54 0.532516 0.330188 0.530781 0.31864600000000004 0.514313 0.31633300000000003 0.510844 0.31979199999999997 0.515188 0.32787499999999997 0.532516 0.330188
42 0.214766 0.7898540000000001 0.250797 0.784875 0.252656 0.727729 0.264453 0.726896 0.27004700000000004 0.7865420000000001 0.278125 0.782396 0.283094 0.784062 0.27501600000000004 0.702875 0.222219 0.711167 0.211656 0.790687 0.214766 0.7898540000000001
54 0.210875 0.79825 0.21682800000000002 0.7948959999999999 0.21865600000000002 0.791229 0.219109 0.7836040000000001 0.217516 0.78025 0.195984 0.766208 0.187969 0.768042 0.185922 0.7698750000000001 0.185453 0.7793329999999999 0.186375 0.782375 0.206516 0.79825 0.210875 0.79825
12 0.579375 0.455979 0.577469 0.455979 0.575797 0.457958 0.574313 0.48322899999999996 0.576219 0.48322899999999996 0.578953 0.482667 0.5795779999999999 0.455979 0.579375 0.455979
12 0.5181720000000001 0.5795619999999999 0.5181720000000001 0.6161460000000001 0.556891 0.6217710000000001 0.5597030000000001 0.576729 0.519594 0.576729 0.5181720000000001 0.5795619999999999
12 0.575969 0.582542 0.575969 0.617646 0.581453 0.617646 0.5820000000000001 0.5796250000000001 0.575969 0.5796250000000001 0.575969 0.582542
12 0.567391 0.580021 0.560047 0.578312 0.558781 0.615354 0.5667500000000001 0.614938 0.567391 0.580021
12 0.593687 0.570646 0.593687 0.536958 0.588406 0.536958 0.589 0.571438 0.593687 0.570646
54 0.736531 0.452646 0.7399060000000001 0.445875 0.733984 0.426708 0.7255309999999999 0.433458 0.733141 0.450375 0.736531 0.452646
54 0.901953 0.3725 0.905047 0.369188 0.904016 0.35050000000000003 0.9009219999999999 0.348583 0.897625 0.349667 0.8939220000000001 0.345271 0.8932969999999999 0.344188 0.888547 0.348854 0.888547 0.351333 0.883188 0.358479 0.882578 0.359292 0.892266 0.37085399999999996 0.901953 0.3725
54 0.843953 0.16666699999999998 0.8431409999999999 0.16449999999999998 0.822813 0.140646 0.8130470000000001 0.156917 0.817109 0.156917 0.8252499999999999 0.155833 0.843953 0.16666699999999998
12 0.51725 0.541479 0.519062 0.5712499999999999 0.527781 0.571979 0.527969 0.571021 0.527609 0.539312 0.5261560000000001 0.5378539999999999 0.5234219999999999 0.5378539999999999 0.518344 0.5395420000000001 0.51725 0.541479