27 0.37694600000000006 0.47521899999999995 0.349812 0.45720299999999997 0.382971 0.40315599999999996 0.373933 0.340094 0.298536 0.342344 0.250293 0.342344 0.171883 0.317563 0.114582 0.290547 0.102531 0.281531 0.0753975 0.274781 0.0060251 0.274781 0 0.585578 0.274414 0.590094 0.307594 0.545047 0.340753 0.524781 0.379958 0.515766 0.44629700000000005 0.49775 0.413138 0.49775 0.37694600000000006 0.47521899999999995
27 0.663431 0.538281 0.708661 0.578828 0.886569 0.578828 1 0.691437 0.97705 0.25225 0.5880329999999999 0.24325000000000002 0.57295 0.24325000000000002 0.545816 0.265766 0.545816 0.349094 0.6182009999999999 0.376125 0.63931 0.396391 0.551841 0.436937 0.518682 0.436937 0.533766 0.45270299999999997 0.515669 0.479734 0.506611 0.490984 0.578996 0.49775 0.663431 0.538281
79 0.340105 0.005390629687500001 0.16303299999999998 0.0025624999999999997 0.17441399999999999 0.07435939999999999 0.212364 0.13387500000000002 0.276862 0.18110900000000002 0.345167 0.22928099999999998 0.37933100000000003 0.241562 0.44508400000000004 0.28312499999999996 0.458996 0.310531 0.46659 0.387984 0.46659 0.419156 0.456485 0.49473399999999995 0.42863999999999997 0.506078 0.398285 0.510797 0.364142 0.5221250000000001 0.410941 0.525906 0.474184 0.5221250000000001 0.550063 0.53725 0.596862 0.553312 0.6639120000000001 0.557078 0.6537869999999999 0.5306409999999999 0.603201 0.506078 0.513389 0.49473399999999995 0.502008 0.476781 0.493159 0.397437 0.490628 0.32092200000000004 0.502008 0.287859 0.565251 0.235891 0.610795 0.218891 0.667699 0.168828 0.72841 0.12159400000000001 0.748661 0.0809688 0.761297 0.0412969 0.776485 0 0.340105 0.005390629687500001
26 0.6137870000000001 0.220219 0.631841 0.384266 0.649895 0.43145300000000003 0.815377 0.43145300000000003 0.8183889999999999 0.37978100000000004 0.854498 0.319094 0.9327200000000001 0.294375 0.962803 0.17078100000000002 0.929707 0.157297 0.8484729999999999 0.155062 0.701046 0.152812 0.655921 0.177531 0.6137870000000001 0.220219
62 0.260732 0.257172 0.255481 0.255219 0.24866100000000002 0.24737499999999998 0.192008 0.20585900000000001 0.145314 0.170594 0.134833 0.15375 0.118033 0.150219 0.101255 0.15806199999999998 0.125921 0.184312 0.140084 0.19489099999999998 0.18728 0.22073399999999999 0.24079499999999998 0.259141 0.260732 0.257172
62 0.7129920000000001 0.617703 0.717824 0.623734 0.785544 0.5743590000000001 0.783933 0.567125 0.764582 0.57075 0.709749 0.617703 0.7129920000000001 0.617703
14 0.389393 0.25078100000000003 0.28755200000000003 0.19037500000000002 0.22464399999999998 0.194844 0.14977 0.201563 0.0748745 0.223937 0.107824 0.29775 0.227636 0.329078 0.323494 0.353688 0.38640199999999997 0.344734 0.389393 0.25078100000000003
51 0.321946 0.862922 0.3791 0.768547 0.418222 0.712359 0.544582 0.665172 0.7040590000000001 0.624719 0.791318 0.577531 0.6137870000000001 0.541578 0.37610899999999997 0.510109 0.309895 0.548312 0.234686 0.653937 0.129372 0.8337030000000001 0.09627620083682008 0.919094 0.04813810041841004 0.9955 0.213619 0.993266 0.321946 0.862922
27 1 0.685391 0.8936189999999999 0.579781 0.7311300000000001 0.582016 0.439289 0.512359 0.321946 0.530344 0.273808 0.5932660000000001 0.159456 0.588766 0.279812 0.5955 0.003012550209205021 0.591016 0 0.986516 1 0.9842660000000001 1 0.685391
79 0.501799 0.36089099999999996 0.503159 0.405734 0.5127200000000001 0.42714100000000005 0.53182 0.433266 0.5850420000000001 0.433266 0.620544 0.417969 0.631464 0.40267200000000003 0.6232639999999999 0.38025000000000003 0.602803 0.369047 0.563222 0.364969 0.549561 0.362922 0.541381 0.312969 0.53728 0.263031 0.5263599999999999 0.267109 0.511339 0.278313 0.515439 0.355781 0.501799 0.36089099999999996
51 1 0.8524689999999999 0.985209 0.784734 0.935439 0.730016 0.8594350000000001 0.663953 0.815209 0.6278279999999999 0.802762 0.611313 0.768201 0.597891 0.766088 0.605047 0.738473 0.6127659999999999 0.666004 0.641125 0.572824 0.6591560000000001 0.517615 0.679781 0.41409999999999997 0.72875 0.37613 0.782875 0.22085800000000003 0.983906 1 0.983906 1 0.8524689999999999
50 0.942448 0.16364099999999998 0.959854 0.22337500000000002 1 0.215578 0.998096 0.005187499999999999 0.7511720000000001 0.0103906 0.73728 0.124672 0.7511720000000001 0.15065599999999998 0.942448 0.16364099999999998