10 0.584594 0.911792 0.570172 0.905875 0.5679529999999999 0.9369379999999999 0.586812 0.960604 0.5979059999999999 0.9813120000000001 0.607891 0.994625 0.6212030000000001 0.98575 0.648937 0.9768749999999999 0.667797 0.978354 0.667797 0.959125 0.620094 0.935458 0.584594 0.911792
25 0.717734 0.630104 0.727422 0.6559170000000001 0.743547 0.6559170000000001 0.770969 0.649458 0.803219 0.643021 0.814516 0.6064579999999999 0.822578 0.569896 0.8209690000000001 0.546229 0.8354839999999999 0.5720419999999999 0.8548439999999999 0.608604 0.8564529999999999 0.5892499999999999 0.866125 0.548396 0.875812 0.483875 0.880641 0.412896 0.8854839999999999 0.320437 0.858062 0.249458 0.8322660000000001 0.251604 0.774188 0.253771 0.75 0.255917 0.741937 0.260208 0.706453 0.290312 0.6935469999999999 0.318271 0.695156 0.4 0.696781 0.438708 0.706453 0.47956299999999996 0.717734 0.554833 0.7193590000000001 0.584937 0.727422 0.6387079999999999 0.717734 0.630104
25 0.20134400000000002 0.581979 0.167781 0.586458 0.137578 0.5953959999999999 0.10906199999999999 0.5976250000000001 0.0889219 0.6021040000000001 0.0704687 0.606583 0.046984399999999996 0.6244789999999999 0.0402656 0.671458 0.0402656 0.691604 0.036906299999999996 0.722917 0.043625000000000004 0.752 0.0637656 0.760938 0.08389060000000001 0.767667 0.10403100000000001 0.778833 0.125844 0.7810830000000001 0.16275 0.760938 0.21309399999999998 0.7698959999999999 0.228187 0.763188 0.228187 0.740812 0.23993699999999998 0.736333 0.25671900000000003 0.752 0.288594 0.7698959999999999 0.276844 0.734104 0.223156 0.705021 0.176172 0.693833 0.161078 0.682646 0.154359 0.671458 0.17450000000000002 0.669229 0.194625 0.6736869999999999 0.209734 0.687125 0.214766 0.691604 0.233219 0.689354 0.234906 0.687125 0.234906 0.682646 0.231547 0.658042 0.231547 0.6513329999999999 0.231547 0.628958 0.22985899999999998 0.6088129999999999 0.214766 0.606583 0.214766 0.5976250000000001 0.20134400000000002 0.581979
50 0.304375 0.37802100000000005 0.301016 0.36233299999999996 0.346406 0.31747899999999996 0.35985900000000004 0.373542 0.38004699999999997 0.389229 0.41200000000000003 0.382521 0.391813 0.35112499999999996 0.3935 0.32197899999999996 0.418719 0.25918800000000003 0.420406 0.18968700000000002 0.385094 0.129146 0.385094 0.07981250000000001 0.339688 0.0887917 0.33799999999999997 0.120187 0.341375 0.149333 0.343047 0.165021 0.30268700000000004 0.29506299999999996 0.272422 0.308521 0.270734 0.438562 0.264016 0.45875 0.274109 0.452021 0.309422 0.434083 0.304375 0.37802100000000005
25 0.665922 0.681604 0.665922 0.683854 0.639016 0.699542 0.6188279999999999 0.7152499999999999 0.613797 0.7264579999999999 0.598656 0.7443960000000001 0.595297 0.7668130000000001 0.596969 0.7825209999999999 0.600344 0.7825209999999999 0.605375 0.7825209999999999 0.625563 0.7780210000000001 0.652469 0.769062 0.662563 0.7735420000000001 0.667594 0.7735420000000001 0.670969 0.7735420000000001 0.6827340000000001 0.7735420000000001 0.687781 0.7780210000000001 0.689469 0.7892290000000001 0.697875 0.807167 0.7062809999999999 0.8206249999999999 0.714687 0.8206249999999999 0.724781 0.8206249999999999 0.7399060000000001 0.8206249999999999 0.756719 0.816146 0.785313 0.813896 0.8038130000000001 0.813896 0.8273590000000001 0.813896 0.840812 0.813896 0.8660310000000001 0.811667 0.881172 0.8094169999999999 0.906391 0.798208 0.929937 0.800458 0.968609 0.802687 0.9803750000000001 0.800458 0.985422 0.798208 0.987109 0.7847500000000001 0.9887969999999999 0.7780210000000001 0.985422 0.7735420000000001 0.982062 0.757854 0.978703 0.742146 0.9702970000000001 0.7331869999999999 0.955156 0.708521 0.951797 0.686104 0.9618909999999999 0.677125 0.971969 0.6681670000000001 0.9887969999999999 0.634521 0.990469 0.612104 0.9887969999999999 0.594167 0.978703 0.587438 0.9618909999999999 0.578479 0.950109 0.567271 0.9417030000000001 0.560542 0.919844 0.560542 0.8979839999999999 0.57175 0.887891 0.580708 0.881172 0.5919380000000001 0.8677189999999999 0.605375 0.857625 0.6143540000000001 0.8340780000000001 0.630042 0.815578 0.639021 0.783625 0.64125 0.7600939999999999 0.64125 0.729828 0.650229 0.714687 0.650229 0.6945 0.659188 0.667594 0.677125 0.655828 0.686104 0.665922 0.681604
14 0.258031 0.456583 0.25145300000000004 0.455604 0.257297 0.484813 0.294547 0.483854 0.295281 0.46437500000000004 0.290172 0.458521 0.255109 0.458521 0.258031 0.456583
14 0.212703 0.478479 0.21637499999999998 0.469667 0.21637499999999998 0.455 0.21564100000000003 0.455 0.195094 0.454021 0.178953 0.455979 0.181891 0.4775 0.189969 0.478479 0.2105 0.478479 0.212703 0.478479
14 0.216938 0.46191699999999997 0.21770299999999998 0.46654199999999996 0.21848399999999998 0.469396 0.219062 0.472479 0.21926600000000002 0.476875 0.220219 0.479958 0.22312500000000002 0.479958 0.256016 0.479958 0.252141 0.459333 0.25078100000000003 0.459333 0.238797 0.459333 0.21732800000000002 0.460104 0.216938 0.46191699999999997
14 0.16899999999999998 0.478542 0.180062 0.476896 0.18210900000000002 0.475271 0.180469 0.457229 0.192766 0.455583 0.193172 0.445208 0.17350000000000002 0.443562 0.155875 0.445208 0.155875 0.447937 0.155062 0.447937 0.159562 0.47470799999999996 0.16899999999999998 0.478542
14 0.266781 0.453542 0.271172 0.449146 0.267875 0.44547899999999996 0.221172 0.446958 0.215125 0.446958 0.21842199999999998 0.455021 0.21732800000000002 0.452083 0.233812 0.452813 0.266781 0.453542
14 0.194828 0.446562 0.194828 0.453188 0.214703 0.453188 0.217188 0.442417 0.219672 0.42835399999999996 0.20848399999999997 0.427521 0.18426599999999999 0.42835399999999996 0.181781 0.42668700000000004 0.181156 0.442417 0.194828 0.446562
14 0.216812 0.430771 0.216219 0.433104 0.21739099999999997 0.43545799999999996 0.217984 0.438188 0.219156 0.441313 0.230891 0.4425 0.251406 0.442104 0.265766 0.440542 0.267531 0.438979 0.271047 0.435854 0.269 0.43233299999999997 0.259031 0.429208 0.24173399999999998 0.42802100000000004 0.22707799999999997 0.428813 0.21974999999999997 0.429208 0.21768700000000002 0.433104 0.216812 0.430771
14 0.207234 0.38558299999999995 0.21514099999999997 0.39141699999999996 0.228875 0.39141699999999996 0.234437 0.388687 0.23707799999999998 0.380896 0.234734 0.37660400000000005 0.23034400000000002 0.374271 0.221281 0.373875 0.20314100000000002 0.37737499999999996 0.207234 0.38558299999999995
14 0.231234 0.414042 0.23374999999999999 0.41160399999999997 0.235344 0.405188 0.237406 0.400313 0.235812 0.398479 0.22642199999999998 0.4 0.219547 0.40275 0.22046899999999997 0.40458299999999997 0.221156 0.413437 0.231234 0.414042
10 0.43375 0.8707499999999999 0.43760899999999997 0.863667 0.43857799999999997 0.852688 0.439063 0.839146 0.436156 0.8339789999999999 0.43375 0.826229 0.433266 0.819125 0.433266 0.806875 0.432297 0.798479 0.431328 0.79525 0.429391 0.790729 0.426 0.786875 0.422609 0.788146 0.420188 0.799125 0.419219 0.806229 0.419703 0.812042 0.419219 0.818479 0.414375 0.831396 0.408094 0.837854 0.40470300000000003 0.8449380000000001 0.402766 0.8533329999999999 0.401797 0.863021 0.401312 0.870104 0.40034400000000003 0.877208 0.40034400000000003 0.8849579999999999 0.399859 0.891417 0.397437 0.8952709999999999 0.396953 0.8985 0.401797 0.905604 0.407609 0.9023749999999999 0.408578 0.8952709999999999 0.408094 0.886896 0.40567200000000003 0.88625 0.401797 0.88625 0.401312 0.877208 0.402766 0.8726870000000001 0.40567200000000003 0.869458 0.407609 0.868167 0.411484 0.868812 0.41485900000000003 0.873333 0.41679700000000003 0.8778539999999999 0.421641 0.8849579999999999 0.424547 0.888188 0.431813 0.875917 0.43375 0.8707499999999999
10 0.426234 0.720417 0.422859 0.720417 0.418516 0.725562 0.411266 0.7320209999999999 0.416094 0.736521 0.423344 0.741021 0.426234 0.7487499999999999 0.430594 0.763563 0.433 0.780938 0.44265600000000005 0.792542 0.44893700000000003 0.805417 0.445078 0.8208749999999999 0.44990600000000003 0.823438 0.44990600000000003 0.8144380000000001 0.45425000000000004 0.807979 0.457141 0.823438 0.461016 0.8208749999999999 0.457141 0.802833 0.462937 0.801542 0.473562 0.807979 0.48515600000000003 0.806063 0.48321899999999995 0.8002710000000001 0.469219 0.782875 0.455703 0.7609790000000001 0.445078 0.750687 0.435422 0.730729 0.426234 0.7230000000000001 0.426234 0.720417
10 0.614313 0.21620799999999998 0.616344 0.221604 0.624437 0.22699999999999998 0.6298440000000001 0.230604 0.636594 0.23960399999999998 0.641984 0.25131200000000004 0.639969 0.264813 0.646719 0.26031299999999996 0.646719 0.257604 0.648062 0.256708 0.658188 0.259417 0.665531 0.278979 0.667 0.276042 0.664062 0.247667 0.654516 0.245708 0.6493909999999999 0.238875 0.659656 0.238875 0.662594 0.238875 0.667734 0.237896 0.668469 0.230063 0.673594 0.22225 0.677266 0.216375 0.680937 0.208542 0.689734 0.202688 0.6970780000000001 0.19877099999999998 0.6956089999999999 0.195833 0.702937 0.191917 0.6992659999999999 0.187021 0.705141 0.183125 0.7 0.178229 0.705141 0.172354 0.6992659999999999 0.169417 0.702937 0.163562 0.697813 0.163562 0.6970780000000001 0.159646 0.656719 0.186042 0.636922 0.215396 0.617109 0.218333 0.614313 0.21620799999999998
10 0.606734 0.32135400000000003 0.606734 0.32583300000000004 0.621906 0.32135400000000003 0.630344 0.316854 0.630344 0.29662499999999997 0.630344 0.269667 0.621906 0.283146 0.6117969999999999 0.28764599999999996 0.610109 0.29662499999999997 0.610109 0.312354 0.610109 0.32135400000000003 0.606734 0.32135400000000003
10 0.361953 0.658667 0.35876600000000003 0.6625 0.361313 0.6654789999999999 0.368016 0.670167 0.37312500000000004 0.670583 0.37728100000000003 0.668458 0.37887499999999996 0.662917 0.378234 0.659937 0.37728100000000003 0.65525 0.37728100000000003 0.648875 0.37887499999999996 0.6441870000000001 0.380797 0.639083 0.380469 0.635667 0.37728100000000003 0.633542 0.37281200000000003 0.628021 0.369625 0.620771 0.368984 0.612687 0.367062 0.6088539999999999 0.363875 0.6088539999999999 0.362906 0.609271 0.360672 0.61225 0.360672 0.614812 0.361953 0.622479 0.36228099999999996 0.628437 0.361641 0.634833 0.357484 0.6407919999999999 0.356844 0.6441870000000001 0.357172 0.648875 0.357484 0.652271 0.362906 0.659937 0.361953 0.658667
10 0.46362500000000006 0.755333 0.46154700000000004 0.7590210000000001 0.465 0.7590210000000001 0.466047 0.755333 0.467781 0.753021 0.467422 0.737792 0.46326599999999996 0.727625 0.459469 0.726708 0.455312 0.729479 0.45392200000000005 0.728083 0.45704700000000004 0.723938 0.45634399999999997 0.7220829999999999 0.458078 0.7174790000000001 0.45149999999999996 0.699 0.44699999999999995 0.688854 0.44215600000000005 0.6851459999999999 0.43868799999999997 0.6851459999999999 0.434875 0.687917 0.433844 0.690229 0.42934400000000006 0.693917 0.43142199999999997 0.697625 0.43903100000000006 0.698083 0.441109 0.699938 0.443891 0.7114790000000001 0.441453 0.7285419999999999 0.447687 0.738708 0.45876599999999995 0.755333 0.46362500000000006 0.755333
10 0.605813 0.657604 0.626734 0.663312 0.632719 0.647917 0.616062 0.6388130000000001 0.604953 0.6285620000000001 0.592562 0.618875 0.589578 0.6234369999999999 0.5882970000000001 0.6251460000000001 0.595547 0.643375 0.605813 0.657604
10 0.646547 0.590063 0.646547 0.592917 0.653813 0.602021 0.658516 0.602021 0.6653439999999999 0.598604 0.666625 0.5957709999999999 0.6717660000000001 0.584937 0.6653439999999999 0.580375 0.656813 0.583229 0.6474059999999999 0.590646 0.646547 0.590063
10 0.907188 0.160354 0.889594 0.160354 0.874109 0.161292 0.8656560000000001 0.16597900000000002 0.8663589999999999 0.176312 0.8734059999999999 0.181 0.880437 0.189438 0.891703 0.197875 0.8980309999999999 0.199771 0.9085940000000001 0.200708 0.9177339999999999 0.206333 0.9177339999999999 0.21102100000000001 0.9177339999999999 0.222271 0.930406 0.22320800000000002 0.931109 0.212896 0.9339219999999999 0.209146 0.9388439999999999 0.21102100000000001 0.942375 0.23072900000000002 0.9480000000000001 0.2495 0.949406 0.246667 0.9480000000000001 0.22697900000000001 0.945187 0.200708 0.9346249999999999 0.18568700000000002 0.926187 0.175375 0.925484 0.17441700000000002 0.926187 0.176312 0.9177339999999999 0.164104 0.907188 0.160354
10 0.933672 0.40277100000000005 0.9288909999999999 0.39697899999999997 0.923391 0.395813 0.9205 0.40006200000000003 0.918906 0.40391699999999997 0.92325 0.40545800000000004 0.922813 0.412813 0.9220940000000001 0.423438 0.9246869999999999 0.429417 0.9315 0.43695799999999996 0.937594 0.441396 0.933672 0.446792 0.935703 0.449312 0.941359 0.448917 0.9423590000000001 0.446229 0.9429529999999999 0.441188 0.9443910000000001 0.4385 0.9594530000000001 0.43714600000000003 0.9730779999999999 0.444104 0.974375 0.44389599999999996 0.9706089999999999 0.43733299999999997 0.971484 0.433479 0.967859 0.429021 0.957437 0.422854 0.947141 0.417438 0.935266 0.411646 0.933672 0.40277100000000005
10 0.33290600000000004 0.692937 0.338609 0.682604 0.334125 0.661396 0.348813 0.64725 0.358609 0.653229 0.356969 0.64725 0.34187500000000004 0.639083 0.307609 0.634188 0.294547 0.6363749999999999 0.30639099999999997 0.659771 0.327594 0.6935 0.33290600000000004 0.692937
14 0.252969 0.459187 0.26701600000000003 0.4545 0.25520299999999996 0.452792 0.24275000000000002 0.45237499999999997 0.21720299999999998 0.452792 0.216891 0.45960399999999996 0.222953 0.45960399999999996 0.233172 0.45875 0.252016 0.45960399999999996 0.252969 0.459187
50 0.122719 0.237521 0.130578 0.246083 0.130578 0.273708 0.11701600000000001 0.29370799999999997 0.09343749999999999 0.29370799999999997 0.0905781 0.33845800000000004 0.0684375 0.34131300000000003 0.05985939999999999 0.418458 0.0805781 0.41560400000000003 0.109859 0.393708 0.104859 0.383229 0.112016 0.369896 0.11985900000000001 0.379417 0.129859 0.376563 0.11985900000000001 0.361313 0.11129700000000001 0.35275 0.0927188 0.347979 0.09701560000000001 0.333708 0.130578 0.317958 0.14343699999999998 0.291292 0.140578 0.253208 0.177016 0.270333 0.192 0.270333 0.199859 0.23033299999999998 0.197719 0.16558299999999998 0.179156 0.123667 0.150578 0.10939600000000001 0.131297 0.11699999999999999 0.126297 0.142729 0.124156 0.184625 0.10843799999999999 0.231292 0.122719 0.237521
10 0.394313 0.6441250000000001 0.398156 0.648729 0.398922 0.653854 0.397766 0.657937 0.397766 0.664583 0.41043799999999997 0.670729 0.416578 0.670729 0.42079700000000003 0.664083 0.425016 0.654354 0.42846900000000004 0.6466879999999999 0.438453 0.633896 0.435766 0.633896 0.425016 0.645146 0.421172 0.648208 0.415813 0.64925 0.40774999999999995 0.64925 0.404297 0.6441250000000001 0.398531 0.642083 0.394313 0.6441250000000001