27 0.141328 0.981697 0.141328 0.998077 0.172453 1 0.16325 0.805543 0.533188 0.844457 0.538125 0.988869 0.576328 1 0.5720780000000001 0.8342080000000001 0.623016 0.7983709999999999 0.6258440000000001 0.76457 0.632203 0.736923 0.688797 0.667285 0.712844 0.6662440000000001 0.74325 0.667285 0.764469 0.693914 0.7708440000000001 0.674434 0.772969 0.639615 0.727688 0.633484 0.6711090000000001 0.6273299999999999 0.6711090000000001 0.63552 0.6711090000000001 0.6652260000000001 0.6590779999999999 0.693914 0.630797 0.700045 0.606031 0.6877599999999999 0.579156 0.6990270000000001 0.54025 0.713371 0.393125 0.698009 0.384641 0.690837 0.37190599999999996 0.698009 0.323109 0.717466 0.274297 0.703122 0.277125 0.7205199999999999 0.262984 0.7297509999999999 0.23045300000000002 0.742036 0.20285899999999998 0.745113 0.171031 0.7440950000000001 0.15334399999999998 0.738959 0.123641 0.7543209999999999 0.12434400000000001 0.778914 0.13142199999999998 0.781991 0.142031 0.9939819999999999 0.141328 0.981697
50 0.850484 0.984842 0.845828 0.9286430000000001 0.8473750000000001 0.8477600000000001 0.864437 0.782579 0.901688 0.8702259999999999 0.926531 0.984842 0.997922 0.987081 0.997922 0.9781 0.9792970000000001 0.88371 0.954453 0.6365160000000001 0.954453 0.5781 0.9668749999999999 0.544389 0.9622189999999999 0.530905 0.963766 0.524163 0.969984 0.474729 0.9730779999999999 0.357873 0.959109 0.297195 0.912562 0.245498 0.912562 0.223032 0.892375 0.207308 0.8954840000000001 0.193824 0.901688 0.173597 0.8985939999999999 0.148869 0.8970309999999999 0.126403 0.8970309999999999 0.10617599999999999 0.892375 0.08821269909502262 0.8613440000000001 0.0747285 0.842719 0.0747285 0.831859 0.08821269909502262 0.8132339999999999 0.117421 0.8116720000000001 0.15113100000000002 0.8209839999999999 0.205045 0.7915 0.220792 0.800812 0.238756 0.797703 0.254502 0.772875 0.258982 0.749594 0.281471 0.734078 0.32189999999999996 0.712359 0.37583700000000003 0.703047 0.398326 0.695281 0.45450199999999996 0.703047 0.47696799999999995 0.724766 0.49943400000000004 0.7418440000000001 0.510679 0.7558119999999999 0.488213 0.765125 0.515158 0.7542500000000001 0.544389 0.763563 0.573597 0.7806409999999999 0.602805 0.771328 0.602805 0.7697809999999999 0.6522399999999999 0.758906 0.717421 0.766672 0.796063 0.7806409999999999 0.8252710000000001 0.7961560000000001 0.903937 0.7961560000000001 0.987081 0.850484 0.984842
50 0.122 0.777217 0.125937 0.754389 0.190328 0.7163349999999999 0.190328 0.699208 0.220547 0.640204 0.215297 0.577421 0.189016 0.478484 0.190328 0.46325800000000006 0.191641 0.440407 0.153531 0.423303 0.167984 0.377624 0.156156 0.32624400000000003 0.116734 0.312941 0.0865156 0.347172 0.0825781 0.392851 0.0930781 0.430905 0.0746875 0.457534 0.0457813 0.501312 0.0208125 0.615475 0.0208125 0.6630540000000001 0.0313281 0.70681 0.05234380000000001 0.7315380000000001 0.0470938 0.781018 0.05892189999999999 0.801946 0.0418281 0.99224 0.144328 0.99414 0.131187 0.782919 0.122 0.777217
54 0.740172 0.46732999999999997 0.755687 0.487262 0.785266 0.504638 0.785266 0.49319 0.798719 0.495317 0.810719 0.49658399999999997 0.810719 0.490226 0.796969 0.481742 0.7957970000000001 0.475814 0.7474999999999999 0.452919 0.7395940000000001 0.452489 0.740172 0.46732999999999997
54 0.06564060000000001 0.6974659999999999 0.061 0.701561 0.0565469 0.7006789999999999 0.050890599999999994 0.694842 0.046234399999999995 0.70595 0.0464375 0.713575 0.0486562 0.71767 0.0563438 0.7191399999999999 0.061 0.724118 0.08565629999999999 0.7273299999999999 0.0890937 0.724118 0.0996094 0.724683 0.10810900000000001 0.713869 0.111734 0.704208 0.10264100000000001 0.7071270000000001 0.098 0.70595 0.096375 0.701267 0.0745469 0.6992309999999999 0.06564060000000001 0.6974659999999999
22 0.263125 0.538213 0.265422 0.47445699999999996 0.190484 0.471131 0.187625 0.475271 0.189906 0.49764700000000006 0.20478100000000002 0.53491 0.213937 0.582127 0.216219 0.621041 0.224234 0.618552 0.261984 0.587081 0.263703 0.583778 0.263125 0.538213
22 0.35318700000000003 0.47475100000000003 0.306438 0.470475 0.277922 0.473462 0.273219 0.476018 0.270859 0.48920800000000003 0.269391 0.555204 0.269094 0.58586 0.261453 0.586719 0.22764099999999998 0.6160859999999999 0.224984 0.626312 0.227937 0.685498 0.235578 0.688484 0.233812 0.6373759999999999 0.261453 0.6339819999999999 0.267922 0.687195 0.279969 0.693575 0.285562 0.696991 0.277328 0.635249 0.306141 0.633552 0.309094 0.6373759999999999 0.31407799999999997 0.6339819999999999 0.318797 0.6258819999999999 0.349953 0.6114029999999999 0.349953 0.600769 0.35465599999999997 0.598213 0.357313 0.5943890000000001 0.357609 0.58629 0.358781 0.480701 0.358187 0.47475100000000003 0.35318700000000003 0.47475100000000003
22 0.573438 0.555656 0.572828 0.568258 0.584016 0.577262 0.583391 0.576357 0.585875 0.476448 0.49823399999999995 0.47375599999999995 0.49450000000000005 0.503462 0.497609 0.548462 0.492625 0.570973 0.491391 0.579955 0.508172 0.57457 0.508797 0.551154 0.573438 0.555656
22 0.31970299999999996 0.817602 0.31504699999999997 0.979412 0.336781 0.979412 0.338328 0.9164709999999999 0.4032814375 0.9164709999999999 0.39575 0.9883939999999999 0.411266 0.9883939999999999 0.422141 0.920973 0.467141 0.9164709999999999 0.473344 0.918733 0.488875 0.909729 0.5400780000000001 0.8647959999999999 0.5400780000000001 0.8468100000000001 0.31970299999999996 0.817602
22 0.523906 0.876652 0.4360939999999999 0.9395479999999999 0.44081200000000004 0.962805 0.433266 0.969638 0.43042199999999997 0.991516 0.537125 0.999706 0.531469 0.878032 0.523906 0.876652
22 0.595688 0.972376 0.603234 0.92724 0.607953 0.883484 0.577734 0.879389 0.573969 0.884864 0.575844 0.999706 0.591906 1 0.595688 0.972376
54 0.44373399999999996 0.748258 0.456625 0.7452939999999999 0.46129699999999996 0.730452 0.45632799999999996 0.727489 0.43232799999999993 0.722828 0.406859 0.719005 0.39104700000000003 0.727489 0.39925 0.738507 0.44373399999999996 0.748258
12 0.391813 0.372783 0.389922 0.30891399999999997 0.40075000000000005 0.305407 0.401016 0.30226200000000003 0.383703 0.30382400000000004 0.38451599999999997 0.37122200000000005 0.391813 0.372783
12 0.30192199999999997 0.277647 0.452609 0.275656 0.453984 0.19830299999999998 0.44165599999999994 0.204253 0.300547 0.204253 0.30192199999999997 0.277647
12 0.340328 0.310995 0.340328 0.373801 0.34085899999999997 0.373529 0.344422 0.373529 0.34423400000000004 0.309977 0.340156 0.309977 0.340328 0.310995
50 0.692844 0.428371 0.6923440000000001 0.432738 0.687812 0.44296399999999997 0.68075 0.455362 0.675219 0.471403 0.669172 0.49911799999999995 0.666141 0.531946 0.673203 0.550181 0.668672 0.556018 0.659594 0.558213 0.6475 0.570611 0.659094 0.571335 0.659594 0.5859279999999999 0.667656 0.58957 0.668672 0.618032 0.705937 0.6202259999999999 0.7145159999999999 0.6202259999999999 0.728109 0.61948 0.748266 0.61948 0.761359 0.611471 0.768922 0.614389 0.778984 0.595407 0.764375 0.572805 0.7527969999999999 0.541425 0.767406 0.515181 0.7537969999999999 0.487466 0.742219 0.50862 0.723078 0.49911799999999995 0.703422 0.475792 0.695875 0.45097299999999996 0.701406 0.415249 0.692844 0.428371
22 0.857797 1 0.8595470000000001 0.964683 0.9154220000000001 0.968054 0.9177500000000001 0.95457 0.8671089999999999 0.951199 0.863609 0.9267650000000001 0.856625 0.93267 0.8572190000000001 0.871968 0.8665309999999999 0.87871 0.863031 0.81129 0.850812 0.799502 0.846156 0.832376 0.846734 1 0.857797 1
22 0.981219 0.566244 0.9973750000000001 0.566244 1 0.47013600000000005 0.9722500000000001 0.47013600000000005 0.981219 0.566244
12 0.448297 0.37129 0.447891 0.309525 0.441453 0.30776000000000003 0.44385899999999995 0.370701 0.448297 0.37129
12 0.32334399999999996 0.17457 0.320047 0.104615 0.315016 0.105362 0.318656 0.175068 0.32334399999999996 0.17457
12 0.32401599999999997 0.173982 0.452813 0.163529 0.452297 0.08818999999999999 0.316812 0.10685499999999999 0.32401599999999997 0.173982
12 0.40410899999999994 0.370973 0.404328 0.370317 0.40410899999999994 0.36868799999999996 0.405234 0.338824 0.40343799999999996 0.323891 0.40254700000000004 0.318054 0.40231300000000003 0.308959 0.396484 0.308959 0.394922 0.30993200000000004 0.396031 0.354412 0.39849999999999997 0.372262 0.399625 0.374548 0.401875 0.374548 0.40410899999999994 0.370973
12 0.384797 0.40970599999999996 0.384484 0.45905 0.387313 0.459955 0.39075000000000004 0.41106299999999996 0.385734 0.41106299999999996 0.384797 0.40970599999999996
12 0.455406 0.439706 0.45296900000000007 0.40343900000000005 0.430344 0.404615 0.427109 0.40694600000000003 0.42792199999999997 0.439706 0.455406 0.439706
12 0.934391 0.124977 0.942172 0.12319 0.942484 0.046606300904977374 0.9340780000000001 0.047058800904977376 0.934391 0.124977
12 0.918844 0.246855 0.9204060000000001 0.248213 0.9222810000000001 0.24504499999999999 0.922906 0.17414000000000002 0.9222810000000001 0.165543 0.921344 0.16599499999999998 0.916984 0.16599499999999998 0.9172969999999999 0.17142500000000002 0.9172969999999999 0.24504499999999999 0.918844 0.246855
12 0.301203 0.17601799999999998 0.30692200000000003 0.1781 0.301766 0.107624 0.296625 0.108462 0.301203 0.17601799999999998
12 0.337828 0.37511300000000003 0.340438 0.37484199999999995 0.340266 0.311855 0.339219 0.310837 0.336766 0.310837 0.337828 0.37233 0.337828 0.37511300000000003
22 0.486937 0.580543 0.4752660000000001 0.578439 0.406656 0.59957 0.40957799999999994 0.6080320000000001 0.416875 0.6376240000000001 0.451906 0.631267 0.482562 0.631267 0.491312 0.624932 0.492781 0.591131 0.486937 0.580543
22 0.585094 0.8830320000000002 0.585094 0.866131 0.614281 0.842873 0.615734 0.825973 0.571953 0.851335 0.574875 0.8830320000000002 0.585094 0.8830320000000002
22 0.603672 0.592466 0.612672 0.5913799999999999 0.6119220000000001 0.554457 0.675703 0.554457 0.667453 0.526199 0.671203 0.49251100000000003 0.675703 0.472964 0.613422 0.475136 0.605922 0.47948 0.600672 0.5327149999999999 0.603672 0.592466
22 0.336016 0.674887 0.339422 0.6567649999999999 0.398563 0.650181 0.40196899999999997 0.638665 0.414484 0.638665 0.398563 0.6040719999999999 0.307578 0.635362 0.30074999999999996 0.6469 0.309859 0.689706 0.336016 0.674887
22 0.34653100000000003 0.621199 0.398422 0.604819 0.40149999999999997 0.6145020000000001 0.403562 0.6063120000000001 0.405609 0.597376 0.397391 0.5951580000000001 0.38917199999999996 0.597376 0.381469 0.601109 0.376328 0.5944119999999999 0.372734 0.589955 0.348062 0.603348 0.348062 0.620452 0.34653100000000003 0.621199