18 0.609563 0.46281 0.6052500000000001 0.464754 0.6052500000000001 0.46993 0.601797 0.476393 0.601375 0.482857 0.600938 0.49644 0.652281 0.49709600000000004 0.648844 0.455691 0.618625 0.450515 0.609563 0.46281
18 0.987125 0.594098 0.9937340000000001 0.598665 0.9998279999999999 0.598665 0.9998279999999999 0.415761 0.989156 0.443185 0.9800000000000001 0.47063200000000005 0.974906 0.49578500000000003 0.9738910000000001 0.512553 0.971359 0.513302 0.971359 0.525504 0.9723750000000001 0.545316 0.9779690000000001 0.5537 0.985078 0.561311 0.984578 0.57733 0.987125 0.594098
73 0.843672 0.23466 0.8466720000000001 0.165925 0.823516 0.165925 0.823516 0.23145200000000002 0.843672 0.23466
73 0.742391 0.157658 0.7418440000000001 0.18 0.740734 0.236323 0.756203 0.236323 0.757313 0.22969599999999998 0.761734 0.157658 0.7501249999999999 0.15681499999999998 0.742391 0.157658
59 0.5341090000000001 0.699368 0.538062 0.698103 0.538922 0.683653 0.5440159999999999 0.679836 0.544875 0.682389 0.545719 0.690468 0.550828 0.695129 0.551672 0.683653 0.559328 0.6815460000000001 0.557625 0.68918 0.56075 0.70192 0.565562 0.704473 0.5686880000000001 0.681967 0.5720780000000001 0.673044 0.569813 0.659883 0.5652809999999999 0.661569 0.5627340000000001 0.6649649999999999 0.551672 0.661569 0.5420309999999999 0.657752 0.543172 0.6543559999999999 0.531828 0.6543559999999999 0.529563 0.660304 0.530422 0.675597 0.529563 0.6908899999999999 0.532125 0.698103 0.5341090000000001 0.699368
59 0.8867499999999999 0.788759 0.887984 0.7730210000000001 0.893234 0.7605390000000001 0.8799530000000001 0.7522009999999999 0.841062 0.742482 0.837969 0.785527 0.8839689999999999 0.795246 0.8867499999999999 0.788759
18 0.7865 0.469789 0.788219 0.49171000000000004 0.792094 0.509133 0.8037190000000001 0.500117 0.816203 0.46398100000000003 0.804578 0.44913299999999995 0.7865 0.469789
73 0.45025000000000004 0.261546 0.43707799999999997 0.264098 0.432937 0.26957800000000004 0.428547 0.268852 0.429281 0.295527 0.43585900000000005 0.300656 0.43562500000000004 0.301007 0.447328 0.301382 0.45025000000000004 0.261546
73 0.460609 0.299274 0.48156299999999996 0.30006999999999995 0.48260899999999995 0.296534 0.48260899999999995 0.26826700000000003 0.46165599999999996 0.26904 0.460609 0.299274
73 0.8975630000000001 0.08021080093676815 0.900563 0.08292740046838407 0.902969 0.07751759953161592 0.928187 0.08742389929742389 0.928187 0.06941450117096018 0.915578 0.06852459953161592 0.917375 0.05320840046838408 0.926984 0.047821999999999996 0.926984 0.03430910070257611 0.9239839999999999 0.030702599531615925 0.913781 0.03250589929742389 0.9149689999999999 0.000117096018735363 0.8807499999999999 0 0.881344 0.059508199063231855 0.881344 0.08201410070257611 0.8975630000000001 0.08021080093676815
63 0.429984 0.601335 0.437156 0.590913 0.44271900000000003 0.582576 0.440406 0.566956 0.43646900000000005 0.555831 0.42835900000000005 0.54993 0.41978099999999996 0.547143 0.412141 0.549578 0.40750000000000003 0.555129 0.40170300000000003 0.566253 0.400781 0.583279 0.40773400000000004 0.6006319999999999 0.424641 0.605504 0.429984 0.601335
50 0.909219 0.758595 0.889359 0.618501 0.947766 0.567728 0.971125 0.523958 0.9664529999999999 0.48369999999999996 0.922063 0.43466 0.8531409999999999 0.38737699999999997 0.843797 0.35936799999999997 0.807578 0.361124 0.7970780000000001 0.383888 0.798234 0.417143 0.815766 0.443419 0.807578 0.490703 0.793562 0.5397190000000001 0.745672 0.618501 0.738656 0.650023 0.757359 0.6640280000000001 0.764359 0.65178 0.8286089999999999 0.502951 0.8601559999999999 0.5169560000000001 0.882344 0.529204 0.8379530000000001 0.585246 0.868328 0.714824 0.846141 0.730562 0.848469 0.753326 0.909219 0.758595
75 0.773234 0.496721 0.773234 0.458431 0.747047 0.408642 0.733 0.407681 0.738109 0.49576099999999995 0.773234 0.496721
75 0.653156 0.4163 0.648047 0.452693 0.649328 0.480445 0.652531 0.496721 0.664016 0.501499 0.671687 0.494801 0.687656 0.49576099999999995 0.706813 0.500539 0.718953 0.404824 0.659547 0.405785 0.653156 0.4163
50 0.55425 0.305714 0.551578 0.303044 0.551578 0.29636999999999997 0.55425 0.271007 0.550687 0.254988 0.543562 0.245644 0.537328 0.242974 0.5310940000000001 0.23894600000000002 0.522188 0.24697899999999998 0.519516 0.253653 0.518625 0.260328 0.515953 0.284356 0.518625 0.292365 0.521297 0.304379 0.5115000000000001 0.305714 0.502578 0.313724 0.496344 0.32573799999999997 0.492781 0.332412 0.490109 0.351124 0.48476600000000003 0.388501 0.486437 0.41084299999999996 0.49218799999999996 0.43096 0.498562 0.447237 0.5004839999999999 0.458712 0.504953 0.471171 0.5004839999999999 0.47498799999999997 0.49473399999999995 0.49126499999999995 0.48770300000000005 0.522857 0.482594 0.553747 0.501766 0.580796 0.527953 0.6145670000000001 0.5324220000000001 0.6107260000000001 0.538812 0.635621 0.5311410000000001 0.649977 0.541359 0.6645899999999999 0.556047 0.6636299999999999 0.5650000000000001 0.6636299999999999 0.570109 0.657892 0.570109 0.6454570000000001 0.570109 0.6263 0.573297 0.612904 0.568828 0.603326 0.562437 0.583232 0.566906 0.5621550000000001 0.5637190000000001 0.550679 0.5573279999999999 0.544918 0.561797 0.527705 0.569469 0.504731 0.570109 0.49993 0.579688 0.505667 0.584156 0.504731 0.590547 0.485574 0.591187 0.47025799999999995 0.594375 0.44824400000000003 0.603953 0.415691 0.610344 0.39463699999999996 0.602672 0.37356 0.590547 0.355386 0.598797 0.372482 0.573844 0.327073 0.55425 0.305714