50 0.8321000000000001 0.837832 0.82132 0.848382 0.83454 0.860954 0.8550800000000001 0.86396 0.87142 0.8644799999999999 0.87282 0.86396 0.87526 0.8584390000000001 0.8745599999999999 0.855434 0.8731599999999999 0.836821 0.87664 0.8217340000000001 0.8710800000000001 0.7991039999999999 0.87178 0.7971099999999999 0.87178 0.7739600000000001 0.86098 0.7654340000000001 0.85264 0.766416 0.84812 0.772948 0.84812 0.776474 0.8509 0.802139 0.8491599999999999 0.8046530000000001 0.84534 0.813179 0.84464 0.8277749999999999 0.84012 0.834306 0.8321000000000001 0.837832
50 0.56808 0.55237 0.57862 0.554451 0.58126 0.547861 0.5802999999999999 0.539538 0.57982 0.526012 0.57694 0.519451 0.57694 0.514595 0.57502 0.5045379999999999 0.57216 0.502457 0.56976 0.508353 0.56736 0.515636 0.56592 0.5215029999999999 0.55992 0.526705 0.56112 0.530867 0.56376 0.527746 0.56952 0.523237 0.56952 0.529133 0.56808 0.539538 0.5652 0.550983 0.56808 0.55237
50 0.6634800000000001 0.52815 0.66684 0.5164449999999999 0.66144 0.500867 0.65674 0.478468 0.65 0.474595 0.6446000000000001 0.495029 0.64864 0.5135259999999999 0.64662 0.530087 0.65 0.53789 0.6526799999999999 0.543728 0.6547200000000001 0.541763 0.6634800000000001 0.53789 0.6634800000000001 0.52815
40 0.65944 0.277659 0.64316 0.289422 0.63664 0.305896 0.62198 0.336474 0.61548 0.381185 0.61222 0.395289 0.61384 0.421185 0.62036 0.411763 0.62198 0.395289 0.6285 0.345896 0.63176 0.336474 0.63502 0.395289 0.63502 0.414104 0.6399 0.411763 0.64316 0.390578 0.6382599999999999 0.338815 0.65292 0.31057799999999997 0.65618 0.350578 0.65292 0.40705199999999997 0.65944 0.409422 0.66106 0.4 0.65618 0.36234099999999997 0.66106 0.305896 0.6675800000000001 0.312948 0.6692 0.336474 0.67572 0.371763 0.67734 0.390578 0.692 0.397659 0.68386 0.36 0.67734 0.27999999999999997 0.65944 0.277659
40 0.32814 0.20968199999999998 0.37068 0.20864200000000002 0.39264 0.133902 0.3494 0.130809 0.32814 0.20968199999999998
40 0.36357999999999996 0.266936 0.42484 0.26962400000000003 0.45382 0.20002899999999998 0.38695999999999997 0.19124300000000002 0.36172000000000004 0.26896 0.36357999999999996 0.266936
40 0.4773 0.245087 0.44733999999999996 0.262601 0.41992 0.290838 0.41906 0.29820800000000003 0.42502 0.310809 0.435 0.311416 0.45498 0.307428 0.47476 0.301908 0.47816000000000003 0.325231 0.48262 0.32679199999999997 0.49410000000000004 0.321561 0.51854 0.29945099999999997 0.52704 0.289306 0.54084 0.29820800000000003 0.54488 0.29820800000000003 0.54808 0.295145 0.56402 0.277948 0.56976 0.25552 0.56826 0.240173 0.5614600000000001 0.228179 0.56572 0.21682099999999999 0.56614 0.20762999999999998 0.5635800000000001 0.20023100000000002 0.55318 0.193179 0.55488 0.189509 0.55722 0.184595 0.55318 0.181503 0.54872 0.191329 0.5468 0.19378599999999999 0.5417000000000001 0.19624299999999997 0.5268200000000001 0.20208099999999998 0.5062 0.21991300000000003 0.49982 0.23372800000000002 0.48919999999999997 0.23739900000000003 0.4773 0.245087
40 0.5813200000000001 0.275405 0.57564 0.294855 0.5721 0.317399 0.55722 0.378844 0.59266 0.392139 0.6110800000000001 0.38395999999999997 0.6139199999999999 0.36858399999999997 0.5940599999999999 0.333786 0.5905199999999999 0.315347 0.6053999999999999 0.311243 0.60682 0.324566 0.61462 0.32659 0.61746 0.323526 0.6160399999999999 0.303035 0.6217 0.303035 0.63022 0.294855 0.6280800000000001 0.276416 0.6089600000000001 0.273353 0.6139199999999999 0.268237 0.6053999999999999 0.255925 0.5969 0.266185 0.5891000000000001 0.274364 0.5834400000000001 0.28052 0.5813200000000001 0.275405
40 0.77188 0.28624299999999997 0.7577 0.295462 0.7513200000000001 0.31390199999999996 0.7392799999999999 0.324133 0.74494 0.332341 0.76762 0.32211 0.78464 0.30263 0.8009400000000001 0.281127 0.78888 0.277023 0.77188 0.28624299999999997
40 0.8857 0.195636 0.85138 0.233642 0.86634 0.235751 0.9006799999999999 0.200376 0.90542 0.198786 0.9138200000000001 0.19933499999999998 0.94268 0.171879 0.9496 0.158699 0.94048 0.15182099999999998 0.94376 0.143382 0.93062 0.15078 0.91564 0.145491 0.8773 0.189306 0.8857 0.195636
40 1 0.20696499999999998 0.9897999999999999 0.20274599999999998 0.94898 0.23803500000000002 0.95736 0.240145 0.92604 0.265925 0.9224 0.265925 0.93878 0.27014499999999997 0.9672000000000001 0.243295 0.97304 0.243295 1 0.21644500000000003 1 0.20696499999999998
40 0.1859 0.167543 0.16496 0.19268799999999997 0.15112 0.20896 0.14628 0.216416 0.14532 0.22618499999999997 0.16916 0.23037599999999997 0.17366 0.224798 0.18397999999999998 0.211763 0.18462 0.20523099999999997 0.19813999999999998 0.199191 0.212 0.241098 0.2513 0.34303500000000003 0.27642 0.381214 0.28416 0.376098 0.279 0.359798 0.25904000000000005 0.324884 0.24744 0.30112700000000003 0.2571 0.297428 0.24775999999999998 0.272283 0.23778 0.24898800000000001 0.24259999999999998 0.241098 0.25292 0.276936 0.2724 0.317023 0.28368 0.32685000000000003 0.29218 0.340347 0.30068 0.346821 0.30132 0.318555 0.30684 0.319162 0.30726 0.311185 0.29026 0.274335 0.29068 0.267254 0.29408 0.272486 0.29854 0.273728 0.313 0.27341000000000004 0.31895999999999997 0.288757 0.34254 0.33421999999999996 0.3555 0.33789 0.3604 0.330231 0.36166000000000004 0.31887299999999996 0.35062 0.30228299999999997 0.32766 0.264509 0.33596 0.266965 0.34998 0.276474 0.3674 0.277717 0.37676 0.276792 0.38038 0.274624 0.36336 0.262052 0.36274 0.25343899999999997 0.36210000000000003 0.245145 0.35231999999999997 0.210434 0.33956000000000003 0.207977 0.3334 0.19754300000000002 0.32788 0.194162 0.31768 0.18832400000000002 0.31598000000000004 0.181272 0.31554000000000004 0.174509 0.31916 0.165925 0.32936 0.161012 0.34106000000000003 0.160087 0.34956 0.140434 0.34764 0.118006 0.32362 0.11494199999999999 0.31533999999999995 0.12046199999999999 0.29048 0.11063600000000001 0.27942 0.107254 0.26880000000000004 0.11462399999999999 0.26539999999999997 0.112775 0.2554 0.10664699999999999 0.24647999999999998 0.107254 0.24158000000000002 0.110318 0.23606 0.12598299999999998 0.23436 0.136734 0.22544 0.138266 0.22012 0.136416 0.21268 0.128439 0.21098 0.132139 0.21162 0.136416 0.21714 0.145029 0.21072 0.14838200000000001 0.19622 0.157688 0.1859 0.167543
40 0.23204 0.347948 0.22036 0.349422 0.21528 0.366301 0.20918 0.370723 0.20156 0.357486 0.17972 0.326647 0.15430000000000002 0.253208 0.13346 0.248092 0.11314 0.245145 0.104 0.27159 0.0979 0.326647 0.10348 0.414046 0.12178 0.42063599999999995 0.15588 0.41702300000000003 0.1643 0.428121 0.17968 0.434711 0.18328 0.458699 0.19313999999999998 0.46043399999999995 0.20372 0.48127200000000003 0.21118 0.486127 0.22341999999999998 0.48404600000000003 0.23088 0.487861 0.29554 0.46667600000000004 0.29866000000000004 0.452081 0.23882 0.471532 0.23063999999999998 0.46563599999999994 0.20958000000000002 0.45008699999999996 0.20958000000000002 0.44537600000000005 0.22222 0.41901700000000003 0.27598 0.40549099999999993 0.2774 0.394682 0.22268000000000002 0.41023100000000007 0.23016 0.387254 0.22502 0.36901700000000004 0.23063999999999998 0.356185 0.23204 0.347948
40 0.0005600000000000001 0.312659 0.02594 0.32 0.04242 0.448324 0.053840000000000006 0.444653 0.039880000000000006 0.327312 0.011980000000000001 0.134827 0.0005600000000000001 0.12748600000000002 0.0005600000000000001 0.312659
50 0.48372000000000004 0.635116 0.47928 0.64422 0.48075999999999997 0.6559830000000001 0.4778 0.6682950000000001 0.4778 0.739942 0.48372000000000004 0.741012 0.48336 0.7073119999999999 0.48484 0.657601 0.4963 0.649566 0.49594 0.640462 0.49038 0.6303179999999999 0.49594 0.621214 0.49334 0.6137279999999999 0.48372000000000004 0.6126590000000001 0.47892 0.625491 0.48484 0.634046 0.48372000000000004 0.635116