21 0.597437 0.341172 0.579229 0.34235899999999997 0.5823959999999999 0.353047 0.610104 0.364922 0.659979 0.379766 0.716979 0.389859 0.727271 0.389266 0.7431249999999999 0.376797 0.736 0.364922 0.595854 0.340578 0.597437 0.341172
22 0.543563 0.223828 0.582729 0.190641 0.616104 0.16996899999999998 0.639313 0.171594 0.648021 0.17378100000000002 0.660333 0.16942200000000002 0.676292 0.168875 0.681375 0.165078 0.682833 0.162344 0.658896 0.162891 0.642208 0.164531 0.5653330000000001 0.160172 0.5465 0.188891 0.5433129999999999 0.196 0.537875 0.229953 0.543563 0.223828
22 0.0716458 0.356391 0.0437083 0.369281 0.0308333 0.385391 0.0179375 0.4063280000000001 0.0995625 0.422438 0.0909792 0.354781 0.0716458 0.356391
22 0.316542 0.382172 0.17475 0.356391 0.172604 0.4305 0.275729 0.445 0.316542 0.382172
27 0 0.984422 0.99475 0.9821719999999999 1 0.566437 0.949813 0.550719 0.904875 0.595656 0.850938 0.627109 0.820979 0.627109 0.823979 0.5889059999999999 0.832958 0.534984 0.008979170833333333 0.40015599999999996 0 0.984422
50 0.982771 0.546063 1 0.521344 0.99175 0.220219 0.913854 0.19101600000000002 0.886896 0.166297 0.9318329999999999 0.103375 0.9318329999999999 0.0247188 0.9288329999999999 0 0.701125 0.00225 0.707125 0.0561875 0.713104 0.105625 0.716104 0.139328 0.716104 0.152812 0.704125 0.159547 0.614229 0.175281 0.5513119999999999 0.22246899999999997 0.485396 0.298875 0.431458 0.366297 0.44045799999999996 0.40225 0.449437 0.417984 0.455438 0.43595300000000003 0.497375 0.43595300000000003 0.539333 0.422469 0.5782710000000001 0.417984 0.587271 0.43370300000000006 0.587271 0.456187 0.581271 0.485391 0.829958 0.541578 0.8449380000000001 0.550563 0.850938 0.5685469999999999 0.838958 0.586516 0.820979 0.60225 0.8149789999999999 0.615734 0.817979 0.631453 0.832958 0.6382030000000001 0.8449380000000001 0.6382030000000001 0.850938 0.6382030000000001 0.853938 0.631453 0.8629169999999999 0.640453 0.943812 0.6 0.982771 0.546063
50 0.37474999999999997 0.315172 0.373125 0.313969 0.361875 0.30309400000000003 0.36024999999999996 0.287406 0.369917 0.274141 0.373125 0.276547 0.38439599999999996 0.293453 0.387625 0.315172 0.390833 0.315172 0.397271 0.31275 0.397271 0.311547 0.397271 0.294656 0.39887500000000004 0.275344 0.410146 0.259656 0.413375 0.266891 0.414979 0.286203 0.414979 0.30068700000000004 0.419812 0.315172 0.42302100000000004 0.32723399999999997 0.42624999999999996 0.344141 0.432667 0.355 0.43589599999999995 0.347766 0.43589599999999995 0.330859 0.431063 0.313969 0.432667 0.292234 0.440729 0.282578 0.44716700000000004 0.270516 0.45197899999999996 0.248781 0.45197899999999996 0.22465600000000002 0.466479 0.140156 0.474521 0.13774999999999998 0.485792 0.12446900000000001 0.485792 0.109984 0.477729 0.09912499999999999 0.506708 0.09912499999999999 0.513146 0.0894687 0.513146 0.07618749999999999 0.492229 0.047234399999999996 0.474521 0.0122188 0.46004199999999995 0.0025624999999999997 0.37474999999999997 0.0025624999999999997 0.363479 0.00378125 0.347396 0.031531199999999995 0.33289599999999997 0.058093700000000005 0.33289599999999997 0.0737812 0.329688 0.09912499999999999 0.329688 0.118438 0.31037499999999996 0.140156 0.295896 0.158266 0.28302099999999997 0.179984 0.274958 0.20534400000000003 0.284625 0.22103100000000003 0.29750000000000004 0.218609 0.29750000000000004 0.20654699999999998 0.30714600000000003 0.182406 0.32164600000000004 0.164297 0.33289599999999997 0.161891 0.32164600000000004 0.20775000000000002 0.302333 0.265687 0.302333 0.28982800000000003 0.311979 0.31275 0.339333 0.344141 0.37474999999999997 0.315172
26 0.190729 0.6242810000000001 0.201021 0.679688 0.21222899999999997 0.738594 0.224396 0.745609 0.263667 0.754016 0.30760400000000004 0.749109 0.330979 0.7315780000000001 0.33285400000000004 0.716844 0.335667 0.704234 0.34595800000000004 0.646719 0.356229 0.6347970000000001 0.362792 0.6109530000000001 0.337542 0.589922 0.294521 0.580094 0.228125 0.580094 0.188854 0.6011409999999999 0.190729 0.6242810000000001
32 0.448854 0.576359 0.458729 0.5555939999999999 0.523646 0.517125 0.5040830000000001 0.5122340000000001 0.448 0.553312 0.412792 0.548422 0.405354 0.551156 0.43304200000000004 0.557078 0.448854 0.576359
41 0.493437 0.500188 0.483854 0.500188 0.43583299999999997 0.52 0.372229 0.5515 0.327833 0.5740000000000001 0.330229 0.588406 0.371042 0.568594 0.49585399999999996 0.509188 0.493437 0.500188
78 0.06829170000000001 0.6462030000000001 0.08625 0.659672 0.14918800000000002 0.6664220000000001 0.182146 0.650687 0.182146 0.6035 0.176146 0.522594 0.170146 0.342828 0.10125 0.345078 0.10422899999999999 0.520359 0.07427080000000001 0.637203 0.06829170000000001 0.6462030000000001
2 0.832083 0.215234 0.772792 0.27749999999999997 0.721396 0.307156 0.6640619999999999 0.347187 0.6304580000000001 0.38425 0.592896 0.407969 0.553354 0.42725 0.5197499999999999 0.422797 0.46243799999999996 0.431703 0.452542 0.431703 0.436729 0.421312 0.403125 0.462828 0.43277099999999996 0.474688 0.464396 0.488031 0.539521 0.49989100000000003 0.573125 0.501375 0.592896 0.467281 0.6304580000000001 0.44059400000000004 0.683833 0.412422 0.6976669999999999 0.388703 0.7490629999999999 0.359047 0.776729 0.348672 0.84 0.287891 0.9427920000000001 0.206344 0.90325 0.17965599999999998 0.832083 0.215234
36 0.751021 0.360438 0.758271 0.348219 0.783625 0.333266 0.8343329999999999 0.289812 0.933938 0.20696900000000001 0.942979 0.201531 0.890458 0.178437 0.734729 0.296609 0.667729 0.355 0.747417 0.360438 0.751021 0.360438
36 0.591667 0.46229700000000007 0.606167 0.458219 0.70575 0.387594 0.647813 0.376734 0.649625 0.374016 0.566312 0.425625 0.591667 0.46229700000000007
36 0.351958 0.0843437 0.348813 0.0976719 0.348813 0.10784400000000001 0.349333 0.114125 0.349333 0.121953 0.349854 0.129797 0.349854 0.136453 0.360312 0.143109 0.375458 0.145859 0.389042 0.147031 0.40575 0.148203 0.435521 0.146641 0.459042 0.143891 0.467917 0.140375 0.475229 0.136063 0.479938 0.128609 0.480979 0.120391 0.47575 0.10825 0.473667 0.10825 0.462167 0.106281 0.449104 0.103156 0.4402289999999999 0.10118800000000001 0.429792 0.099625 0.409938 0.0964844 0.398958 0.0945312 0.386958 0.0882656 0.381729 0.085125 0.371271 0.0827813 0.358208 0.0815937 0.351958 0.0843437
62 1 0.9204060000000001 0.984292 0.920922 0.9668119999999999 0.932 0.955396 0.9456089999999999 0.9493539999999999 0.957203 0.947333 0.969797 0.939937 1 0.943979 1 1 1 1 0.9204060000000001
55 0.7844580000000001 0.620375 0.80225 0.608594 0.795458 0.599172 0.782875 0.583469 0.7650830000000001 0.568156 0.751479 0.561484 0.720583 0.568937 0.705396 0.5654060000000001 0.665604 0.561094 0.644146 0.5685469999999999 0.6011869999999999 0.558766 0.552354 0.5485 0.5073960000000001 0.549234 0.5191250000000001 0.589531 0.533792 0.604922 0.576771 0.610047 0.6051040000000001 0.618844 0.623667 0.623969 0.642229 0.623234 0.651021 0.610047 0.665083 0.615672 0.689167 0.618422 0.7844580000000001 0.620375
23 0.406021 0.0819844 0.40387500000000004 0.0854062 0.40306200000000003 0.0886406 0.404687 0.0932656 0.406021 0.0950781 0.40979200000000005 0.0960938 0.4165 0.094875 0.418375 0.09125 0.421063 0.0858125 0.42133299999999996 0.0825937 0.42133299999999996 0.0783594 0.420792 0.0759531 0.41891700000000004 0.0729219 0.417833 0.0717187 0.410854 0.0717187 0.410063 0.073125 0.408438 0.0787656 0.406021 0.0819844
36 0.49235399999999996 0.420937 0.463687 0.424422 0.455937 0.43140599999999996 0.440437 0.447094 0.419521 0.46859400000000007 0.421063 0.47498399999999996 0.556688 0.4965 0.565979 0.492422 0.5876870000000001 0.476156 0.589229 0.45696899999999996 0.572958 0.432562 0.5535829999999999 0.422109 0.517938 0.41803100000000004 0.49235399999999996 0.420937
32 0.941729 0.9997809999999999 0.942708 0.997547 0.958625 0.905047 0.955646 0.905047 0.924813 0.9893280000000001 0.941729 0.900578 0.906917 0.976656 0.924813 0.9125 0.922833 0.895344 0.889021 0.973672 0.907917 0.8931089999999999 0.9039370000000001 0.894609 0.872104 0.972922 0.8711040000000001 0.9997809999999999 0.941729 0.9997809999999999
32 0.413646 0.569391 0.44135399999999997 0.568484 0.438937 0.566234 0.429312 0.555391 0.42870800000000003 0.562172 0.42027099999999995 0.552672 0.420875 0.5626089999999999 0.413042 0.553578 0.416063 0.5626089999999999 0.40641700000000003 0.553125 0.413646 0.569391
55 0.486104 0.918984 0.495667 0.915125 0.521375 0.911266 0.553708 0.9123749999999999 0.575021 0.916234 0.606625 0.910719 0.614708 0.8897809999999999 0.616167 0.871594 0.608083 0.8611090000000001 0.597812 0.847344 0.594125 0.834109 0.5831040000000001 0.833016 0.533146 0.833016 0.49787499999999996 0.8374219999999999 0.48831199999999997 0.844031 0.48022899999999996 0.848437 0.48022899999999996 0.8567030000000001 0.46775 0.8770939999999999 0.461854 0.9074059999999999 0.4795 0.921187 0.486104 0.918984
55 0.357271 0.951172 0.432042 0.951172 0.470708 0.9163589999999999 0.475854 0.8583589999999999 0.462979 0.833234 0.465542 0.808094 0.39852099999999996 0.771359 0.395937 0.794562 0.28510399999999997 0.7675 0.26962499999999995 0.779094 0.22064599999999998 0.823563 0.200021 0.866094 0.22837500000000002 0.920234 0.388208 0.939563 0.357271 0.951172