13 0.838556 0.42337499999999995 0.838556 0.449 0.828766 0.47462499999999996 0.816172 0.5703280000000001 0.8231590000000001 0.576078 0.8231590000000001 0.580781 0.821067 0.6006560000000001 0.821067 0.607453 0.84136 0.607453 0.84136 0.604844 0.860272 0.594375 0.891778 0.584438 0.8854810000000001 0.47515599999999997 0.8784730000000001 0.467312 0.870084 0.422344 0.842762 0.424422 0.838556 0.42337499999999995
13 0.908431 0.488 0.889728 0.5336719999999999 0.889728 0.567234 0.890962 0.568156 0.889728 0.582141 0.900941 0.581203 0.954623 0.6222190000000001 0.958347 0.599844 0.960858 0.580281 0.960858 0.5429999999999999 0.953368 0.520625 0.940879 0.497328 0.942134 0.450719 0.937134 0.448859 0.910941 0.44978100000000004 0.909686 0.44978100000000004 0.910941 0.466563 0.908431 0.488
50 0.286423 0.127891 0.272594 0.133531 0.238682 0.192641 0.256255 0.2405 0.212301 0.258328 0.15951900000000002 0.30710899999999997 0.14320100000000002 0.378234 0.14320100000000002 0.40970300000000004 0.163159 0.412188 0.179791 0.46189099999999994 0.159833 0.466031 0.168703 0.51075 0.195314 0.5347660000000001 0.197218 0.5732809999999999 0.19056499999999998 0.654453 0.18613 0.662734 0.19610899999999998 0.6908909999999999 0.211632 0.7016560000000001 0.224958 0.724031 0.226067 0.735625 0.244916 0.777031 0.24602500000000002 0.799391 0.263766 0.8035310000000001 0.277071 0.800219 0.344707 0.738109 0.36023 0.714078 0.409038 0.679297 0.423452 0.646172 0.44119200000000003 0.6354059999999999 0.44119200000000003 0.616359 0.444519 0.541813 0.464477 0.535187 0.494414 0.552578 0.5021760000000001 0.559203 0.521046 0.575766 0.545439 0.574109 0.565397 0.570797 0.586464 0.579078 0.5909 0.574109 0.562071 0.5260779999999999 0.586464 0.5293910000000001 0.5953350000000001 0.5327029999999999 0.6042050000000001 0.5650000000000001 0.5975520000000001 0.579906 0.613075 0.587359 0.6285980000000001 0.564172 0.640795 0.560859 0.6652089999999999 0.577422 0.666318 0.5915 0.6840590000000001 0.6039220000000001 0.696255 0.595641 0.70069 0.572453 0.6641 0.548438 0.629707 0.5177970000000001 0.615293 0.506203 0.5831379999999999 0.497094 0.546548 0.477203 0.48886999999999997 0.461469 0.47556499999999996 0.43828100000000003 0.432322 0.4035 0.405711 0.367875 0.38464400000000004 0.319844 0.356904 0.300797 0.32696699999999995 0.286719 0.35136 0.270141 0.399059 0.275125 0.421234 0.259375 0.432322 0.24778099999999997 0.44673599999999997 0.243641 0.464477 0.210516 0.474456 0.179047 0.48332600000000003 0.155844 0.44673599999999997 0.11526600000000001 0.38686200000000004 0.0887656 0.286423 0.127891
50 0.568075 0.4868910000000001 0.589226 0.488641 0.600983 0.46759399999999995 0.59159 0.442422 0.58454 0.430141 0.59159 0.37925 0.579833 0.340641 0.518745 0.310812 0.504644 0.307297 0.506987 0.303797 0.509351 0.295016 0.511695 0.293266 0.525795 0.247641 0.5492889999999999 0.23009399999999997 0.532845 0.19675 0.530481 0.179203 0.485837 0.156375 0.478808 0.158734 0.46705 0.185047 0.46705 0.197344 0.443556 0.232437 0.424749 0.262266 0.429456 0.274547 0.405962 0.290344 0.391862 0.292094 0.366025 0.297359 0.370711 0.300875 0.387155 0.34825 0.427113 0.383359 0.4529500000000001 0.427219 0.497594 0.460562 0.553996 0.476359 0.568075 0.4868910000000001
26 0.37225899999999995 0.806719 0.378264 0.8493280000000001 0.384268 0.894172 0.384268 0.956953 0.40227999999999997 0.995063 0.43230100000000005 0.997312 0.510356 0.997312 0.555377 0.988344 0.570397 0.9300470000000001 0.576402 0.8493280000000001 0.576402 0.813453 0.576402 0.786547 0.5163599999999999 0.764125 0.441297 0.764125 0.384268 0.784312 0.37225899999999995 0.806719
26 0.353368 1 0.405962 0.9649530000000001 0.339519 0.933938 0.23707099999999998 0.931875 0.162322 0.9690939999999999 0.17893299999999998 1 0.353368 1
41 0.450962 0.7591249999999999 0.6018410000000001 0.738359 0.742782 0.711672 0.443033 0.744297 0.445021 0.7591249999999999 0.450962 0.7591249999999999
41 0.619184 0.593281 0.62931 0.596516 0.6347280000000001 0.595984 0.621715 0.590578 0.590607 0.576813 0.588452 0.576813 0.583745 0.576531 0.580858 0.574641 0.576151 0.568703 0.5703769999999999 0.566547 0.568556 0.569781 0.5634939999999999 0.571672 0.566381 0.572484 0.6032639999999999 0.587063 0.619184 0.593281
14 0.603075 0.48224999999999996 0.603075 0.48592199999999997 0.620649 0.503922 0.653347 0.506375 0.657824 0.503016 0.668452 0.482562 0.668452 0.4795 0.650481 0.478594 0.634937 0.477672 0.6222799999999999 0.477672 0.605523 0.480734 0.603075 0.48224999999999996
51 0.44175699999999996 0.6633910000000001 0.486297 0.673937 0.521046 0.686109 0.586213 0.686906 0.642699 0.686906 0.704603 0.685297 0.735021 0.673937 0.7524059999999999 0.658516 0.746967 0.6447339999999999 0.729603 0.6285000000000001 0.677448 0.617953 0.6568200000000001 0.616344 0.6209830000000001 0.615531 0.568849 0.6171409999999999 0.535167 0.618766 0.51454 0.624453 0.486297 0.627688 0.47108799999999995 0.632562 0.454791 0.632562 0.427636 0.6447339999999999 0.42981199999999997 0.643922 0.424372 0.6560940000000001 0.44175699999999996 0.6633910000000001
51 0.688222 0.601625 0.716423 0.602547 0.73113 0.603156 0.733996 0.597359 0.735628 0.586375 0.71887 0.577516 0.713138 0.565922 0.6861719999999999 0.565922 0.695167 0.572937 0.698849 0.577828 0.694351 0.580266 0.688222 0.601625
51 0.539874 0.575 0.531987 0.573594 0.52182 0.569672 0.51431 0.569109 0.509414 0.565172 0.501904 0.560391 0.494372 0.562922 0.478954 0.573875 0.484226 0.582313 0.481213 0.599437 0.503033 0.607875 0.520314 0.610109 0.524456 0.601687 0.539121 0.598875 0.603473 0.598297 0.604184 0.587359 0.572971 0.572469 0.564707 0.57275 0.554163 0.574437 0.539874 0.575
13 0.9100419999999999 0.45076599999999994 0.921025 0.450203 0.942218 0.4485 0.9437450000000001 0.43889100000000003 0.941841 0.435203 0.938431 0.43209400000000003 0.935397 0.426438 0.935397 0.421063 0.9092680000000001 0.419094 0.909665 0.428984 0.9092680000000001 0.42870299999999995 0.908515 0.446516 0.9100419999999999 0.45076599999999994
13 0.933766 0.41903100000000004 0.931799 0.431328 0.935377 0.43454699999999996 0.9405650000000001 0.43467200000000006 0.94182 0.451516 0.9405650000000001 0.473844 0.939686 0.479859 0.93931 0.48854699999999995 0.9416530000000001 0.493094 0.945042 0.49229700000000004 0.945941 0.477594 0.95023 0.45873400000000003 0.9530959999999999 0.43587499999999996 0.9566739999999999 0.432141 0.958473 0.428656 0.9582849999999999 0.421047 0.9471970000000001 0.419703 0.9359209999999999 0.419703 0.933766 0.41903100000000004
13 0.9719869999999999 0.46253099999999997 0.972406 0.468891 0.980084 0.468797 0.980502 0.4615 0.978682 0.459094 0.979372 0.45378100000000005 0.976862 0.452109 0.973368 0.45367199999999996 0.973661 0.46014099999999997 0.9719869999999999 0.46253099999999997
42 0 0.999687 0.15470699999999998 0.994766 0.153075 0.96775 0.184331 0.9493119999999999 0.235314 0.9210470000000001 0.223808 0.912453 0 0.8964840000000001 0 0.999687