23 0.311253 0.419688 0.317732 0.422016 0.332289 0.42396900000000004 0.34576700000000005 0.421641 0.352225 0.416172 0.352225 0.40837500000000004 0.350605 0.402516 0.34576700000000005 0.39706199999999997 0.339827 0.392766 0.332289 0.391219 0.32256999999999997 0.390828 0.317192 0.393156 0.311253 0.396672 0.308013 0.400188 0.308013 0.404469 0.308013 0.405641 0.309093 0.41265599999999997 0.311253 0.419688
23 0.235961 0.41151600000000005 0.235508 0.419109 0.236415 0.426375 0.238704 0.43099999999999994 0.239611 0.431656 0.245076 0.430328 0.248747 0.42439099999999996 0.249201 0.416141 0.249201 0.411188 0.248272 0.401938 0.239158 0.404906 0.235961 0.41151600000000005
18 0.11006500000000001 0.9379060000000001 0.12395199999999999 0.941938 0.14898499999999998 0.9323750000000001 0.201102 0.945953 0.24697600000000003 0.9580310000000001 0.267127 0.953 0.294233 0.953 0.313715 0.951484 0.329698 0.938922 0.34358500000000003 0.9369059999999999 0.353326 0.942937 0.373477 0.951484 0.38738700000000004 0.948969 0.397797 0.9384219999999999 0.39989199999999997 0.9132809999999999 0.388769 0.873547 0.364449 0.839359 0.326911 0.828797 0.27129600000000004 0.8257809999999999 0.230994 0.825281 0.179568 0.830313 0.168445 0.8373440000000001 0.135076 0.8634999999999999 0.119784 0.8785780000000001 0.10241900000000001 0.893156 0.109352 0.9369059999999999 0.11006500000000001 0.9379060000000001
18 0.33933 0.8344530000000001 0.368834 0.8448119999999999 0.384039 0.864859 0.39298099999999997 0.8680939999999999 0.396544 0.869391 0.401922 0.877141 0.407279 0.879094 0.41622 0.879094 0.422484 0.878438 0.42516200000000004 0.8758589999999999 0.431425 0.872625 0.433197 0.8680939999999999 0.445724 0.8680939999999999 0.464492 0.8680939999999999 0.5038440000000001 0.8680939999999999 0.5038440000000001 0.8777969999999999 0.513672 0.879094 0.5234989999999999 0.874563 0.5297620000000001 0.869391 0.532441 0.8635619999999999 0.537819 0.8590310000000001 0.543175 0.853219 0.538704 0.847391 0.538704 0.838344 0.538704 0.826703 0.533348 0.811172 0.511879 0.781422 0.455551 0.782062 0.38760300000000003 0.784656 0.37418999999999997 0.788531 0.367041 0.793063 0.35095 0.8105309999999999 0.34021599999999996 0.8105309999999999 0.33486 0.8131090000000001 0.34559399999999996 0.8195779999999999 0.333974 0.8299369999999999 0.33933 0.8344530000000001
18 1 0.814328 0.9984879999999999 0.812078 0.986004 0.805312 0.982894 0.803047 0.9766520000000001 0.807563 0.932959 0.807563 0.886156 0.812078 0.86121 0.814328 0.789438 0.816594 0.767603 0.818844 0.705184 0.8504530000000001 0.670864 0.8640000000000001 0.6396540000000001 0.868516 0.627171 0.891078 0.620929 0.918172 0.620929 0.924938 0.62406 0.949781 0.667732 0.949781 0.717667 0.949781 0.7644709999999999 0.958797 0.823758 0.965578 0.86121 0.9813750000000001 0.9173650000000001 0.9746090000000001 0.986004 0.972344 1 0.972344 1 0.949781 1 0.918172 1 0.8504530000000001 1 0.814328
18 0.00516198920086393 0.815828 0.0007343412526997841 0.816469 0.0007343412526997841 0.819672 0 0.835094 0.0007343412526997841 0.850516 0.0007343412526997841 0.8691409999999999 0.00516198920086393 0.870438 0.006933049676025918 0.882 0.008725699784017278 0.8884219999999999 0.00516198920086393 0.893563 0.006933049676025918 0.8999840000000001 0.017602600431965442 0.901266 0.02470839956803456 0.889062 0.029136099352051838 0.8929220000000001 0.03803460043196544 0.8929220000000001 0.060216 0.8909840000000001 0.0975162008639309 0.890344 0.100194 0.8884219999999999 0.109957 0.881359 0.117948 0.8775000000000001 0.121512 0.871719 0.116177 0.8697969999999999 0.113499 0.8659380000000001 0.116177 0.862719 0.12594 0.861438 0.133045 0.863359 0.133045 0.8582190000000001 0.133045 0.8524369999999999 0.124168 0.8440939999999999 0.122397 0.841516 0.114406 0.829313 0.10462199999999999 0.8183909999999999 0.08952479913606912 0.81325 0.07976239956803456 0.8145469999999999 0.059330501079913604 0.816469 0.03002160043196544 0.815188 0.0016198704103671706 0.816469 0.00516198920086393 0.815828
18 0.235335 0.821641 0.21838 0.806156 0.21390900000000002 0.8055160000000001 0.132743 0.809391 0.11846699999999999 0.819703 0.11490299999999999 0.827453 0.132743 0.849391 0.137192 0.8597189999999999 0.154147 0.8442339999999999 0.166631 0.8332660000000001 0.235335 0.8248749999999999 0.235335 0.821641
50 0.628229 0.8016880000000001 0.627451 0.805016 0.628985 0.8115 0.6295029999999999 0.817062 0.629244 0.8211410000000001 0.628985 0.8291090000000001 0.632829 0.836703 0.6312960000000001 0.841719 0.6343629999999999 0.843938 0.64743 0.841719 0.6469330000000001 0.832625 0.646674 0.8298439999999999 0.646674 0.823359 0.6451399999999999 0.8126089999999999 0.651274 0.8098280000000001 0.652311 0.8039059999999999 0.650756 0.799453 0.6489630000000001 0.797797 0.641533 0.793891 0.6379480000000001 0.789641 0.632829 0.787219 0.630778 0.787969 0.6295029999999999 0.7903749999999999 0.6284879999999999 0.7940780000000001 0.631814 0.796484 0.628229 0.8016880000000001
50 0.550648 0.824766 0.554881 0.815563 0.553974 0.799547 0.550043 0.7945 0.547624 0.789672 0.542765 0.790109 0.541857 0.794719 0.536695 0.795375 0.537905 0.801516 0.5400429999999999 0.8100780000000001 0.546393 0.8100780000000001 0.548229 0.8201560000000001 0.550648 0.824766
18 0.270389 0.8241250000000001 0.30412500000000003 0.8262499999999999 0.334903 0.830484 0.34663099999999997 0.818812 0.340778 0.814578 0.340778 0.8060940000000001 0.355421 0.807156 0.35250499999999996 0.800781 0.33930899999999997 0.800781 0.28358500000000003 0.801844 0.264536 0.825187 0.270389 0.8241250000000001
18 0.672916 0.807156 0.653456 0.807984 0.6477319999999999 0.811297 0.642009 0.817094 0.648877 0.8295160000000001 0.667192 0.8320000000000001 0.668337 0.8146090000000001 0.680929 0.809641 0.68324 0.830344 0.696976 0.8320000000000001 0.694687 0.798047 0.680929 0.800531 0.672916 0.807156
18 1 0.780453 0.9609070000000001 0.7814530000000001 0.932354 0.800094 0.999222 0.803125 1 0.800609 1 0.780453
18 0.23868299999999998 0.823094 0.236328 0.826922 0.263996 0.8256560000000001 0.272829 0.812875 0.292829 0.803078 0.29695499999999997 0.800953 0.28635 0.796703 0.234557 0.796703 0.22162 0.809047 0.23868299999999998 0.823094
18 0.340475 0.8001720000000001 0.33844500000000005 0.7913439999999999 0.32462199999999997 0.788703 0.310799 0.790766 0.307948 0.799875 0.31851 0.800766 0.340886 0.801344 0.340475 0.8001720000000001
18 0.20121 0.806406 0.211901 0.80625 0.209374 0.798516 0.171469 0.799281 0.168942 0.800188 0.164968 0.8012499999999999 0.162246 0.807016 0.20121 0.806406
50 0.540108 0.789625 0.543153 0.7890780000000001 0.5434559999999999 0.7863279999999999 0.5427000000000001 0.782906 0.543002 0.7797189999999999 0.544838 0.77675 0.541641 0.773656 0.541641 0.771906 0.540713 0.769703 0.539654 0.768922 0.538143 0.76925 0.537063 0.77025 0.5369109999999999 0.7717970000000001 0.537063 0.773656 0.537819 0.774 0.53905 0.77575 0.538143 0.7783909999999999 0.537365 0.7813749999999999 0.537063 0.7851090000000001 0.5369109999999999 0.789516 0.540108 0.789625