18 0 1 0.41606 0.996578 0.428 0.9929610000000001 0.428 0.98932 0.43248000000000003 0.956699 0.41754 0.924053 0.4026 0.911359 0.37422000000000005 0.8986649999999999 0.33688 0.8896120000000001 0.30998000000000003 0.873277 0.27114 0.8533499999999999 0.21436000000000002 0.817087 0.15758000000000003 0.8116500000000001 0.09931999999999999 0.8116500000000001 0.03656 0.813447 0.0037 0.826141 0 1
16 0.44174 0.7129130000000001 0.44174 0.718374 0.44512 0.90801 0.45636 0.909369 0.55416 0.916189 0.55754 0.721092 0.56652 0.702015 0.44174 0.7129130000000001
16 0.59912 0.91483 0.63398 0.943471 0.64972 0.955752 0.6587 0.9216499999999999 0.67782 0.92301 0.69694 0.940752 0.7093 0.924369 0.7655 0.9216499999999999 0.78462 0.931189 0.80484 0.9202910000000001 0.80822 0.9066499999999998 0.81722 0.888908 0.81496 0.8725239999999999 0.8071 0.8575239999999998 0.79922 0.8575239999999998 0.7936 0.842524 0.78798 0.837063 0.78124 0.835704 0.77112 0.733374 0.75314 0.7279130000000001 0.57778 0.711553 0.56878 0.726553 0.56652 0.9202910000000001 0.59912 0.91483
50 0.96958 0.977403 0.95292 0.932476 0.95476 0.903252 0.95476 0.889782 0.94736 0.853811 0.93254 0.83585 0.92884 0.820097 0.91032 0.813374 0.91032 0.84932 0.91218 0.8875239999999999 0.9307 0.91 0.9344 0.943714 0.96218 0.9908980000000001 0.96958 0.977403
50 0.93856 0.8322090000000001 0.94768 0.84932 0.95348 0.8689320000000001 0.9539 0.888519 0.97004 0.886529 0.9655 0.85835 0.96424 0.844782 0.95844 0.8236650000000001 0.9456 0.8095869999999998 0.94022 0.798034 0.93194 0.782427 0.9224 0.783447 0.91618 0.786966 0.91122 0.79551 0.91536 0.807063 0.9166 0.810097 0.9311 0.8176209999999999 0.93856 0.8322090000000001
23 0.64826 0.333083 0.6407999999999999 0.339102 0.63832 0.35068000000000005 0.64038 0.360728 0.64328 0.369272 0.6553 0.37179599999999996 0.6606799999999999 0.365267 0.6656599999999999 0.34966 0.6635800000000001 0.338107 0.65696 0.33157800000000004 0.6466000000000001 0.335583 0.64826 0.333083
73 0.55002 0.43014600000000003 0.54926 0.453641 0.53996 0.459296 0.53608 0.467743 0.53918 0.479029 0.54692 0.48373800000000006 0.5477000000000001 0.5091260000000001 0.53996 0.511942 0.53376 0.523228 0.53918 0.531699 0.55002 0.541117 0.54692 0.566505 0.5384 0.5711890000000001 0.53764 0.583422 0.5515800000000001 0.596602 0.5539 0.6229129999999999 0.65154 0.6238589999999999 0.64766 0.536408 0.61202 0.537354 0.61512 0.41978200000000004 0.6089199999999999 0.41978200000000004 0.5515800000000001 0.42919899999999994 0.55002 0.43014600000000003
73 0.22544 0.74665 0.22694 0.6892720000000001 0.21362 0.6883499999999999 0.21209999999999998 0.745437 0.22544 0.74665
73 0.01988 0.643107 0.02104 0.635388 0.03434 0.634005 0.0378 0.562451 0.03086 0.551942 0.02336 0.549126 0.00312 0.5526460000000001 0.00023999999999999998 0.641019 0.01988 0.643107
50 0.3876 0.836456 0.38702 0.834345 0.38527999999999996 0.824466 0.38266 0.813859 0.37744 0.811408 0.37482 0.8184469999999999 0.37248000000000003 0.828325 0.3876 0.836456
23 0.7361 0.33483 0.73348 0.340704 0.73348 0.34614100000000003 0.7331 0.34931999999999996 0.7331 0.353835 0.73348 0.359272 0.73498 0.369684 0.73646 0.372403 0.73982 0.37376200000000004 0.7427999999999999 0.37376200000000004 0.7439199999999999 0.37330100000000005 0.7472799999999999 0.37014600000000003 0.74878 0.365607 0.74878 0.35973299999999997 0.74878 0.35473299999999997 0.7484 0.3475 0.74654 0.340243 0.74318 0.336626 0.73572 0.333471 0.7361 0.33483