11 0.003356641025641026 0.606734 0.003356641025641026 0.741578 0.144149 0.7955 0.258135 0.8022500000000001 0.408998 0.8 0.6268999999999999 0.768547 0.6235660000000001 0.7235940000000001 0.6302559999999999 0.701125 0.616853 0.7056250000000001 0.55986 0.692141 0.39223800000000003 0.642703 0.335245 0.626969 0.0067132890442890445 0.615734 0.003356641025641026 0.606734
50 0.327949 0.627984 0.38708600000000004 0.644797 0.43370600000000004 0.6520159999999999 0.465967 0.659219 0.474918 0.6676249999999999 0.50359 0.6820470000000001 0.5233099999999999 0.6820470000000001 0.532261 0.6676249999999999 0.548392 0.6676249999999999 0.578858 0.673641 0.632634 0.685656 0.645175 0.685656 0.645175 0.6760309999999999 0.639814 0.660422 0.630839 0.6508130000000001 0.611119 0.6508130000000001 0.568112 0.658016 0.578858 0.6520159999999999 0.578858 0.633984 0.577086 0.603953 0.575291 0.576328 0.578858 0.5547030000000001 0.560956 0.549891 0.548392 0.549891 0.516131 0.541484 0.48745900000000003 0.525859 0.48745900000000003 0.500641 0.49284400000000006 0.48260899999999995 0.478508 0.46579699999999996 0.465967 0.457391 0.419347 0.46579699999999996 0.38351999999999997 0.47060899999999994 0.37095599999999995 0.487422 0.36918399999999996 0.531875 0.36021000000000003 0.527062 0.313613 0.530672 0.308228 0.5354840000000001 0.306434 0.5535 0.270606 0.569109 0.243706 0.599156 0.20965 0.599156 0.0913753006993007 0.611172 0.111096 0.615969 0.16664299999999999 0.624375 0.202494 0.624375 0.261632 0.6231720000000001 0.313613 0.6171719999999999 0.327949 0.627984
36 0.84345 0.166141 0.8343820000000001 0.18210900000000002 0.8332400000000001 0.185922 0.817366 0.186672 0.796946 0.20720299999999997 0.7980889999999999 0.24142199999999997 0.813963 0.256641 0.857063 0.268797 0.9138 0.272609 0.941026 0.265766 0.972774 0.261953 0.9954780000000001 0.24751599999999999 1 0.225453 0.993193 0.197328 0.96711 0.180594 0.9534969999999999 0.165391 0.9376220000000001 0.1555 0.927413 0.147891 0.897902 0.0946719 0.8865729999999999 0.10987499999999999 0.8548020000000001 0.160828 0.84345 0.166141
36 0.832727 0.07165629999999999 0.80627 0.0552813 0.808298 0.0061718796875 0.722821 0 0.698392 0.0607344 0.678042 0.0621094 0.669907 0.0812031 0.6638 0.169875 0.706527 0.190344 0.816434 0.190344 0.834755 0.18351599999999998 0.84289 0.0784688 0.832727 0.07165629999999999
36 0.670723 0.37215600000000004 0.668625 0.42335900000000004 0.674918 0.427562 0.687459 0.43246900000000005 0.711538 0.434578 0.740816 0.434578 0.75965 0.435281 0.765944 0.428266 0.775361 0.42195299999999997 0.782681 0.413547 0.78373 0.398813 0.777436 0.386891 0.774312 0.379172 0.7690680000000001 0.372859 0.757576 0.363047 0.7533799999999999 0.365156 0.7491840000000001 0.370063 0.736643 0.37778100000000003 0.712587 0.382687 0.698974 0.382687 0.68014 0.37778100000000003 0.670723 0.37215600000000004
36 0.258135 0.417984 0.375478 0.426969 0.398951 0.348312 0.325198 0.152812 0.261492 0.384266 0.258135 0.417984
36 0.693916 0.377109 0.736993 0.370844 0.7482279999999999 0.344469 0.73324 0.313094 0.714522 0.313094 0.697669 0.323141 0.67331 0.31810900000000003 0.67331 0.369578 0.693916 0.377109
36 0.938112 0.110703 0.951632 0.138516 0.9583680000000001 0.16696899999999998 0.971888 0.18701600000000002 0.9960140000000001 0.199953 0.99697 0.247812 0.9468070000000001 0.267875 0.894685 0.275625 0.863823 0.274984 0.88986 0.284687 0.968998 0.28532799999999997 0.99697 0.273047 1 0.23164099999999999 0.99697 0.18507800000000002 0.983473 0.177313 0.963193 0.12945299999999998 0.944872 0.0997031 0.9323309999999999 0.10810900000000001 0.924615 0.123641 0.927506 0.13075 0.938112 0.110703
11 0.9967600000000001 0.6541089999999999 1 0.6019059999999999 0.9052680000000001 0.613 0.9033100000000001 0.6149530000000001 0.949068 0.6390939999999999 0.9967600000000001 0.6541089999999999
36 0.696387 0.490672 0.720769 0.490219 0.739744 0.47342199999999995 0.739744 0.45889100000000005 0.720769 0.44299999999999995 0.704522 0.435281 0.674709 0.43075 0.6740330000000001 0.464797 0.696387 0.490672
36 0.753636 0.23289100000000001 0.7142660000000001 0.22974999999999998 0.6683450000000001 0.224734 0.665524 0.304531 0.683333 0.318344 0.710513 0.31457799999999997 0.740513 0.305156 0.768625 0.294469 0.783636 0.280656 0.780816 0.260547 0.763007 0.237297 0.753636 0.23289100000000001
22 0.952075 0.5676720000000001 0.950979 0.596625 0.999674 0.596625 0.9985780000000001 0.525375 0.9974590000000001 0.5001559999999999 0.935478 0.445234 0.938788 0.44226599999999994 0.922191 0.45489100000000005 0.952075 0.5676720000000001