50 0.024203099999999998 0.845354 0.025437500000000002 0.836229 0.0260625 0.821333 0.024203099999999998 0.800625 0.025437500000000002 0.787375 0.025437500000000002 0.774958 0.0248281 0.7641880000000001 0.0229531 0.7616879999999999 0.01675 0.775771 0.0124063 0.777438 0.0086718703125 0.787375 0.0080468796875 0.8064169999999999 0.0086718703125 0.815542 0.0124063 0.8204999999999999 0.0136406 0.843688 0.0217188 0.8495 0.024203099999999998 0.845354
50 0.332922 0.842083 0.337906 0.84175 0.33690600000000004 0.8384370000000001 0.33690600000000004 0.8301459999999999 0.340891 0.8095829999999999 0.342625 0.8065829999999999 0.343125 0.802604 0.342625 0.799625 0.338641 0.7906669999999999 0.33814099999999997 0.787687 0.338891 0.782375 0.33490600000000004 0.778729 0.331922 0.7800619999999999 0.330437 0.784042 0.328437 0.7886869999999999 0.327453 0.792 0.324969 0.797646 0.322469 0.802604 0.322219 0.80725 0.322469 0.81025 0.32321900000000003 0.813229 0.323969 0.814896 0.326953 0.817542 0.330437 0.823187 0.331188 0.829812 0.331188 0.8361249999999999 0.332922 0.842083
50 0.177484 0.6472079999999999 0.176969 0.6427080000000001 0.176453 0.637188 0.17281200000000002 0.6268119999999999 0.168406 0.629229 0.168406 0.635458 0.166859 0.652062 0.166594 0.666917 0.168406 0.6811039999999999 0.176969 0.684562 0.175156 0.663813 0.177484 0.6472079999999999
50 0.241203 0.671083 0.2425 0.663229 0.244969 0.6583749999999999 0.241562 0.652417 0.23732799999999998 0.6472289999999999 0.237562 0.6386040000000001 0.232844 0.6353120000000001 0.23167200000000002 0.638125 0.22979699999999997 0.643771 0.230141 0.648021 0.231203 0.6530419999999999 0.229906 0.657583 0.22967200000000002 0.661208 0.231203 0.665438 0.230375 0.671083 0.23107799999999998 0.6814370000000001 0.230031 0.687562 0.23696899999999999 0.689917 0.241203 0.671083
50 0.323734 0.66875 0.32292200000000004 0.66325 0.32254700000000003 0.6619170000000001 0.322266 0.6577500000000001 0.320156 0.656292 0.318969 0.6594580000000001 0.319062 0.663625 0.318234 0.666063 0.317875 0.670958 0.317969 0.678667 0.317969 0.686354 0.317688 0.692604 0.317688 0.693688 0.32401599999999997 0.690875 0.323922 0.690396 0.322641 0.67425 0.323734 0.66875
50 0.495688 0.726625 0.499359 0.7252919999999999 0.503344 0.7181879999999999 0.502688 0.703083 0.504687 0.7013130000000001 0.504016 0.696875 0.499688 0.6920000000000001 0.500359 0.686667 0.499016 0.6835629999999999 0.494688 0.684458 0.495359 0.689771 0.493687 0.6920000000000001 0.494688 0.703979 0.497359 0.71375 0.496359 0.721729 0.495688 0.726625
50 0.507688 0.663417 0.504922 0.663417 0.5038750000000001 0.6671250000000001 0.5033909999999999 0.671833 0.50225 0.676667 0.501672 0.679729 0.5015780000000001 0.6883959999999999 0.5015780000000001 0.6951459999999999 0.501672 0.7027920000000001 0.5018589999999999 0.7073959999999999 0.503969 0.710708 0.505875 0.7091670000000001 0.506062 0.711458 0.506828 0.713125 0.5097970000000001 0.712104 0.5092190000000001 0.705854 0.509312 0.694896 0.509984 0.6809999999999999 0.507781 0.673354 0.5092190000000001 0.670188 0.5097970000000001 0.665083 0.507688 0.663417
50 0.558172 0.671104 0.554766 0.670792 0.553813 0.673458 0.554281 0.678333 0.553813 0.681312 0.5524060000000001 0.6869580000000001 0.5549999999999999 0.6894790000000001 0.5553440000000001 0.6912079999999999 0.556531 0.68775 0.557109 0.683042 0.558406 0.681312 0.557813 0.6784789999999999 0.558406 0.677083 0.5589999999999999 0.6761250000000001 0.559812 0.676917 0.5586409999999999 0.673937 0.558172 0.671104
50 0.620828 0.676167 0.620375 0.6777920000000001 0.620375 0.6824169999999999 0.618109 0.684021 0.617047 0.687458 0.618109 0.690687 0.618719 0.695917 0.618563 0.707604 0.618719 0.717063 0.622031 0.718875 0.622188 0.7160620000000001 0.621578 0.709 0.622641 0.7057920000000001 0.624297 0.717667 0.6274689999999999 0.718875 0.627328 0.710021 0.626563 0.698333 0.626875 0.690271 0.625516 0.684625 0.62325 0.684021 0.6241559999999999 0.677375 0.621438 0.6763750000000001 0.620828 0.676167
50 0.6777029999999999 0.721083 0.6775 0.7251460000000001 0.678109 0.727292 0.681953 0.7278330000000001 0.6797340000000001 0.723792 0.68175 0.7156870000000001 0.680937 0.707854 0.683578 0.7046250000000001 0.6845939999999999 0.695979 0.682156 0.689229 0.681344 0.683542 0.679125 0.681937 0.6777029999999999 0.685167 0.679938 0.687875 0.675875 0.693271 0.677297 0.694896 0.678516 0.7032710000000001 0.678719 0.707583 0.678516 0.718667 0.6777029999999999 0.721083
50 0.0489375 0.836333 0.0489375 0.830125 0.0495156 0.827021 0.0505 0.82625 0.0532031 0.828583 0.0532031 0.830917 0.0516563 0.835292 0.0502969 0.8402080000000001 0.050109400000000005 0.843063 0.0535937 0.8502919999999999 0.055921900000000004 0.849521 0.055921900000000004 0.8474579999999999 0.05437499999999999 0.842021 0.055734399999999996 0.84125 0.0576719 0.836854 0.0586406 0.831937 0.0590156 0.830125 0.0629062 0.827021 0.0685156 0.821604 0.06717189999999999 0.816688 0.0644531 0.8146249999999999 0.0640625 0.812042 0.063875 0.8004169999999999 0.0619375 0.7921250000000001 0.060375 0.7846460000000001 0.057859400000000005 0.7810210000000001 0.0549531 0.778438 0.055734399999999996 0.7755829999999999 0.055734399999999996 0.770687 0.0534063 0.766542 0.0497187 0.766542 0.0472031 0.7698959999999999 0.0466094 0.7755829999999999 0.0468125 0.782062 0.0429375 0.7846460000000001 0.038281300000000004 0.7952290000000001 0.040406199999999996 0.8004169999999999 0.0388594 0.815917 0.041375 0.8203119999999999 0.0402187 0.828583 0.0437031 0.830917 0.0450625 0.849771 0.04875 0.850542 0.0489375 0.836333
50 0.0727187 0.625104 0.0700937 0.622958 0.0707031 0.622958 0.0700937 0.622417 0.0660625 0.627 0.0670625 0.634521 0.0664687 0.6412290000000002 0.0765469 0.645542 0.0747344 0.628875 0.0727187 0.625104
50 0.0664687 0.645813 0.0660625 0.653063 0.0654531 0.665979 0.0646562 0.674042 0.0749375 0.674854 0.0765469 0.672167 0.0759375 0.660604 0.0771563 0.649313 0.0660625 0.645542 0.0664687 0.645813
50 0.10390600000000001 1 0.101203 0.993104 0.10254700000000001 0.988167 0.106094 0.976917 0.109297 0.9753539999999999 0.111156 0.973104 0.102891 0.9661460000000001 0.10070300000000001 0.960521 0.09564059999999999 0.959396 0.09429689999999999 0.9596250000000001 0.08654690000000001 0.967938 0.0841875 0.9809789999999999 0.0836719 0.9820829999999999 0.08064059999999999 0.985458 0.0762656 0.9910829999999999 0.0723906 0.996708 0.07003129999999999 1 0.07120309999999999 1 0.10390600000000001 1
40 0.923516 0.250521 0.950844 0.242417 0.905312 0.106833 0.870391 0.11695799999999999 0.8157500000000001 0.09468750000000001 0.8643280000000001 0.230271 0.923516 0.250521