18 1 0.55736 0.9897600000000001 0.55112 0.9419200000000001 0.548 0.910213 0.5484 0.884213 0.54918 0.8457330000000001 0.56244 0.8348 0.5690599999999999 0.8816 0.56984 0.90032 0.56828 0.9050130000000001 0.56868 0.91072 0.5694600000000001 0.9076000000000001 0.6201599999999999 0.9148799999999999 0.61938 0.91904 0.61626 0.91904 0.6150800000000001 0.9252800000000001 0.6143 1 0.61664 1 0.55736
73 0.29224 0.31712 0.393813 0.31051999999999996 0.391307 0.16946 0.302267 0.16758 0.29224 0.31712
50 0.197653 0.53342 0.20248000000000002 0.53326 0.20488 0.53162 0.20530700000000002 0.5255599999999999 0.20312 0.52162 0.199413 0.5170399999999999 0.1968 0.51424 0.19351999999999997 0.51196 0.19088 0.51114 0.189147 0.5108 0.18869299999999997 0.50966 0.18848 0.50704 0.18629300000000001 0.5057200000000001 0.183893 0.50522 0.18061300000000002 0.50522 0.17864 0.5057200000000001 0.17776 0.5072 0.17754699999999998 0.509 0.17754699999999998 0.51114 0.179093 0.51276 0.1804 0.5139199999999999 0.18192 0.51424 0.182373 0.51506 0.182373 0.51686 0.18192 0.51932 0.181707 0.5207999999999999 0.18192 0.52244 0.18192 0.52442 0.18192 0.52638 0.18192 0.52916 0.183013 0.53114 0.18410700000000002 0.53228 0.18455999999999997 0.5336000000000001 0.18432 0.53524 0.18432 0.53622 0.18367999999999998 0.53786 0.183893 0.53818 0.18848 0.53834 0.193307 0.53852 0.19416 0.53834 0.193307 0.5377000000000001 0.19351999999999997 0.5336000000000001 0.197653 0.53342
50 0.28762699999999997 0.5336000000000001 0.28664 0.53638 0.290853 0.53638 0.29973299999999997 0.5373 0.29973299999999997 0.53472 0.305173 0.52896 0.305413 0.5219199999999999 0.30048 0.5184 0.298987 0.5152599999999999 0.30296 0.51062 0.30024 0.50748 0.2948 0.50654 0.29184 0.5121 0.287867 0.5158200000000001 0.287147 0.52026 0.28885299999999997 0.5248999999999999 0.287867 0.53508 0.28762699999999997 0.5336000000000001
50 0.538293 0.52538 0.5384800000000001 0.52696 0.537813 0.52832 0.537493 0.52966 0.5368269999999999 0.53222 0.537173 0.53344 0.53864 0.5346799999999999 0.5418930000000001 0.53406 0.54272 0.53406 0.544507 0.53344 0.546133 0.53186 0.546453 0.53052 0.546933 0.5286799999999999 0.54728 0.5267200000000001 0.5476 0.52452 0.54792 0.52318 0.5498930000000001 0.5218400000000001 0.550213 0.5217200000000001 0.551013 0.51952 0.552987 0.5159600000000001 0.55264 0.51474 0.55248 0.514 0.55168 0.5134 0.550053 0.51254 0.549547 0.5123 0.5497070000000001 0.5118 0.550373 0.5108199999999999 0.550373 0.51034 0.5498930000000001 0.50936 0.5485869999999999 0.5083799999999999 0.5476 0.50802 0.544347 0.5074 0.54384 0.50912 0.5436799999999999 0.51022 0.544187 0.51096 0.542053 0.51218 0.541067 0.5130399999999999 0.540907 0.51316 0.540107 0.51352 0.53864 0.51352 0.5373330000000001 0.51414 0.536347 0.51498 0.535547 0.5162 0.536347 0.5162 0.536347 0.5167 0.536347 0.51718 0.5368269999999999 0.51744 0.537653 0.51842 0.537973 0.51866 0.537973 0.51902 0.537973 0.5191399999999999 0.538293 0.52354 0.538293 0.52538
50 0.6600269999999999 0.51722 0.6600269999999999 0.51976 0.679867 0.52032 0.68024 0.51976 0.68024 0.51806 0.68024 0.5175 0.679493 0.51442 0.679493 0.51188 0.676133 0.51048 0.67576 0.50908 0.674613 0.50712 0.672747 0.50598 0.671627 0.50486 0.670507 0.50346 0.6671199999999999 0.50346 0.66488 0.50458 0.664133 0.5057 0.663013 0.50852 0.66376 0.50936 0.663013 0.51048 0.66152 0.51188 0.6604 0.51358 0.6604 0.51834 0.6600269999999999 0.51722
50 0.200587 0.51332 0.20887999999999998 0.53404 0.2144 0.53198 0.217173 0.5112599999999999 0.203333 0.50504 0.203333 0.51332 0.200587 0.51332
50 0.1508 0.5211399999999999 0.1508 0.5312 0.154133 0.53652 0.15936 0.5378999999999999 0.16720000000000002 0.53734 0.166827 0.5284 0.170187 0.5200199999999999 0.166453 0.5169400000000001 0.165707 0.5147 0.163467 0.5093799999999999 0.15712 0.5093799999999999 0.156747 0.51862 0.1508 0.5211399999999999
8 0.796773 0.5604199999999999 0.7880799999999999 0.55874 0.777093 0.5579 0.7686670000000001 0.55516 0.7428 0.5541 0.725067 0.5541 0.7110130000000001 0.5541 0.69696 0.55304 0.694427 0.55474 0.698933 0.5579 0.7028530000000001 0.5598 0.6991999999999999 0.55852 0.673333 0.5598 0.664907 0.5579 0.661253 0.55896 0.665173 0.56338 0.665733 0.56444 0.738027 0.56338 0.79904 0.5636 0.796773 0.5604199999999999
50 0.28136 0.51922 0.280293 0.51822 0.2792 0.5178200000000001 0.27759999999999996 0.5162 0.27626700000000004 0.5154 0.27464 0.51458 0.272507 0.51278 0.272507 0.51136 0.271947 0.50874 0.27008 0.50714 0.267653 0.50614 0.26336000000000004 0.50634 0.26096 0.50714 0.258267 0.5091600000000001 0.257733 0.51036 0.258 0.51156 0.259067 0.51318 0.26096 0.51458 0.26336000000000004 0.5166000000000001 0.26552 0.5188200000000001 0.263627 0.5295 0.268747 0.5297000000000001 0.27437300000000003 0.5311 0.280027 0.53252 0.281893 0.5315 0.28136 0.51862 0.28136 0.51922
18 0.39768 0.5734199999999999 0.412027 0.5734199999999999 0.421147 0.5734199999999999 0.42896000000000006 0.57538 0.43288000000000004 0.5734199999999999 0.444613 0.56756 0.44592 0.55876 0.44592 0.55288 0.439413 0.548 0.42768 0.54212 0.417227 0.53822 0.41072000000000003 0.53626 0.398987 0.53234 0.38072 0.53234 0.374187 0.53136 0.36637299999999995 0.53332 0.36768 0.54408 0.36768 0.54604 0.358533 0.54898 0.353333 0.548 0.357253 0.56462 0.361147 0.5734199999999999 0.38202699999999995 0.5734199999999999 0.39768 0.5734199999999999
73 0.034426698666666665 0.49442 0.031333301333333334 0.44814 0.0048000000000000004 0.44839999999999997 0.00272 0.49442 0.034426698666666665 0.49442
73 0.5817330000000001 0.50044 0.60616 0.50166 0.6057330000000001 0.46227999999999997 0.5817330000000001 0.46258 0.5817330000000001 0.50044
50 0.82552 0.56524 0.82552 0.5679 0.830267 0.5679 0.833227 0.5665800000000001 0.8420799999999999 0.56436 0.848613 0.55948 0.848 0.55726 0.847413 0.55592 0.8468270000000001 0.55326 0.847413 0.55104 0.8492 0.54528 0.8397330000000001 0.5439400000000001 0.83616 0.5475 0.8349869999999999 0.55016 0.835573 0.55504 0.827893 0.55636 0.8261069999999999 0.56348 0.82552 0.56524
50 0.65728 0.51516 0.6565329999999999 0.5101 0.648667 0.5042 0.644533 0.50026 0.638933 0.50054 0.638933 0.507 0.64192 0.50812 0.640427 0.50926 0.63368 0.51486 0.6321869999999999 0.51824 0.6565329999999999 0.51712 0.65728 0.51516
50 0.7406670000000001 0.5282 0.7412 0.5242 0.7433329999999999 0.52262 0.7444 0.5158400000000001 0.7406670000000001 0.51224 0.741733 0.50826 0.7401329999999999 0.50428 0.735893 0.50348 0.73216 0.50348 0.73056 0.50746 0.729493 0.51066 0.7279200000000001 0.51224 0.7289869999999999 0.5274 0.73536 0.5286000000000001 0.7406670000000001 0.5282
50 0.48581300000000005 0.51144 0.48250699999999996 0.50864 0.479173 0.50956 0.47834699999999997 0.5161 0.475013 0.51922 0.474613 0.52546 0.47544 0.5347999999999999 0.479173 0.53604 0.483333 0.5363600000000001 0.484987 0.53292 0.48581300000000005 0.51144