54 0.396136 0.657953 0.43391100000000005 0.643547 0.43391100000000005 0.61925 0.370492 0.629141 0.351616 0.631844 0.312482 0.6390469999999999 0.30171000000000003 0.6381560000000001 0.325972 0.6534530000000001 0.396136 0.657953
54 0.832459 0.270437 0.82192 0.269281 0.809649 0.271328 0.8039339999999999 0.276594 0.803068 0.284781 0.803068 0.291234 0.807002 0.291516 0.82281 0.28332799999999997 0.829813 0.280984 0.83377 0.275422 0.832459 0.270437
54 0.191967 0.631078 0.214707 0.622719 0.243138 0.621969 0.24995299999999998 0.62425 0.27726 0.618938 0.271569 0.601484 0.25791600000000003 0.5992029999999999 0.21355999999999997 0.6105940000000001 0.174895 0.616656 0.169227 0.619688 0.18742399999999998 0.635625 0.191967 0.631078
54 0.599508 0.431328 0.60356 0.422328 0.6008669999999999 0.415125 0.571194 0.416922 0.544215 0.423219 0.549602 0.425922 0.587377 0.433125 0.599508 0.431328
50 0.90267 0.838203 0.912763 0.817984 0.882459 0.748313 0.899297 0.626969 0.912763 0.588766 0.9296019999999999 0.550563 0.943091 0.687641 0.9397190000000001 0.770781 0.949813 0.811234 0.949813 0.851688 0.993607 0.869656 1 0.280906 0.976768 0.25842200000000004 0.993607 0.233703 0.9902340000000001 0.211234 0.9666509999999999 0.182016 0.885831 0.182016 0.872342 0.20673400000000003 0.875714 0.249437 0.831944 0.274156 0.831944 0.32134399999999996 0.842037 0.337078 0.885831 0.368547 0.862248 0.39775 0.838665 0.377531 0.794895 0.37528100000000003 0.764567 0.388766 0.740984 0.422469 0.7679389999999999 0.523594 0.7780330000000001 0.546063 0.8117329999999999 0.5730310000000001 0.831944 0.6988749999999999 0.8184539999999999 0.755062 0.8352930000000001 0.786516 0.794895 0.808984 0.7915220000000001 0.835953 0.8285710000000001 0.849437 0.90267 0.838203
50 0.7865570000000001 0.255625 0.752787 0.22409400000000002 0.752787 0.183563 0.769672 0.154281 0.7494149999999999 0.13174999999999998 0.7224119999999999 0.115984 0.675152 0.125 0.654895 0.152031 0.69541 0.176797 0.7055269999999999 0.22634400000000002 0.7055269999999999 0.253375 0.675152 0.266891 0.7055269999999999 0.293922 0.7055269999999999 0.33896899999999996 0.776417 0.33220299999999997 0.7865570000000001 0.284906 0.7865570000000001 0.255625
50 0.8370489999999999 0.20314100000000002 0.817073 0.20806200000000002 0.803419 0.21646899999999997 0.807611 0.225594 0.8086650000000001 0.237516 0.802365 0.256453 0.803419 0.265563 0.806557 0.27046899999999996 0.8191799999999999 0.271875 0.83178 0.274688 0.876979 0.252937 0.876979 0.23960900000000002 0.872787 0.213672 0.8706790000000001 0.20875 0.861218 0.20175 0.8370489999999999 0.20314100000000002
50 0.275808 0.327484 0.300632 0.330344 0.311756 0.335484 0.321171 0.346906 0.329719 0.362312 0.338267 0.386859 0.344262 0.398281 0.34854799999999997 0.414844 0.355386 0.43139099999999997 0.36051500000000003 0.442812 0.366511 0.43710899999999997 0.39046800000000004 0.42396900000000004 0.393044 0.42396900000000004 0.40330200000000005 0.42168700000000003 0.418712 0.418266 0.441827 0.41712499999999997 0.44267 0.416547 0.44866500000000004 0.41312499999999996 0.457213 0.404 0.464918 0.397719 0.45892299999999997 0.390297 0.452951 0.368594 0.446956 0.350891 0.447799 0.330344 0.447799 0.312641 0.44437899999999997 0.289812 0.44524600000000003 0.286375 0.45808 0.282953 0.457213 0.276672 0.457213 0.274969 0.463208 0.265266 0.463208 0.26410900000000004 0.463208 0.260125 0.473489 0.254406 0.473489 0.248125 0.46833699999999995 0.240141 0.46833699999999995 0.22871899999999998 0.469204 0.215016 0.465785 0.198453 0.45550399999999996 0.18704700000000002 0.416159 0.176766 0.371639 0.172766 0.34 0.175047 0.318595 0.180188 0.306628 0.193328 0.295504 0.215594 0.285222 0.24870299999999998 0.284356 0.26810900000000004 0.280937 0.286953 0.277518 0.299516 0.273232 0.304656 0.262108 0.317781 0.275808 0.327484
50 0.348665 0.491859 0.37644 0.48599999999999993 0.402787 0.479172 0.420328 0.468438 0.448126 0.47039100000000006 0.472998 0.462578 0.490539 0.446969 0.477377 0.4206250000000001 0.46128800000000003 0.41867200000000004 0.452506 0.4206250000000001 0.442272 0.41671899999999995 0.396932 0.41768700000000003 0.38377 0.4255 0.354496 0.439156 0.344262 0.397187 0.322319 0.345469 0.304778 0.333766 0.285761 0.330828 0.269672 0.330828 0.24918 0.307406 0.24480099999999996 0.297641 0.263817 0.29375 0.257963 0.281062 0.263817 0.259578 0.276979 0.242016 0.265269 0.225422 0.271124 0.20103100000000002 0.269672 0.178578 0.241874 0.166875 0.21847800000000003 0.170781 0.21847800000000003 0.17175 0.227237 0.2225 0.21555 0.23615599999999998 0.224309 0.253734 0.21555 0.262516 0.183349 0.280078 0.176042 0.301547 0.211148 0.318141 0.227237 0.327906 0.238946 0.349375 0.263817 0.405984 0.24918 0.41573399999999994 0.257963 0.46551599999999993 0.275504 0.504547 0.30037499999999995 0.504547 0.331101 0.496734 0.348665 0.491859
50 0.275574 0.736922 0.252037 0.727953 0.245316 0.768313 0.221803 0.891625 0.228525 0.9499220000000002 0.245316 0.9880470000000001 0.295738 0.985797 0.292365 0.981312 0.275574 0.952172 0.285644 0.8983589999999999 0.312529 0.8355780000000002 0.332693 0.808672 0.346136 0.725703 0.332693 0.723469 0.305808 0.725703 0.26548 0.727953 0.275574 0.736922
50 0.032623 0.38317199999999996 0.04447310070257611 0.39956200000000003 0.06728340046838407 0.42648400000000003 0.095363 0.460156 0.12739999999999999 0.517531 0.144941 0.571688 0.151522 0.600078 0.17171 0.602422 0.18267 0.603313 0.19892300000000002 0.600969 0.214262 0.603594 0.209016 0.610031 0.240609 0.6062339999999999 0.270445 0.604469 0.277447 0.612094 0.280515 0.621156 0.30993000000000004 0.622625 0.33625299999999997 0.62175 0.32133500000000004 0.584562 0.316932 0.5549999999999999 0.347213 0.546516 0.35379400000000005 0.547094 0.369157 0.545641 0.382319 0.542422 0.412155 0.545922 0.416534 0.545922 0.420492 0.542703 0.42224799999999996 0.542703 0.43847800000000003 0.5394840000000001 0.43803299999999995 0.534797 0.452951 0.535391 0.460422 0.529531 0.440679 0.519 0.44199099999999997 0.518703 0.46786900000000003 0.514313 0.469204 0.509922 0.46348900000000004 0.5055310000000001 0.444614 0.502313 0.43541 0.498219 0.443302 0.49206300000000003 0.445059 0.48562500000000003 0.43103 0.481813 0.386276 0.48914099999999994 0.37311500000000003 0.49353100000000005 0.350726 0.501719 0.305527 0.506703 0.27437900000000004 0.506703 0.262108 0.480063 0.248056 0.426203 0.24719 0.41418699999999997 0.264286 0.403078 0.25859499999999996 0.40218699999999996 0.242342 0.355359 0.227002 0.328125 0.203302 0.31525 0.18356 0.309688 0.18356 0.300609 0.193208 0.280125 0.213841 0.268125 0.21997699999999998 0.25875 0.216464 0.23445299999999997 0.22128799999999998 0.229188 0.226557 0.224203 0.21934399999999998 0.19320299999999999 0.235293 0.172797 0.229321 0.164797 0.204052 0.15948400000000001 0.15084299999999998 0.136406 0.112272 0.134625 0.06969559953161591 0.148391 0.05840750117096019 0.15370299999999998 0.06903980093676815 0.167016 0.08700229976580796 0.17678100000000002 0.09098359953161593 0.186094 0.07037470023419204 0.197188 0.06238880093676815 0.206516 0.055082 0.243344 0.041779899297423886 0.307234 0.031803299765807966 0.325875 0.029133501170960186 0.349391 0.032623 0.38317199999999996
50 0 0.354734 0.0033723700234192036 0.983109 0.15189699999999998 0.989859 0.148525 0.938063 0.16541 0.742109 0.175527 0.7083280000000001 0.239672 0.710578 0.266674 0.728609 0.36459 0.726344 0.361194 0.692562 0.38821999999999995 0.710578 0.40845400000000004 0.688063 0.39159299999999997 0.676797 0.40845400000000004 0.6587810000000001 0.37807999999999997 0.6587810000000001 0.32744700000000004 0.652031 0.300445 0.640766 0.35782200000000003 0.63175 0.36459 0.625 0.310562 0.6205 0.192412 0.636266 0.15529300000000001 0.604734 0.14178 0.548422 0.07088989929742388 0.43356300000000003 0.03714289929742389 0.3795 0.010117100702576112 0.359234 0.030374700234192035 0.33220299999999997 0.054004700234192037 0.239859 0.054004700234192037 0.20832799999999999 0.0911475011709602 0.179047 0.06077280093676815 0.154281 0.07088989929742388 0.136266 0.06751759953161593 0.0844531 0.0033723700234192036 0.039421899999999996 0 0.354734
76 0.762717 0.14985900000000002 0.774778 0.152062 0.7758780000000001 0.157172 0.763817 0.161562 0.763817 0.17106300000000002 0.784637 0.17910900000000002 0.8021780000000001 0.190078 0.8021780000000001 0.21201599999999998 0.8153159999999999 0.206891 0.836136 0.20396899999999998 0.865714 0.203234 0.871194 0.190078 0.8777750000000001 0.18129699999999999 0.876674 0.144016 0.764918 0.146937 0.762717 0.14985900000000002
50 0.421429 0.177453 0.440539 0.183828 0.458056 0.19128099999999998 0.466042 0.19978100000000001 0.466042 0.240172 0.469227 0.24760900000000002 0.456464 0.271 0.453279 0.27525 0.44850100000000004 0.28375 0.44850100000000004 0.290125 0.44850100000000004 0.298641 0.450094 0.313516 0.446909 0.32840600000000003 0.446909 0.362422 0.461241 0.37942200000000004 0.462834 0.377297 0.466042 0.37092200000000003 0.47082 0.360297 0.478782 0.340094 0.48356 0.326281 0.488337 0.31989100000000004 0.49629999999999996 0.308203 0.50267 0.301828 0.524988 0.27949999999999997 0.531358 0.26887500000000003 0.529766 0.2625 0.529766 0.257188 0.528173 0.23910900000000002 0.523396 0.22635900000000003 0.523396 0.21678099999999997 0.523396 0.208281 0.523396 0.204031 0.517026 0.197656 0.512225 0.19234400000000001 0.507447 0.184891 0.49948499999999996 0.180641 0.488337 0.173203 0.474005 0.166828 0.46445000000000003 0.165766 0.456464 0.165766 0.44850100000000004 0.165766 0.437354 0.16789099999999998 0.43257599999999996 0.170016 0.423021 0.17214100000000002 0.415059 0.177453 0.421429 0.177453
50 0.797728 0.275 0.804496 0.260813 0.8103039999999999 0.23628100000000002 0.805457 0.213047 0.796768 0.187891 0.7774239999999999 0.180141 0.763888 0.17368699999999998 0.750328 0.20273400000000003 0.749368 0.222734 0.77452 0.248547 0.7938639999999999 0.271781 0.797728 0.275
50 0.468173 0.420219 0.525433 0.530344 0.562482 0.644937 0.562482 0.721344 0.562482 0.9033749999999999 0.602904 0.946063 0.683747 0.9146089999999999 0.633208 0.8943749999999999 0.6129979999999999 0.838203 0.633208 0.8 0.6500469999999999 0.746063 0.670258 0.642703 0.720796 0.7955 0.727518 0.921344 0.882459 0.916859 0.848782 0.8741559999999999 0.7679389999999999 0.811234 0.7611939999999999 0.761797 0.7679389999999999 0.701125 0.747728 0.671906 0.7140519999999999 0.631453 0.727518 0.523594 0.707307 0.485391 0.724145 0.39775 0.7713110000000001 0.366297 0.821827 0.274156 0.703934 0.337078 0.693841 0.40898399999999996 0.653419 0.33932799999999996 0.660164 0.283141 0.703934 0.208984 0.6736300000000001 0.17078100000000002 0.6298360000000001 0.159547 0.579321 0.159547 0.5557380000000001 0.211234 0.542272 0.265172 0.461429 0.37978100000000004 0.468173 0.420219
50 0.576112 0.16175 0.567752 0.159609 0.552342 0.16175 0.540796 0.163891 0.52281 0.17075 0.520258 0.178031 0.52089 0.187453 0.52089 0.195594 0.52281 0.204578 0.534379 0.217 0.531171 0.23114099999999999 0.537588 0.243141 0.543372 0.230281 0.547869 0.220438 0.554918 0.20371899999999998 0.569696 0.180594 0.587658 0.16603099999999998 0.576112 0.16175
54 0.437354 0.44785899999999995 0.445738 0.446781 0.45215500000000003 0.444641 0.456019 0.44120299999999996 0.46407499999999996 0.433891 0.478876 0.42617200000000005 0.47501200000000005 0.421875 0.46697900000000003 0.4165 0.465035 0.418438 0.453138 0.420578 0.439297 0.424875 0.40517600000000004 0.440562 0.437354 0.44785899999999995
54 0.481991 0.399641 0.468173 0.398312 0.45534 0.406219 0.444496 0.415438 0.454356 0.421359 0.48297399999999996 0.42070299999999994 0.49187400000000003 0.41017200000000004 0.481991 0.399641
50 0.6974 0.40034400000000003 0.69911 0.395813 0.69911 0.372078 0.702506 0.320063 0.7041919999999999 0.29971899999999996 0.6906319999999999 0.287281 0.678782 0.274844 0.668595 0.269188 0.6618269999999999 0.274844 0.660141 0.283891 0.656745 0.339281 0.6618269999999999 0.359641 0.68555 0.38451599999999997 0.6974 0.40034400000000003
50 0.41376999999999997 0.179187 0.429485 0.176844 0.446956 0.169281 0.464426 0.162859 0.481007 0.168109 0.489742 0.17510900000000001 0.5054799999999999 0.182672 0.513326 0.171016 0.512459 0.145391 0.501101 0.132562 0.490632 0.12265600000000002 0.460047 0.113344 0.415504 0.111594 0.399789 0.116828 0.391054 0.134313 0.37185 0.17335899999999999 0.41376999999999997 0.179187
54 0.58377 0.388031 0.582693 0.38584399999999996 0.573232 0.376625 0.55904 0.377344 0.5568620000000001 0.373219 0.535761 0.379047 0.5354099999999999 0.38390599999999997 0.541593 0.384141 0.551405 0.386094 0.560141 0.396281 0.58377 0.388031