21 0.293141 0.6132939999999999 0.289391 0.596472 0.284234 0.591542 0.263594 0.591542 0.26125 0.593645 0.259844 0.595047 0.259844 0.598575 0.261719 0.606986 0.26125 0.610491 0.265469 0.606285 0.293141 0.6132939999999999
21 0.130641 0.49878500000000003 0.127047 0.49434599999999995 0.115641 0.489533 0.106469 0.486565 0.10398400000000001 0.491939 0.103375 0.4975 0.106469 0.5106539999999999 0.118734 0.525023 0.115766 0.515748 0.11217200000000001 0.508341 0.11501600000000001 0.504439 0.120469 0.505374 0.126172 0.5146499999999999 0.132375 0.526682 0.1325 0.526963 0.131625 0.511028 0.130641 0.49878500000000003
21 0.688844 0.727383 0.70725 0.733037 0.729219 0.708481 0.733875 0.701846 0.693719 0.695888 0.688844 0.727383
21 0.733203 0.736355 0.755828 0.711145 0.754953 0.706168 0.74275 0.706168 0.730984 0.7356779999999999 0.733203 0.736355
21 0.905672 0.672897 0.916063 0.670047 0.931734 0.6753040000000001 0.933047 0.661308 0.932469 0.653201 0.909188 0.645748 0.9046559999999999 0.649486 0.904219 0.6731069999999999 0.905672 0.672897
21 0.456203 0.475023 0.457828 0.479883 0.457641 0.483925 0.46106199999999997 0.483107 0.460156 0.47098100000000004 0.459438 0.467477 0.455844 0.472336 0.456203 0.475023
50 0.410266 0.557453 0.405766 0.5709350000000001 0.40125 0.593411 0.410266 0.60014 0.40125 0.660818 0.41176599999999997 0.674299 0.420781 0.6877800000000001 0.41176599999999997 0.710257 0.41326599999999997 0.757453 0.41176599999999997 0.788925 0.410266 0.8248599999999999 0.410266 0.858575 0.410266 0.860818 0.41326599999999997 0.874299 0.42529700000000004 0.8945329999999999 0.42979700000000004 0.903528 0.43281200000000003 0.917009 0.426797 0.975421 0.426797 0.97993 0.547016 0.984416 0.551531 0.910257 0.571063 0.8788079999999999 0.586094 0.856332 0.580078 0.818131 0.580078 0.784416 0.571063 0.743972 0.562047 0.6945330000000001 0.563547 0.6630609999999999 0.560547 0.5731780000000001 0.545516 0.53722 0.519969 0.521495 0.5304840000000001 0.48778 0.528984 0.472056 0.516969 0.411379 0.483906 0.393411 0.441828 0.45184599999999997 0.428297 0.48778 0.426797 0.494533 0.428297 0.550701 0.410266 0.55521 0.410266 0.557453
50 0.8310470000000001 0.8150470000000001 0.8055 0.770093 0.813016 0.700444 0.813016 0.630771 0.797984 0.536402 0.743891 0.502687 0.758922 0.44649500000000003 0.746891 0.385841 0.724359 0.37009299999999995 0.6912969999999999 0.37009299999999995 0.664234 0.428528 0.664234 0.48469599999999996 0.643203 0.502687 0.6131409999999999 0.5274070000000001 0.601125 0.565607 0.587594 0.635257 0.604125 0.720654 0.595109 0.7678499999999999 0.593609 0.824042 0.5906089999999999 0.8959349999999999 0.5966090000000001 0.979089 0.66725 0.981332 0.6717500000000001 0.907173 0.703313 0.871215 0.769437 0.8914489999999999 0.7784530000000001 0.972336 0.829547 0.981332 0.837063 0.902687 0.8310470000000001 0.8150470000000001
50 0.407266 0.608995 0.39673400000000003 0.566285 0.384719 0.541565 0.369688 0.492126 0.36518700000000004 0.46067800000000003 0.35315599999999997 0.431472 0.34264100000000003 0.417967 0.29906299999999997 0.39324800000000004 0.272016 0.422477 0.262984 0.5146029999999999 0.253969 0.57528 0.235937 0.6134809999999999 0.23143799999999998 0.660678 0.181844 0.721355 0.21340599999999998 0.764042 0.229937 0.898879 0.225422 0.986519 0.335125 0.986519 0.31257799999999997 0.957313 0.30807799999999996 0.896636 0.375703 0.8471960000000001 0.377203 0.833715 0.39673400000000003 0.6943929999999999 0.407266 0.608995
50 0.168922 0.352921 0.144281 0.37224300000000005 0.133719 0.426636 0.137234 0.465234 0.145453 0.486308 0.148969 0.510864 0.150141 0.516121 0.124328 0.5003270000000001 0.10671900000000001 0.5038549999999999 0.103203 0.50736 0.10203100000000001 0.526659 0.08795309999999999 0.5775469999999999 0.07385939999999999 0.632547 0.068 0.67993 0.068 0.686939 0.0715156 0.700981 0.07385939999999999 0.7062620000000001 0.062125 0.713271 0.0011093703125 0.8396260000000001 0.0011093703125 0.9993219999999999 0.0938125 0.9957940000000001 0.0961562 0.965981 0.0996875 0.941402 0.10671900000000001 0.895771 0.117281 0.864182 0.1255 0.848388 0.138406 0.851916 0.1525 0.851916 0.170094 0.85014 0.19475 0.834346 0.201781 0.827336 0.214688 0.806285 0.214688 0.7782009999999999 0.205313 0.748364 0.183 0.709766 0.192391 0.7062620000000001 0.19356199999999998 0.702734 0.20648399999999997 0.685187 0.227609 0.664136 0.23112499999999997 0.651846 0.236984 0.6185050000000001 0.245203 0.595701 0.251078 0.572874 0.242859 0.541285 0.23464100000000002 0.53778 0.20412499999999997 0.518481 0.198266 0.504439 0.205313 0.488645 0.208828 0.486893 0.21587499999999998 0.478107 0.218219 0.47635500000000003 0.222906 0.455304 0.22878099999999998 0.402664 0.21000000000000002 0.35528000000000004 0.19004700000000002 0.35528000000000004 0.183 0.35528000000000004 0.172453 0.35528000000000004 0.168922 0.352921
50 0.0641406 0.61986 0.0674844 0.581121 0.0683281 0.5373829999999999 0.0641406 0.516145 0.0532813 0.501145 0.032390600000000005 0.488645 0.0064843796875 0.46864500000000003 0.0056406203125 0.434907 0.0098125 0.41866800000000004 0.013156200000000002 0.39366799999999996 0.0073124999999999996 0.35493 0.000625 0.34616800000000003 0.000625 0.718598 0.0106563 0.718598 0.018171899999999998 0.721098 0.0231875 0.73236 0.0257031 0.757336 0.0257031 0.7785979999999999 0.0257031 0.789836 0.030718699999999998 0.777336 0.0365625 0.763598 0.0440938 0.748598 0.054109399999999995 0.7360979999999999 0.0574531 0.711098 0.056625 0.6998599999999999 0.0582969 0.65236 0.0641406 0.61986
50 0.940766 0.691752 0.93775 0.660304 0.925734 0.628832 0.906188 0.608621 0.8821559999999999 0.599626 0.904687 0.543435 0.915203 0.489509 0.9137030000000002 0.476028 0.880641 0.446822 0.8596090000000001 0.453551 0.826547 0.487266 0.828047 0.494019 0.828047 0.545701 0.814516 0.57715 0.814516 0.73222 0.93775 0.725467 0.9437659999999999 0.711986 0.940766 0.691752
50 0.8821559999999999 0.790631 0.856594 0.801869 0.832563 0.81986 0.849094 0.873785 0.864109 0.909743 0.876141 0.943435 0.876141 0.988388 0.997859 0.990631 1 0.81986 0.982844 0.7883880000000001 0.93925 0.790631 0.906188 0.790631 0.8821559999999999 0.790631
36 0.42109399999999997 0.717033 0.41409399999999996 0.723318 0.41456299999999996 0.758224 0.416422 0.787547 0.444437 0.790327 0.501406 0.7896259999999999 0.537828 0.788248 0.5420309999999999 0.780561 0.5420309999999999 0.772173 0.555094 0.7603040000000001 0.560234 0.7554209999999999 0.560234 0.749836 0.550891 0.7393689999999999 0.543891 0.729603 0.534094 0.728902 0.527078 0.7442519999999999 0.515406 0.753341 0.51775 0.7470559999999999 0.5098130000000001 0.74007 0.512609 0.731682 0.512609 0.7275 0.5098130000000001 0.7275 0.505609 0.7442519999999999 0.504203 0.748435 0.501406 0.7477569999999999 0.497203 0.7393689999999999 0.497672 0.733785 0.49487500000000006 0.728902 0.49579700000000004 0.723318 0.49579700000000004 0.721916 0.462188 0.723318 0.42109399999999997 0.717033
36 0.35176599999999997 0.7765650000000001 0.362438 0.772313 0.380922 0.749977 0.390875 0.7276640000000001 0.383047 0.7021499999999999 0.340406 0.680888 0.291344 0.672383 0.267891 0.66493 0.257234 0.661752 0.23875000000000002 0.653248 0.21315599999999998 0.676636 0.184 0.726589 0.200359 0.7478499999999999 0.215281 0.7542289999999999 0.22096900000000003 0.726589 0.235906 0.715958 0.259359 0.719159 0.267172 0.726589 0.291344 0.7701870000000001 0.33684400000000003 0.789299 0.35176599999999997 0.7765650000000001
36 0.8160310000000001 0.710678 0.817531 0.7488790000000001 0.828047 0.7915650000000001 0.865625 0.805047 0.906188 0.805047 0.970813 0.793832 0.9813280000000001 0.775841 0.976828 0.724159 0.946766 0.717407 0.8746409999999999 0.717407 0.8160310000000001 0.710678