27 0.423775 0.285016 0.41031 0.177386 0.41031 0.132549 0.40134000000000003 0.09442809967320262 0.390131 0.08098040032679737 0.36771200000000004 0.06080069934640523 0.343056 0.0428595 0.293725 0.03614380065359477 0.282516 0.03614380065359477 0.24887299999999998 0.0495915 0.208513 0.07648690032679739 0.179379 0.09442809967320262 0.13452599999999998 0.11236900000000001 0.13452599999999998 0.143758 0.170408 0.338824 0.006732029411764706 0.31864400000000004 0.011209199346405229 0.9890519999999999 0.997761 0.9845590000000001 1 0.471111 0.885654 0.34555600000000003 0.42152 0.332108 0.423775 0.285016
32 0.666176 0.589673 0.633676 0.584036 0.60348 0.565784 0.574624 0.543235 0.542435 0.509069 0.543431 0.515703 0.554379 0.531291 0.572631 0.553513 0.588546 0.568775 0.580588 0.564461 0.567647 0.553513 0.551732 0.536258 0.53415 0.515359 0.530833 0.515703 0.547418 0.540245 0.581912 0.575735 0.561683 0.558824 0.553725 0.550866 0.524853 0.520016 0.522533 0.520016 0.532484 0.542239 0.55969 0.576405 0.592859 0.595654 0.622059 0.597631 0.649592 0.600621 0.682761 0.611569 0.708317 0.610899 0.700686 0.607582 0.666176 0.589673
32 0.711422 0.630229 0.747859 0.645964 0.788448 0.662533 0.843938 0.682402 0.8522220000000001 0.6675 0.708105 0.61201 0.690719 0.612827 0.711422 0.630229
32 0.8593299999999999 0.669673 0.868333 0.665163 0.868333 0.655261 0.8170259999999999 0.630065 0.751324 0.594069 0.712631 0.574265 0.685621 0.559853 0.6460130000000001 0.532859 0.6244120000000001 0.502255 0.611814 0.49145400000000006 0.597418 0.493252 0.587516 0.50585 0.6037089999999999 0.5292479999999999 0.6244120000000001 0.5553589999999999 0.655016 0.5715520000000001 0.679314 0.5724670000000001 0.715327 0.5886600000000001 0.821536 0.651667 0.858431 0.665163 0.8593299999999999 0.669673
17 0.84719 0.728088 0.55281 0.573039 0.47415 0.6404580000000001 0.44495099999999993 0.719101 0.42696100000000003 0.8516830000000001 0.433709 0.8651629999999999 0.449444 0.8966339999999999 0.788758 0.982026 0.844951 0.728088 0.84719 0.728088
26 0 0.6649670000000001 0.054264699346405224 0.657729 0.107255 0.62884 0.122908 0.6047549999999999 0.128922 0.589101 0.114477 0.360294 0.0988235 0.348252 0.00006535947712418301 0.33982 0 0.6649670000000001
26 0.170784 0.146062 0.18426499999999998 0.11910100000000001 0.13933 0.130343 0.157304 0.269657 0.193252 0.42696100000000003 0.219771 0.504493 0.27165 0.592353 0.25831699999999996 0.607173 0.206422 0.641275 0.196046 0.69317 0.23754899999999998 0.728758 0.302794 0.7376469999999999 0.37098 0.733203 0.424363 0.672418 0.40805600000000003 0.632386 0.379886 0.607173 0.36209199999999997 0.5997709999999999 0.351716 0.577533 0.391748 0.47374199999999994 0.40805600000000003 0.35366 0.41547399999999995 0.21132399999999998 0.41101299999999996 0.128301 0.406748 0.130343 0.30336599999999997 0.155049 0.170784 0.146062
22 0.818301 0.0346405 0.821487 0.190899 0.814052 0.222778 0.822549 0.22810499999999997 0.83 0.23129100000000002 0.785343 0.34503300000000003 0.8098040000000001 0.339706 0.850196 0.23872500000000002 0.8682679999999999 0.24936299999999997 0.856569 0.348219 0.8820749999999999 0.349281 0.9001469999999999 0.257859 0.919281 0.25467300000000004 0.939477 0.242974 0.941601 0.21215699999999998 0.936291 0.20258199999999998 0.904395 0.193023 0.8650649999999999 0.18557200000000001 0.853382 0.171765 0.859755 0.13137300000000002 0.8703919999999999 0.08034309967320262 0.8863399999999999 0.039951 0.8863399999999999 0.021879099673202614 0.826814 0.028251599673202614 0.818301 0.0346405
22 0.47158500000000003 0.178007 0.484118 0.244657 0.49039200000000005 0.293072 0.502925 0.295343 0.534248 0.286797 0.565588 0.293644 0.571275 0.322124 0.566716 0.347761 0.62482 0.345474 0.626536 0.34148700000000004 0.631095 0.28567 0.631667 0.279395 0.628807 0.235539 0.624248 0.207631 0.608301 0.189967 0.590082 0.17915 0.535392 0.166618 0.46874200000000005 0.162059 0.47158500000000003 0.178007
27 1 0.08828430065359477 0.998284 0.07516340032679739 0.9640360000000001 0.07686269934640523 0.9337749999999999 0.071732 0.916078 0.0654575 0.894379 0.071732 0.8886760000000001 0.08656859967320261 1 0.117402 1 0.08828430065359477
50 0.879951 0.013562100000000002 0.8764380000000002 0 0.815016 0.00653595 0.820278 0.010049 0.827304 0.0363725 0.8676629999999999 0.029346400000000005 0.879951 0.013562100000000002
50 0.797467 0.132892 0.797467 0.150441 0.802729 0.162729 0.80799 0.16799 0.830817 0.155703 0.820278 0.0504085 0.80098 0.0837582 0.797467 0.132892
50 0.901127 0 0.8853920000000001 0.038202599673202615 0.876405 0.08089869934640523 0.8651629999999999 0.12808799999999998 0.86067 0.175278 0.889886 0.19101300000000002 0.9348369999999999 0.22246699999999997 0.948317 0.238203 0.932582 0.276405 0.921356 0.312353 0.905621 0.33707499999999996 0.8853920000000001 0.35954200000000003 0.95281 0.41797399999999996 0.955049 0.41348 0.9460620000000001 0.361797 0.95281 0.323595 0.975278 0.276405 0.9977450000000001 0.25168300000000005 0.9977450000000001 0.21797400000000003 0.991013 0.130343 0.9168459999999999 0.096634 0.887647 0.0921405 0.894379 0.06741830065359476 0.907859 0.06292480065359476 0.9348369999999999 0.06965690032679739 0.982026 0.06965690032679739 0.9955069999999999 0.06965690032679739 0.9977450000000001 0 0.901127 0
50 0.414216 0.129085 0.413399 0.316993 0.450163 0.312908 0.49183 0.295752 0.46405199999999996 0.148693 0.410131 0.0212418 0.393791 0.11683 0.414216 0.129085
50 0 0.318627 0.015522899999999997 0.287582 0.031045799999999995 0.177288 0.11764700000000002 0.345588 0.166667 0.335784 0.135621 0.133987 0.183824 0.11601299999999999 0.195261 0.0718954 0.237745 0.0359477 0.287582 0.0196078 0.334967 0.0531046 0.368464 0.0776144 0.379902 0 0.00245098 0.00245098 0 0.318627
27 0.569886 0.105654 0.568121 0.101438 0.535049 0.07011440032679739 0.53152 0.07856209967320262 0.522369 0.08277780065359476 0.5033660000000001 0.08207519934640523 0.500915 0.08629080065359478 0.506895 0.10284299999999999 0.569886 0.105654
22 0.6929740000000001 0.078268 0.7156370000000001 0.078268 0.730049 0.08101309967320261 0.734853 0.09542480065359477 0.7389709999999999 0.140719 0.7417159999999999 0.146895 0.747206 0.144837 0.7465200000000001 0.131797 0.743088 0.121503 0.743775 0.11464099999999999 0.743775 0.10777800000000001 0.743088 0.09816990032679739 0.742402 0.08513069934640523 0.744461 0.0755065 0.744461 0.06933009967320262 0.765049 0.004133990196078432 0.6909150000000001 0.0020751601307189543 0.684739 0.07619280065359478 0.6929740000000001 0.078268
50 0.405196 0.005196080065359477 0.449346 0.122075 0.503889 0.122075 0.5220750000000001 0.103889 0.48571899999999996 0.005196080065359477 0.405196 0.005196080065359477