16 0.263328 0.687229 0.259609 0.7161460000000001 0.258984 0.7582920000000001 0.254031 0.771521 0.271391 0.780604 0.299281 0.790521 0.314156 0.794646 0.31601599999999996 0.804562 0.333359 0.813667 0.338938 0.805396 0.34823400000000004 0.8037500000000001 0.386047 0.8128329999999999 0.475297 0.835979 0.483969 0.847542 0.487078 0.847542 0.49265600000000004 0.844229 0.518062 0.840104 0.524266 0.8351459999999999 0.541 0.820271 0.5440940000000001 0.8128329999999999 0.543469 0.784729 0.541609 0.7673749999999999 0.538516 0.734333 0.539141 0.712021 0.514344 0.705396 0.49946900000000005 0.7021040000000001 0.496984 0.6996249999999999 0.491406 0.692187 0.45235900000000007 0.6855619999999999 0.44492200000000004 0.693833 0.382328 0.683917 0.381094 0.6797920000000001 0.367453 0.678125 0.3625 0.6814370000000001 0.302375 0.671521 0.263953 0.686396 0.263328 0.687229
16 0 0.663625 0.0037031296875 0.667646 0.0112344 0.672167 0.0225469 0.6857500000000001 0.028968699999999997 0.68675 0.0338594 0.6917709999999999 0.0331094 0.701833 0.034999999999999996 0.704354 0.0425469 0.712396 0.0436719 0.7184170000000001 0.0436719 0.726979 0.10287500000000001 0.744563 0.10778099999999999 0.746583 0.11871899999999999 0.756146 0.13078099999999998 0.7506039999999999 0.145875 0.7506039999999999 0.159828 0.747583 0.179812 0.744563 0.199797 0.733521 0.196406 0.659604 0.16689099999999998 0.653917 0.163172 0.6505829999999999 0.161922 0.647271 0.153234 0.6464580000000001 0.138328 0.644792 0.131484 0.648104 0.0314844 0.6381669999999999 0.00042187500000000005 0.645625 0.0010468796875 0.6489379999999999 0 0.663625
16 0.367281 0.5802499999999999 0.36156299999999997 0.5820000000000001 0.36025 0.615083 0.36046900000000004 0.618 0.378469 0.621521 0.442141 0.625625 0.491984 0.6303129999999999 0.498578 0.627375 0.498797 0.619771 0.496375 0.602208 0.493297 0.574396 0.465859 0.575562 0.40701599999999993 0.575562 0.367281 0.5802499999999999
16 0.764578 0.6542709999999999 0.755875 0.611042 0.590828 0.609104 0.5855 0.642 0.59325 0.6432920000000001 0.591797 0.642 0.7640939999999999 0.6542709999999999 0.764578 0.6542709999999999
16 0.564438 0.5947709999999999 0.567656 0.6006250000000001 0.574406 0.6002500000000001 0.58525 0.598292 0.586125 0.595938 0.588469 0.595938 0.588469 0.5928129999999999 0.609875 0.5928129999999999 0.614266 0.597896 0.6318590000000001 0.5975 0.6350939999999999 0.595938 0.638906 0.595167 0.643594 0.597125 0.675844 0.599854 0.676422 0.5928129999999999 0.698703 0.5928129999999999 0.699875 0.582646 0.696359 0.57875 0.6711560000000001 0.5779580000000001 0.6720309999999999 0.574063 0.648281 0.575625 0.650328 0.5771879999999999 0.5663750000000001 0.576771 0.564438 0.5947709999999999
16 0.676906 0.5919380000000001 0.677344 0.5996670000000001 0.690266 0.601437 0.697844 0.600854 0.701844 0.5990629999999999 0.707641 0.5990629999999999 0.713875 0.601437 0.718328 0.610354 0.728125 0.610354 0.753953 0.611542 0.761078 0.615687 0.76375 0.643021 0.768656 0.646583 0.774438 0.647771 0.7784530000000001 0.6513329999999999 0.784234 0.650729 0.78825 0.6495420000000001 0.791813 0.647771 0.799828 0.647771 0.806063 0.6471669999999999 0.806063 0.6002500000000001 0.799828 0.5954999999999999 0.793141 0.5954999999999999 0.7824530000000001 0.5954999999999999 0.773109 0.594917 0.769984 0.591354 0.753062 0.590167 0.752625 0.594917 0.680469 0.591354 0.676906 0.5919380000000001
16 0.60875 0.594062 0.591859 0.594062 0.587141 0.601271 0.574313 0.602167 0.568234 0.601271 0.564187 0.594958 0.537859 0.594062 0.5324690000000001 0.599458 0.520312 0.602167 0.5101880000000001 0.602167 0.503437 0.620167 0.503437 0.6255620000000001 0.5230159999999999 0.6345620000000001 0.583094 0.6381669999999999 0.583094 0.621958 0.583094 0.609375 0.5959220000000001 0.608458 0.618188 0.6075630000000001 0.6431720000000001 0.603958 0.654641 0.602167 0.612797 0.599458 0.60875 0.594062
16 0.197328 0.587729 0.211 0.5884579999999999 0.22275 0.5888329999999999 0.223297 0.587375 0.227937 0.586646 0.22931200000000002 0.581542 0.252 0.57825 0.265672 0.571688 0.265672 0.561125 0.267578 0.561854 0.268953 0.5600210000000001 0.267578 0.557833 0.265125 0.551646 0.25801599999999997 0.548 0.24900000000000003 0.550187 0.23696899999999999 0.5527289999999999 0.233406 0.549458 0.225203 0.550187 0.224391 0.552375 0.22301600000000002 0.552375 0.22275 0.551646 0.21318800000000002 0.551646 0.211547 0.5538329999999999 0.21071900000000002 0.5538329999999999 0.207984 0.551646 0.20006200000000002 0.5531039999999999 0.20006200000000002 0.5538329999999999 0.18175 0.55675 0.181469 0.583354 0.197328 0.587729
16 0.529016 0.5488540000000001 0.529016 0.584313 0.549172 0.583229 0.554812 0.588604 0.559656 0.588604 0.564484 0.584313 0.566094 0.576792 0.629781 0.575708 0.628969 0.5488540000000001 0.529016 0.5488540000000001
16 0.525359 0.573167 0.5258130000000001 0.565771 0.527438 0.562375 0.527438 0.56175 0.525359 0.559917 0.525359 0.552208 0.427937 0.547917 0.427438 0.547562 0.427672 0.575333 0.525359 0.573167
16 0.8106410000000001 0.635896 0.83825 0.630812 0.841094 0.601625 0.8363440000000001 0.586396 0.8249219999999999 0.573708 0.769703 0.568625 0.76875 0.57625 0.764938 0.5876669999999999 0.771609 0.594021 0.785891 0.595271 0.806828 0.595271 0.811594 0.6054379999999999 0.811594 0.629542 0.8106410000000001 0.635896
16 0.35960899999999996 0.582896 0.37 0.579042 0.37 0.572875 0.28446899999999997 0.5744170000000001 0.23071899999999998 0.576729 0.227844 0.6013750000000001 0.25557799999999997 0.6106250000000001 0.271188 0.591375 0.29776600000000003 0.59675 0.297187 0.609083 0.3625 0.6198750000000001 0.35960899999999996 0.582896
16 0.285047 0.56825 0.379594 0.5697500000000001 0.379031 0.579437 0.396922 0.576458 0.393016 0.5630210000000001 0.29064100000000004 0.5637709999999999 0.285047 0.56825