50 0.511417 0.41115599999999997 0.520167 0.380063 0.536125 0.381719 0.55575 0.372969 0.559417 0.357719 0.543417 0.347906 0.546333 0.340281 0.550667 0.331 0.558667 0.307 0.582667 0.295031 0.583375 0.280844 0.609542 0.274313 0.607375 0.256844 0.584125 0.230125 0.560875 0.206687 0.499792 0.2105 0.474333 0.236687 0.465625 0.257938 0.471458 0.275375 0.496875 0.288469 0.507792 0.314094 0.492542 0.365906 0.460542 0.377875 0.46125 0.42206299999999997 0.48525 0.43296900000000005 0.503417 0.43296900000000005 0.511417 0.41115599999999997
50 0.578583 0.217313 0.593667 0.24178099999999997 0.594917 0.266219 0.614958 0.27656200000000003 0.6275 0.27656200000000003 0.6325000000000001 0.223906 0.63125 0.20228100000000002 0.638792 0.168406 0.635042 0.144906 0.636292 0.132688 0.62875 0.112937 0.63 0.09037500000000001 0.655083 0.0677813 0.640042 0.038625 0.6237499999999999 0.025468800000000003 0.592375 0.0198438 0.567333 0.0245312 0.541 0.0424062 0.541 0.05275 0.535958 0.0931875 0.558542 0.11481300000000001 0.573583 0.125156 0.5647920000000001 0.143031 0.5459999999999999 0.17124999999999999 0.528458 0.199437 0.533458 0.20509400000000003 0.558542 0.20509400000000003 0.578583 0.217313
50 0.745708 0.223937 0.733792 0.266437 0.7427499999999999 0.295531 0.769583 0.295531 0.805375 0.32237499999999997 0.790458 0.376063 0.7815 0.42303100000000005 0.748708 0.46553100000000003 0.8590420000000001 0.41409399999999996 0.900833 0.315656 0.9664579999999999 0.239594 0.924667 0.206031 0.9037919999999999 0.132219 0.8829170000000001 0.0695625 0.796417 0.0874687 0.775542 0.1255 0.7815 0.163531 0.7815 0.18365599999999999 0.745708 0.223937
50 0.8684580000000001 0.0655312 0.830375 0.040625 0.804958 0.040625 0.785417 0.0464687 0.763917 0.06334379999999999 0.756125 0.08459370000000001 0.746333 0.11096900000000001 0.733625 0.14540599999999998 0.72875 0.168844 0.748292 0.18275 0.773708 0.1945 0.7902920000000001 0.184219 0.777583 0.160781 0.7805420000000001 0.15346900000000002 0.783458 0.14171899999999998 0.7844580000000001 0.114625 0.8098329999999999 0.082375 0.864542 0.0735937 0.8684580000000001 0.0655312
67 0.434958 0.7135309999999999 0.4015 0.750437 0.41525 0.772594 0.513667 0.787344 0.5766249999999999 0.772594 0.6002500000000001 0.672219 0.649458 0.67075 0.651417 0.775531 0.751792 0.797687 0.858042 0.8006249999999999 0.8521249999999999 0.759312 0.800958 0.7165 0.759667 0.5600310000000001 0.773417 0.542344 0.883625 0.5054369999999999 0.9013329999999999 0.47740600000000005 0.885583 0.437531 0.81475 0.436062 0.738 0.467063 0.716375 0.461156 0.7773749999999999 0.418344 0.791125 0.400656 0.78325 0.366687 0.810833 0.34750000000000003 0.822625 0.326844 0.806875 0.297312 0.759667 0.288469 0.739958 0.297312 0.718333 0.278125 0.6100829999999999 0.27225 0.5805830000000001 0.276656 0.582542 0.288469 0.5431670000000001 0.329813 0.551042 0.356375 0.562875 0.366687 0.5333330000000001 0.381469 0.527417 0.375563 0.517583 0.397688 0.547125 0.441969 0.5333330000000001 0.450812 0.517583 0.44640599999999997 0.48412499999999997 0.51725 0.474292 0.526094 0.503833 0.534969 0.48216699999999996 0.588562 0.480208 0.625437 0.480208 0.625 0.4625 0.661875 0.434958 0.7135309999999999
2 0.164042 0.984563 0.450417 0.980094 0.471292 0.95325 0.474292 0.9264060000000001 0.462333 0.879406 0.441458 0.8458439999999999 0.38775 0.82125 0.30124999999999996 0.823469 0.2625 0.843625 0.21475 0.879406 0.18195799999999998 0.883875 0.149125 0.897312 0.13125 0.959937 0.158083 0.986781 0.164042 0.984563
2 0.6308330000000001 0.16312500000000002 0.629708 0.1955 0.6308330000000001 0.232844 0.6407919999999999 0.271875 0.691708 0.276844 0.720458 0.277687 0.737083 0.246969 0.7603329999999999 0.212094 0.74925 0.19134400000000001 0.729333 0.16978100000000002 0.709417 0.15815600000000002 0.6950000000000001 0.144031 0.6839580000000001 0.14153100000000002 0.652958 0.150688 0.617542 0.134063 0.595417 0.129094 0.5854579999999999 0.137406 0.618667 0.149844 0.6308330000000001 0.16312500000000002
2 0.247958 0.210312 0.240875 0.206094 0.216833 0.20503100000000002 0.206958 0.216688 0.212625 0.233656 0.242292 0.251688 0.273417 0.268656 0.273417 0.296219 0.259292 0.317437 0.253625 0.335469 0.24370799999999998 0.33121900000000004 0.211208 0.308969 0.215417 0.294125 0.209792 0.27925 0.184333 0.250625 0.187167 0.22834400000000002 0.165958 0.21775000000000003 0.15320799999999998 0.24215599999999998 0.171583 0.2835 0.208375 0.313219 0.215417 0.328063 0.21825 0.351375 0.256458 0.354563 0.304542 0.347156 0.318667 0.332281 0.327167 0.319563 0.311583 0.278219 0.281917 0.24531200000000003 0.24512499999999998 0.20925 0.247958 0.210312
2 0.235792 0.15834399999999998 0.248958 0.17181200000000002 0.240583 0.20053100000000001 0.259708 0.21581299999999998 0.266917 0.208625 0.268083 0.17268699999999998 0.25375 0.15475 0.235792 0.15834399999999998
2 0.340167 0.288781 0.370292 0.29506299999999996 0.395375 0.286281 0.415458 0.271219 0.423833 0.258656 0.445583 0.246125 0.45395800000000003 0.221 0.450625 0.18837500000000001 0.43724999999999997 0.174563 0.388708 0.173313 0.341833 0.26118800000000003 0.340167 0.288781
2 0.301417 0.16 0.31475000000000003 0.184125 0.33249999999999996 0.22240600000000002 0.349125 0.246531 0.34579200000000004 0.254 0.362417 0.223219 0.36020800000000003 0.21075 0.366875 0.20575000000000002 0.371292 0.18743700000000002 0.37795799999999996 0.173313 0.36575 0.16 0.361333 0.148344 0.318042 0.150844 0.30475 0.16 0.301417 0.16
2 0.875833 0.788687 0.848208 0.8759690000000001 0.883708 0.954375 0.8975000000000001 1 1 0.989875 0.992208 0.6703439999999999 0.946833 0.71475 0.875833 0.788687
2 0.225333 0.5304059999999999 0.246917 0.516937 0.275625 0.473844 0.282833 0.445094 0.30558300000000005 0.41456299999999996 0.342708 0.367875 0.33549999999999996 0.34900000000000003 0.293583 0.34900000000000003 0.254083 0.36428099999999997 0.240917 0.393 0.219375 0.41634399999999994 0.191833 0.473844 0.185833 0.51425 0.213375 0.5393749999999999 0.225333 0.5304059999999999
2 0 0.278594 0.019833299999999998 0.27943799999999996 0.065 0.277781 0.07825 0.25381200000000004 0.08704170000000001 0.23562500000000003 0.08266670000000001 0.209187 0.07933330000000001 0.18687499999999999 0.0738333 0.177781 0.065 0.168687 0.0617083 0.165375 0.044083300000000006 0.165375 0.0407917 0.1505 0.0264583 0.14721900000000002 0.0209583 0.15712500000000001 0.0110417 0.16375 0 0.174469 0 0.278594
50 0.9025 0.307844 0.8907919999999999 0.341125 0.841208 0.429156 0.875125 0.43403099999999994 0.889458 0.452625 0.892083 0.496625 0.8725 0.51425 0.864708 0.600313 0.8386250000000001 0.639437 0.8307920000000001 0.7274689999999999 0.8516670000000001 0.754875 0.8347079999999999 0.787156 0.816417 0.8057190000000001 0.8033750000000001 0.8164999999999999 0.856875 0.826281 0.8881669999999999 0.794 0.9077500000000001 0.733344 0.94425 0.676625 0.971625 0.641406 0.996417 0.617938 0.9977079999999999 0.539687 0.999042 0.49078099999999997 0.9977079999999999 0.394906 0.995125 0.153313 0.986 0.14646900000000002 0.965125 0.140594 0.929917 0.16896899999999998 0.935125 0.190469 0.965125 0.210031 0.945542 0.21787499999999999 0.966417 0.23450000000000001 0.910333 0.30981200000000003 0.9025 0.307844
50 0.986208 0.125469 0.985292 0.11003099999999999 0.984333 0.079875 0.979667 0.05675 0.9535 0.051125 0.9217080000000001 0.0609375 0.906708 0.076375 0.8927080000000001 0.0974062 0.92825 0.20540600000000003 0.940375 0.21662499999999998 0.959083 0.20890599999999998 0.937583 0.187188 0.930083 0.162625 0.959083 0.1395 0.9787079999999999 0.140906 0.986208 0.125469
50 0.31433300000000003 0.20121899999999998 0.316208 0.180875 0.309667 0.167563 0.316208 0.159156 0.317125 0.142313 0.316208 0.121969 0.304958 0.0925312 0.276917 0.087625 0.253542 0.0925312 0.240458 0.104438 0.242333 0.124781 0.23858299999999996 0.138094 0.218958 0.147219 0.202125 0.160531 0.194625 0.16475 0.198375 0.178094 0.216125 0.197719 0.231083 0.20612500000000003 0.249792 0.210344 0.265708 0.22646899999999998 0.303083 0.267844 0.312458 0.253812 0.31433300000000003 0.20121899999999998
50 0.0960417 0.502 0.10149999999999999 0.521094 0.112417 0.521094 0.136083 0.527906 0.136083 0.530656 0.161542 0.5347500000000001 0.185167 0.530656 0.19608299999999998 0.514281 0.19608299999999998 0.49928100000000003 0.194292 0.473344 0.194292 0.45015599999999995 0.194292 0.431063 0.194292 0.40512499999999996 0.19608299999999998 0.384656 0.203375 0.35465599999999997 0.237917 0.330094 0.2525 0.32599999999999996 0.26887500000000003 0.317812 0.27066700000000005 0.306906 0.27066700000000005 0.283719 0.25066700000000003 0.259156 0.23249999999999998 0.24825 0.23249999999999998 0.222312 0.217917 0.20868699999999998 0.201542 0.17865599999999998 0.194292 0.16503099999999998 0.18154199999999998 0.15137499999999998 0.177917 0.148656 0.117875 0.128188 0.10149999999999999 0.133656 0.0760417 0.15 0.0632917 0.15818700000000002 0.0705833 0.1855 0.0796667 0.20049999999999998 0.10695800000000001 0.225062 0.11608299999999999 0.241406 0.117875 0.26325 0.110625 0.286438 0.108792 0.309625 0.112417 0.328719 0.11425 0.35875 0.11425 0.37784399999999996 0.11608299999999999 0.40787500000000004 0.11608299999999999 0.433781 0.119708 0.448781 0.126958 0.45562500000000006 0.145167 0.47196899999999997 0.14879199999999998 0.487 0.11608299999999999 0.503344 0.0960417 0.502
50 0.332958 0.31875 0.380458 0.332687 0.394917 0.31875 0.409375 0.272281 0.448583 0.262969 0.45479200000000003 0.230437 0.461 0.19328099999999998 0.448583 0.165375 0.440333 0.11581300000000001 0.42587499999999995 0.0987813 0.3825 0.109625 0.361875 0.173125 0.349458 0.20103100000000002 0.34741700000000003 0.273813 0.332958 0.31875
50 0.0287917 0.09971870000000001 0.0415833 0.134937 0.0216667 0.152031 0 0.160562 0.0031666708333333337 0.172313 0.0216667 0.162719 0.0629583 0.169125 0.09712499999999999 0.22143799999999997 0.0700833 0.28015599999999996 0.013125 0.27375 0.0145417 0.32287499999999997 0.0487083 0.326094 0.0487083 0.345313 0.0487083 0.370938 0.0487083 0.391219 0.061541700000000005 0.3955 0.078625 0.38481299999999996 0.0700833 0.33675 0.082875 0.326094 0.0814583 0.302594 0.0928333 0.334625 0.0985417 0.369875 0.107083 0.400812 0.114208 0.391219 0.114208 0.32287499999999997 0.118458 0.251344 0.10425 0.227844 0.064375 0.161656 0.0928333 0.140281 0.09000000000000001 0.136 0.09000000000000001 0.13387500000000002 0.09000000000000001 0.125344 0.09000000000000001 0.121063 0.09000000000000001 0.107187 0.078625 0.09331249999999999 0.0544167 0.0890312 0.0330417 0.0986563 0.0287917 0.09971870000000001
67 0.46125 0.174812 0.45779200000000003 0.182062 0.461 0.19209400000000001 0.469667 0.201938 0.481542 0.20787499999999998 0.4875 0.207313 0.49937499999999996 0.20249999999999999 0.502583 0.19821899999999998 0.501625 0.191719 0.505833 0.18984399999999998 0.515 0.188188 0.519417 0.18275 0.519417 0.173063 0.519417 0.164656 0.51425 0.157531 0.503 0.15234399999999998 0.491792 0.147844 0.481458 0.14846900000000002 0.467667 0.161406 0.46125 0.174812
50 0.29908300000000004 0.0887187 0.303375 0.09618750000000001 0.32899999999999996 0.110062 0.326167 0.14425 0.317625 0.159219 0.317625 0.173094 0.31616700000000003 0.240375 0.3105 0.26175000000000004 0.32475 0.292719 0.336125 0.299125 0.344667 0.294875 0.354625 0.262813 0.3575 0.237188 0.358917 0.21046900000000002 0.37174999999999997 0.190188 0.38029199999999996 0.172031 0.360708 0.173594 0.366417 0.163969 0.35075 0.149031 0.345042 0.13728100000000001 0.359292 0.119125 0.362167 0.11696899999999999 0.370708 0.104156 0.355042 0.083875 0.33225 0.0699687 0.305167 0.072125 0.29662499999999997 0.0902813 0.29908300000000004 0.0887187
50 0.42270800000000003 0.543438 0.430458 0.542 0.461417 0.527469 0.48074999999999996 0.508625 0.513625 0.472344 0.52525 0.450594 0.49620800000000004 0.438094 0.459458 0.427937 0.459458 0.41053100000000003 0.459458 0.394563 0.461417 0.377156 0.490417 0.36409400000000003 0.49816699999999997 0.345219 0.507833 0.310406 0.4885 0.279938 0.457542 0.26831299999999997 0.434292 0.269781 0.405292 0.2785 0.39175 0.308969 0.382083 0.327813 0.362708 0.337969 0.343375 0.349594 0.327917 0.37425 0.324042 0.3815 0.3105 0.39746899999999996 0.295 0.423594 0.279542 0.451156 0.264042 0.487437 0.240833 0.510656 0.211833 0.542563 0.153792 0.629625 0.235042 0.65575 0.24662499999999998 0.665906 0.242792 0.678969 0.236958 0.703625 0.235042 0.7631249999999999 0.235042 0.768938 0.242792 0.8052189999999999 0.260208 0.840031 0.29308300000000004 0.834219 0.29308300000000004 0.8197190000000001 0.281458 0.7863439999999999 0.281458 0.760219 0.281458 0.7152499999999999 0.281458 0.681875 0.35500000000000004 0.692031 0.36658300000000005 0.728313 0.374333 0.742812 0.380125 0.767469 0.39949999999999997 0.7994060000000001 0.434292 0.816812 0.426583 0.784906 0.407208 0.761688 0.41495800000000005 0.74425 0.41495800000000005 0.725406 0.413042 0.694937 0.411083 0.676063 0.407208 0.638344 0.411083 0.597719 0.418833 0.548375 0.42270800000000003 0.543438