47 0.929953 0.94757 0.9016249999999999 0.893458 0.876453 0.86757 0.8434060000000001 0.86993 0.815094 0.888738 0.8072190000000001 0.8557939999999999 0.778891 0.82521 0.767875 0.759322 0.731687 0.733458 0.7049369999999999 0.733458 0.675047 0.7569859999999999 0.637281 0.7005140000000001 0.623125 0.679322 0.601094 0.6416820000000001 0.574344 0.6299300000000001 0.5334220000000001 0.648738 0.5145470000000001 0.676986 0.492516 0.653458 0.46734400000000004 0.648738 0.43114100000000005 0.651098 0.42642199999999997 0.622874 0.398109 0.561682 0.382375 0.5546260000000001 0.35562499999999997 0.533458 0.344609 0.472266 0.314703 0.42521 0.291109 0.415794 0.26278100000000004 0.415794 0.23603100000000002 0.441682 0.23131200000000002 0.462874 0.210859 0.42756999999999995 0.179375 0.42521 0.144766 0.42756999999999995 0.132172 0.43226600000000004 0.11643699999999998 0.401682 0.08339060000000001 0.38757 0.048781200000000004 0.396986 0.033046900000000004 0.408738 0.018875 0.42521 0.018875 0.444042 0.0015781296875 0.42521 0.0031406203124999996 1 0.991328 0.9993219999999999 0.997625 0.996986 0.964578 0.954626 0.929953 0.94757
1 0.632703 0.6438790000000001 0.632078 0.692547 0.6420939999999999 0.706589 0.6615 0.7112850000000001 0.690937 0.7393689999999999 0.7122189999999999 0.7253269999999999 0.725984 0.7131540000000001 0.739766 0.678505 0.743516 0.6298360000000001 0.737266 0.605491 0.718484 0.58021 0.7003280000000001 0.575537 0.6784060000000001 0.578341 0.653359 0.598925 0.632703 0.6438790000000001
1 0.5523119999999999 0.562056 0.564047 0.566612 0.571172 0.574252 0.583922 0.588715 0.596156 0.605491 0.599719 0.6199770000000001 0.604313 0.646636 0.6211249999999999 0.6603739999999999 0.629281 0.654276 0.634375 0.641308 0.653234 0.598621 0.659859 0.584159 0.6578280000000001 0.5490889999999999 0.6430469999999999 0.526238 0.636922 0.513271 0.6221409999999999 0.501846 0.602781 0.49878500000000003 0.577297 0.514042 0.554859 0.536893 0.550797 0.561285 0.5523119999999999 0.562056
1 0.902313 0.6619160000000001 0.890625 0.665794 0.871172 0.677453 0.8594839999999999 0.694252 0.8512660000000001 0.721425 0.850844 0.735654 0.8521409999999999 0.754416 0.852563 0.777687 0.871172 0.806145 0.878516 0.806145 0.8919219999999999 0.80486 0.909234 0.8126169999999999 0.925234 0.819089 0.937781 0.810678 0.949891 0.7886920000000001 0.9572499999999999 0.754416 0.955516 0.713668 0.942531 0.683902 0.9226409999999999 0.667103 0.902313 0.6619160000000001
1 0.47970300000000005 0.433668 0.49956300000000003 0.437173 0.506578 0.452897 0.512422 0.466869 0.539281 0.440654 0.5556409999999999 0.388248 0.547469 0.36729 0.526438 0.348061 0.490219 0.351565 0.46918699999999997 0.370771 0.464516 0.400467 0.46334400000000003 0.42144899999999996 0.47970300000000005 0.433668
1 0.796953 0.542009 0.770547 0.532477 0.749609 0.527033 0.7232190000000001 0.552897 0.718656 0.576051 0.743234 0.6128039999999999 0.745969 0.6386679999999999 0.774188 0.634579 0.7923910000000001 0.642734 0.8060470000000001 0.635935 0.8096880000000001 0.622313 0.81425 0.578762 0.796953 0.542009
1 0.8264060000000001 0.7696259999999999 0.844641 0.758715 0.8510310000000001 0.732804 0.851953 0.701425 0.847391 0.6727799999999999 0.8337030000000001 0.634579 0.813625 0.629112 0.797203 0.635935 0.788078 0.6482239999999999 0.8127190000000001 0.686402 0.807234 0.719159 0.809062 0.7368929999999999 0.823656 0.753271 0.8264060000000001 0.7696259999999999
1 0.809359 0.8606069999999999 0.820297 0.885164 0.83125 0.872874 0.86775 0.8701639999999999 0.8896409999999999 0.885164 0.888734 0.8565189999999999 0.864094 0.806028 0.8330780000000001 0.7978500000000001 0.809359 0.800584 0.7984060000000001 0.815584 0.790203 0.830584 0.809359 0.8606069999999999
1 0.724031 0.550397 0.748234 0.528879 0.775703 0.52986 0.777672 0.516168 0.775047 0.495607 0.765234 0.47310700000000006 0.746266 0.461379 0.723375 0.461379 0.707016 0.470187 0.693937 0.48486 0.684781 0.519089 0.6887030000000001 0.55236 0.700484 0.569953 0.713562 0.578762 0.724031 0.550397
1 0.48192199999999996 0.642313 0.500578 0.658505 0.513828 0.673808 0.525266 0.6675 0.539703 0.650397 0.569203 0.6332939999999999 0.566188 0.6125929999999999 0.559578 0.591005 0.549937 0.579299 0.540906 0.568505 0.528266 0.558598 0.502984 0.5558879999999999 0.48793699999999995 0.566706 0.46807800000000005 0.582897 0.459047 0.609907 0.451828 0.639603 0.48192199999999996 0.642313
1 0.13174999999999998 0.434907 0.133578 0.43764000000000003 0.15182800000000002 0.423995 0.173719 0.423995 0.193797 0.423995 0.202 0.433551 0.212953 0.43901900000000005 0.198359 0.399439 0.18010900000000002 0.38035 0.15182800000000002 0.37079399999999996 0.126281 0.383084 0.112594 0.402173 0.12262500000000001 0.41035 0.13174999999999998 0.434907
1 0.690703 0.5196729999999999 0.6999690000000001 0.48965 0.699188 0.46191600000000005 0.669844 0.450374 0.644344 0.452687 0.634297 0.463084 0.6265780000000001 0.485023 0.629672 0.509276 0.648203 0.5300699999999999 0.678328 0.535864 0.690703 0.5196729999999999
1 0.543813 0.513271 0.558516 0.510304 0.5783590000000001 0.510304 0.593063 0.503762 0.595437 0.501402 0.595437 0.495444 0.595437 0.484182 0.595047 0.47525700000000004 0.591078 0.465164 0.580344 0.44736 0.570422 0.43785 0.548984 0.436075 0.534687 0.443785 0.513641 0.468131 0.508078 0.504953 0.523172 0.5120790000000001 0.5315000000000001 0.526332 0.543813 0.513271
1 0.8791249999999999 0.620187 0.890687 0.659509 0.913828 0.665794 0.942234 0.6767989999999999 0.9601089999999999 0.664229 0.966422 0.6296259999999999 0.9516880000000001 0.58715 0.935922 0.566706 0.8927970000000001 0.571425 0.874906 0.6075929999999999 0.8791249999999999 0.620187