77 0.571172 0.098873 0.612391 0.09663689982110912 0.608469 0.121342 0.614344 0.13482999999999998 0.616313 0.13034 0.616313 0.09438279964221825 0.643797 0.09212879964221825 0.663422 0.09212879964221825 0.671063 0.07270130053667263 0.622781 0.03572449910554562 0.553219 0.021127 0.539281 0.023613599284436494 0.531906 0.008980320214669052 0.5320159999999999 0.023935599284436494 0.473234 0.030912300536672634 0.43770300000000006 0.0516815992844365 0.396484 0.098873 0.506391 0.103363 0.571172 0.098873
18 0.878359 0.324258 0.903281 0.322343 0.911594 0.329964 0.9182499999999999 0.33186 0.933203 0.347084 0.951484 0.339463 0.9498279999999999 0.318533 0.9897030000000001 0.320447 0.994688 0.30903400000000003 1 0.24814 0.999687 0.234812 0.9897030000000001 0.208175 0.97475 0.189159 0.9531409999999999 0.175832 0.9232340000000001 0.181538 0.9066090000000001 0.191055 0.846781 0.18343500000000001 0.803562 0.202469 0.790266 0.21388200000000002 0.770328 0.23291599999999998 0.757031 0.246243 0.763687 0.267174 0.755375 0.291896 0.762016 0.31474100000000005 0.778641 0.33186 0.783625 0.34898 0.79525 0.356601 0.8451090000000001 0.324258 0.878359 0.324258
18 0 0.44685199999999997 0.0063125 0.444884 0.021687500000000002 0.447818 0.0319375 0.452719 0.0421875 0.456619 0.0661094 0.451735 0.0832031 0.434132 0.158391 0.428265 0.175469 0.44 0.195125 0.447818 0.233562 0.447818 0.25407799999999997 0.406744 0.26004700000000003 0.40477599999999997 0.263469 0.347066 0.245531 0.31479399999999996 0.20879699999999998 0.29425799999999996 0.146422 0.278605 0.145562 0.267835 0.14043699999999998 0.261968 0.12250000000000001 0.25415 0.096875 0.24338100000000001 0.049031200000000004 0.21404299999999998 0.00459375 0.212093 0 0.44685199999999997
18 0.361516 0.270286 0.342625 0.297549 0.339344 0.321073 0.333594 0.359624 0.343453 0.367156 0.35493800000000003 0.370912 0.365625 0.3822 0.37548400000000004 0.384079 0.389437 0.378426 0.40012499999999995 0.368086 0.43462500000000004 0.360572 0.44037499999999996 0.311664 0.432156 0.310716 0.424766 0.310716 0.411625 0.300376 0.40340600000000004 0.280626 0.408328 0.26746000000000003 0.411625 0.22702999999999998 0.409984 0.227961 0.40751600000000004 0.227961 0.361516 0.270286
73 0.170609 0.180966 0.183672 0.06890879964221824 0.20396899999999998 0.06309479964221824 0.211219 0.037370300536672625 0.19889099999999998 0.029892699463327368 0.192359 0.0025044704830053666 0.0894062 0.0016636905187835422 0.08795309999999999 0.02407869946332737 0.0901406 0.04318430053667263 0.0886875 0.07057249910554561 0.0937656 0.136154 0.108984 0.173506 0.154672 0.188444 0.170609 0.180966
50 0.635938 0.7415740000000001 0.714453 0.732576 0.694828 0.573041 0.700719 0.48089400000000004 0.710531 0.46742399999999995 0.7085619999999999 0.40449 0.692859 0.23370299999999997 0.663422 0.17527700000000002 0.663422 0.141574 0.635938 0.121342 0.610422 0.128086 0.596688 0.150555 0.594719 0.18202100000000002 0.598641 0.206744 0.6045309999999999 0.222469 0.6025780000000001 0.24044700000000002 0.614344 0.24944499999999997 0.610422 0.285385 0.592766 0.29663700000000004 0.5849059999999999 0.411234 0.5849059999999999 0.458426 0.614344 0.46517000000000003 0.626125 0.5842750000000001 0.628094 0.6 0.626125 0.638211 0.637906 0.689893 0.6045309999999999 0.714615 0.635938 0.7415740000000001
50 0.429844 0.319106 0.433781 0.373041 0.422 0.537084 0.451438 0.543828 0.45732799999999996 0.687639 0.45340600000000003 0.7168519999999999 0.45535899999999996 0.757299 0.488734 0.73483 0.48284399999999994 0.7168519999999999 0.504437 0.552809 0.535844 0.550555 0.547609 0.714615 0.5652809999999999 0.759553 0.577063 0.7685329999999999 0.598641 0.7415740000000001 0.5809840000000001 0.705617 0.588828 0.638211 0.579016 0.543828 0.594719 0.519106 0.577063 0.37976699999999997 0.573125 0.321342 0.573125 0.280894 0.6045309999999999 0.27640400000000004 0.6025780000000001 0.244937 0.590797 0.23595700000000003 0.588828 0.20449 0.588828 0.161789 0.557438 0.141574 0.531906 0.13034 0.531906 0.09663689982110912 0.45535899999999996 0.101127 0.45535899999999996 0.12585 0.439656 0.146064 0.41610899999999995 0.170787 0.404328 0.283148 0.429844 0.319106
18 0.75875 0.24355999999999997 0.768297 0.236458 0.774438 0.229875 0.773969 0.222665 0.762984 0.211556 0.750094 0.199571 0.718125 0.199571 0.698078 0.217066 0.696172 0.226351 0.698547 0.24110900000000002 0.701422 0.249302 0.708094 0.254776 0.711922 0.248766 0.713828 0.250948 0.719547 0.254222 0.7252810000000001 0.253685 0.727187 0.24767400000000003 0.7558279999999999 0.248211 0.75875 0.24355999999999997
18 0.372469 0.226601 0.372469 0.231664 0.370984 0.236744 0.370984 0.24322 0.371234 0.251377 0.372953 0.257567 0.376156 0.254472 0.383281 0.24941 0.392625 0.241521 0.397547 0.23477599999999998 0.408859 0.22717400000000001 0.411078 0.218444 0.375656 0.219839 0.372469 0.226601
18 0.38393700000000003 0.204597 0.386531 0.215886 0.40520300000000004 0.212916 0.40001600000000004 0.191538 0.388609 0.193327 0.38393700000000003 0.204597
18 0.3625 0.21302300000000002 0.360063 0.218766 0.360875 0.224884 0.360875 0.231556 0.372047 0.231181 0.372203 0.22561699999999998 0.373656 0.22229 0.377875 0.219696 0.374641 0.211914 0.363297 0.212093 0.3625 0.21302300000000002
18 0.270562 0.241234 0.27575 0.24311300000000002 0.27456200000000003 0.253381 0.271031 0.261753 0.28470300000000004 0.262558 0.289656 0.261485 0.286594 0.242844 0.281406 0.237174 0.280219 0.23069800000000001 0.276219 0.223953 0.270078 0.223667 0.270562 0.241234
18 0.708844 0.205993 0.704891 0.201467 0.682937 0.20296999999999998 0.6763440000000001 0.21152100000000001 0.686453 0.22209299999999998 0.6943590000000001 0.224597 0.69875 0.21856899999999999 0.708844 0.205993
73 0.22706300000000001 0.189911 0.23645299999999997 0.191109 0.238203 0.181538 0.23506300000000002 0.166798 0.225312 0.168784 0.226016 0.18354199999999998 0.22706300000000001 0.189911
73 0.25410900000000003 0.116798 0.271828 0.11624300000000001 0.271594 0.100072 0.25410900000000003 0.100608 0.25410900000000003 0.116798