50 0.486437 0.623875 0.48512500000000003 0.6676249999999999 0.5363439999999999 0.6326250000000001 0.5271250000000001 0.5293329999999999 0.556031 0.455792 0.516625 0.343708 0.49956300000000003 0.291208 0.47065599999999996 0.317458 0.48775 0.348958 0.49037499999999995 0.3945 0.439156 0.4015 0.439156 0.426 0.500875 0.41375 0.48512500000000003 0.494292 0.506125 0.539833 0.49168700000000004 0.630875 0.486437 0.623875
50 0.547875 0.7238749999999999 0.509938 0.7046250000000001 0.477438 0.731083 0.44762500000000005 0.725083 0.44131200000000004 0.758792 0.468406 0.7780830000000001 0.472 0.80575 0.487375 0.857542 0.42325 0.906917 0.409687 0.943042 0.621031 0.890042 0.624656 0.880417 0.556906 0.83225 0.556906 0.809375 0.566844 0.776875 0.566844 0.775667 0.5559999999999999 0.7334999999999999 0.547875 0.7238749999999999
68 0.43174999999999997 0.378583 0.420563 0.383542 0.41371900000000006 0.397625 0.41 0.40675 0.417469 0.423333 0.42925 0.432417 0.44790599999999997 0.426625 0.447281 0.420833 0.454094 0.3935 0.459063 0.396792 0.442938 0.38191699999999995 0.43174999999999997 0.378583
50 0.23325 0.186458 0.238906 0.177667 0.23137500000000003 0.172625 0.230437 0.162583 0.22384400000000002 0.152542 0.214438 0.152542 0.212562 0.166375 0.205 0.18270799999999998 0.23325 0.186458
50 0.456313 0.141583 0.45356199999999997 0.13941699999999999 0.45465600000000006 0.116667 0.45465600000000006 0.10420800000000001 0.44312500000000005 0.100583 0.437094 0.11375 0.434344 0.125458 0.43159400000000003 0.134292 0.425531 0.150375 0.425531 0.164333 0.42665600000000004 0.17750000000000002 0.460719 0.18337499999999998 0.457969 0.17825 0.460156 0.151875 0.456313 0.141583
50 0.475 0.141542 0.474812 0.133708 0.473562 0.126333 0.469125 0.123208 0.46590600000000004 0.124667 0.46303099999999997 0.131792 0.46125 0.13583299999999998 0.46090600000000004 0.141292 0.45912499999999995 0.14391700000000002 0.457688 0.145333 0.458406 0.149375 0.45999999999999996 0.152 0.459656 0.158167 0.458594 0.16770800000000002 0.458219 0.174833 0.458219 0.179583 0.46946899999999997 0.177708 0.475187 0.178875 0.47659399999999996 0.182458 0.482313 0.183417 0.48481199999999997 0.18291700000000002 0.48515600000000003 0.174833 0.48443800000000004 0.165542 0.48443800000000004 0.15725 0.483375 0.150083 0.483563 0.14962499999999998 0.47643800000000003 0.14366700000000002 0.475 0.141542
50 0.482062 0.162292 0.48375 0.165375 0.483969 0.18333300000000002 0.48881199999999997 0.183917 0.497656 0.18420799999999998 0.5052190000000001 0.182208 0.505031 0.173792 0.5029060000000001 0.16366699999999998 0.506062 0.15637500000000001 0.506719 0.151875 0.504188 0.14737499999999998 0.500188 0.14625000000000002 0.500375 0.137833 0.49974999999999997 0.131083 0.487969 0.131375 0.487125 0.141792 0.485 0.1485 0.484375 0.153 0.482062 0.162292
50 0.605406 0.14775 0.601281 0.138542 0.599906 0.135208 0.589125 0.134583 0.587063 0.145917 0.585469 0.152 0.582688 0.15966699999999998 0.583625 0.170375 0.586156 0.175583 0.583844 0.183542 0.5905 0.183833 0.608844 0.183833 0.605187 0.174042 0.60725 0.174667 0.615281 0.175583 0.618281 0.1655 0.614375 0.158458 0.6118439999999999 0.156 0.605406 0.14775
50 0.858062 0.305792 0.857312 0.306792 0.853125 0.309833 0.85275 0.310333 0.8508749999999999 0.325 0.857312 0.33558299999999996 0.858062 0.337125 0.858062 0.34012499999999996 0.858437 0.353792 0.858812 0.361375 0.8610939999999999 0.36995799999999995 0.8667809999999999 0.382583 0.871312 0.385083 0.866 0.397708 0.864875 0.40329200000000004 0.8641249999999999 0.419458 0.8641249999999999 0.434083 0.8637499999999999 0.43962500000000004 0.859187 0.445708 0.862594 0.44825 0.8698119999999999 0.44975 0.8755000000000001 0.45175 0.880031 0.453792 0.8819380000000001 0.45329200000000003 0.879656 0.439125 0.878125 0.426 0.879281 0.411375 0.879281 0.416417 0.882687 0.428042 0.881156 0.435583 0.881156 0.43962500000000004 0.883062 0.44620800000000005 0.883062 0.454292 0.879656 0.461875 0.8819380000000001 0.461875 0.892531 0.461875 0.9016249999999999 0.461875 0.9046559999999999 0.46137500000000004 0.9042809999999999 0.45629200000000003 0.9027499999999999 0.45075000000000004 0.9008749999999999 0.438625 0.8982189999999999 0.426 0.8989689999999999 0.405292 0.9046559999999999 0.398208 0.908438 0.39266700000000004 0.910344 0.38662500000000005 0.914125 0.39116700000000004 0.918656 0.39266700000000004 0.9228440000000001 0.391667 0.924719 0.388125 0.920937 0.379042 0.916781 0.36995799999999995 0.9023749999999999 0.35025 0.8819380000000001 0.328 0.8755000000000001 0.322458 0.8755000000000001 0.318417 0.874344 0.312375 0.872469 0.307292 0.867906 0.304792 0.8637499999999999 0.304292 0.858437 0.304292 0.858062 0.305792
50 0.573781 0.182875 0.573781 0.179208 0.573781 0.17850000000000002 0.574875 0.173375 0.574875 0.171167 0.575437 0.163125 0.579281 0.15875 0.5820000000000001 0.15070799999999998 0.5820000000000001 0.146333 0.581469 0.142667 0.579812 0.140458 0.574875 0.135375 0.574875 0.133167 0.576531 0.13025 0.577625 0.127333 0.577625 0.124375 0.578156 0.119292 0.577625 0.112708 0.577063 0.10975 0.5683119999999999 0.10975 0.566094 0.116333 0.5666559999999999 0.118542 0.565562 0.124375 0.560625 0.127333 0.55625 0.132417 0.557344 0.13974999999999999 0.559531 0.147792 0.559531 0.155083 0.560063 0.164583 0.559531 0.165333 0.562812 0.176292 0.559531 0.179958 0.573781 0.182875
50 0.314906 0.17645799999999998 0.3395 0.17725 0.3395 0.17266700000000001 0.342344 0.15587499999999999 0.340062 0.14675 0.341781 0.13225 0.338344 0.113958 0.326344 0.120083 0.318344 0.126167 0.316625 0.148292 0.321781 0.149792 0.321781 0.168083 0.314906 0.17645799999999998
50 0.9194060000000001 0.268292 0.9194060000000001 0.28025 0.917188 0.301125 0.916625 0.333208 0.919969 0.366 0.9216559999999999 0.397333 0.9149369999999999 0.41375 0.911031 0.42716699999999996 0.9194060000000001 0.42716699999999996 0.919969 0.431667 0.9390000000000001 0.434625 0.9356249999999999 0.42270800000000003 0.935094 0.407792 0.93675 0.37720800000000004 0.942906 0.350333 0.941781 0.333958 0.941781 0.30558300000000005 0.936187 0.292167 0.936187 0.27875 0.925 0.258625 0.9194060000000001 0.268292
50 0.366 0.156458 0.361344 0.153042 0.35268700000000003 0.153333 0.352219 0.16675 0.34756200000000004 0.177625 0.378719 0.17858300000000002 0.366938 0.16579200000000002 0.366 0.156458
50 0.9709059999999999 0.190333 0.9626250000000001 0.181708 0.9626250000000001 0.16575 0.953406 0.16329200000000002 0.949719 0.182958 0.946031 0.185417 0.943281 0.192792 0.947875 0.201375 0.947875 0.19891699999999998 0.974594 0.19891699999999998 0.9709059999999999 0.190333