29 0.430375 0.318297 0.431583 0.3255 0.43277099999999996 0.32999999999999996 0.442375 0.344406 0.455583 0.3705 0.46279200000000004 0.386703 0.468792 0.3975 0.480792 0.422703 0.48918700000000004 0.42631199999999997 0.519188 0.4245 0.529979 0.420906 0.529979 0.416406 0.527583 0.40290600000000004 0.527583 0.393 0.521583 0.376797 0.517979 0.365094 0.515583 0.356094 0.513188 0.3435 0.507188 0.331797 0.504792 0.318297 0.497583 0.311094 0.48918700000000004 0.306594 0.47237500000000004 0.305703 0.459187 0.3075 0.443583 0.312 0.436375 0.318297 0.430375 0.318297
29 0.556229 0.301078 0.52575 0.298031 0.502375 0.30489099999999997 0.506437 0.319375 0.5105 0.33157800000000004 0.5135419999999999 0.347578 0.523708 0.3895 0.529813 0.4215 0.5745210000000001 0.42073400000000005 0.593833 0.41540600000000005 0.5928129999999999 0.397109 0.586708 0.354438 0.5734999999999999 0.323188 0.560292 0.301844 0.556229 0.301078
29 0.588917 0.364234 0.588917 0.369781 0.59075 0.388156 0.59075 0.393 0.591688 0.402359 0.5935210000000001 0.414156 0.600917 0.414156 0.620792 0.409984 0.626333 0.409297 0.629583 0.408953 0.630958 0.41726599999999997 0.6328119999999999 0.424203 0.636042 0.427672 0.657312 0.40860900000000006 0.6679379999999999 0.373594 0.663312 0.348984 0.646208 0.309469 0.640667 0.29942199999999997 0.630042 0.293875 0.6166459999999999 0.292844 0.602313 0.292484 0.591688 0.292844 0.586146 0.294219 0.5842919999999999 0.295266 0.576896 0.298734 0.570896 0.312937 0.5722710000000001 0.312594 0.587063 0.34725 0.588917 0.364234
29 0.651042 0.31831200000000004 0.668521 0.371734 0.6591039999999999 0.40246899999999997 0.6497080000000001 0.419609 0.651042 0.425156 0.6624580000000001 0.427672 0.685979 0.427172 0.701438 0.42264099999999993 0.713542 0.40196899999999997 0.714208 0.399453 0.714208 0.355609 0.704792 0.320828 0.7034579999999999 0.315297 0.7021040000000001 0.30924999999999997 0.7021040000000001 0.308734 0.692042 0.296141 0.691354 0.29512499999999997 0.6779170000000001 0.282531 0.660458 0.282531 0.657771 0.282531 0.647687 0.28706200000000004 0.643646 0.291609 0.637604 0.29765600000000003 0.651042 0.31831200000000004
29 0.43170800000000004 0.319125 0.43422900000000003 0.318484 0.45275 0.310703 0.46706200000000003 0.307344 0.467896 0.30692200000000003 0.48277099999999995 0.303766 0.483333 0.303766 0.487813 0.30439099999999997 0.48612500000000003 0.300813 0.46958300000000003 0.259578 0.468167 0.25893700000000003 0.461167 0.25642200000000004 0.45189599999999996 0.255781 0.444042 0.256 0.43618799999999996 0.257891 0.426938 0.260203 0.42104199999999997 0.26273399999999997 0.417396 0.266313 0.413188 0.271781 0.413188 0.279984 0.41683299999999995 0.287766 0.423292 0.298078 0.430021 0.314906 0.43170800000000004 0.319125
27 0.32360400000000006 0.014046899999999998 0.29362499999999997 0.0050625 0.149812 0.0005625 0.101875 0.0050625 0.003 0.0724687 0.003 0.587078 0.00897917 0.587078 0.458417 0.616297 0.47341700000000003 0.690453 0.374542 0.987078 0.99775 0.984828 0.99775 0.524156 0.803 0.517422 0.794 0.544375 0.494375 0.575844 0.467417 0.503937 0.3985 0.499437 0.296625 0.591578 0.287646 0.589328 0.0778958 0.528656 0.110854 0.263484 0.104875 0.24775 0.20375 0.128656 0.416479 0.0769688 0.437458 0.0612344 0.458417 0.0769688 0.470417 0.106187 0.47341700000000003 0.106187 0.488396 0.0927031 0.467417 0.0679844 0.497375 0.04775 0.533333 0.0050625 0.386521 0.0050625 0.32360400000000006 0.014046899999999998
29 0.545021 0.300047 0.551583 0.301031 0.556188 0.303 0.5633959999999999 0.307922 0.569958 0.30940599999999996 0.5706249999999999 0.308906 0.5771879999999999 0.300047 0.5850620000000001 0.296109 0.596875 0.294141 0.5975210000000001 0.292672 0.5975210000000001 0.288234 0.5890000000000001 0.250344 0.586375 0.248875 0.577833 0.246406 0.5640630000000001 0.24592200000000003 0.553562 0.24592200000000003 0.540438 0.247391 0.532562 0.251328 0.532562 0.25478100000000004 0.539771 0.262656 0.543063 0.270031 0.545021 0.279391 0.541083 0.302516 0.545021 0.300047
29 0.5095 0.21054699999999998 0.5129170000000001 0.241844 0.5997920000000001 0.240813 0.5997920000000001 0.23773399999999997 0.608 0.217734 0.601146 0.199766 0.574479 0.18695299999999998 0.530708 0.189 0.488979 0.190531 0.47325 0.196188 0.46025 0.212594 0.5095 0.21054699999999998
29 0.376062 0.8146720000000001 0.40589600000000003 0.766188 0.40589600000000003 0.737094 0.404917 0.735609 0.38699999999999996 0.699047 0.35318700000000003 0.6729529999999999 0.303458 0.661766 0.25672900000000004 0.66475 0.20400000000000001 0.681906 0.173187 0.719938 0.155271 0.745297 0.166208 0.8057190000000001 0.220917 0.8303280000000001 0.219917 0.825859 0.319375 0.834062 0.376062 0.8146720000000001
29 0.107938 0.8126720000000001 0.14239600000000002 0.782047 0.153896 0.749484 0.157708 0.719812 0.139854 0.692047 0.106667 0.671953 0.0913333 0.6614220000000001 0.068375 0.655672 0.003270829166666667 0.77725 0.002 0.8145939999999999 0.0517708 0.82225 0.107938 0.8126720000000001
29 0.513813 0.304531 0.544146 0.29778099999999996 0.545271 0.29778099999999996 0.548646 0.28682799999999997 0.545271 0.260703 0.528417 0.247219 0.500313 0.24468800000000002 0.47222899999999995 0.248906 0.468854 0.25817199999999996 0.480083 0.291891 0.495833 0.308734 0.513813 0.304531
29 0.256271 1 0.342854 0.987016 0.370563 0.927266 0.342854 0.849344 0.249354 0.820781 0.15585400000000002 0.854547 0.10043700000000001 0.890906 0.10735399999999999 0.9506560000000001 0.128146 0.997406 0.256271 1
62 0.636563 0.037578099999999996 0.641708 0.0378125 0.6685 0.037578099999999996 0.718854 0.0211094 0.766292 0.005390629687500001 0.7643540000000001 0.0015156296875 0.750792 0.0022343703125 0.665604 0.028625 0.64075 0.0366094 0.636563 0.037578099999999996
29 0.597542 0.289281 0.645146 0.293609 0.648021 0.28603100000000004 0.648021 0.261156 0.6393749999999999 0.238437 0.622062 0.23735900000000001 0.5961040000000001 0.24493700000000002 0.597542 0.289281
41 0.718479 0.0426406 0.7189169999999999 0.03875 0.703771 0.0416719 0.682125 0.0491406 0.662625 0.0566094 0.640563 0.0676406 0.6669579999999999 0.0634219 0.6656669999999999 0.06504689999999999 0.7055 0.0491406 0.718479 0.0426406