74 0.603453 0.703364 0.630891 0.665161 0.630891 0.615737 0.630891 0.521359 0.620219 0.485392 0.571453 0.45843300000000003 0.44954700000000003 0.375276 0.380969 0.32808800000000005 0.33220299999999997 0.30112900000000004 0.32764099999999996 0.29214300000000004 0.313922 0.31235 0.316969 0.34606000000000003 0.397734 0.485392 0.469359 0.622465 0.498313 0.68765 0.498313 0.698871 0.553172 0.7235940000000001 0.603453 0.703364
50 0.685063 0.516843 0.686312 0.520829 0.6873440000000001 0.524516 0.687766 0.527903 0.687141 0.529124 0.686094 0.53371 0.6856880000000001 0.541083 0.6856880000000001 0.542604 0.684844 0.545991 0.685891 0.550899 0.6873440000000001 0.55182 0.6873440000000001 0.558249 0.685891 0.5637789999999999 0.685063 0.574493 0.686094 0.581244 0.687141 0.591982 0.688172 0.598111 0.689422 0.6051610000000001 0.69025 0.611912 0.6900470000000001 0.6137560000000001 0.6843589999999999 0.6200920000000001 0.6856410000000001 0.62576 0.69075 0.62576 0.6965 0.622926 0.702906 0.606912 0.702906 0.604401 0.701766 0.582788 0.703469 0.576959 0.7045939999999999 0.558641 0.7045939999999999 0.536175 0.697828 0.521221 0.696688 0.511221 0.6916089999999999 0.504562 0.687672 0.503733 0.682594 0.507903 0.683719 0.515392 0.685266 0.510714 0.684844 0.513779 0.685063 0.516843
50 0.630328 0.5368890000000001 0.636688 0.5390550000000001 0.640609 0.538318 0.6437809999999999 0.520668 0.6430469999999999 0.509493 0.641094 0.498664 0.636688 0.49470000000000003 0.632297 0.500484 0.634734 0.5105759999999999 0.634984 0.515253 0.631062 0.515253 0.627641 0.515968 0.6261720000000001 0.521751 0.6298440000000001 0.523917 0.6308279999999999 0.527512 0.623984 0.528963 0.622516 0.528963 0.62325 0.537235 0.630328 0.5368890000000001
50 0.661172 0.5046309999999999 0.655453 0.524332 0.654813 0.552465 0.658 0.556221 0.656719 0.587189 0.672625 0.591866 0.670719 0.565599 0.672625 0.5271429999999999 0.678984 0.494309 0.668172 0.488687 0.670719 0.475553 0.663078 0.472742 0.660547 0.481198 0.661813 0.492442 0.661172 0.5046309999999999
50 0.586031 0.465968 0.586031 0.45861799999999997 0.585469 0.45504599999999995 0.581047 0.453364 0.580187 0.44854800000000006 0.580344 0.443917 0.579766 0.44076 0.577484 0.43887099999999996 0.574219 0.440346 0.573078 0.443917 0.5733590000000001 0.446866 0.574219 0.448963 0.573781 0.45020699999999997 0.572656 0.45147499999999996 0.571078 0.455899 0.586031 0.465968
50 0.644469 0.506613 0.643797 0.5146540000000001 0.643797 0.521728 0.646859 0.521221 0.647547 0.524747 0.648234 0.53129 0.648234 0.538341 0.648922 0.5464060000000001 0.650625 0.5549769999999999 0.647203 0.559516 0.6458440000000001 0.564055 0.654047 0.568088 0.656781 0.56053 0.655062 0.550438 0.654734 0.545899 0.656438 0.523733 0.660875 0.5040779999999999 0.660875 0.48896300000000004 0.65575 0.481406 0.65575 0.47283400000000003 0.649937 0.47182 0.649266 0.476866 0.649594 0.48442399999999997 0.6455 0.48947 0.645156 0.497535 0.6441250000000001 0.507604 0.644469 0.506613
50 0.687109 0.504032 0.686516 0.499355 0.687969 0.489954 0.687969 0.484839 0.688266 0.479724 0.688266 0.47417099999999995 0.685078 0.474608 0.683047 0.475876 0.683047 0.47417099999999995 0.682766 0.47843300000000005 0.682766 0.480991 0.682766 0.483986 0.683625 0.486129 0.685078 0.486982 0.685078 0.489101 0.683625 0.492097 0.683047 0.493364 0.682766 0.495945 0.684781 0.497212 0.685359 0.502327 0.682188 0.50788 0.683625 0.507028 0.687109 0.504032
50 0.678422 0.521544 0.677266 0.529654 0.677266 0.533917 0.683922 0.533065 0.686813 0.531774 0.687688 0.526659 0.686813 0.522396 0.685078 0.516843 0.683922 0.513848 0.683344 0.511728 0.682766 0.509585 0.681031 0.5147 0.678422 0.521544
8 0.160203 0.614654 0.164469 0.616221 0.165531 0.6197469999999999 0.167125 0.626429 0.168469 0.631521 0.169797 0.6350690000000001 0.170594 0.640553 0.171922 0.6433180000000001 0.17539100000000002 0.6444930000000001 0.187094 0.640945 0.191625 0.6401610000000001 0.192156 0.6421199999999999 0.192687 0.6594009999999999 0.19456199999999998 0.662166 0.197484 0.6605759999999999 0.19589099999999998 0.621313 0.17725 0.624862 0.17539100000000002 0.622097 0.174047 0.613848 0.171922 0.605622 0.169266 0.597373 0.166594 0.593433 0.16420300000000002 0.59265 0.160203 0.609147 0.160203 0.614654
8 0.184016 0.536866 0.185344 0.539677 0.190297 0.5377190000000001 0.191437 0.540806 0.193156 0.550069 0.193531 0.560184 0.194109 0.566083 0.195813 0.568041 0.197906 0.565806 0.19753099999999998 0.559332 0.203437 0.5590550000000001 0.206859 0.557926 0.21181299999999997 0.557926 0.212766 0.562719 0.212578 0.568341 0.212578 0.57424 0.21201599999999998 0.578157 0.213719 0.579009 0.216203 0.577327 0.216203 0.572258 0.216578 0.563548 0.21601599999999999 0.55682 0.21601599999999999 0.5506449999999999 0.21581299999999998 0.5478339999999999 0.21429700000000002 0.544447 0.20934400000000003 0.545023 0.204969 0.545023 0.201906 0.546982 0.199625 0.546982 0.19753099999999998 0.543341 0.196578 0.538825 0.194672 0.534332 0.19295299999999999 0.52788 0.19201600000000002 0.525346 0.190297 0.52394 0.187625 0.5247930000000001 0.187062 0.5247930000000001 0.186484 0.533226 0.184016 0.536866
65 0.675 0.584032 0.674797 0.615461 0.677906 0.615783 0.678109 0.613341 0.6890780000000001 0.6145619999999999 0.689281 0.616083 0.696125 0.615161 0.6963280000000001 0.582488 0.688453 0.58341 0.687422 0.585253 0.685984 0.585253 0.686188 0.566636 0.681625 0.566935 0.68225 0.585253 0.675828 0.58371 0.675 0.584032
50 0.616219 0.44854800000000006 0.61425 0.445645 0.609719 0.446475 0.610297 0.457304 0.605766 0.467304 0.604078 0.483548 0.615375 0.500645 0.618484 0.497719 0.617922 0.46606 0.617078 0.45854800000000007 0.616219 0.44854800000000006
50 0.247578 0.414332 0.25157799999999997 0.41394 0.25145300000000004 0.40824900000000003 0.253125 0.406521 0.253125 0.39624400000000004 0.253641 0.39453900000000003 0.254156 0.379862 0.250937 0.377005 0.251594 0.371567 0.249891 0.369055 0.248188 0.370323 0.248062 0.376774 0.24490599999999998 0.378756 0.243438 0.383963 0.24392200000000003 0.386106 0.246844 0.39076 0.247328 0.41320300000000004 0.247578 0.414332
65 0.6601250000000001 0.576659 0.6601250000000001 0.583479 0.666516 0.586406 0.670922 0.583802 0.671141 0.570484 0.6707029999999999 0.560415 0.669594 0.556198 0.66475 0.556521 0.660344 0.559447 0.6601250000000001 0.576659
50 0.704266 0.569424 0.703703 0.577673 0.703703 0.58235 0.7068749999999999 0.582074 0.707984 0.580714 0.710047 0.5851149999999999 0.7141409999999999 0.593364 0.712469 0.602143 0.708734 0.6038020000000001 0.704453 0.603249 0.707437 0.60765 0.707984 0.612327 0.708359 0.6194700000000001 0.704453 0.6224879999999999 0.705016 0.6252530000000001 0.715453 0.6247 0.715453 0.623041 0.714328 0.6175350000000001 0.7145159999999999 0.5974649999999999 0.7145159999999999 0.588963 0.7165619999999999 0.5837330000000001 0.71675 0.57053 0.71825 0.545253 0.7189840000000001 0.53947 0.718813 0.530668 0.7169380000000001 0.5298390000000001 0.715266 0.5298390000000001 0.714328 0.525991 0.714328 0.521866 0.713391 0.5147240000000001 0.7096720000000001 0.510876 0.705016 0.5147240000000001 0.7033280000000001 0.5182950000000001 0.7033280000000001 0.52159 0.703516 0.525184 0.703703 0.529562 0.704828 0.530945 0.704453 0.532604 0.7038909999999999 0.5347930000000001 0.704828 0.554032 0.704266 0.569424
36 0.704156 0.6025349999999999 0.7108749999999999 0.6025349999999999 0.712516 0.600553 0.713109 0.590415 0.7089369999999999 0.584908 0.706844 0.583364 0.70625 0.582719 0.705797 0.5807370000000001 0.706094 0.575668 0.705344 0.5758759999999999 0.70475 0.580507 0.7045939999999999 0.582488 0.701016 0.5844699999999999 0.7002659999999999 0.585346 0.698328 0.5888709999999999 0.6980310000000001 0.6009909999999999 0.704156 0.6025349999999999