22 0.8479530000000001 0.809081 0.8353590000000001 0.812818 0.8213440000000001 0.953069 0.8325469999999999 0.962422 0.8465619999999999 0.8352609999999999 0.8647500000000001 0.8633190000000001 0.8591409999999999 0.9586849999999999 0.861938 0.982985 0.8731410000000001 0.8689140000000001 0.885734 0.861441 0.908141 0.865177 0.9179220000000001 0.848351 0.9445309999999999 0.848351 0.978125 0.842735 0.9879060000000001 0.805324 0.9921089999999999 0.790397 1 0.717432 0.9767189999999999 0.696889 0.948719 0.687537 0.9445309999999999 0.6893950000000001 0.9375310000000001 0.72119 0.929125 0.799729 0.8871249999999999 0.79785 0.8409530000000001 0.805324 0.8479530000000001 0.809081
22 0.790672 0.671837 0.785344 0.7500420000000001 0.792797 0.7500420000000001 0.794922 0.674676 0.836438 0.673257 0.8396250000000001 0.7770560000000001 0.848141 0.7770560000000001 0.843875 0.664718 0.8396250000000001 0.6092690000000001 0.8385619999999999 0.585094 0.831109 0.570877 0.782156 0.5722959999999999 0.7747029999999999 0.582255 0.775781 0.65904 0.766203 0.752881 0.790672 0.671837
22 0.179719 0.818288 0.178781 0.742129 0.20774999999999996 0.741169 0.250141 0.739916 0.254391 0.742129 0.256266 0.809478 0.262156 0.808539 0.262875 0.847244 0.270875 0.8469310000000001 0.269469 0.819541 0.267109 0.7544049999999999 0.262875 0.744635 0.257219 0.736138 0.250391 0.733946 0.250484 0.675198 0.261656 0.670752 0.259844 0.62714 0.258031 0.6230900000000001 0.221156 0.620668 0.170672 0.626326 0.158578 0.62714 0.156156 0.639666 0.157875 0.669958 0.161 0.677182 0.167859 0.67858 0.168266 0.722839 0.173203 0.736054 0.170922 0.737495 0.164766 0.742484 0.15975 0.748977 0.157641 0.7554699999999999 0.157484 0.763048 0.163156 0.763695 0.164984 0.753862 0.168984 0.747265 0.173937 0.7438000000000001 0.175109 0.777474 0.173469 0.779979 0.174766 0.817975 0.179719 0.818288
22 0.351484 0.628267 0.36409400000000003 0.662902 0.366187 0.687223 0.381609 0.7059500000000001 0.383 0.653528 0.376703 0.6469729999999999 0.376 0.605783 0.378797 0.602985 0.37809400000000004 0.5646140000000001 0.309437 0.561795 0.306641 0.5767639999999999 0.307344 0.587996 0.316453 0.605783 0.310141 0.586138 0.329766 0.617015 0.351484 0.628267
27 0.638844 0.758413 0.645953 0.759269 0.641422 0.647662 0.653078 0.637286 0.678344 0.642463 0.681578 0.7601249999999999 0.6906410000000001 0.7601249999999999 0.687406 0.639019 0.845406 0.660647 0.859 0.670146 0.862891 0.6831320000000001 0.856406 0.773987 0.8583589999999999 0.80167 0.865469 0.8042590000000001 0.8680619999999999 0.7662 0.8758279999999999 0.658038 0.88425 0.649395 0.889437 0.649395 0.887484 0.715136 0.887484 0.7350519999999999 0.896562 0.728998 0.896562 0.7229230000000001 0.901094 0.6346759999999999 0.9062659999999999 0.618246 0.901734 0.6139249999999999 0.777406 0.6035280000000001 0.754094 0.598351 0.6887030000000001 0.5914200000000001 0.630422 0.6156579999999999 0.6291249999999999 0.625157 0.634953 0.628622 0.63625 0.754071 0.638844 0.758413
50 0.0016718796875 0.315846 0.0033437500000000004 0.429958 0 0.7252609999999999 0.0033437500000000004 0.9937159999999999 0.0318125 0.9937159999999999 0.0786875 0.9937159999999999 0.12725 0.99595 0.11720299999999999 0.9668680000000001 0.120547 0.9489559999999999 0.107156 0.924363 0.08371870000000001 0.924363 0.080375 0.937787 0.080375 0.908706 0.0669687 0.8550099999999999 0.0502344 0.821441 0.13395300000000002 0.839353 0.144 0.834864 0.154047 0.821441 0.167437 0.796848 0.172453 0.787891 0.177484 0.787891 0.177484 0.7744679999999999 0.147344 0.765511 0.13059400000000002 0.765511 0.107156 0.763278 0.108828 0.745386 0.1105 0.716305 0.108828 0.669332 0.11553100000000001 0.624572 0.122234 0.584322 0.12725 0.570898 0.118875 0.550752 0.112187 0.53286 0.13059400000000002 0.52167 0.155719 0.497056 0.169109 0.470209 0.179156 0.423236 0.179156 0.333758 0.162406 0.291253 0.112187 0.250981 0.063625 0.259937 0.026796900000000002 0.286764 0 0.315846 0.0016718796875 0.315846
76 0.6912499999999999 0.442693 1 0.458434 0.9990309999999999 0.0404593006263048 0.6929369999999999 0.08538620041753654 0.6912499999999999 0.442693
24 0.792172 0.909415 0.808984 0.8622340000000001 0.815719 0.8352609999999999 0.817391 0.772338 0.800578 0.772338 0.790484 0.752129 0.751797 0.754363 0.555016 0.7476200000000001 0.531469 0.725157 0.32292200000000004 0.702693 0.306109 0.734154 0.299375 0.752129 0.299375 0.772338 0.289281 0.790334 0.299375 0.812797 0.306109 0.8510019999999999 0.306109 0.918413 0.7837500000000001 0.981336 0.792172 0.909415
54 0.166656 0.7896660000000001 0.171953 0.78691 0.174906 0.781795 0.174906 0.778643 0.169016 0.764071 0.166578 0.7621709999999999 0.155812 0.763549 0.156969 0.7676620000000001 0.158 0.7683300000000001 0.15876600000000002 0.769875 0.158375 0.771942 0.157359 0.773987 0.156453 0.775365 0.153766 0.7751979999999999 0.152359 0.7751979999999999 0.15273399999999998 0.7834030000000001 0.15273399999999998 0.790438 0.156203 0.790438 0.156328 0.791127 0.156047 0.791628 0.158406 0.789269 0.166656 0.7896660000000001
22 0.903797 0.869395 0.908391 0.888998 0.917563 0.9135070000000001 0.946906 0.928225 0.9386559999999999 0.9478289999999999 0.9001250000000001 0.987035 0.898297 1 0.9570000000000001 0.9416910000000001 0.981766 0.935574 0.9909380000000001 0.996848 0.999188 1 0.9982659999999999 0.9306679999999999 1 0.873069 0.997344 0.844885 0.9789999999999999 0.859582 0.928562 0.862046 0.903797 0.869395
22 0.927219 0.8020250000000001 0.9317030000000001 0.757161 0.8942030000000001 0.747432 0.891953 0.752672 0.883 0.763132 0.867891 0.7975369999999999 0.877406 0.7975369999999999 0.888594 0.790814 0.926656 0.799791 0.927219 0.8020250000000001
22 1 0.549061 0.985031 0.55048 0.9717499999999999 0.68618 0.9791869999999999 0.658455 0.983437 0.633591 1 0.633591 1 0.549061