13 0.527969 0.547 0.527109 0.562375 0.525828 0.5720620000000001 0.525828 0.588021 0.523703 0.5999789999999999 0.534812 0.60625 0.546344 0.6051040000000001 0.547625 0.554979 0.5480470000000001 0.5373129999999999 0.5450630000000001 0.517958 0.545484 0.505417 0.542922 0.49174999999999996 0.5390780000000001 0.491167 0.5360940000000001 0.496312 0.533531 0.5293329999999999 0.527969 0.547
13 0.492281 0.600854 0.49487500000000006 0.583271 0.489953 0.5605 0.47753100000000004 0.562229 0.47753100000000004 0.568438 0.47571899999999995 0.582917 0.47365599999999997 0.595333 0.47365599999999997 0.6070620000000001 0.472109 0.633979 0.492281 0.634333 0.492281 0.600854
13 0.47887500000000005 0.652792 0.474594 0.655333 0.474594 0.6610619999999999 0.474594 0.667417 0.469344 0.682021 0.467922 0.692187 0.467922 0.7112499999999999 0.466484 0.73475 0.466484 0.754458 0.474109 0.761437 0.49078099999999997 0.763354 0.497453 0.761437 0.499359 0.7423749999999999 0.495547 0.713167 0.495547 0.690292 0.49364100000000005 0.68075 0.48554700000000006 0.6623330000000001 0.48459399999999997 0.654708 0.47887500000000005 0.652792
22 0.662469 0.598562 0.663516 0.600667 0.669297 0.609083 0.682969 0.597854 0.701391 0.581729 0.717172 0.573313 0.732422 0.549479 0.788703 0.521417 0.8044840000000001 0.4555 0.775016 0.448479 0.765031 0.453396 0.7230966853159984 0.4373417976417476 0.705063 0.440771 0.708219 0.431646 0.6362529704941977 0.5620581311706868 0.662469 0.598562
22 0.605125 0.507396 0.595141 0.518604 0.588297 0.529833 0.581984 0.543167 0.579891 0.550167 0.580937 0.580333 0.577781 0.6175 0.588297 0.622417 0.5925 0.619604 0.599875 0.597854 0.614078 0.574021 0.627219 0.549479 0.629328 0.54175 0.632484 0.533333 0.656672 0.508104 0.641953 0.503188 0.605125 0.507396
22 0.342094 0.386646 0.340625 0.404167 0.33040600000000003 0.399292 0.331125 0.409042 0.345016 0.41974999999999996 0.365453 0.451875 0.38371900000000003 0.471354 0.389562 0.48402100000000003 0.415844 0.484979 0.429 0.505437 0.430453 0.476229 0.427531 0.470375 0.417312 0.458687 0.40635899999999997 0.44993700000000003 0.41 0.442146 0.382984 0.443125 0.368375 0.440188 0.368375 0.425583 0.364 0.386646 0.342094 0.386646
22 0.254641 0.763917 0.23276599999999997 0.7745420000000001 0.21882799999999997 0.761271 0.210875 0.718833 0.179047 0.67375 0.0616719 0.657833 0.051718799999999995 0.599479 0.04575 0.535813 0.0377969 0.503979 0.0338125 0.488063 0.0019843796875 0.511937 0.003984379687499999 0.694958 0.0119375 0.763917 0.0537188 0.806375 0.0775937 0.798417 0.14125000000000001 0.790458 0.15715600000000002 0.790458 0.15715600000000002 0.758625 0.187 0.750667 0.200922 0.761271 0.20490599999999998 0.801063 0.212859 0.835542 0.212859 0.8753329999999999 0.214859 0.893896 0.22878099999999998 0.8700209999999999 0.22878099999999998 0.854104 0.266578 0.79575 0.268562 0.790458 0.272547 0.771875 0.254641 0.763917
22 0.773266 0.398313 0.779 0.408146 0.779 0.404854 0.779828 0.38191699999999995 0.797859 0.38191699999999995 0.8039999999999999 0.38245799999999996 0.8052339999999999 0.38683300000000004 0.8027810000000001 0.403771 0.806063 0.41525 0.807281 0.398854 0.806875 0.387917 0.809328 0.38737499999999997 0.808109 0.373708 0.8089219999999999 0.358958 0.8146559999999999 0.344208 0.812203 0.337104 0.8101559999999999 0.334917 0.800313 0.331646 0.792531 0.333271 0.7880309999999999 0.333271 0.776141 0.338188 0.7720469999999999 0.345292 0.770813 0.356771 0.770813 0.367167 0.767938 0.372083 0.769984 0.380812 0.7745 0.387917 0.773266 0.398313
22 0.687922 0.47225 0.719797 0.38725 0.6929529999999999 0.358167 0.664422 0.398417 0.602344 0.396187 0.602344 0.42975 0.588922 0.510292 0.600672 0.447646 0.6241559999999999 0.47672899999999996 0.627516 0.499104 0.630875 0.465542 0.687922 0.47225
22 0.384781 0.35052099999999997 0.390687 0.384292 0.392766 0.388458 0.411844 0.394021 0.444125 0.390771 0.461469 0.392167 0.469109 0.396333 0.476047 0.392625 0.47328099999999995 0.376896 0.459734 0.37227099999999996 0.43684399999999995 0.365792 0.437188 0.364396 0.433359 0.332021 0.425734 0.331542 0.399359 0.33108299999999996 0.385125 0.329229 0.383047 0.330625 0.38443700000000003 0.355604 0.384781 0.35052099999999997
27 0.351453 0.9016040000000001 0.35314100000000004 0.9554170000000001 0.36995300000000003 0.984562 0.38004699999999997 0.991292 0.38004699999999997 0.924021 0.388453 0.9128120000000001 0.401906 0.8971250000000001 0.464125 0.8993749999999999 0.509531 0.903854 0.529703 0.9083330000000001 0.548203 0.9060830000000001 0.549891 0.9060830000000001 0.559984 0.9083330000000001 0.5633440000000001 0.9016040000000001 0.570062 0.9442079999999999 0.580156 0.950937 0.596969 0.950937 0.588562 0.903854 0.598656 0.8769380000000001 0.583516 0.7087920000000001 0.565016 0.652729 0.566703 0.601167 0.566703 0.5921869999999999 0.554938 0.572021 0.528031 0.560792 0.509531 0.547354 0.48431199999999996 0.545104 0.474219 0.540625 0.45235900000000007 0.547354 0.440578 0.5585629999999999 0.42545299999999997 0.5675209999999999 0.423766 0.572021 0.423766 0.5697709999999999 0.3565 0.852271 0.351453 0.9016040000000001
50 0.574219 0.617896 0.574219 0.6424369999999999 0.612719 0.671458 0.5725469999999999 0.682625 0.5892809999999999 0.716104 0.604359 0.716104 0.622766 0.684854 0.69475 0.5955619999999999 0.714844 0.568792 0.7600469999999999 0.5486869999999999 0.783484 0.535312 0.795203 0.49735399999999996 0.7885 0.477271 0.7700940000000001 0.45047899999999996 0.7700940000000001 0.44825 0.7751089999999999 0.44825 0.785156 0.421458 0.7700940000000001 0.401375 0.7600469999999999 0.401375 0.753344 0.401375 0.734938 0.410312 0.7299059999999999 0.437083 0.7299059999999999 0.441562 0.6930780000000001 0.443792 0.652906 0.490667 0.662953 0.524146 0.652906 0.51075 0.624437 0.544229 0.5892809999999999 0.602271 0.574219 0.617896
50 0.480938 0.523312 0.496359 0.524062 0.497469 0.521125 0.506828 0.49981200000000003 0.525016 0.5343330000000001 0.530516 0.5365420000000001 0.532172 0.529188 0.5327189999999999 0.49981200000000003 0.544281 0.492479 0.545391 0.510104 0.5486869999999999 0.529188 0.555297 0.5585629999999999 0.556953 0.557104 0.562469 0.543875 0.562469 0.515979 0.556406 0.5020209999999999 0.5575 0.454292 0.554203 0.428583 0.5519999999999999 0.40950000000000003 0.541531 0.376437 0.5195000000000001 0.360292 0.510141 0.366167 0.506828 0.372771 0.494719 0.38893700000000003 0.493609 0.40950000000000003 0.482594 0.424917 0.474328 0.426375 0.469375 0.493938 0.460016 0.513042 0.467172 0.538 0.471031 0.567396 0.480938 0.523312
50 0.349453 0.7011040000000001 0.354391 0.725271 0.375828 0.727479 0.372531 0.7098960000000001 0.369234 0.7011040000000001 0.36428099999999997 0.670333 0.365937 0.646146 0.365937 0.626375 0.369234 0.582417 0.374172 0.5934170000000001 0.400547 0.5736249999999999 0.324719 0.518687 0.309891 0.512083 0.293406 0.531875 0.267031 0.571438 0.252203 0.567042 0.235719 0.567042 0.22087500000000002 0.553854 0.210984 0.54725 0.20109400000000002 0.5252709999999999 0.189562 0.470333 0.196156 0.463729 0.20934400000000003 0.446146 0.181313 0.408792 0.163187 0.393417 0.145063 0.39560399999999996 0.130219 0.40439600000000003 0.112094 0.430771 0.130219 0.430771 0.12198400000000001 0.465938 0.125281 0.490104 0.133516 0.527479 0.151641 0.5758329999999999 0.176375 0.606583 0.219234 0.6285620000000001 0.234063 0.632958 0.260437 0.64175 0.301641 0.64175 0.311531 0.639563 0.331313 0.630771 0.33296899999999996 0.637354 0.33956200000000003 0.668125 0.354391 0.712083 0.349453 0.7011040000000001
50 0.820703 0.529687 0.807141 0.535 0.781641 0.549875 0.753734 0.558396 0.719453 0.566896 0.717859 0.594521 0.707484 0.5881460000000001 0.6676249999999999 0.6147290000000001 0.642109 0.6126039999999999 0.630953 0.637042 0.617406 0.706146 0.605438 0.748667 0.644516 0.6880620000000001 0.6540779999999999 0.683813 0.672406 0.681688 0.678797 0.6763750000000001 0.701109 0.660438 0.693937 0.646625 0.698719 0.6455420000000001 0.7042970000000001 0.654062 0.711469 0.659375 0.717859 0.650875 0.715469 0.6402289999999999 0.717859 0.601979 0.721047 0.594521 0.734594 0.583896 0.755328 0.593458 0.753734 0.6402289999999999 0.748234 0.656729 0.773187 0.676 0.7771250000000001 0.6549790000000001 0.7955 0.651479 0.8191409999999999 0.658479 0.824391 0.67075 0.8440939999999999 0.651479 0.872984 0.6007079999999999 0.900563 0.562188 0.878234 0.541167 0.8769220000000001 0.528917 0.872984 0.486896 0.862484 0.474646 0.854594 0.465875 0.8585470000000001 0.443125 0.8834839999999999 0.443125 0.8834839999999999 0.434375 0.878234 0.434375 0.8690469999999999 0.434375 0.8335940000000001 0.441375 0.823078 0.45537500000000003 0.823078 0.485146 0.823078 0.507896 0.824391 0.525417 0.820703 0.529687
50 0.978578 0.57775 0.978578 0.547854 0.963641 0.502042 0.9696089999999999 0.436271 0.948687 0.422333 0.8874220000000002 0.418354 0.857531 0.418354 0.856031 0.44625 0.865 0.474146 0.878453 0.535917 0.881437 0.543875 0.918797 0.543875 0.950187 0.5538329999999999 0.978578 0.57775
50 0.741906 0.714688 0.726484 0.718313 0.703797 0.700167 0.701984 0.686854 0.698359 0.6844370000000001 0.675672 0.682021 0.643922 0.692917 0.643016 0.712271 0.642109 0.737667 0.638484 0.7655 0.629406 0.78 0.615797 0.829604 0.603094 0.875562 0.593109 0.896146 0.584953 0.910646 0.587672 0.931208 0.608531 0.931208 0.634844 0.93 0.661156 0.911854 0.666609 0.8840419999999999 0.678391 0.853792 0.681125 0.821146 0.681125 0.816292 0.715594 0.792104 0.741906 0.78 0.750984 0.759437 0.756422 0.754604 0.762766 0.73525 0.760953 0.719521 0.761859 0.712271 0.74825 0.707437 0.741906 0.714688
50 0 0.984271 0.283141 0.9662919999999999 0.296625 0.9280830000000001 0.306734 0.8629169999999999 0.281453 0.833708 0.2545 0.8449380000000001 0.203938 0.910104 0.1955 0.894375 0.1955 0.858417 0.175281 0.8494379999999999 0.15673399999999998 0.876396 0.15337499999999998 0.878646 0.136516 0.878646 0.112922 0.8921250000000001 0.09775 0.838208 0 0.775271 0 0.984271
50 0.998312 0.9831040000000001 0.9966250000000001 0.616 0.9966250000000001 0.606979 0.9881719999999999 0.597979 0.957766 0.570937 0.9341250000000001 0.5619379999999999 0.903719 0.570937 0.876688 0.611479 0.86825 0.6407710000000001 0.86825 0.661042 0.859797 0.726354 0.8614839999999999 0.746625 0.8513439999999999 0.760125 0.8378439999999999 0.7623960000000001 0.827703 0.7668959999999999 0.804047 0.780396 0.792234 0.778146 0.777031 0.7758959999999999 0.758453 0.793917 0.741547 0.829958 0.763516 0.8592289999999999 0.760141 0.86825 0.744938 0.888521 0.728047 0.8907710000000001 0.712844 0.8907710000000001 0.707766 0.893021 0.695953 0.8952709999999999 0.682438 0.913292 0.673984 0.940312 0.663844 0.965083 0.643578 0.965083 0.625 0.958333 0.603047 0.9538329999999999 0.579391 0.9470620000000001 0.55575 0.949333 0.540547 0.976354 0.998312 0.9831040000000001
79 0.20407800000000004 0.820104 0.199 0.753979 0.176109 0.750583 0.159578 0.76075 0.149406 0.815021 0.158312 0.840438 0.174844 0.855708 0.174844 0.859083 0.186281 0.857396 0.192641 0.843833 0.20407800000000004 0.820104
79 0.788062 0.779396 0.789641 0.7745 0.796469 0.768188 0.815406 0.754854 0.823828 0.737333 0.824344 0.699458 0.8264530000000001 0.676312 0.8211869999999999 0.6665 0.804359 0.656667 0.790156 0.655979 0.785031 0.654896 0.781219 0.657375 0.773328 0.6665 0.762813 0.702958 0.761766 0.723292 0.763344 0.741542 0.774906 0.762583 0.78175 0.768188 0.782797 0.792021 0.784906 0.782917 0.788062 0.779396
79 0.748437 0.653604 0.752281 0.641687 0.754188 0.604646 0.750359 0.592729 0.742063 0.588896 0.729922 0.588458 0.721297 0.5931459999999998 0.717781 0.608896 0.714281 0.62125 0.714281 0.634021 0.719062 0.646792 0.722578 0.652333 0.736313 0.651896 0.748437 0.653604
79 0.711719 0.692354 0.709172 0.697896 0.712672 0.705562 0.721516 0.712146 0.733672 0.713771 0.744609 0.708104 0.739812 0.703417 0.732156 0.696188 0.720344 0.689375 0.716516 0.691083 0.711719 0.692354
79 0.519906 0.5170210000000001 0.5184059999999999 0.511708 0.515672 0.511708 0.5092030000000001 0.511708 0.503234 0.512042 0.49924999999999997 0.512708 0.49751599999999996 0.514354 0.49751599999999996 0.516687 0.49800000000000005 0.528625 0.49824999999999997 0.53725 0.49874999999999997 0.546875 0.5002500000000001 0.551187 0.501984 0.5568329999999999 0.503484 0.559146 0.508703 0.5584790000000001 0.5092030000000001 0.5545000000000001 0.511937 0.5488540000000001 0.517172 0.545208 0.518906 0.541229 0.518906 0.527958 0.518656 0.515354 0.519906 0.5170210000000001
79 0.22307800000000003 0.536042 0.22646899999999998 0.5456040000000001 0.230609 0.550125 0.232875 0.553146 0.232125 0.5591670000000001 0.237031 0.5596669999999999 0.240422 0.5511250000000001 0.240422 0.547604 0.248719 0.5385620000000001 0.252109 0.530521 0.250984 0.508396 0.249469 0.495813 0.235516 0.49279199999999995 0.22646899999999998 0.495813 0.219672 0.524479 0.22307800000000003 0.536042
50 0.27701600000000004 0.501417 0.280687 0.502812 0.299625 0.507729 0.308578 0.513333 0.313828 0.515437 0.325406 0.524562 0.339609 0.537188 0.365906 0.553312 0.370109 0.5505 0.371156 0.5434789999999999 0.373266 0.532271 0.380109 0.507021 0.380625 0.507021 0.386937 0.504208 0.387469 0.497896 0.38904700000000003 0.488083 0.386937 0.476854 0.383266 0.469854 0.366953 0.45091699999999996 0.348547 0.422854 0.3375 0.411646 0.330141 0.403937 0.329609 0.39552099999999996 0.332766 0.378688 0.33696899999999996 0.360437 0.335922 0.35975 0.328031 0.35693800000000003 0.321188 0.351333 0.304359 0.352042 0.288578 0.361854 0.286484 0.38147899999999996 0.289109 0.385688 0.29542199999999996 0.399729 0.298047 0.407438 0.29279700000000003 0.41024999999999995 0.287531 0.412354 0.276484 0.419354 0.27017199999999997 0.429875 0.264906 0.452313 0.267547 0.462833 0.270703 0.502812 0.27701600000000004 0.501417
79 0.350734 0.449146 0.353078 0.430417 0.338031 0.430875 0.341703 0.44825 0.350734 0.449146
22 0.691688 0.616021 0.699891 0.602542 0.715297 0.598688 0.7235 0.592896 0.725422 0.5864790000000001 0.7249380000000001 0.578771 0.715781 0.578771 0.700844 0.5813330000000001 0.694578 0.584542 0.678687 0.59675 0.675797 0.6096039999999999 0.678687 0.6186039999999999 0.6835 0.6198750000000001 0.691688 0.616021
52 0.45851600000000003 0.346875 0.462203 0.332667 0.466313 0.326125 0.46384400000000003 0.288958 0.45318800000000004 0.26875 0.439672 0.25889599999999996 0.429016 0.260542 0.41712499999999997 0.274208 0.415484 0.319021 0.415078 0.331583 0.429016 0.330479 0.43270299999999995 0.334854 0.436797 0.361083 0.437625 0.38075 0.45196899999999995 0.38512500000000005 0.456875 0.357812 0.45851600000000003 0.346875
52 0.544281 0.396146 0.549609 0.41293799999999997 0.548156 0.424542 0.557828 0.42712500000000003 0.552516 0.40712499999999996 0.559281 0.400667 0.572844 0.40002099999999996 0.574281 0.38325000000000004 0.584937 0.343229 0.584453 0.331625 0.581547 0.323875 0.574281 0.312896 0.564125 0.313542 0.558312 0.32 0.555406 0.32839599999999997 0.557828 0.34193799999999996 0.557828 0.35485399999999995 0.561703 0.3755 0.561219 0.382604 0.551547 0.385187 0.546703 0.39035400000000003 0.544281 0.396146
50 0.0571719 0.719958 0.0992187 0.7625620000000001 0.15134399999999998 0.7625620000000001 0.201797 0.7558330000000001 0.22870300000000002 0.737896 0.26737500000000003 0.7491040000000001 0.29596900000000004 0.834313 0.336328 0.926229 0.366594 0.926229 0.334641 0.861208 0.317828 0.818604 0.311094 0.7244379999999999 0.31278100000000003 0.719958 0.341375 0.776 0.373312 0.776 0.3935 0.733417 0.343047 0.7065 0.327922 0.677354 0.287562 0.632521 0.213563 0.643729 0.211891 0.614583 0.19001600000000002 0.6056039999999999 0.15975 0.614583 0.126125 0.558521 0.126125 0.5450630000000001 0.127797 0.489021 0.12443800000000001 0.446417 0.0487656 0.41502100000000003 0.040359400000000004 0.45537500000000003 0.030265599999999997 0.522646 0.0185 0.554042 0.0487656 0.672875 0.0571719 0.719958
77 0.575125 0.31779199999999996 0.590672 0.33075 0.586781 0.522458 0.5965 0.5095 0.598453 0.312604 0.6081559999999999 0.328146 0.610109 0.315208 0.617875 0.322979 0.637312 0.312604 0.619812 0.0613125 0.6042810000000001 0.0069166708333333335 0.588734 0.0043124999999999995 0.5692969999999999 0.0690833 0.579016 0.0690833 0.542094 0.315208 0.561531 0.312604 0.586781 0.338521 0.575125 0.31779199999999996
22 0.07740620000000001 0.8380829999999999 0.0838594 0.853729 0.0979375 0.868583 0.107328 0.881896 0.12317199999999999 0.880333 0.167781 0.8740629999999999 0.170125 0.863896 0.159562 0.829458 0.145484 0.81225 0.11203099999999999 0.81225 0.08737500000000001 0.825562 0.07740620000000001 0.8380829999999999
22 0.41246900000000003 0.447458 0.418281 0.451062 0.439187 0.451062 0.43840599999999996 0.417 0.40743799999999997 0.389646 0.39001600000000003 0.389646 0.372594 0.362271 0.367172 0.343167 0.360578 0.34525 0.348969 0.35350000000000004 0.342766 0.36020800000000003 0.340453 0.367958 0.357484 0.40099999999999997 0.36678099999999997 0.41804199999999997 0.396984 0.42525 0.411688 0.439208 0.41246900000000003 0.447458
22 0.758609 0.758938 0.744109 0.773833 0.729594 0.806562 0.717891 0.823667 0.696688 0.836313 0.698359 0.896583 0.707844 0.887646 0.724578 0.881708 0.745781 0.890625 0.772016 0.865333 0.773125 0.854167 0.770328 0.848229 0.760297 0.833333 0.752484 0.828875 0.749688 0.818458 0.755266 0.803583 0.756391 0.796146 0.768109 0.776792 0.780938 0.763417 0.771453 0.7515 0.758609 0.758938
23 0.776797 0.860125 0.782531 0.8547290000000001 0.791328 0.8398540000000001 0.794031 0.829958 0.792672 0.827708 0.786594 0.8295 0.7801720000000001 0.8371670000000001 0.774422 0.8475210000000001 0.771719 0.861042 0.776797 0.860125
13 0.490625 0.5595829999999999 0.494766 0.5813539999999999 0.49718799999999996 0.584917 0.497687 0.5586249999999999 0.49354699999999996 0.539458 0.49354699999999996 0.537188 0.49110899999999996 0.530687 0.48818700000000004 0.530375 0.483078 0.531667 0.482344 0.542708 0.480391 0.5478959999999999 0.477953 0.562521 0.490625 0.5595829999999999
22 0.312812 0.506417 0.274594 0.499375 0.271297 0.504687 0.268656 0.463375 0.265359 0.455479 0.268656 0.426479 0.27325 0.418583 0.295656 0.408917 0.295656 0.405396 0.233719 0.411542 0.23173399999999997 0.415938 0.24162500000000003 0.473938 0.23173399999999997 0.474812 0.23173399999999997 0.486229 0.234375 0.527521 0.239641 0.534562 0.283125 0.538937 0.291031 0.524021 0.304859 0.517854 0.323969 0.525771 0.324672 0.523979 0.327313 0.523104 0.324016 0.516083 0.312812 0.506417
22 0.406391 0.509042 0.409687 0.512563 0.4175940000000001 0.524854 0.41890599999999995 0.563521 0.427469 0.561771 0.433406 0.578458 0.43537499999999996 0.569667 0.434063 0.514313 0.42351600000000006 0.495875 0.414953 0.488833 0.388594 0.485333 0.390578 0.48620800000000003 0.38925 0.499375 0.391891 0.506417 0.406391 0.509042
79 0.225703 0.5782709999999999 0.22507799999999997 0.5630210000000001 0.22253099999999998 0.540979 0.221891 0.540979 0.214266 0.540979 0.19775 0.540979 0.192031 0.566396 0.193297 0.581646 0.201563 0.598604 0.201563 0.59775 0.213 0.601979 0.21745299999999998 0.5960629999999999 0.225703 0.5782709999999999
22 0.43696900000000005 0.41568700000000003 0.43904699999999997 0.43833300000000003 0.440297 0.46429200000000004 0.465156 0.469833 0.46846899999999997 0.451042 0.46349999999999997 0.42672899999999997 0.450234 0.39579200000000003 0.424125 0.40187500000000004 0.43696900000000005 0.41568700000000003