76 0.375328 0.9633959999999999 0.375328 0.906 0.395266 0.911312 0.390484 0.9421250000000001 0.471 0.8836670000000001 0.471797 0.843271 0.482172 0.844333 0.485359 0.869854 0.5427500000000001 0.836896 0.541953 0.817167 0.529203 0.565229 0.5140469999999999 0.558854 0.502891 0.555667 0.502094 0.5418540000000001 0.497312 0.524854 0.496516 0.5057079999999999 0.496516 0.489771 0.48296900000000004 0.480208 0.47498399999999996 0.48764599999999997 0.482172 0.501458 0.475781 0.524854 0.481375 0.532292 0.471 0.562042 0.460641 0.568438 0.457453 0.5046459999999999 0.460641 0.497208 0.45824999999999994 0.492958 0.4415 0.488708 0.411203 0.490833 0.380922 0.511021 0.384906 0.587562 0.380922 0.589688 0.375328 0.5716249999999999 0.370547 0.551417 0.354609 0.543979 0.34823400000000004 0.553542 0.352219 0.5769369999999999 0.34025 0.60775 0.313156 0.621583 0.31395300000000004 0.635396 0.24857800000000002 0.670479 0.254156 0.736375 0.28046899999999997 0.811813 0.278078 0.8245629999999999 0.274875 0.8320209999999999 0.277281 0.870271 0.329891 0.9287500000000001 0.34264100000000003 0.956375 0.364172 0.965938 0.375328 0.9633959999999999
23 0.430844 0.518375 0.42728099999999997 0.518958 0.42193800000000004 0.5213329999999999 0.420141 0.527875 0.417031 0.5415209999999999 0.418359 0.559937 0.42326600000000003 0.573583 0.433953 0.572396 0.442859 0.564688 0.445531 0.547458 0.441969 0.524896 0.435297 0.518375 0.430844 0.518375
23 0.7934840000000001 0.42806299999999997 0.789328 0.437042 0.7890780000000001 0.448813 0.798922 0.467833 0.805406 0.469208 0.813188 0.469208 0.819937 0.46402099999999996 0.8233119999999999 0.45329200000000003 0.823828 0.440167 0.8227969999999999 0.428396 0.8142340000000001 0.418375 0.8038589999999999 0.417333 0.7934840000000001 0.42806299999999997
12 0.770437 0.848521 0.777187 0.769312 0.799469 0.743208 0.781906 0.742313 0.762328 0.763 0.756266 0.846708 0.770437 0.848521
12 0.742469 0.758458 0.742656 0.842375 0.743547 0.844042 0.747656 0.845938 0.748375 0.8471460000000001 0.752484 0.848083 0.7555310000000001 0.845708 0.7598130000000001 0.845708 0.761969 0.7637079999999999 0.781266 0.74225 0.773219 0.741292 0.77 0.739146 0.765531 0.7405830000000001 0.743547 0.7565419999999999 0.7417659999999999 0.7594169999999999 0.742469 0.758458
12 0.682797 0.786729 0.683469 0.8023330000000001 0.684469 0.822396 0.699516 0.8246249999999999 0.701859 0.742604 0.721922 0.724313 0.7235940000000001 0.7220829999999999 0.721594 0.708708 0.705203 0.7055830000000001 0.683469 0.725646 0.682797 0.786729
12 0.7252500000000001 0.831917 0.736078 0.840396 0.743078 0.838271 0.743078 0.758417 0.764437 0.7405830000000001 0.762516 0.7342080000000001 0.768891 0.729958 0.7663439999999999 0.718479 0.759656 0.7223120000000001 0.750094 0.720604 0.750094 0.714229 0.7249220000000001 0.7342080000000001 0.7252500000000001 0.831917
12 0.788875 0.777625 0.787563 0.767958 0.777469 0.774396 0.776578 0.7828959999999999 0.778562 0.837333 0.7787810000000001 0.851979 0.7899689999999999 0.854896 0.792172 0.851979 0.788219 0.783479 0.788875 0.777625
12 0.806766 0.863333 0.8194380000000001 0.864542 0.816719 0.806604 0.822156 0.771604 0.8203440000000001 0.7643540000000001 0.796797 0.7764380000000001 0.798609 0.815042 0.806766 0.860917 0.806766 0.863333
12 0.8228440000000001 0.7704369999999999 0.825094 0.865521 0.825094 0.870521 0.8320779999999999 0.871188 0.8323280000000001 0.770771 0.831828 0.7661250000000001 0.8245939999999999 0.7624580000000001 0.8228440000000001 0.7704369999999999
12 0.8522500000000001 0.7722289999999999 0.830516 0.7680830000000001 0.833625 0.8716039999999999 0.8572190000000001 0.8782289999999999 0.8522500000000001 0.7722289999999999
78 0.698453 0.411792 0.692891 0.411313 0.690813 0.411313 0.6890780000000001 0.411313 0.6873440000000001 0.41502100000000003 0.685953 0.416417 0.685609 0.420583 0.684922 0.428438 0.6866559999999999 0.43768799999999997 0.6890780000000001 0.446479 0.689766 0.453417 0.689422 0.462208 0.697406 0.463604 0.708172 0.463146 0.708859 0.45575 0.712672 0.45435400000000004 0.715109 0.45435400000000004 0.7175309999999999 0.45295799999999997 0.717875 0.445104 0.7196089999999999 0.438625 0.722047 0.433063 0.724125 0.43029199999999995 0.724125 0.424271 0.723781 0.416875 0.721703 0.414104 0.719266 0.41362499999999996 0.716844 0.414104 0.709203 0.41502100000000003 0.7099059999999999 0.41225 0.708172 0.411313 0.7019219999999999 0.411792 0.698453 0.411792
12 0.723141 0.832812 0.724094 0.739896 0.7429840000000001 0.7166669999999999 0.7332970000000001 0.714083 0.712 0.737313 0.710547 0.828958 0.723141 0.832812
12 0.889484 0.885208 0.892266 0.888917 0.905453 0.891687 0.912734 0.788979 0.914125 0.782042 0.925234 0.7649170000000001 0.9123910000000001 0.758896 0.9109999999999999 0.7579790000000001 0.892609 0.784354 0.889484 0.885208
78 0.7731250000000001 0.677979 0.7787810000000001 0.683521 0.79425 0.684021 0.798016 0.612625 0.793875 0.608604 0.791984 0.6070829999999999 0.784438 0.605083 0.778406 0.6070829999999999 0.775766 0.613125 0.7731250000000001 0.677979
50 0.0697344 0.480771 0.0728125 0.491021 0.08399999999999999 0.498625 0.100469 0.49483299999999997 0.105297 0.503896 0.112547 0.525563 0.11496900000000002 0.532583 0.12132799999999999 0.536979 0.124188 0.532292 0.12440599999999999 0.519417 0.118031 0.517083 0.10771900000000001 0.483417 0.10245299999999999 0.47550000000000003 0.0949844 0.47258300000000003 0.0862031 0.456188 0.0895 0.446521 0.0881719 0.438625 0.08532809999999999 0.433063 0.0782969 0.431604 0.0743438 0.432479 0.07368749999999999 0.4395 0.07325000000000001 0.450333 0.0719375 0.45472900000000005 0.0699531 0.460292 0.0666563 0.469646 0.0697344 0.480771
50 0.0300312 0.101896 0.028515600000000002 0.10658300000000001 0.037828099999999996 0.122354 0.0365781 0.13843799999999998 0.039593699999999996 0.144479 0.0433594 0.143479 0.044625 0.167958 0.0466406 0.166625 0.0488906 0.158229 0.0488906 0.150521 0.0511563 0.141125 0.0529219 0.136104 0.053671899999999995 0.126375 0.0506562 0.110604 0.0519219 0.10825 0.0519219 0.103563 0.0511563 0.0925 0.0506562 0.0854583 0.0476406 0.08177079999999999 0.0481406 0.07470829999999999 0.0436094 0.06699999999999999 0.037328099999999996 0.0700208 0.033546900000000004 0.07437500000000001 0.0322969 0.0804167 0.035812500000000004 0.0841042 0.035562500000000004 0.0888125 0.033546900000000004 0.0925 0.0295312 0.102562 0.0300312 0.101896
22 0.999344 1 1 0.6311669999999999 0.9779220000000001 0.6415620000000001 0.9564999999999999 0.7324579999999999 0.917531 0.7792290000000001 0.915578 0.870125 0.896109 0.922083 0.8941560000000001 0.984417 0.903891 0.9973960000000001 0.9136409999999999 0.9973960000000001 0.919484 0.984417 0.9564999999999999 1 0.999344 1
52 1 0.370833 0.968328 0.386063 0.973219 0.356687 0.997687 0.322979 0.9691409999999999 0.330604 0.9552809999999999 0.34691700000000003 0.9340780000000001 0.302333 0.9112500000000001 0.336042 0.886781 0.34908300000000003 0.8908590000000001 0.38714600000000005 0.891672 0.418667 0.93 0.444771 0.9242969999999999 0.44912500000000005 0.930813 0.5002289999999999 0.956906 0.5002289999999999 0.970781 0.442604 0.9552809999999999 0.442604 0.9552809999999999 0.430625 0.965062 0.428458 0.9626250000000001 0.417583 0.986266 0.404542 1 0.390396 1 0.370833
52 0.66425 0.16370800000000002 0.662344 0.167104 0.655375 0.17891700000000002 0.687063 0.24060399999999998 0.689609 0.280333 0.695937 0.291313 0.701016 0.287083 0.707344 0.26427100000000003 0.7022809999999999 0.248208 0.701016 0.229625 0.692141 0.18737499999999999 0.687063 0.17891700000000002 0.673125 0.165396 0.657922 0.14427099999999998 0.6452340000000001 0.140063 0.637959990625 0.14678046041666667 0.639656 0.14768699999999998 0.639452759375 0.14937888333333332 0.650312 0.156958 0.66425 0.16370800000000002
50 0.0666563 0.29272899999999996 0.0491406 0.30870800000000004 0.054671899999999996 0.356625 0.10903099999999999 0.351708 0.105344 0.23743699999999998 0.060203099999999996 0.217792 0.0491406 0.243583 0.0666563 0.29272899999999996