62 0.832219 0.0069375 0.736578 0.266437 0.7969839999999999 0.257479 0.895969 0.0046875 0.832219 0.0069375
14 1 0.264646 0.971281 0.18356199999999998 0.893578 0.07320829999999999 0.804047 0.005625000000000001 0.047296899999999996 0.0011250000000000001 0.006750000000000001 0.0484167 0.0084531296875 0.0461667 0.0016875000000000002 0.0484167 0.0016875000000000002 0.9876039999999999 0.9121560000000001 0.9876039999999999 1 0.852479 1 0.264646
15 0.707641 0.43545799999999996 0.693531 0.45427100000000004 0.7129380000000001 0.5225000000000001 0.714703 0.538979 0.7129380000000001 0.5719169999999999 0.7252970000000001 0.600167 0.7252970000000001 0.607208 0.7252970000000001 0.621333 0.727062 0.626042 0.762359 0.611917 0.788828 0.611917 0.804703 0.621333 0.829406 0.5813330000000001 0.847063 0.560167 0.854125 0.534271 0.862937 0.51075 0.8488279999999999 0.451917 0.8452970000000001 0.437812 0.8329380000000001 0.42133299999999996 0.8258749999999999 0.393104 0.813531 0.378979 0.788828 0.374271 0.769406 0.374271 0.760594 0.381333 0.760594 0.386042 0.7411719999999999 0.42368700000000004 0.707641 0.43545799999999996
15 0.656438 0.308271 0.625984 0.299042 0.578937 0.339625 0.5900000000000001 0.383917 0.639828 0.452188 0.681344 0.365458 0.656438 0.308271
15 0.201016 0.129312 0.321016 0.125021 0.337078 0.0793125 0.325297 0.0393125 0.27815599999999996 0.007895829166666667 0.26423399999999997 0.050749999999999997 0.23209399999999997 0.0778958 0.18601600000000001 0.09502079999999999 0.119594 0.0993125 0.123875 0.133604 0.201016 0.129312
15 0.6599999999999999 0.117646 0.677641 0.094125 0.688234 0.0635208 0.6900000000000001 0.054125 0.688234 0.0352917 0.656469 0.0117708 0.614125 0.0023541708333333334 0.5858749999999999 0.0282292 0.6158750000000001 0.103521 0.6599999999999999 0.117646
15 0.290828 0.5271250000000001 0.289844 0.5572079999999999 0.327125 0.570292 0.347734 0.5454380000000001 0.37324999999999997 0.5572079999999999 0.386984 0.570292 0.409547 0.567688 0.41151600000000005 0.562458 0.392875 0.519271 0.363437 0.504875 0.329094 0.494417 0.298672 0.49833299999999997 0.290828 0.5271250000000001
15 0.228875 0.937396 0.264344 0.926479 0.271625 0.88525 0.260703 0.859792 0.251609 0.847667 0.231609 0.831917 0.19978100000000001 0.817354 0.18068800000000002 0.814937 0.159781 0.813729 0.14250000000000002 0.801604 0.14614100000000002 0.785833 0.141313 0.765375 0.14207799999999998 0.743812 0.130531 0.730458 0.11514100000000001 0.7222500000000001 0.0966562 0.727375 0.085875 0.755104 0.066625 0.772542 0.062015600000000004 0.813625 0.0550781 0.843396 0.0704844 0.882396 0.108984 0.878292 0.123609 0.872125 0.144391 0.873167 0.164406 0.883417 0.17250000000000001 0.887687 0.196141 0.8986040000000001 0.228875 0.937396
15 0.806203 0.7379370000000001 0.8132339999999999 0.7098329999999999 0.8149839999999999 0.695771 0.822016 0.672354 0.823766 0.646604 0.823766 0.639563 0.822016 0.632542 0.8149839999999999 0.6184999999999999 0.8132339999999999 0.6184999999999999 0.797422 0.6184999999999999 0.779859 0.6255210000000001 0.772828 0.634896 0.7710779999999999 0.639563 0.7640469999999999 0.6489379999999999 0.7535160000000001 0.641917 0.75175 0.639563 0.732437 0.64425 0.7289220000000001 0.6512709999999999 0.720141 0.663 0.713109 0.6653330000000001 0.7113590000000001 0.670021 0.700812 0.686417 0.699062 0.698125 0.702578 0.707479 0.709609 0.719187 0.7289220000000001 0.744958 0.7289220000000001 0.749646 0.727172 0.756667 0.727172 0.766042 0.734187 0.7730619999999999 0.741219 0.7753960000000001 0.75175 0.7753960000000001 0.7640469999999999 0.7753960000000001 0.7886409999999999 0.7777499999999999 0.7921560000000001 0.7753960000000001 0.800938 0.7753960000000001 0.800938 0.768375 0.8132339999999999 0.7636869999999999 0.806203 0.7379370000000001
15 0.182016 0.420229 0.148313 0.391021 0.131453 0.417979 0.11629700000000001 0.449437 0.102813 0.469667 0.0809062 0.496625 0.0657344 0.503375 0.0404531 0.539333 0.0606719 0.559542 0.0455 0.5775210000000001 0.0219062 0.6179790000000001 0.0117969 0.676396 0.026968799999999998 0.703375 0.0438125 0.7213539999999999 0.055625 0.741583 0.07584379999999999 0.719104 0.05225 0.676396 0.058984400000000006 0.658417 0.0792188 0.651687 0.0994375 0.629208 0.136516 0.5775210000000001 0.158422 0.507875 0.146625 0.451688 0.185391 0.422479 0.182016 0.420229
15 0.215781 0.240396 0.215781 0.24889599999999998 0.222953 0.271208 0.237297 0.297792 0.259625 0.336062 0.267594 0.346687 0.27717200000000003 0.346687 0.285141 0.346687 0.28434400000000004 0.336062 0.268391 0.332875 0.261219 0.328604 0.26042200000000004 0.31266700000000003 0.26042200000000004 0.30204200000000003 0.272391 0.288229 0.275578 0.285021 0.266 0.242521 0.275578 0.241458 0.275578 0.23399999999999999 0.266797 0.230813 0.230125 0.162792 0.21339100000000003 0.185104 0.212594 0.22762500000000002 0.215781 0.240396
15 0.370672 0.0801667 0.37476600000000004 0.06925 0.381922 0.051520800000000005 0.384984 0.0269583 0.377828 0.021500000000000002 0.36759400000000003 0.0119583 0.349187 0.0119583 0.341 0.018770799999999997 0.341 0.0406042 0.345094 0.0433333 0.35326599999999997 0.07335420000000001 0.356344 0.08972920000000001 0.364531 0.106083 0.37078099999999997 0.0584167 0.370672 0.0801667
15 0.127656 1 0.140578 0.964271 0.16581300000000002 0.904 0.168156 0.877396 0.147031 0.8703540000000001 0.122969 0.864875 0.100078 0.878187 0.0883437 0.8938330000000001 0.0625156 0.913396 0.053125 0.9204380000000001 0.0449062 0.93375 0.0449062 0.964271 0.0548906 0.987729 0.0783594 1 0.127656 1
15 0.0078125 0.441417 0.0449219 0.503917 0.0742188 0.488292 0.12304699999999999 0.457042 0.117188 0.428396 0.12890600000000002 0.365896 0.126953 0.342458 0.0117188 0.402354 0.0078125 0.441417
15 0.00071875 0.9991040000000001 0.0512969 1 0.05425 0.993188 0.05425 0.9233119999999999 0.0435469 0.909042 0.0280313 0.9001870000000001 0.0081093796875 0.897729 0.0010937499999999999 0.9085420000000001 0.00071875 0.9991040000000001