22 0.6527999999999999 0.37096 0.6398400000000001 0.34935999999999995 0.6285 0.33640000000000003 0.6220399999999999 0.34719999999999995 0.6220399999999999 0.3904 0.6123200000000001 0.422773 0.63822 0.513493 0.65442 0.3796 0.6527999999999999 0.37096
24 1 0.55872 0.9897400000000001 0.562107 0.98902 0.6032 0.9883 0.61672 0.9825 0.623973 0.95748 0.619147 0.89876 0.62832 0.8730399999999999 0.659253 0.82592 0.7008 0.83582 0.702693 0.85272 0.7126129999999999 0.9643200000000001 0.7937869999999999 0.9643200000000001 0.791067 0.9643200000000001 0.79016 0.9643200000000001 0.774853 0.96568 0.748693 1 0.7135199999999999 1 0.55872
50 1 0.45965300000000003 0.9787 0.42375999999999997 0.9719800000000001 0.396853 0.96692 0.34528 0.92826 0.33632 0.8963 0.34303999999999996 0.90808 0.40359999999999996 0.8963 0.439467 0.8744400000000001 0.4888 0.84754 0.48656000000000005 0.82062 0.477573 0.8139 0.482053 0.83408 0.526907 0.86772 0.51344 0.9064 0.49776 0.9148 0.5112 0.91816 0.547093 0.8879 0.560533 0.85762 0.562773 0.8222999999999999 0.58296 0.7954 0.59416 0.7584 0.634533 0.713 0.647973 0.72814 0.695067 0.73822 0.721973 0.7903600000000001 0.715253 0.82904 0.695067 0.83576 0.690587 0.8879 0.636773 0.90134 0.6300530000000001 0.95516 0.625573 0.9972000000000001 0.603147 0.9938400000000001 0.560533 1 0.515707 1 0.45965300000000003
50 0.57808 0.986507 0.5764 0.961787 0.61012 0.9348270000000001 0.57472 0.8089869999999999 0.6050599999999999 0.7303470000000001 0.65898 0.633707 0.6539400000000001 0.579787 0.58988 0.330347 0.59494 0.292133 0.58314 0.2472 0.55112 0.23146699999999998 0.51742 0.260667 0.51068 0.289893 0.49044 0.28314700000000004 0.49044 0.265173 0.52078 0.22696 0.49888 0.204507 0.48202 0.21122700000000003 0.45506 0.262933 0.44494 0.30112 0.45506 0.316853 0.43651999999999996 0.408987 0.5191 0.433707 0.5191 0.4764 0.54944 0.50336 0.5545 0.582027 0.55112 0.6269600000000001 0.50056 0.7505599999999999 0.5039399999999999 0.766293 0.48876 0.842693 0.51068 0.986507 0.57808 0.986507
54 0.25930000000000003 0.40834699999999996 0.25598 0.41159999999999997 0.25164 0.42029299999999997 0.2538 0.42968 0.26045999999999997 0.430693 0.27133999999999997 0.41944 0.27056 0.41296000000000005 0.26877999999999996 0.413627 0.25918 0.40903999999999996 0.25930000000000003 0.40834699999999996
36 0.23893999999999999 0.6560269999999999 0.25386000000000003 0.67824 0.25872 0.688427 0.32292000000000004 0.67592 0.31424 0.641227 0.31876 0.61392 0.32466 0.60792 0.32362 0.60144 0.31772 0.589867 0.30348 0.601893 0.27364 0.6032799999999999 0.26427999999999996 0.609307 0.25524 0.60976 0.24380000000000002 0.6259469999999999 0.23893999999999999 0.6560269999999999
22 0.49262 0.58896 0.4866 0.628053 0.4935 0.6568 0.50212 0.666 0.49694 0.646453 0.50384 0.605067 0.50902 0.602773 0.51506 0.593573 0.51678 0.623467 0.52714 0.61656 0.5219600000000001 0.536053 0.52368 0.526853 0.5211 0.51192 0.49694 0.501547 0.49866 0.43026699999999996 0.47538 0.43026699999999996 0.47538 0.434853 0.47538 0.457867 0.484 0.48775999999999997 0.48832 0.517653 0.49436 0.547547 0.48746 0.547547 0.48572 0.55216 0.484 0.575147 0.48572 0.57976 0.49262 0.58896
50 0.46308 0.248667 0.46382 0.242133 0.46194 0.22951999999999997 0.4574 0.21541300000000002 0.43472000000000005 0.2144 0.42413999999999996 0.217947 0.41356 0.226507 0.40676 0.238107 0.406 0.251707 0.3992 0.26632 0.3939 0.270853 0.39768000000000003 0.27640000000000003 0.39958 0.278907 0.39958 0.28648 0.3939 0.29656 0.40146 0.301093 0.41242 0.316213 0.40706 0.321893 0.40474 0.33583999999999997 0.37451999999999996 0.38696 0.35362 0.39778700000000006 0.29786 0.40864 0.27926 0.404 0.263 0.400907 0.26183999999999996 0.411733 0.26183999999999996 0.424133 0.25952 0.436533 0.2781 0.44736 0.28508 0.433413 0.31295999999999996 0.433413 0.34548 0.43032000000000004 0.37918 0.42103999999999997 0.39080000000000004 0.424133 0.40124 0.46594699999999994 0.40242 0.52016 0.39544 0.558907 0.38964 0.575947 0.36524 0.614667 0.34316 0.650293 0.3513 0.671973 0.3722 0.735493 0.38382 0.803653 0.37451999999999996 0.80984 0.342 0.825333 0.34896 0.8470130000000001 0.41402 0.83928 0.41752 0.825333 0.40706 0.760267 0.40008 0.709147 0.40008 0.696773 0.41984 0.661147 0.4303 0.65184 0.43378 0.67352 0.4605 0.670427 0.47328 0.6859200000000001 0.4849 0.710693 0.46166 0.72 0.46748 0.733947 0.48606 0.733947 0.5093 0.735493 0.5151 0.723093 0.5162599999999999 0.710693 0.5162599999999999 0.696773 0.51046 0.6890130000000001 0.49186 0.6472 0.4698 0.627067 0.46864 0.60072 0.49301999999999996 0.55424 0.48954000000000003 0.507787 0.47328 0.47216 0.47212 0.441173 0.45236000000000004 0.422587 0.43726 0.39624000000000004 0.45352 0.321893 0.44888 0.29712 0.4698 0.230507 0.46308 0.248667
22 0.5318200000000001 0.51608 0.5376599999999999 0.5264800000000001 0.5318200000000001 0.549867 0.53376 0.57584 0.53376 0.6096 0.5415599999999999 0.6121869999999999 0.53962 0.568027 0.5454600000000001 0.542053 0.5552 0.5342669999999999 0.5454600000000001 0.508293 0.53962 0.484933 0.52792 0.474533 0.52598 0.47194699999999995 0.51234 0.500507 0.5318200000000001 0.51608
54 0.5127200000000001 0.22104000000000001 0.5003 0.200107 0.48894 0.20672 0.49286 0.210587 0.49844 0.20864 0.50278 0.21224 0.50424 0.23346699999999998 0.5127200000000001 0.22104000000000001
24 0.86056 0.526027 0.82286 0.504747 0.80692 0.48736000000000007 0.81126 0.47576 0.83012 0.471893 0.85332 0.485413 0.88086 0.458347 0.88376 0.448693 0.77792 0.4564270000000001 0.76776 0.520213 0.76776 0.61496 0.76776 0.620773 0.78516 0.620773 0.81706 0.572427 0.89102 0.566613 0.90552 0.543413 0.90988 0.48928 0.89102 0.491227 0.86056 0.526027