53 0.0991875 0.478808 0.12923400000000002 0.472056 0.13674999999999998 0.447336 0.172828 0.45633199999999996 0.232938 0.45633199999999996 0.223922 0.247336 0.10820300000000001 0.22936900000000002 0.08715629999999999 0.22486 0.0991875 0.478808
1 0.426578 0.47962600000000005 0.430469 0.481425 0.433453 0.480537 0.437031 0.476051 0.43912500000000004 0.470701 0.440031 0.462196 0.437031 0.45460300000000003 0.43525 0.451028 0.43076600000000004 0.449696 0.42837500000000006 0.45014 0.422391 0.45684600000000003 0.420906 0.460421 0.420297 0.46979 0.42209399999999997 0.47292100000000004 0.423297 0.472477 0.42507799999999996 0.47696299999999997 0.426578 0.47962600000000005
47 0.425984 0.47771 0.429359 0.478294 0.43271899999999996 0.477313 0.433625 0.47635500000000003 0.435313 0.472103 0.436859 0.46493 0.43634399999999995 0.46067800000000003 0.43375 0.456986 0.43064099999999994 0.454486 0.42482800000000004 0.45563099999999995 0.421844 0.459322 0.420297 0.462617 0.419125 0.467266 0.420297 0.47170599999999996 0.424437 0.47635500000000003 0.425984 0.47771
58 0.156141 0.534299 0.256375 0.513855 0.261281 0.5025700000000001 0.268016 0.5001169999999999 0.267 0.459206 0.120219 0.45371500000000003 0.112656 0.462874 0.114703 0.47782699999999995 0.0240625 0.495841 0.025281199999999997 0.51264 0.156141 0.534299
41 0.404797 0.389907 0.404188 0.34271 0.40015599999999996 0.34271 0.399547 0.387593 0.404188 0.38897200000000004 0.404797 0.389907
41 0.39956200000000003 0.342033 0.39731299999999997 0.337523 0.392984 0.34004700000000004 0.392422 0.341472 0.392609 0.372079 0.392422 0.38836400000000004 0.396922 0.389486 0.399 0.388084 0.399375 0.361402 0.39956200000000003 0.342033
41 0.43231200000000003 0.34128499999999995 0.43025 0.338762 0.427797 0.338762 0.425734 0.34215 0.425359 0.387921 0.42423400000000006 0.390724 0.42667200000000005 0.390164 0.43324999999999997 0.389603 0.43231200000000003 0.34128499999999995
41 0.42401600000000006 0.38897200000000004 0.425172 0.335584 0.420297 0.337664 0.418438 0.344252 0.417281 0.391729 0.42401600000000006 0.38897200000000004
41 0.41637500000000005 0.34 0.414125 0.338318 0.41187500000000005 0.339439 0.41150000000000003 0.379603 0.411125 0.386893 0.412063 0.38887900000000003 0.413375 0.389439 0.41712499999999997 0.388037 0.416563 0.364439 0.41637500000000005 0.34
41 0.411188 0.33965 0.408188 0.339089 0.40535899999999997 0.342453 0.404797 0.39021 0.41006200000000004 0.390491 0.410813 0.387126 0.41100000000000003 0.348364 0.411188 0.33965
14 0.648031 0.507967 0.656672 0.503201 0.657234 0.498995 0.6422030000000001 0.49504699999999996 0.6251089999999999 0.493364 0.608391 0.493925 0.592797 0.497313 0.5852809999999999 0.5029210000000001 0.586422 0.504603 0.597312 0.507967 0.602 0.523995 0.636578 0.528762 0.647469 0.510794 0.648031 0.507967
14 0.410297 0.499136 0.426375 0.5001639999999999 0.429312 0.48906499999999997 0.429484 0.48 0.40581300000000003 0.47974300000000003 0.40581300000000003 0.48130799999999996 0.407188 0.49654200000000004 0.410297 0.499136
19 0.45451600000000003 0.472734 0.45162500000000005 0.46983600000000003 0.447766 0.46876199999999996 0.445844 0.469112 0.44390599999999997 0.471636 0.445844 0.47778 0.45114099999999996 0.483178 0.45331299999999997 0.48715 0.45331299999999997 0.48859800000000003 0.45451600000000003 0.47525700000000004 0.45451600000000003 0.472734
19 0.446203 0.49565400000000004 0.44906199999999996 0.491612 0.44892200000000004 0.480701 0.44349999999999995 0.470444 0.44106199999999995 0.474509 0.440203 0.47941599999999995 0.44264099999999995 0.491612 0.446203 0.49565400000000004
19 0.428797 0.453154 0.43145300000000003 0.454673 0.437547 0.46186900000000003 0.44349999999999995 0.468131 0.44084399999999996 0.460748 0.436406 0.451449 0.43425 0.443668 0.43196899999999994 0.438364 0.42778099999999997 0.439883 0.42626600000000003 0.442336 0.42575 0.44689300000000004 0.42740600000000006 0.44955599999999996 0.428156 0.45371500000000003 0.428797 0.453154