23 0.40696299999999996 0.186656 0.409439 0.19131199999999998 0.411425 0.195953 0.418855 0.206891 0.42035 0.209219 0.42729 0.21884399999999998 0.442664 0.228125 0.458037 0.23840599999999998 0.471449 0.24173399999999998 0.48186900000000005 0.24239099999999997 0.491285 0.238078 0.495257 0.231109 0.49425199999999997 0.221156 0.490794 0.212875 0.486332 0.20623399999999997 0.48236 0.199594 0.474416 0.190641 0.465981 0.184344 0.459533 0.179031 0.450607 0.17339100000000002 0.440678 0.16975 0.433248 0.16709400000000002 0.423832 0.16709400000000002 0.41488299999999995 0.169078 0.405958 0.175047 0.40696299999999996 0.186656
23 0.249276 0.244422 0.262921 0.244422 0.276542 0.240906 0.301729 0.226891 0.319556 0.202344 0.331075 0.192516 0.322687 0.173594 0.319556 0.16796899999999998 0.30591100000000004 0.168672 0.27236 0.18901600000000002 0.254533 0.20654699999999998 0.245093 0.22968700000000003 0.246145 0.24512499999999998 0.249276 0.244422
50 0.660304 0.8884219999999999 0.660701 0.880047 0.663528 0.8746409999999999 0.658692 0.8681559999999999 0.6610980000000001 0.859797 0.659089 0.854391 0.658692 0.854125 0.65222 0.854922 0.6469630000000001 0.861406 0.642126 0.8708589999999999 0.64535 0.885453 0.645748 0.8938119999999999 0.647383 0.9048909999999999 0.65021 0.904344 0.66514 0.9040779999999999 0.660304 0.8884219999999999
50 0.212687 0.891578 0.216939 0.8848750000000001 0.214813 0.878984 0.213294 0.8765470000000001 0.212687 0.8737030000000001 0.211168 0.871875 0.20843499999999998 0.871875 0.20570100000000002 0.871875 0.20418199999999997 0.8734999999999999 0.20418199999999997 0.875328 0.20418199999999997 0.8771559999999999 0.20266399999999998 0.881422 0.201145 0.882437 0.197804 0.882437 0.19658899999999999 0.88325 0.19598100000000002 0.8846719999999999 0.200234 0.8860939999999999 0.201145 0.887312 0.199019 0.888937 0.1975 0.891375 0.1975 0.893 0.199626 0.8948280000000001 0.20205599999999999 0.895844 0.20175200000000001 0.8974690000000001 0.202967 0.8980779999999999 0.207523 0.897875 0.212687 0.891578
50 0.09009349999999999 0.8941250000000001 0.09252339953271028 0.893406 0.09306070093457944 0.8925000000000001 0.09387849999999999 0.8889060000000001 0.09387849999999999 0.883672 0.09387849999999999 0.877016 0.09387849999999999 0.8723280000000001 0.09144860046728971 0.870344 0.09009349999999999 0.8676410000000001 0.08848129906542056 0.864219 0.08497660046728972 0.863141 0.08228970093457944 0.863859 0.081472 0.864219 0.081215 0.864391 0.07985979906542057 0.8667339999999999 0.07852799999999999 0.871609 0.07635510046728972 0.872859 0.07528039953271028 0.87575 0.07366820093457944 0.878266 0.07366820093457944 0.8822340000000001 0.07366820093457944 0.885125 0.07366820093457944 0.8890779999999999 0.07338789953271029 0.893953 0.09009349999999999 0.8941250000000001
50 0.13406500000000002 0.888594 0.134486 0.8825160000000001 0.134276 0.877 0.130678 0.8729060000000001 0.12497699999999999 0.870781 0.119907 0.870781 0.11609799999999999 0.873469 0.111449 0.883078 0.109322 0.884078 0.109953 0.887609 0.111238 0.889016 0.113341 0.891281 0.115257 0.8931089999999999 0.11715 0.897359 0.138061 0.895234 0.135327 0.890437 0.13406500000000002 0.888594
50 0.615678 0.870562 0.608832 0.8722340000000001 0.605093 0.877234 0.603224 0.9051560000000001 0.621916 0.9039059999999999 0.623154 0.8751559999999999 0.615678 0.870562
50 0.06535049999999999 0.875812 0.0599065 0.8730309999999999 0.05831779906542056 0.8719530000000001 0.05927570093457944 0.868313 0.057336399532710275 0.867672 0.05383179906542056 0.867672 0.050303700934579434 0.868313 0.050303700934579434 0.870891 0.05158879906542056 0.8732340000000001 0.051261700934579435 0.874953 0.0474065 0.8753909999999999 0.04644860046728972 0.8783749999999999 0.045490700934579444 0.881594 0.04516360046728972 0.883953 0.04453270093457944 0.8878130000000001 0.04453270093457944 0.889953 0.04677570093457944 0.892313 0.04773360046728972 0.892953 0.055747700934579446 0.893594 0.06343460046728971 0.894234 0.06696260046728972 0.894234 0.06855139953271028 0.8912340000000001 0.06696260046728972 0.8920939999999999 0.06535049999999999 0.881812 0.06535049999999999 0.875812
50 0 0.89175 0.01205610046728972 0.8920619999999999 0.012757000000000001 0.888984 0.01710279906542056 0.8885310000000001 0.01733639953271028 0.874547 0.015724299065420562 0.8733280000000001 0.0141355 0.8687189999999999 0.009299070093457944 0.8688750000000001 0.004929908878504673 0.872859 0.0005841121495327102 0.8750159999999999 0 0.875938 0 0.89175
50 0.678995 0.8820779999999999 0.681472 0.896609 0.700327 0.899906 0.698692 0.8911250000000001 0.704836 0.885656 0.701963 0.880984 0.6953969999999999 0.8768750000000001 0.695818 0.8757809999999999 0.692944 0.870844 0.686799 0.8692030000000001 0.681869 0.870844 0.6777799999999999 0.873578 0.6777799999999999 0.877969 0.678995 0.8820779999999999
50 0.6234580000000001 0.876938 0.62507 0.8760939999999999 0.624439 0.8724529999999999 0.621238 0.867516 0.618341 0.863453 0.61257 0.862594 0.6103270000000001 0.865594 0.6116119999999999 0.8677339999999999 0.610981 0.8724529999999999 0.615771 0.8724529999999999 0.620257 0.8767340000000001 0.6234580000000001 0.876938
50 0.265421 0.8924839999999999 0.269766 0.8847340000000001 0.264953 0.872781 0.266869 0.865344 0.253364 0.8647030000000001 0.24756999999999998 0.870844 0.239836 0.878922 0.23789700000000003 0.8898910000000001 0.243692 0.8995939999999999 0.243201 0.898625 0.262056 0.900234 0.265421 0.8924839999999999