13 0.8145939999999999 0.985167 0.817469 0.995771 0.821922 1 0.8502810000000001 0.9996039999999999 0.851234 0.9868539999999999 0.854734 0.899792 0.855063 0.87175 0.853781 0.862396 0.847094 0.8556039999999999 0.847734 0.833521 0.846781 0.803354 0.846453 0.7974169999999999 0.842 0.796146 0.8330780000000001 0.796563 0.831484 0.8458330000000001 0.8282970000000001 0.849229 0.8209690000000001 0.859437 0.8187340000000001 0.8666459999999999 0.817141 0.957125 0.8145939999999999 0.985167
13 0.9693590000000001 0.896771 0.9935470000000001 0.8989170000000001 0.996781 0.782792 0.9903280000000001 0.754833 0.9935470000000001 0.729042 0.9822660000000001 0.729042 0.9822660000000001 0.765583 0.9677339999999999 0.7785 0.964516 0.8215 0.9661250000000001 0.8989170000000001 0.9693590000000001 0.896771
24 0.478594 0.631896 0.45770299999999997 0.631896 0.417563 0.6361880000000001 0.370984 0.659729 0.385437 0.717542 0.409531 0.745396 0.417563 0.756104 0.423984 0.7775 0.433625 0.803208 0.44165599999999994 0.839604 0.451281 0.8845829999999999 0.45770299999999997 0.935958 0.48660899999999996 0.9573750000000001 0.605453 0.9595210000000001 0.648828 0.933833 0.664875 0.908125 0.6889689999999999 0.886708 0.701813 0.863167 0.695391 0.833187 0.629547 0.768937 0.626344 0.756104 0.611891 0.700417 0.626344 0.657604 0.658453 0.578375 0.481797 0.625479 0.539609 0.7218330000000001 0.478594 0.631896
50 0.099 1 0.266781 0.987 0.270141 0.9512079999999999 0.291953 0.691688 0.350672 0.671563 0.389266 0.7677499999999999 0.382547 1 0.419469 0.995938 0.417781 0.9601459999999999 0.456375 0.662604 0.429531 0.635771 0.322141 0.633521 0.322141 0.602208 0.332219 0.5485209999999999 0.3255 0.541813 0.310406 0.5239170000000001 0.315437 0.506021 0.308719 0.49929199999999996 0.302016 0.454562 0.342281 0.452313 0.350672 0.42100000000000004 0.332219 0.374021 0.3255 0.369542 0.291953 0.371792 0.24832800000000002 0.427708 0.228187 0.394146 0.253359 0.320333 0.253359 0.262167 0.244969 0.208479 0.197984 0.183875 0.167781 0.188333 0.142625 0.217417 0.139266 0.284542 0.154359 0.318083 0.0805312 0.35612499999999997 0.055374999999999994 0.432188 0.043625000000000004 0.718542 0.0738281 0.821458 0.0939531 0.995938 0.099 1
50 0.733437 0.862667 0.765109 0.866104 0.761688 0.8558129999999999 0.738578 0.777083 0.6786719999999999 0.749688 0.743719 0.708604 0.7916559999999999 0.7200209999999999 0.8250310000000001 0.7599579999999999 0.8267340000000001 0.8238749999999999 0.8301719999999999 0.8113119999999999 0.828453 0.723437 0.8044840000000001 0.6800630000000001 0.777953 0.658396 0.763406 0.6207290000000001 0.730031 0.5785 0.740281 0.549979 0.7368750000000001 0.503167 0.712047 0.471229 0.6786719999999999 0.490625 0.6743750000000001 0.526 0.682094 0.56025 0.670109 0.56025 0.636719 0.6070209999999999 0.639297 0.6846460000000001 0.636719 0.730271 0.647844 0.782771 0.6632659999999999 0.810167 0.709484 0.843271 0.733437 0.869521 0.733437 0.862667
54 0.314141 0.40925 0.335547 0.41725 0.349688 0.415542 0.359109 0.397833 0.35225 0.385854 0.341125 0.381292 0.334703 0.381854 0.333406 0.383563 0.321844 0.392125 0.305156 0.396125 0.301719 0.400688 0.314141 0.40925
54 0.746391 0.625333 0.749437 0.623583 0.749156 0.618188 0.747844 0.615104 0.745969 0.612979 0.747563 0.610083 0.748578 0.608521 0.747125 0.606396 0.743359 0.604667 0.739594 0.606792 0.735969 0.615104 0.736406 0.621667 0.739016 0.628625 0.740453 0.627271 0.746391 0.625333
79 0.915625 0.74325 0.894781 0.740479 0.8919219999999999 0.751583 0.8898440000000001 0.7696459999999999 0.891656 0.781458 0.9039059999999999 0.795354 0.9 0.822792 0.896875 0.8234790000000001 0.893484 0.8234790000000001 0.8903589999999999 0.8241879999999999 0.888797 0.828 0.888797 0.832854 0.889062 0.837375 0.890094 0.8405 0.895562 0.843292 0.901563 0.844333 0.9075469999999999 0.844333 0.910937 0.838417 0.910156 0.833917 0.9054690000000001 0.8283539999999999 0.905734 0.821396 0.908078 0.7939579999999999 0.913016 0.789104 0.916938 0.779375 0.916938 0.765833 0.9153589999999999 0.746021 0.915625 0.74325
79 0.9475469999999999 0.829542 0.950422 0.8364170000000001 0.951562 0.8387290000000001 0.9441090000000001 0.842542 0.941234 0.847917 0.9532809999999999 0.8517290000000001 0.9636250000000001 0.8517290000000001 0.965344 0.846375 0.964766 0.841792 0.9590310000000001 0.8371879999999999 0.964203 0.828771 0.965344 0.817292 0.965344 0.808104 0.965344 0.801208 0.967062 0.7905 0.969938 0.781312 0.969938 0.77825 0.965344 0.770583 0.96075 0.769833 0.955016 0.769833 0.948687 0.769833 0.945828 0.769833 0.9429529999999999 0.769833 0.939516 0.7774789999999999 0.941234 0.808875 0.9475469999999999 0.829542
26 0.8554999999999999 0.8806879999999999 0.8523910000000001 0.970938 0.858094 0.969917 0.865359 0.889333 0.864312 0.8796459999999999 0.857047 0.8796459999999999 0.8554999999999999 0.8806879999999999
12 0.893797 0.399875 0.896109 0.334729 0.885609 0.333896 0.885203 0.333896 0.882047 0.398771 0.893797 0.399875
12 0.8745939999999999 0.42854200000000003 0.873094 0.456104 0.872344 0.5112289999999999 0.88475 0.51325 0.8869999999999999 0.47514599999999996 0.8866250000000001 0.427021 0.8745939999999999 0.426521 0.8745939999999999 0.42854200000000003
12 0.9001089999999999 0.6253960000000001 0.8786250000000001 0.5565 0.870703 0.5565 0.894844 0.6258959999999999 0.9001089999999999 0.6253960000000001
12 0.8652029999999999 0.649417 0.888844 0.6421250000000001 0.873422 0.635479 0.8560000000000001 0.639792 0.854266 0.707812 0.8535159999999999 0.7081459999999999 0.862719 0.7137709999999999 0.8652029999999999 0.649417
12 0.814641 0.424667 0.8121409999999999 0.5011249999999999 0.819672 0.50325 0.8224220000000001 0.488625 0.822875 0.44995799999999997 0.825609 0.437458 0.827437 0.430458 0.832234 0.424063 0.814875 0.425583 0.814641 0.424667
12 0.890578 0.618854 0.870031 0.558208 0.861969 0.5631039999999999 0.886172 0.628646 0.892047 0.6217919999999999 0.890578 0.618854
12 0.899297 0.919375 0.8831089999999999 0.9171250000000001 0.887312 0.928063 0.9505779999999999 0.9639380000000001 0.988203 0.944875 0.9880000000000001 0.9291870000000001 0.9493280000000001 0.9101250000000001 0.949531 0.9252710000000001 0.9465939999999999 0.9272290000000001 0.898875 0.919104 0.899297 0.919375
12 0.9444060000000001 0.8611249999999999 0.8878590000000001 0.855229 0.8755000000000001 0.857979 0.921734 0.8744580000000001 0.9444060000000001 0.8611249999999999
12 0.789609 0.561125 0.789297 0.568083 0.790547 0.571021 0.833484 0.582812 0.834422 0.5687080000000001 0.788656 0.559229 0.789609 0.561125
12 0.886984 0.429812 0.884844 0.5131669999999999 0.8916869999999999 0.514292 0.895109 0.431521 0.886984 0.429812
12 0.9128590000000001 0.649813 0.8723280000000001 0.633771 0.8545159999999999 0.640313 0.8545159999999999 0.708604 0.906172 0.735917 0.9128590000000001 0.649813
12 0.904672 0.625042 0.907438 0.624583 0.888359 0.5644170000000001 0.881062 0.561188 0.9025779999999999 0.628271 0.904672 0.625042
54 0.798391 0.645625 0.786875 0.645896 0.779875 0.656042 0.779469 0.656875 0.780094 0.6571459999999999 0.791391 0.6653749999999999 0.797156 0.655229 0.798391 0.645625
54 0.765891 0.699104 0.776594 0.698271 0.776594 0.694167 0.764875 0.693625 0.765891 0.699104
54 0.951984 0.836771 0.9007970000000001 0.793396 0.8903589999999999 0.8035 0.938078 0.845208 0.951984 0.836771
54 0.7691410000000001 0.859 0.776547 0.853625 0.782141 0.854833 0.7870779999999999 0.858417 0.792906 0.8658750000000001 0.797156 0.8649789999999999 0.795359 0.860208 0.789094 0.8521249999999999 0.772062 0.841979 0.761531 0.847958 0.7617499999999999 0.851833 0.768469 0.858708 0.7691410000000001 0.859
54 0.8293440000000001 0.849292 0.811937 0.840479 0.803219 0.837313 0.794781 0.836958 0.793453 0.845417 0.793984 0.849292 0.799797 0.8545630000000001 0.8100780000000001 0.859833 0.81325 0.862313 0.8172029999999999 0.864062 0.823016 0.8527920000000001 0.8293440000000001 0.849292
12 0.799922 0.688896 0.802297 0.689354 0.807391 0.628667 0.8226720000000001 0.625958 0.8216559999999999 0.621875 0.803984 0.625042 0.799922 0.688896