22 0.6190829999999999 0.262797 0.613333 0.263422 0.613333 0.265266 0.617437 0.273297 0.617437 0.282562 0.6166250000000001 0.294922 0.610042 0.30356299999999997 0.605917 0.313437 0.6001460000000001 0.32393700000000003 0.593563 0.332594 0.591917 0.335062 0.601792 0.341859 0.628146 0.349875 0.644625 0.352969 0.652021 0.352344 0.647917 0.34617200000000004 0.644625 0.343094 0.684146 0.343094 0.6792079999999999 0.344938 0.671792 0.352969 0.684146 0.354203 0.689896 0.3505 0.6997920000000001 0.344938 0.708021 0.342469 0.735187 0.335672 0.74425 0.331359 0.7524789999999999 0.32640600000000003 0.764021 0.325172 0.764021 0.335062 0.762375 0.380766 0.773896 0.380141 0.779667 0.32393700000000003 0.779667 0.319 0.775542 0.314672 0.769771 0.30356299999999997 0.761542 0.290594 0.7450829999999999 0.280094 0.731083 0.273922 0.694021 0.265266 0.669312 0.262188 0.6199169999999999 0.259719 0.6190829999999999 0.262797
27 0.240437 0.37728100000000003 0.259167 0.381953 0.262292 0.39601600000000003 0.249812 0.405375 0.262292 0.419438 0.281021 0.419438 0.29352100000000003 0.419438 0.30602100000000004 0.419438 0.30602100000000004 0.435828 0.296646 0.45221900000000004 0.277917 0.461578 0.21545799999999998 0.43114100000000005 0.187354 0.419438 0.15612499999999999 0.37728100000000003 0.003125 0.374938 0.003125 0.9885160000000001 0.9961040000000001 0.9885160000000001 0.9961040000000001 0.381953 0.240437 0.37728100000000003
27 0.491542 0.136516 0.488042 0.183828 0.540625 0.179891 0.540625 0.143078 0.558146 0.135187 0.572167 0.127312 0.5704170000000001 0.111531 0.594958 0.0826094 0.615979 0.0891875 0.619479 0.10890599999999999 0.601958 0.123359 0.605458 0.140453 0.8122710000000001 0.136516 0.810521 0.119422 0.79125 0.0983906 0.736917 0.06026560000000001 0.714125 0.0589531 0.710625 0.0629062 0.707125 0.0944531 0.680833 0.0997031 0.619479 0.0997031 0.619479 0.0918125 0.603708 0.0747344 0.601958 0.0576406 0.475771 0.0576406 0.468771 0.0589531 0.488042 0.124672 0.491542 0.136516
44 0.692729 0.0016718796875 0.691625 0.014921899999999998 0.688312 0.048875 0.7059789999999999 0.0364531 0.72475 0.0414219 0.7103959999999999 0.05882810000000001 0.734687 0.059656299999999995 0.753479 0.0811875 0.794333 0.0985781 0.818625 0.0795312 0.814208 0.0546875 0.797646 0.0513594 0.797646 0.0372813 0.8230419999999999 0.0281719 0.826354 0.0033281203125 0.768937 0.0016718796875 0.766729 0.0198906 0.692729 0.0016718796875
50 0.284 0.455047 0.328854 0.45728099999999994 0.269063 0.392266 0.23916700000000002 0.369844 0.5261669999999999 0.38778100000000004 0.565021 0.369844 0.562042 0.329484 0.600896 0.336203 0.603896 0.246531 0.511208 0.172531 0.496271 0.154594 0.484312 0.08957810000000001 0.439458 0.015578100000000001 0.349771 0.002125 0.230187 0.0223125 0.21525 0.0492187 0.21225 0.123203 0.221229 0.20617200000000002 0.260083 0.217375 0.221229 0.251016 0.18235400000000002 0.300344 0.152458 0.351906 0.152458 0.412437 0.21525 0.450563 0.278021 0.461766 0.284 0.455047
62 0.437458 0.808984 0.40449999999999997 0.849437 0.437458 0.8943749999999999 0.518354 0.8898910000000001 0.590271 0.876406 0.7910210000000001 0.8022500000000001 0.8059999999999999 0.7955 0.779021 0.7820159999999999 0.611229 0.820219 0.611229 0.824719 0.530333 0.7955 0.437458 0.808984
62 0.78725 0.622672 0.792583 0.621328 0.797333 0.613328 0.792583 0.607094 0.767687 0.59775 0.697104 0.575516 0.678708 0.560828 0.663292 0.5354840000000001 0.647271 0.5207970000000001 0.61525 0.5110159999999999 0.58975 0.511906 0.5654170000000001 0.523906 0.560083 0.53725 0.5654170000000001 0.5474840000000001 0.5749169999999999 0.5555 0.590938 0.5612809999999999 0.598646 0.569734 0.606354 0.574172 0.643125 0.583516 0.6745629999999999 0.588422 0.709562 0.598641 0.783687 0.622672 0.78725 0.622672
14 0.500375 0.938703 0.547125 0.932391 0.622854 0.8882030000000001 0.637813 0.8622500000000001 0.6425 0.8510310000000001 0.802396 0.799844 0.802396 0.788625 0.793979 0.7795 0.765 0.782312 0.640625 0.8187810000000001 0.640625 0.7977339999999999 0.61725 0.7647660000000001 0.586396 0.741625 0.5517920000000001 0.720594 0.511583 0.719187 0.45829200000000003 0.718484 0.41808300000000004 0.726203 0.383479 0.747234 0.35635399999999995 0.766875 0.342333 0.788625 0.33391699999999996 0.821578 0.335792 0.8615470000000001 0.36104200000000003 0.894516 0.37318799999999996 0.901531 0.431167 0.9302809999999999 0.500375 0.938703
14 0.596729 0.41467200000000004 0.611208 0.430969 0.6166459999999999 0.436406 0.643812 0.443187 0.672792 0.444547 0.692708 0.440484 0.705375 0.43232799999999993 0.719875 0.41467200000000004 0.734354 0.403813 0.7379789999999999 0.392937 0.7379789999999999 0.38207800000000003 0.732542 0.371219 0.70175 0.360344 0.672792 0.350844 0.645625 0.349484 0.629333 0.348125 0.605792 0.350844 0.5894790000000001 0.360344 0.576813 0.379359 0.575 0.380719 0.5912919999999999 0.399734 0.596729 0.41467200000000004
14 0.405646 0.27967200000000003 0.428167 0.29 0.439417 0.304063 0.5295 0.296563 0.542021 0.27123400000000003 0.558271 0.236516 0.569542 0.199922 0.5707920000000001 0.188656 0.52075 0.199922 0.453188 0.20835900000000002 0.371875 0.22431199999999998 0.355604 0.229 0.37062500000000004 0.236516 0.405646 0.27967200000000003
14 0.5513119999999999 0.6966249999999999 0.629208 0.674156 0.6951250000000001 0.620219 0.701125 0.564047 0.6591670000000001 0.5280940000000001 0.5932499999999999 0.512359 0.524354 0.512359 0.434458 0.521344 0.383521 0.534828 0.33558299999999996 0.5662969999999999 0.29362499999999997 0.6045 0.29064599999999996 0.635953 0.29362499999999997 0.676406 0.377521 0.712359 0.467417 0.716859 0.60525 0.689891 0.5513119999999999 0.6966249999999999