69 0.52486 0.358149 0.51474 0.3221 0.52844 0.293452 0.51652 0.293452 0.51176 0.306192 0.50698 0.312562 0.50102 0.293452 0.48494 0.269075 0.49446 0.32 0.4909 0.371957 0.48672 0.437722 0.49984 0.438754 0.51414 0.44726 0.53202 0.445125 0.52486 0.358149
69 0.48104 0.672206 0.49788 0.704875 0.5017 0.683096 0.5063 0.674947 0.5307799999999999 0.679004 0.53842 0.649075 0.53766 0.609609 0.50858 0.609609 0.50476 0.595979 0.51242 0.55516 0.4887 0.546975 0.48104 0.672206
50 0.32458 0.559537 0.36119999999999997 0.579786 0.35994 0.61573 0.3511 0.660676 0.33342 0.71911 0.32962 0.782028 0.31445999999999996 0.889893 0.3132 0.921352 0.33594 0.9595370000000001 0.35614 0.9842700000000001 0.47234 0.9842700000000001 0.47234 0.973025 0.49001999999999996 0.764057 0.50516 0.6898930000000001 0.52032 0.696619 0.53674 0.667402 0.5670599999999999 0.606726 0.5695800000000001 0.620214 0.55568 0.656192 0.5834600000000001 0.687651 0.58474 0.667402 0.60746 0.638185 0.64408 0.577544 0.6529400000000001 0.510107 0.6403 0.411246 0.62136 0.296619 0.58474 0.251673 0.55316 0.240463 0.56326 0.177544 0.56452 0.155053 0.586 0.116868 0.57462 0.060676199288256225 0.55822 0.02697509964412811 0.5278999999999999 0.02697509964412811 0.514 0.02697509964412811 0.49886 0.029217099644128115 0.48244 0.04494660142348754 0.47234 0.09661919928825623 0.4698 0.110107 0.46222 0.13708199999999998 0.4635 0.166299 0.43698000000000004 0.202242 0.3511 0.251673 0.3271 0.33708200000000005 0.3132 0.435943 0.30688 0.478648 0.30562 0.51911 0.31445999999999996 0.557295 0.32458 0.559537
50 0.06978 0.394484 0.05836 0.408007 0.049479999999999996 0.435089 0.038060000000000004 0.509609 0.0368 0.5773309999999999 0.03552 0.608932 0.03552 0.658577 0.03932 0.665338 0.0482 0.6901780000000001 0.04568 0.73758 0.02918 0.800783 0.0444 0.8865839999999999 0.054560000000000004 0.8865839999999999 0.05836 0.8391810000000001 0.06724 0.8391810000000001 0.07612000000000001 0.8843059999999999 0.09895999999999999 0.8865839999999999 0.11544 0.8865839999999999 0.09642 0.825623 0.08245999999999999 0.794021 0.10022 0.683416 0.09895999999999999 0.622456 0.09514 0.579573 0.10276 0.566014 0.12178 0.579573 0.12432 0.579573 0.13448 0.547972 0.15224000000000001 0.545694 0.15730000000000002 0.525409 0.13828000000000001 0.509609 0.10148 0.45089 0.10656 0.38996400000000003 0.10784 0.349324 0.09008 0.338043 0.0685 0.34256200000000003 0.06978 0.360605 0.06978 0.374164 0.06978 0.394484
36 0.56936 0.686121 0.5583400000000001 0.686121 0.55668 0.674377 0.5555800000000001 0.645943 0.55888 0.626335 0.55504 0.6224200000000001 0.54512 0.623381 0.54126 0.6380779999999999 0.5341 0.675338 0.5274800000000001 0.680249 0.50104 0.684164 0.49827999999999995 0.7145549999999999 0.49168 0.734164 0.49112 0.7831670000000001 0.48175999999999997 0.852776 0.4746 0.907687 0.47293999999999997 0.9478649999999998 0.47074 0.990996 0.49001999999999996 0.9939500000000001 0.54346 0.9959070000000001 0.5947 0.9939500000000001 0.6062799999999999 0.9566899999999999 0.6079199999999999 0.9341640000000001 0.60076 0.8772949999999999 0.59856 0.8057300000000001 0.5947 0.7498579999999999 0.59414 0.6969040000000001 0.5869800000000001 0.690036 0.56936 0.686121
18 0.8469800000000001 0.7464770000000001 0.94904 0.64032 0.94638 0.34786500000000004 0.8377 0.352598 0.8469800000000001 0.7464770000000001
18 0.26976 0.804698 0.2539 0.84 0.242 0.865872 0.26314 0.910605 0.24331999999999998 0.9482210000000001 0.24331999999999998 0.9717790000000001 0.26580000000000004 0.985872 0.29356 0.9882210000000001 0.35306 0.9835229999999999 0.3372 0.9576510000000001 0.32 0.927046 0.31604000000000004 0.901174 0.33456 0.738826 0.34248 0.7246980000000001 0.2896 0.767046 0.26976 0.804698
18 0.852 0.9234880000000001 0.955 0.928826 0.946 0.651246 0.849 0.754448 0.852 0.9234880000000001
18 0.15854 0.5019220000000001 0.1377 0.46647700000000003 0.1039 0.46320300000000003 0.10158 0.475552 0.10528 0.500285 0.11362 0.53573 0.12287999999999999 0.57363 0.13122 0.5620999999999999 0.13168000000000002 0.560463 0.13122 0.55879 0.16040000000000001 0.527473 0.15854 0.5019220000000001
50 0.16558 0.469715 0.17178 0.587972 0.17443999999999998 0.6573669999999999 0.17976 0.723238 0.20456 0.743737 0.21253999999999998 0.7532030000000001 0.20546 0.838363 0.19926 0.945302 0.19748 0.9941989999999999 0.24444 1 0.25596 0.927972 0.2666 0.9437369999999999 0.27458 1 0.34636 0.995587 0.34016 0.959324 0.31357999999999997 0.921495 0.3118 0.900996 0.31154000000000004 0.8907120000000001 0.28708 0.892171 0.27402 0.934235 0.26098000000000005 0.9226330000000001 0.25038 0.8994310000000001 0.24630000000000002 0.857331 0.2626 0.8167260000000001 0.27566 0.792028 0.28708 0.757224 0.29196 0.713701 0.28952 0.638221 0.29114 0.591815 0.2936 0.395907 0.28952 0.372705 0.29522000000000004 0.32306 0.2936 0.278078 0.29848 0.22295399999999999 0.29604 0.193915 0.3148 0.18669 0.32132 0.179431 0.32702 0.154769 0.32132 0.08423490035587188 0.30338 0.05811390035587189 0.2887 0.05519570106761566 0.27484 0.06391460142348755 0.26424000000000003 0.06971529893238433 0.25446 0.08131670106761567 0.25038 0.140819 0.25038 0.168399 0.24956 0.18580100000000002 0.24466 0.204662 0.21612 0.226441 0.20634 0.242384 0.19216 0.264733 0.1709 0.349893 0.16558 0.469715
18 0 0.773701 0.012539999999999999 0.763559 0.02846 0.741317 0.02732 0.69879 0.03982 0.688683 0.03982 0.646192 0.03756 0.6158359999999999 0.01822 0.555125 0 0.555125 0 0.773701