56 0.305063 0.44008299999999995 0.28482799999999997 0.431083 0.279781 0.431083 0.27303099999999997 0.437833 0.271344 0.46929200000000004 0.281453 0.5142289999999999 0.310109 0.563667 0.320219 0.5793959999999999 0.32190599999999997 0.613104 0.335391 0.6310830000000001 0.347187 0.646813 0.360672 0.714229 0.42303100000000005 0.9209790000000001 0.42809400000000003 0.923229 0.42809400000000003 0.8985 0.384266 0.745688 0.385953 0.7434379999999999 0.438203 0.844562 0.439891 0.840083 0.42134400000000005 0.759167 0.384266 0.676021 0.35225 0.583896 0.35562499999999997 0.5704170000000001 0.35562499999999997 0.547937 0.328656 0.426583 0.305063 0.44008299999999995
50 0.0792188 0.31066699999999997 0.0910156 0.297187 0.10112499999999999 0.285958 0.09775 0.258979 0.0893281 0.223042 0.09775 0.20281200000000002 0.102813 0.19606300000000002 0.09775 0.171354 0.0842656 0.171354 0.0792188 0.151125 0.107859 0.10618799999999999 0.0960625 0.0792083 0.0893281 0.06797919999999999 0.0606719 0.0747292 0.055625 0.0971875 0.0572969 0.13539600000000002 0.062359399999999995 0.151125 0.0337031 0.166854 0.020218800000000002 0.211792 0.0168594 0.263479 0.0320156 0.34437500000000004 0.0370781 0.357875 0.06404689999999999 0.396063 0.0724687 0.418542 0.07584379999999999 0.420792 0.0657344 0.396063 0.0707812 0.333146 0.0792188 0.31066699999999997
50 0.517422 0.689896 0.551125 0.622479 0.525844 0.555063 0.493813 0.532583 0.451687 0.539333 0.438203 0.5955 0.4280939999999999 0.644937 0.412922 0.656188 0.385953 0.624729 0.364047 0.5775209999999998 0.353938 0.5775209999999998 0.35225 0.60675 0.42640599999999995 0.777521 0.537641 0.775271 0.532578 0.705625 0.517422 0.689896
50 0.44157799999999997 0.840458 0.409547 0.817979 0.431453 0.9213539999999999 0.411234 0.871917 0.40112500000000006 0.9213539999999999 0.42471899999999996 0.950562 0.453375 0.907875 0.476969 1 0.527531 0.99775 0.515734 0.849438 0.534266 0.808979 0.433141 0.813479 0.44157799999999997 0.840458
50 0.144187 0.709396 0.146906 0.6877289999999999 0.155938 0.670875 0.163156 0.673271 0.176703 0.6877289999999999 0.192062 0.7082080000000001 0.196578 0.729875 0.202 0.757583 0.204703 0.773229 0.286 0.775646 0.289609 0.767208 0.297734 0.758771 0.297734 0.750354 0.297734 0.745542 0.292313 0.729875 0.285094 0.719042 0.280578 0.713021 0.27425 0.697354 0.267031 0.682917 0.258891 0.657625 0.254375 0.641958 0.249859 0.627521 0.243547 0.616687 0.24173400000000003 0.60825 0.243547 0.592583 0.24264099999999997 0.562479 0.24173400000000003 0.542021 0.236313 0.52275 0.23542199999999996 0.517938 0.23270299999999997 0.510708 0.230906 0.510708 0.22276599999999996 0.5095 0.202 0.519125 0.166766 0.538396 0.16225 0.546833 0.164062 0.573333 0.163156 0.582958 0.169484 0.599813 0.171281 0.602229 0.171281 0.617875 0.168578 0.637146 0.164062 0.654 0.16225 0.656417 0.149609 0.654 0.131547 0.661229 0.126125 0.688937 0.126125 0.703375 0.120703 0.729875 0.120703 0.746729 0.16225 0.741917 0.16225 0.728667 0.147812 0.715417 0.144187 0.709396
50 0.258 0.980354 0.258 0.940625 0.253484 0.887625 0.287797 0.869563 0.284187 0.859937 0.297734 0.841875 0.287797 0.8190000000000001 0.208312 0.821396 0.22185899999999997 0.998417 0.252578 0.999625 0.258 0.980354
50 0.0675625 0.35022899999999996 0.0641875 0.404271 0.0777031 0.528146 0.0844531 0.7128329999999999 0.123313 0.778146 0.153719 0.978604 0.21959399999999998 0.9876039999999999 0.21453099999999997 0.8051879999999999 0.135141 0.751125 0.133453 0.685813 0.145266 0.652021 0.158781 0.636271 0.158781 0.62725 0.153719 0.5551879999999999 0.128375 0.523646 0.138516 0.487604 0.179047 0.483104 0.20776599999999998 0.485354 0.23142200000000002 0.478604 0.22465600000000002 0.45383300000000004 0.20607799999999998 0.411042 0.192562 0.347979 0.1875 0.305188 0.184125 0.27589600000000003 0.173984 0.24437499999999998 0.158781 0.228604 0.148656 0.212833 0.130062 0.199333 0.111484 0.199333 0.0962812 0.206083 0.103047 0.264646 0.103047 0.302937 0.12162500000000001 0.323208 0.0675625 0.35022899999999996
50 0.23325 0.171021 0.21385900000000002 0.187354 0.199563 0.24316700000000002 0.186297 0.318042 0.21590600000000001 0.436458 0.24142199999999997 0.508604 0.25060899999999997 0.561688 0.265922 0.557604 0.261844 0.5344580000000001 0.282266 0.515417 0.294516 0.508604 0.29348399999999997 0.452792 0.29348399999999997 0.421479 0.27307800000000004 0.37279199999999996 0.260828 0.334667 0.268984 0.292479 0.277156 0.229854 0.275109 0.20912499999999998 0.253672 0.169667 0.23325 0.171021
50 0.202813 0.228729 0.210594 0.190188 0.21170300000000003 0.166458 0.203922 0.16793699999999998 0.176125 0.16793699999999998 0.165016 0.166458 0.148328 0.142729 0.12385900000000001 0.124937 0.107187 0.121979 0.0793906 0.142729 0.0871719 0.179792 0.10051600000000001 0.18425 0.104969 0.193146 0.106078 0.19908299999999998 0.121641 0.19908299999999998 0.14943800000000002 0.219833 0.166125 0.24800000000000003 0.177234 0.26579200000000003 0.183906 0.28062499999999996 0.185016 0.282104 0.18725 0.282104 0.191688 0.296917 0.19392199999999998 0.267271 0.202813 0.228729
50 0.267484 0.107875 0.274359 0.134042 0.294969 0.161521 0.297906 0.173292 0.275344 0.199458 0.28025 0.221708 0.275344 0.257021 0.271406 0.294958 0.275344 0.304125 0.295938 0.343375 0.31360899999999997 0.36822900000000003 0.323422 0.386542 0.337156 0.38393700000000003 0.348938 0.369542 0.374437 0.344687 0.373453 0.322438 0.380328 0.30804200000000004 0.393078 0.2675 0.380328 0.266187 0.372484 0.247875 0.368547 0.208625 0.366594 0.189 0.369531 0.164125 0.38523399999999997 0.1445 0.377391 0.136667 0.359719 0.141896 0.349906 0.136667 0.356781 0.126188 0.348938 0.1105 0.343047 0.102646 0.34500000000000003 0.0974167 0.336172 0.07779169999999999 0.315563 0.0647083 0.289078 0.0738542 0.269453 0.102646 0.267484 0.107875
50 0.46807800000000005 0.190354 0.47378099999999995 0.195688 0.478344 0.203292 0.480625 0.21772899999999998 0.486906 0.24587499999999998 0.49317200000000005 0.256521 0.49887499999999996 0.266396 0.508 0.280083 0.509719 0.286167 0.519984 0.277812 0.531391 0.275521 0.553625 0.276292 0.5553440000000001 0.27325 0.553625 0.255 0.550203 0.222292 0.5251089999999999 0.20556300000000002 0.514844 0.194167 0.514844 0.183521 0.519406 0.171354 0.513141 0.12420800000000001 0.508 0.11052100000000001 0.492031 0.104438 0.480063 0.113562 0.466937 0.12725 0.46409399999999995 0.15462499999999998 0.46807800000000005 0.182 0.465234 0.190354 0.46807800000000005 0.190354
50 0.434328 0.18712499999999999 0.418234 0.206646 0.41456299999999996 0.229083 0.413828 0.251521 0.416031 0.26325 0.41456299999999996 0.27299999999999996 0.41456299999999996 0.283729 0.418234 0.29056299999999996 0.41676599999999997 0.295458 0.399922 0.310083 0.389688 0.335458 0.374312 0.385229 0.356734 0.43012500000000004 0.33551600000000004 0.460375 0.330391 0.491625 0.334781 0.512104 0.342828 0.515042 0.381625 0.47404199999999996 0.41529699999999997 0.401833 0.42115600000000003 0.405729 0.418953 0.42818700000000004 0.418953 0.47210399999999997 0.42920299999999995 0.545292 0.439453 0.586292 0.440188 0.576521 0.450437 0.538458 0.45921900000000004 0.531625 0.474594 0.5287080000000001 0.491422 0.529687 0.506062 0.534562 0.511922 0.5394380000000001 0.516312 0.522854 0.514844 0.507229 0.508266 0.507229 0.506062 0.495521 0.508984 0.488687 0.514109 0.487708 0.514844 0.501375 0.523625 0.487708 0.519969 0.483812 0.511188 0.47210399999999997 0.5031410000000001 0.454521 0.495078 0.441833 0.486297 0.43012500000000004 0.48556299999999997 0.410604 0.482641 0.389146 0.47385900000000003 0.358896 0.48556299999999997 0.315938 0.49874999999999997 0.295458 0.511922 0.284708 0.500938 0.26910399999999995 0.489953 0.254458 0.458484 0.186146 0.44749999999999995 0.184188 0.434328 0.18712499999999999
50 0.670781 0.752812 0.679219 0.719104 0.684266 0.728083 0.707859 0.734833 0.716297 0.716854 0.719656 0.703375 0.717984 0.678646 0.724719 0.658417 0.729781 0.638208 0.734828 0.629208 0.738203 0.615729 0.746625 0.5730419999999999 0.753375 0.608979 0.746625 0.649438 0.729781 0.6876459999999999 0.738203 0.698875 0.738203 0.732583 0.723031 0.764042 0.776969 0.764042 0.782016 0.743812 0.783703 0.6943749999999999 0.783703 0.649438 0.8022500000000001 0.608979 0.803937 0.548312 0.803937 0.48089600000000005 0.808984 0.415729 0.793813 0.350562 0.744938 0.312354 0.729781 0.278646 0.729781 0.249438 0.712922 0.20225 0.653937 0.191021 0.643813 0.211229 0.637078 0.240458 0.633703 0.278646 0.616859 0.294375 0.605063 0.325833 0.608422 0.36404200000000003 0.6 0.391021 0.584828 0.426958 0.573031 0.453937 0.567984 0.494375 0.564609 0.564042 0.5545 0.624729 0.564609 0.676396 0.583141 0.6966249999999999 0.601687 0.766292 0.642141 0.759542 0.670781 0.752812
50 0.713734 0.20047900000000002 0.716437 0.207687 0.726562 0.23108299999999998 0.7306090000000001 0.25179199999999996 0.729938 0.276104 0.738703 0.301292 0.7731410000000001 0.33460399999999996 0.775828 0.301292 0.787312 0.278792 0.7900159999999999 0.213083 0.754906 0.166292 0.771109 0.131187 0.767734 0.107771 0.769078 0.0852708 0.739375 0.0897708 0.7272339999999999 0.110479 0.7224999999999999 0.130292 0.714406 0.166292 0.6847030000000001 0.17529199999999998 0.679297 0.194187 0.713734 0.20047900000000002
50 0.69775 0.173042 0.723031 0.155063 0.733141 0.114604 0.733141 0.0696667 0.723031 0.0584167 0.701125 0.0471875 0.6893279999999999 0.0584167 0.687641 0.096625 0.687641 0.107875 0.6893279999999999 0.14381300000000002 0.69775 0.164042 0.675844 0.164042 0.6640469999999999 0.1955 0.69775 0.173042
36 0.8539220000000001 0.613437 0.838781 0.6638750000000001 0.8367660000000001 0.679333 0.862484 0.702875 0.9062189999999999 0.723854 0.9276249999999999 0.6769580000000001 0.9291560000000001 0.66575 0.9146409999999999 0.638229 0.873344 0.572979 0.8539220000000001 0.613437
9 0.809766 0.466062 0.806109 0.486563 0.8068440000000001 0.512896 0.807563 0.51875 0.814891 0.535333 0.8229219999999999 0.53825 0.8382970000000001 0.537271 0.846344 0.530458 0.8529220000000001 0.514833 0.8529220000000001 0.504104 0.8492660000000001 0.47191700000000003 0.843422 0.460208 0.839016 0.444625 0.83025 0.428042 0.817812 0.395833 0.811219 0.376333 0.809766 0.360729 0.798781 0.336333 0.782687 0.331458 0.7819689999999999 0.343167 0.789281 0.36462500000000003 0.799531 0.389979 0.8082969999999999 0.41925 0.8082969999999999 0.430958 0.8134219999999999 0.457292 0.809766 0.466062
50 0.368984 0.184771 0.366109 0.199125 0.37257799999999996 0.224021 0.380469 0.257521 0.386937 0.266125 0.39123399999999997 0.269958 0.384063 0.285292 0.374734 0.318792 0.376156 0.346542 0.36682800000000004 0.350375 0.338109 0.38387499999999997 0.333078 0.38483300000000004 0.325188 0.38483300000000004 0.340984 0.430792 0.341703 0.4375 0.354625 0.426958 0.37975 0.358042 0.394109 0.32547899999999996 0.395547 0.307292 0.41637500000000005 0.296771 0.414938 0.285292 0.414938 0.269687 0.414938 0.233333 0.416891 0.21514599999999998 0.424672 0.189188 0.464859 0.17416700000000002 0.438063 0.145583 0.423328 0.136646 0.41662499999999997 0.134854 0.399219 0.12770800000000002 0.38045300000000004 0.149146 0.369734 0.18310400000000002 0.368984 0.184771
56 0.7304999999999999 0.813083 0.734422 0.813083 0.731797 0.800875 0.7261409999999999 0.767167 0.724391 0.738687 0.7261409999999999 0.699167 0.720906 0.696854 0.718281 0.7015 0.716984 0.7125419999999999 0.71 0.704417 0.7043440000000001 0.704417 0.704781 0.709646 0.709141 0.721271 0.713922 0.738687 0.7152339999999999 0.755542 0.7195940000000001 0.770667 0.726562 0.817729 0.7304999999999999 0.813083