18 0.221406 0.64222 0.271797 0.636262 0.267828 0.614463 0.246609 0.608505 0.236 0.614463 0.21875 0.618435 0.208141 0.622383 0.208141 0.6303270000000001 0.221406 0.64222
18 0.15001599999999998 0.6187619999999999 0.154297 0.624276 0.156 0.635771 0.162828 0.6345090000000001 0.164828 0.6387619999999999 0.18190599999999998 0.639603 0.18190599999999998 0.646846 0.18731199999999998 0.645584 0.187609 0.651098 0.18959399999999998 0.6528039999999999 0.191594 0.643435 0.18875 0.619182 0.179344 0.600444 0.152859 0.6034349999999999 0.150594 0.603855 0.148031 0.609393 0.148313 0.617897 0.15001599999999998 0.6187619999999999
16 0.851172 0.818318 0.857734 0.818318 0.864766 0.821846 0.8713279999999999 0.819019 0.8764999999999998 0.809907 0.8769690000000001 0.801495 0.8994690000000001 0.78257 0.897125 0.695607 0.893375 0.683668 0.843672 0.67736 0.8295939999999999 0.685771 0.830531 0.836565 0.851172 0.818318
16 0.788797 0.687874 0.77425 0.694206 0.766281 0.70472 0.72125 0.72014 0.718906 0.7643220000000001 0.7175 0.774136 0.716562 0.833061 0.775656 0.864626 0.795828 0.858995 0.8066090000000001 0.858294 0.811297 0.855491 0.8136560000000002 0.849883 0.81975 0.838668 0.821625 0.836565 0.821625 0.6843690000000001 0.796297 0.693505 0.788797 0.687874
16 0.635687 0.6310749999999999 0.635687 0.6400699999999999 0.635687 0.651308 0.649219 0.655794 0.664234 0.655794 0.673266 0.655794 0.6822809999999999 0.655794 0.706313 0.653551 0.718344 0.653551 0.730359 0.653551 0.739375 0.649065 0.746891 0.642313 0.748406 0.6310749999999999 0.740891 0.599626 0.6417029999999999 0.6018690000000001 0.634188 0.6355839999999999 0.635687 0.6310749999999999
50 0.119953 0.759019 0.121438 0.746799 0.12156199999999999 0.7378969999999999 0.122922 0.718248 0.124156 0.7145330000000001 0.123797 0.7091590000000001 0.121313 0.707874 0.11523399999999999 0.71472 0.114375 0.7310279999999999 0.11510899999999999 0.759206 0.12093799999999999 0.76014 0.119953 0.759019
50 0.0832656 0.74014 0.09175 0.73993 0.0922813 0.738925 0.0902656 0.735093 0.0891875 0.72021 0.09 0.7175699999999999 0.0909375 0.709533 0.0922813 0.705491 0.0920156 0.70007 0.0887813 0.695234 0.0886406 0.69 0.08648439999999999 0.688388 0.0837969 0.689579 0.0850156 0.6954210000000001 0.0829844 0.696636 0.0819062 0.707921 0.0829844 0.717173 0.08339060000000001 0.7377100000000001 0.0832656 0.74014
50 0.10054700000000001 0.7423829999999999 0.10275000000000001 0.7425930000000001 0.1045 0.741051 0.10348399999999999 0.738645 0.103625 0.736028 0.10493699999999999 0.725958 0.105813 0.722897 0.106984 0.716986 0.10684400000000001 0.710864 0.10918699999999999 0.710421 0.10874999999999999 0.708014 0.10567200000000002 0.708014 0.105375 0.7064720000000001 0.10509399999999999 0.6999070000000001 0.1045 0.69729 0.10523400000000001 0.694883 0.10670299999999999 0.692477 0.10596900000000001 0.69028 0.104203 0.687874 0.10187500000000001 0.687664 0.10054700000000001 0.6900700000000001 0.10187500000000001 0.694883 0.0999687 0.6983879999999999 0.0990938 0.706051 0.0995313 0.714136 0.100109 0.7176400000000001 0.101281 0.723107 0.100406 0.732313 0.100406 0.743037 0.10054700000000001 0.7423829999999999
50 0.0705156 0.710514 0.0705156 0.7207709999999999 0.0788906 0.721893 0.0796562 0.709369 0.0788906 0.693411 0.0769844 0.679743 0.077375 0.671192 0.0712812 0.6746260000000001 0.0667031 0.682593 0.0667031 0.696262 0.0705156 0.710514
50 0.032984400000000004 0.6679440000000001 0.029718699999999997 0.6750470000000001 0.0306094 0.679042 0.027937499999999997 0.685701 0.0285313 0.6883640000000001 0.027046900000000002 0.693692 0.029125 0.6981310000000001 0.028828100000000002 0.723879 0.0341719 0.714556 0.033875 0.697687 0.0371406 0.691472 0.038625 0.6803739999999999 0.0359531 0.674603 0.0350625 0.676822 0.0356563 0.669276 0.032984400000000004 0.6679440000000001
50 0.27 0.612173 0.270766 0.607266 0.270984 0.601706 0.270984 0.596939 0.27185899999999996 0.59285 0.272625 0.588598 0.269344 0.583528 0.268031 0.585654 0.267484 0.5903970000000001 0.26671900000000004 0.59285 0.265844 0.594977 0.266062 0.598248 0.267047 0.6038319999999999 0.26671900000000004 0.611682 0.27 0.612173
50 0.011984400000000001 0.7185280000000001 0.013609399999999999 0.7176170000000001 0.0138125 0.712453 0.0138125 0.705444 0.015437500000000002 0.69965 0.016453100000000002 0.703014 0.016453100000000002 0.708481 0.016453100000000002 0.712453 0.0174844 0.715187 0.0193125 0.714579 0.0193125 0.713668 0.0195156 0.706963 0.0197188 0.6981310000000001 0.020328099999999998 0.6957009999999999 0.0199219 0.6868690000000001 0.018296899999999998 0.681075 0.0172813 0.679252 0.0174844 0.6777340000000001 0.0189062 0.6655369999999999 0.0150312 0.663411 0.0121875 0.668902 0.0115781 0.673458 0.0097343703125 0.6758879999999999 0.0097343703125 0.681379 0.0097343703125 0.687173 0.0103438 0.692944 0.0109531 0.698738 0.0109531 0.703925 0.0101406 0.711542 0.011984400000000001 0.7185280000000001
18 0.126562 0.604042 0.12346900000000001 0.6099530000000001 0.114156 0.611519 0.113281 0.613832 0.112594 0.619766 0.113281 0.626215 0.11604699999999998 0.628271 0.120875 0.629299 0.12450000000000001 0.629556 0.130187 0.628014 0.131922 0.625958 0.135875 0.625958 0.136406 0.601963 0.135531 0.601192 0.126562 0.604042
18 0.141922 0.6254439999999999 0.143641 0.6290420000000001 0.148125 0.63007 0.151234 0.628785 0.15175 0.627757 0.152438 0.624159 0.151234 0.621308 0.149859 0.618738 0.148125 0.616402 0.147266 0.61229 0.147094 0.609696 0.145547 0.609439 0.144844 0.607383 0.143297 0.6032479999999999 0.139672 0.602734 0.138813 0.603785 0.139844 0.623621 0.141922 0.6254439999999999
18 0.614422 0.6054440000000001 0.608625 0.607874 0.6056090000000001 0.614813 0.6081559999999999 0.624159 0.6287969999999999 0.628668 0.632266 0.617243 0.6378280000000001 0.616192 0.638062 0.608575 0.632266 0.598178 0.614656 0.5947199999999999 0.614422 0.6054440000000001
18 0.47026599999999996 0.630958 0.475391 0.63479 0.475672 0.630093 0.487063 0.630093 0.486203 0.619463 0.478812 0.619042 0.467422 0.611799 0.456875 0.6126400000000001 0.457172 0.629673 0.46143800000000007 0.632243 0.47026599999999996 0.630958
18 0.371594 0.636519 0.377312 0.637477 0.383359 0.637243 0.386391 0.636519 0.385906 0.628201 0.383844 0.6248830000000001 0.380812 0.622967 0.378437 0.621308 0.374453 0.6215420000000001 0.371266 0.6248830000000001 0.371109 0.626776 0.372234 0.636519 0.371594 0.636519
18 0.363313 0.626051 0.36125 0.637009 0.364281 0.640093 0.366812 0.636776 0.367141 0.6270089999999999 0.366187 0.626776 0.363313 0.626051
16 0.915047 0.761939 0.919281 0.76264 0.9329219999999999 0.761939 0.9648749999999999 0.7338079999999999 0.977563 0.726075 0.9865 0.713435 0.987438 0.649463 0.947484 0.636822 0.9291560000000001 0.64736 0.925391 0.667033 0.915047 0.735935 0.915047 0.761939
50 0.116422 0.715514 0.118875 0.710935 0.120313 0.707897 0.122547 0.7057479999999999 0.122547 0.700257 0.120109 0.69507 0.11540600000000001 0.6962849999999999 0.111125 0.6999529999999999 0.10907800000000001 0.706659 0.10968800000000001 0.714907 0.112344 0.7167290000000001 0.114594 0.717664 0.116422 0.715514
50 0.426469 0.620818 0.424859 0.623037 0.425234 0.6302570000000001 0.426094 0.636192 0.426344 0.643785 0.42920299999999995 0.643224 0.42920299999999995 0.636192 0.428203 0.632103 0.430813 0.628785 0.43068799999999996 0.6215419999999999 0.42920299999999995 0.6215419999999999 0.42832800000000004 0.61785 0.426719 0.618037 0.426469 0.620818
50 0.422234 0.627033 0.42265600000000003 0.621238 0.42181199999999996 0.617617 0.420547 0.614953 0.419922 0.612453 0.418234 0.612453 0.41718700000000003 0.614182 0.41676599999999997 0.617313 0.41676599999999997 0.623271 0.418875 0.6278269999999999 0.421172 0.6278269999999999 0.422234 0.627033
50 0.4575 0.6328739999999999 0.457578 0.635164 0.45775 0.636192 0.457844 0.638738 0.457844 0.6392519999999999 0.45792200000000005 0.6416820000000001 0.45826599999999995 0.643084 0.45853099999999997 0.644112 0.459469 0.645514 0.461 0.646285 0.46193799999999996 0.645397 0.46237500000000004 0.643224 0.46270300000000003 0.6402800000000001 0.46270300000000003 0.6381070000000001 0.46270300000000003 0.636822 0.46193799999999996 0.635047 0.46193799999999996 0.63479 0.461688 0.632734 0.461688 0.630701 0.461688 0.628902 0.46203099999999997 0.626729 0.461094 0.624813 0.45971900000000004 0.625327 0.45912499999999995 0.625958 0.458359 0.628271 0.45767199999999997 0.630701 0.4575 0.6328739999999999
50 0.473625 0.628061 0.47256200000000004 0.62965 0.471281 0.63236 0.471156 0.6365649999999999 0.47162499999999996 0.639276 0.472281 0.640771 0.473156 0.643224 0.475094 0.646285 0.47778099999999996 0.6446259999999999 0.47884399999999994 0.6349070000000001 0.477953 0.628668 0.4765 0.623411 0.47556200000000004 0.6232479999999999 0.47496900000000003 0.623411 0.47350000000000003 0.6257710000000001 0.473625 0.628061
50 0.08562499999999999 0.686402 0.0887969 0.686402 0.0908281 0.688505 0.09246879999999999 0.6873600000000001 0.0931094 0.686986 0.0953906 0.686028 0.0953906 0.683762 0.095 0.6828040000000001 0.09425 0.6810980000000001 0.09425 0.680537 0.0958906 0.677874 0.0958906 0.675607 0.094125 0.674276 0.0904375 0.67486 0.0908281 0.676168 0.0901875 0.679019 0.0862656 0.680724 0.08525 0.682056 0.0849844 0.685654 0.08562499999999999 0.686402