41 0.0973125 0.304734 0.137771 0.337359 0.17925000000000002 0.353281 0.1995 0.357844 0.17622900000000002 0.32825000000000004 0.13981300000000002 0.320656 0.112479 0.297891 0.0973125 0.304734
41 0.17645799999999998 0.284656 0.180583 0.285609 0.22687500000000002 0.325563 0.233854 0.318438 0.183125 0.26920299999999997 0.173292 0.268 0.168854 0.27253099999999997 0.17106300000000002 0.283234 0.17645799999999998 0.284656
41 0.17289600000000002 0.31160899999999997 0.166896 0.31160899999999997 0.164271 0.313844 0.165396 0.3175 0.171021 0.325359 0.176646 0.326484 0.18937500000000002 0.339688 0.198354 0.345594 0.204729 0.349531 0.210729 0.34756200000000004 0.209604 0.346719 0.17627099999999998 0.313563 0.17289600000000002 0.31160899999999997
41 0.161521 0.30142199999999997 0.17031300000000002 0.30581200000000003 0.19864600000000002 0.330734 0.209375 0.34025 0.21914599999999998 0.34025 0.21622899999999998 0.334391 0.197667 0.31607799999999997 0.176167 0.299219 0.175187 0.29776600000000003 0.17129200000000003 0.295563 0.164438 0.295563 0.161521 0.30142199999999997
62 0.140792 0.299187 0.142313 0.303172 0.15670800000000001 0.311688 0.155958 0.309422 0.159729 0.303734 0.151396 0.296922 0.14610399999999998 0.292375 0.142313 0.28782800000000003 0.13472900000000002 0.276453 0.124125 0.27475 0.110479 0.27475 0.111229 0.279297 0.117292 0.289531 0.124875 0.29748399999999997 0.137771 0.298047 0.140792 0.299187
48 0.836208 1 0.8899170000000001 0.8104530000000001 0.8920619999999999 0.770172 0.941458 0.483391 0.309875 0.40765599999999996 0.17668699999999998 0.452781 0.0241667 0.514 0.006979170833333334 0.518828 0.0005416666666666666 0.8523440000000001 0.09291669999999999 0.8910159999999999 0.09506250000000001 0.9232340000000001 0.10364599999999999 0.9619059999999999 0.17668699999999998 0.9683590000000001 0.32277100000000003 1 0.836208 1
41 0.181396 0.286875 0.171958 0.285047 0.16677099999999997 0.285281 0.166458 0.290984 0.169813 0.296016 0.176521 0.29900000000000004 0.212813 0.330781 0.22408299999999998 0.327813 0.222271 0.323922 0.181396 0.286875
62 0.041208299999999996 0.28746900000000003 0.0469167 0.287703 0.051375 0.28579699999999997 0.0523333 0.28270300000000004 0.0485208 0.276266 0.0494583 0.268156 0.0494583 0.266016 0.0494583 0.261719 0.0481875 0.256484 0.04725 0.251703 0.044375000000000005 0.247187 0.0377083 0.242172 0.0272083 0.23979699999999998 0.0224583 0.24003100000000002 0.0183125 0.241219 0.014187499999999999 0.24360900000000002 0.012604200000000001 0.246469 0.010375 0.251469 0.010375 0.25671900000000003 0.0119583 0.26410900000000004 0.0199167 0.27482799999999996 0.033583299999999996 0.281984 0.041208299999999996 0.28746900000000003
23 0.621813 0.303516 0.635375 0.301203 0.6483329999999999 0.292875 0.652042 0.283156 0.652042 0.273906 0.647708 0.265578 0.637854 0.25725 0.629208 0.252156 0.6088539999999999 0.248922 0.5891040000000001 0.255859 0.5786250000000001 0.271594 0.5829369999999999 0.284547 0.5897290000000001 0.29009399999999996 0.597125 0.2975 0.6088539999999999 0.301672 0.621813 0.303516
41 0.171208 0.367219 0.167187 0.37215600000000004 0.168646 0.37820299999999996 0.20199999999999999 0.391953 0.20822900000000003 0.39249999999999996 0.208979 0.387828 0.174875 0.368594 0.171208 0.367219
41 0.187479 0.392578 0.194667 0.391016 0.163812 0.375953 0.153917 0.363375 0.148229 0.365172 0.14643799999999998 0.36831200000000003 0.147042 0.371688 0.160812 0.37887499999999996 0.187479 0.392578
41 0.206292 0.385859 0.210708 0.38640599999999997 0.211438 0.383094 0.208125 0.380891 0.19675 0.373453 0.191604 0.369875 0.185708 0.364906 0.169771 0.357328 0.14802099999999999 0.348 0.13791699999999998 0.338687 0.130917 0.334609 0.114604 0.331109 0.101396 0.31595300000000004 0.0905208 0.31595300000000004 0.0912917 0.324703 0.116937 0.341016 0.136354 0.350922 0.16277100000000003 0.36606299999999997 0.196188 0.378297 0.206292 0.385859
62 0.11016699999999999 0.275578 0.113729 0.272234 0.116854 0.270906 0.116854 0.266562 0.113729 0.264562 0.10706299999999999 0.259891 0.0999375 0.255219 0.0986042 0.25821900000000003 0.0986042 0.26423399999999997 0.0999375 0.270906 0.108833 0.275906 0.11016699999999999 0.275578