27 0.281875 0.490146 0.25671900000000003 0.5192289999999999 0.203016 0.512521 0.181203 0.5326460000000001 0.181203 0.5662079999999999 0.179531 0.610958 0.164422 0.6713539999999999 0.09564059999999999 0.765313 0.110734 0.986792 0.7281869999999999 0.984562 0.756719 0.957708 0.830531 0.933104 0.854031 0.702667 0.808719 0.6556879999999999 0.786906 0.555021 0.755031 0.5393749999999999 0.755031 0.5326460000000001 0.760062 0.505812 0.786906 0.48791700000000005 0.7718130000000001 0.416333 0.7047030000000001 0.40289600000000003 0.696313 0.378292 0.699672 0.36710400000000004 0.711406 0.349208 0.7265159999999999 0.322354 0.687922 0.320125 0.6828909999999999 0.371583 0.647656 0.391708 0.600672 0.40289600000000003 0.510062 0.398417 0.503359 0.414083 0.463094 0.423042 0.421141 0.411854 0.40099999999999997 0.346979 0.310406 0.4275 0.281875 0.490146
50 0.290922 0.279521 0.400219 0.35574999999999996 0.433859 0.409562 0.433859 0.443208 0.470859 0.452167 0.509531 0.378167 0.519625 0.346792 0.578469 0.420771 0.598656 0.396104 0.543156 0.319875 0.475891 0.248125 0.336328 0.158437 0.287562 0.129292 0.149656 0.0306458 0.0117656 0.0015 0.0100938 0.174146 0.110984 0.198813 0.290922 0.279521
50 0.05885939999999999 0.295208 0.171531 0.301938 0.20684399999999997 0.33108300000000007 0.179938 0.407333 0.183297 0.510458 0.23375000000000004 0.532875 0.309422 0.431979 0.299328 0.378167 0.240469 0.301938 0.00671875 0.207771 0.0134531 0.2885 0.05885939999999999 0.295208
79 0 0.740708 0.0167813 0.763083 0.0335625 0.7765000000000001 0.0486562 0.785458 0.06543750000000001 0.7899170000000001 0.0704687 0.812292 0.0939531 0.984562 0.122484 0.980083 0.10570299999999999 0.848083 0.10067200000000001 0.783208 0.10067200000000001 0.7765000000000001 0.115766 0.7586040000000001 0.13087500000000002 0.729521 0.144297 0.7004370000000001 0.156047 0.666875 0.166109 0.6221460000000001 0.17281200000000002 0.588583 0.177859 0.5326460000000001 0.181203 0.48120799999999997 0.184563 0.4275 0.19295299999999999 0.38725 0.203016 0.360396 0.19967200000000002 0.33354199999999995 0.181203 0.304458 0.142625 0.295521 0.119125 0.293271 0.0805312 0.295521 0.043625000000000004 0.295521 0 0.315646 0 0.740708
79 0.901766 1 0.8848750000000001 0.9760209999999999 0.8595309999999999 0.95575 0.876422 0.7665620000000001 0.88825 0.70575 0.9254060000000001 0.6899789999999999 0.9659530000000001 0.638188 0.998047 0.552604 1 0.295833 0.977781 0.284583 0.891625 0.26881299999999997 0.8409530000000001 0.26881299999999997 0.7970309999999999 0.271063 0.761562 0.284583 0.748047 0.313854 0.764938 0.34312499999999996 0.783516 0.473771 0.785203 0.5661039999999999 0.813922 0.656188 0.856156 0.71025 0.827437 0.9467289999999999 0.802094 0.9467289999999999 0.7733909999999999 0.949 0.7328439999999999 0.985021 0.7328439999999999 1 0.901766 1
51 0.270578 0.589083 0.28225 0.6182920000000001 0.289563 0.641667 0.307094 0.6543329999999999 0.330453 0.663083 0.354563 0.663083 0.383047 0.670875 0.43270299999999995 0.678667 0.524 0.670875 0.5795 0.6397290000000001 0.615281 0.6007709999999999 0.627703 0.555979 0.615281 0.50825 0.5948439999999999 0.49364600000000003 0.574391 0.482938 0.535687 0.4625 0.48601599999999995 0.453729 0.42832800000000004 0.461521 0.38742200000000004 0.460542 0.329 0.47904199999999997 0.300516 0.506313 0.278609 0.542333 0.270578 0.589083
79 0.40073400000000003 0.204292 0.482156 0.26 0.502516 0.192875 0.493938 0.135729 0.510016 0.0814583 0.459656 0.0471667 0.395375 0.0557292 0.377172 0.0757292 0.380375 0.0786042 0.39967199999999997 0.111458 0.40073400000000003 0.204292
79 0.8821559999999999 0.266708 0.885688 0.257292 0.89275 0.232792 0.910422 0.162104 0.9146560000000001 0.141375 0.925266 0.125354 0.9295 0.115917 0.913953 0.107438 0.8757810000000001 0.0989583 0.808641 0.0970625 0.776828 0.100833 0.768344 0.107438 0.770469 0.116854 0.77825 0.131937 0.781781 0.150792 0.785313 0.178125 0.786016 0.205458 0.787438 0.246917 0.792391 0.273313 0.8821559999999999 0.269542 0.8821559999999999 0.266708
50 0.744938 0.33258299999999996 0.7955 0.262917 0.766859 0.110104 0.896625 0.096625 0.9303440000000001 0.006750000000000001 0.5932660000000001 0.0045000000000000005 0.588203 0.283146 0.744938 0.33258299999999996
50 1 0 0.925281 0.006750000000000001 0.8898910000000001 0.0876458 0.894937 0.092125 0.9303440000000001 0.116854 0.911797 0.217979 0.9 0.32583300000000004 0.967422 0.377521 1 0.37527099999999997 1 0.301125 1 0
22 0.147094 0.266521 0.139828 0.225479 0.12304699999999999 0.221021 0.10682799999999999 0.230708 0.1085 0.244146 0.147094 0.266521