13 0.418326 0.44001599999999996 0.440795 0.448406 0.482029 0.35956299999999997 0.47359799999999996 0.346266 0.49045999999999995 0.308484 0.469854 0.303578 0.453912 0.338562 0.442678 0.34346899999999997 0.433305 0.352563 0.399582 0.43371899999999997 0.418326 0.44001599999999996
13 0.354916 0.368594 0.35456099999999996 0.36990599999999996 0.355167 0.371094 0.361987 0.374281 0.36822200000000005 0.376234 0.37433099999999997 0.378125 0.383326 0.37839100000000003 0.388013 0.377578 0.393033 0.365313 0.396402 0.355063 0.403494 0.332687 0.40564900000000004 0.327047 0.406736 0.322484 0.408891 0.318172 0.408891 0.313875 0.40636 0.312531 0.40636 0.310109 0.380084 0.3085 0.37828500000000004 0.309578 0.372469 0.322484 0.36410000000000003 0.344047 0.355167 0.367563 0.354916 0.368594
13 0.317803 0.36718799999999996 0.350879 0.365328 0.36328499999999997 0.346813 0.36328499999999997 0.33137500000000003 0.35749000000000003 0.317781 0.35832600000000003 0.302344 0.337657 0.302953 0.331862 0.31468799999999997 0.322762 0.32025000000000003 0.317803 0.328281 0.316151 0.364719 0.317803 0.36718799999999996
13 0.41705 0.321734 0.39857699999999996 0.371656 0.42085799999999995 0.37687499999999996 0.435502 0.34265599999999996 0.439958 0.32364099999999996 0.434226 0.32031200000000004 0.438682 0.320781 0.43931000000000003 0.313656 0.43295 0.312703 0.431674 0.314609 0.424686 0.321266 0.41705 0.321734
13 0.03234310041841004 0.349078 0.04523010041841004 0.345219 0.04910039958158996 0.33993799999999996 0.05294979916317991 0.328859 0.05294979916317991 0.315875 0.052322200836820085 0.299516 0.054895399581589954 0.273531 0.04071129916317991 0.257172 0.0246025 0.271125 0.022677799163179916 0.3 0.008493719665271966 0.341859 0.03813810041841004 0.346672 0.03234310041841004 0.349078
13 0.182322 0.357828 0.205544 0.363937 0.231464 0.361906 0.235565 0.355781 0.23966500000000002 0.345594 0.242385 0.330297 0.24512599999999998 0.31195300000000004 0.250586 0.274219 0.221925 0.274219 0.211004 0.284422 0.197343 0.297672 0.190523 0.312969 0.176862 0.343547 0.17278200000000002 0.357828 0.182322 0.357828
22 0.790962 0.651687 0.829477 0.687453 0.8660880000000001 0.725328 0.875481 0.746375 0.930879 0.8003750000000001 0.9994350000000001 0.803875 0.997552 0.707797 0.993787 0.701484 0.997552 0.695875 0.996611 0.676234 0.986276 0.692359 0.964686 0.676937 0.9994350000000001 0.633453 0.990042 0.629953 0.9459 0.669219 0.798473 0.645375 0.790962 0.648891 0.790962 0.651687
27 0.867218 0.743484 0.811674 0.767687 0.80705 0.769422 0.79546 0.817812 0.742238 0.8420159999999999 0.668201 0.84375 0.589477 0.8385619999999999 0.55477 0.771141 0.559393 0.700266 0.596423 0.672625 0.591799 0.639781 0.614937 0.624219 0.732992 0.629391 0.744561 0.615578 0.628828 0.605219 0.598745 0.615578 0.564038 0.606922 0.536255 0.617297 0.517762 0.643234 0.513117 0.672625 0.513117 0.689906 0.492301 0.700266 0.455251 0.696812 0.445983 0.746938 0.515439 0.797078 0.526987 0.824734 0.501527 0.8714220000000001 0.46682 0.900781 0.420544 0.914625 0.367322 0.911172 0.30251 0.8662189999999999 0.30251 0.8005470000000001 0.314059 0.767687 0.196025 0.748672 0.293243 0.987234 0.297866 0.9855 0.989895 0.859297 0.867218 0.743484
50 0.478222 0.360844 0.46276199999999995 0.41743800000000003 0.513787 0.41743800000000003 0.535439 0.44170299999999996 0.5911299999999999 0.447469 0.635983 0.479812 0.682385 0.44978100000000004 0.714874 0.396641 0.730335 0.38971900000000004 0.744247 0.340047 0.748891 0.31001599999999996 0.693222 0.261484 0.694749 0.249938 0.7055859999999999 0.24070299999999997 0.742699 0.210656 0.744247 0.18756299999999998 0.721046 0.15290600000000001 0.6777409999999999 0.148281 0.6328870000000001 0.176 0.6236189999999999 0.236078 0.540084 0.24531200000000003 0.476674 0.291531 0.489059 0.313469 0.475126 0.34351600000000004 0.478222 0.360844
32 0.193096 0.745563 0.20064900000000002 0.745906 0.23795 0.7372810000000001 0.291695 0.732969 0.314791 0.734281 0.320126 0.7395940000000001 0.336569 0.746563 0.35876600000000003 0.7422500000000001 0.38719699999999996 0.730641 0.396088 0.723672 0.38719699999999996 0.712063 0.37832600000000005 0.713391 0.34056499999999995 0.728656 0.321904 0.732297 0.301925 0.728656 0.280607 0.729641 0.23707099999999998 0.7332970000000001 0.190439 0.736938 0.193096 0.745563
32 0.8540789999999999 0.7395780000000001 0.857824 0.736781 0.857824 0.7306090000000001 0.816172 0.726406 0.763264 0.717719 0.742615 0.709594 0.7523850000000001 0.716594 0.767008 0.72725 0.771151 0.7306090000000001 0.773766 0.731453 0.845439 0.740141 0.8540789999999999 0.7395780000000001
62 0.610669 0.609344 0.627092 0.604828 0.637448 0.6035470000000001 0.7402719999999999 0.614516 0.763598 0.618391 0.76705 0.6157969999999999 0.76705 0.611281 0.760146 0.606125 0.752364 0.604187 0.6236189999999999 0.5938589999999999 0.608075 0.586766 0.5985769999999999 0.581594 0.589059 0.5809529999999999 0.578703 0.579016 0.564017 0.60225 0.5631379999999999 0.60225 0.595105 0.61 0.610669 0.609344
14 0.297866 0.847188 0.33096200000000003 0.892141 0.361046 0.907859 0.439289 0.907859 0.472385 0.905625 0.487427 0.8898910000000001 0.487427 0.8719060000000001 0.5114850000000001 0.853938 0.51751 0.842703 0.532552 0.8292189999999999 0.535565 0.820219 0.532552 0.79775 0.5114850000000001 0.775281 0.46636000000000005 0.752812 0.430251 0.741578 0.406192 0.741578 0.358054 0.741578 0.309895 0.768547 0.30690399999999995 0.775281 0.324958 0.761797 0.309895 0.8134840000000001 0.297866 0.847188
14 0.578473 0.8077970000000001 0.595105 0.8285 0.615063 0.839266 0.676046 0.850859 0.718201 0.8483750000000001 0.753682 0.835953 0.784728 0.8135939999999999 0.804686 0.792891 0.7969250000000001 0.750641 0.753682 0.720828 0.717092 0.700125 0.692678 0.688531 0.6583049999999999 0.6827340000000001 0.639456 0.679422 0.5696030000000001 0.695156 0.561841 0.712547 0.557406 0.729938 0.556297 0.735734 0.5629500000000001 0.753953 0.564059 0.767219 0.567385 0.7755 0.567385 0.757266 0.568494 0.795375 0.578473 0.8077970000000001
14 0.49868199999999996 0.570812 0.52205 0.593578 0.532197 0.605719 0.564707 0.6042029999999999 0.580962 0.5860000000000001 0.600272 0.573094 0.592134 0.551094 0.578933 0.5457810000000001 0.55659 0.530609 0.533222 0.5237809999999999 0.500711 0.519984 0.483431 0.522266 0.47125500000000003 0.5313589999999999 0.47125500000000003 0.535156 0.47428899999999996 0.549578 0.49868199999999996 0.570812
14 0.305335 0.569766 0.307678 0.595969 0.340418 0.608187 0.40824299999999997 0.604703 0.42462300000000003 0.5889840000000001 0.44566900000000004 0.5715 0.44566900000000004 0.555781 0.43165299999999995 0.534812 0.38719699999999996 0.527828 0.331067 0.5243439999999999 0.317029 0.555781 0.305335 0.569766
14 0.444728 0.534563 0.475711 0.5314840000000001 0.502552 0.506812 0.486025 0.474422 0.422008 0.44204699999999997 0.3291 0.422 0.283682 0.428156 0.246527 0.46979699999999996 0.30433099999999996 0.533031 0.444728 0.534563
15 0.7121550000000001 0.775578 0.721423 0.7717660000000001 0.7186400000000001 0.7631249999999999 0.715858 0.744812 0.738096 0.7354689999999999 0.733452 0.734094 0.704749 0.731672 0.6987450000000001 0.732359 0.68069 0.742047 0.684854 0.749297 0.702908 0.767969 0.7121550000000001 0.775578
15 0.611255 0.7458440000000001 0.618285 0.7384839999999999 0.626757 0.729 0.626046 0.722156 0.6154810000000001 0.7142660000000001 0.6098330000000001 0.712672 0.617594 0.708469 0.6154810000000001 0.699516 0.602071 0.693203 0.580941 0.695828 0.56613 0.716359 0.568954 0.729 0.571067 0.728469 0.598556 0.7432190000000001 0.611255 0.7458440000000001
15 0.6857949999999999 0.7697809999999999 0.680439 0.771563 0.674456 0.776922 0.679833 0.782266 0.6995399999999999 0.7840469999999999 0.713264 0.7827029999999999 0.7138490000000001 0.781813 0.715042 0.777813 0.713264 0.771563 0.712071 0.766219 0.693556 0.763984 0.689979 0.769344 0.6857949999999999 0.7697809999999999
15 0.6600419999999999 0.7275780000000001 0.652071 0.717453 0.679163 0.712094 0.663222 0.702578 0.640126 0.701391 0.6265689999999999 0.712094 0.648891 0.729359 0.6600419999999999 0.7275780000000001
15 0.6509 0.798969 0.6575310000000001 0.804547 0.67249 0.808891 0.679142 0.815719 0.7032219999999999 0.815094 0.695753 0.811375 0.688264 0.808891 0.679958 0.8008279999999999 0.677197 0.799234 0.677134 0.797797 0.677636 0.792891 0.677636 0.791016 0.673096 0.786109 0.669582 0.781219 0.663013 0.778203 0.655962 0.770297 0.648912 0.7718130000000001 0.648912 0.776328 0.648912 0.776703 0.647887 0.780469 0.646381 0.7857339999999999 0.6448740000000001 0.790641 0.648912 0.7944060000000001 0.6509 0.798969
15 0.595649 0.755547 0.592992 0.740109 0.582971 0.735125 0.568975 0.734875 0.582971 0.760281 0.590649 0.766 0.605983 0.778953 0.6046440000000001 0.770984 0.595649 0.755547
13 0.10029300000000001 0.29832800000000004 0.09558579916317993 0.29075 0.09958160041841005 0.281547 0.08543929916317991 0.277484 0.08 0.285594 0.06334729916317991 0.295078 0.05899579916317992 0.328641 0.08834729916317992 0.33675 0.10029300000000001 0.29832800000000004
13 0.266632 0.361203 0.269205 0.366328 0.295377 0.36760899999999996 0.30824300000000004 0.364734 0.31380800000000003 0.343906 0.315523 0.323719 0.31295 0.319875 0.315105 0.313141 0.300084 0.307375 0.285941 0.30801599999999996 0.285502 0.311547 0.281653 0.318594 0.27136 0.329813 0.266632 0.361203
12 0.974059 0.636734 0.9976149999999999 0.6092660000000001 1 0.581781 0.959351 0.62575 0.974059 0.636734
12 0.91023 0.5846720000000001 0.937824 0.540937 0.944561 0.5278590000000001 0.953975 0.518813 0.965418 0.518313 0.9977410000000001 0.515797 0.9957320000000001 0.514281 0.975523 0.505734 0.9384939999999999 0.506234 0.933787 0.513281 0.898096 0.576625 0.91023 0.5846720000000001
13 0.111946 0.359375 0.149017 0.355547 0.15414199999999997 0.315453 0.146464 0.295391 0.132406 0.284891 0.122176 0.28967200000000004 0.105565 0.295391 0.09278239958158996 0.34314100000000003 0.111946 0.359375
13 0.443222 0.20218799999999998 0.454728 0.20309400000000002 0.46682 0.20581299999999997 0.478912 0.180516 0.472259 0.166516 0.47709199999999996 0.161547 0.47709199999999996 0.157031 0.460167 0.156578 0.459561 0.16425 0.455921 0.165609 0.449874 0.171484 0.448682 0.182766 0.447469 0.190453 0.44261500000000004 0.20218799999999998 0.443222 0.20218799999999998
15 0.6643309999999999 0.746219 0.665544 0.743062 0.670983 0.740344 0.670983 0.736734 0.651632 0.736281 0.6419670000000001 0.741703 0.64318 0.748938 0.6480130000000001 0.752094 0.652238 0.751641 0.652238 0.753453 0.660105 0.749828 0.6643309999999999 0.746219
15 0.7218410000000001 0.767922 0.724414 0.7908280000000001 0.7627619999999999 0.810891 0.770439 0.793703 0.744854 0.768875 0.7218410000000001 0.767922
15 0.684791 0.751719 0.683117 0.7471409999999999 0.688682 0.740062 0.6953769999999999 0.7325630000000001 0.689812 0.728391 0.679205 0.726719 0.669728 0.730469 0.668054 0.7392190000000001 0.67251 0.751312 0.681444 0.755062 0.684791 0.751719
19 0.5587449999999999 0.496 0.564895 0.491781 0.564895 0.488328 0.562322 0.486031 0.5587449999999999 0.483734 0.552573 0.4845 0.549498 0.485656 0.5469250000000001 0.489094 0.5459 0.493313 0.546423 0.496391 0.5479499999999999 0.498297 0.5587449999999999 0.496
19 0.593724 0.531687 0.6045820000000001 0.533 0.607197 0.5303910000000001 0.612845 0.5265 0.616318 0.521312 0.6150209999999999 0.519031 0.6089330000000001 0.516766 0.597636 0.52 0.591109 0.520656 0.588075 0.523578 0.5863389999999999 0.527156 0.593724 0.531687
12 1 0.514469 0.9521339999999999 0.517719 0.911987 0.584187 0.956485 0.627156 1 0.574453 1 0.514469