14 0.57078 0.427307 0.57772 0.44736 0.5904400000000001 0.484373 0.6309199999999999 0.538347 0.6691 0.5661069999999999 0.68644 0.55992 0.7165199999999999 0.549147 0.7419600000000001 0.5476 0.76278 0.555307 0.79284 0.5398930000000001 0.8102 0.51984 0.83216 0.48128 0.84488 0.44426699999999997 0.85646 0.37951999999999997 0.85068 0.316293 0.80326 0.239173 0.7639199999999999 0.208347 0.7084199999999999 0.192907 0.64942 0.20216 0.61242 0.233013 0.5904400000000001 0.266933 0.5754 0.297787 0.56268 0.34712 0.5615399999999999 0.405733 0.57078 0.427307
14 0.30506 0.62472 0.32022 0.67864 0.33708 0.7168530000000001 0.38932 0.759547 0.40786 0.755067 0.4382 0.779787 0.51068 0.764053 0.5561799999999999 0.7101069999999999 0.5646 0.69664 0.5696599999999999 0.65392 0.5764 0.62472 0.59326 0.570773 0.59326 0.487653 0.56798 0.43821299999999996 0.54102 0.404507 0.47696 0.37304 0.42978 0.37304 0.37751999999999997 0.391013 0.33202 0.433707 0.31348000000000004 0.483147 0.30506 0.57528 0.30506 0.62472
14 0.8174199999999999 0.8764 0.86124 0.811227 0.86798 0.719093 0.8578600000000001 0.6359469999999999 0.81404 0.57304 0.74158 0.55056 0.65562 0.586507 0.6117999999999999 0.656187 0.61012 0.732587 0.62528 0.817973 0.65224 0.862933 0.70112 0.905627 0.70112 0.9033599999999999 0.7617999999999999 0.90112 0.8174199999999999 0.8764
15 0.33894 0.563387 0.33566 0.59448 0.345 0.6330399999999999 0.34174 0.649813 0.35431999999999997 0.669707 0.37577999999999995 0.669093 0.3963 0.688373 0.40327999999999997 0.67656 0.3949 0.64856 0.41728 0.64608 0.45226 0.66288 0.45692 0.667227 0.4639 0.6510670000000001 0.45832 0.631173 0.43686 0.5957330000000001 0.41728 0.573947 0.3963 0.577067 0.39256 0.5596530000000001 0.3865 0.5236 0.38416 0.505573 0.36972000000000005 0.505573 0.34966 0.532933 0.33894 0.563387
26 0.01348 0.00056 0.0033799999999999998 0.02304 0.02696 0.08370669866666666 0.053939999999999995 0.061226701333333335 0.0809 0.10392 0.10956 0.17584 0.17022 0.35335999999999995 0.19213999999999998 0.411787 0.27978 0.45224000000000003 0.33202 0.443253 0.39102 0.387067 0.4045 0.3736 0.4146 0.34213299999999996 0.41798 0.29944000000000004 0.41798 0.26349300000000003 0.41292 0.241013 0.41124 0.22304 0.40618 0.189333 0.4028 0.005066669333333333 0.01348 0.00056
19 0.75506 0.458427 0.74662 0.43821299999999996 0.7382000000000001 0.429227 0.69438 0.42696000000000006 0.6354 0.42696000000000006 0.6151599999999999 0.440453 0.63202 0.462933 0.6707799999999999 0.483147 0.71124 0.47864 0.7516799999999999 0.465173 0.75506 0.458427
19 0.60822 0.389973 0.5992799999999999 0.406107 0.60348 0.418747 0.614 0.429253 0.6992200000000001 0.420133 0.7271 0.411013 0.7339199999999999 0.39629299999999995 0.72814 0.36544 0.71816 0.355627 0.7071000000000001 0.35072000000000003 0.70026 0.35141300000000003 0.63136 0.37805300000000003 0.60822 0.389973
19 0.7343 0.391067 0.72842 0.41229299999999997 0.71284 0.416 0.67406 0.42245299999999997 0.6550199999999999 0.42568 0.67786 0.428907 0.7339600000000001 0.428907 0.74158 0.430747 0.7429600000000001 0.434453 0.75542 0.45754700000000004 0.76442 0.451067 0.76824 0.44277299999999997 0.76824 0.433067 0.7672 0.39658699999999997 0.7640800000000001 0.39429299999999995 0.75922 0.39336 0.7360399999999999 0.39152 0.7343 0.391067
19 0.81784 0.412027 0.83404 0.38864000000000004 0.82998 0.373333 0.78814 0.304907 0.75978 0.273413 0.7429 0.272507 0.7321 0.28152 0.72536 0.30312 0.73412 0.32832 0.74762 0.327413 0.77396 0.33912 0.7753 0.343627 0.78138 0.365227 0.7867799999999999 0.37151999999999996 0.7962400000000001 0.381413 0.805 0.40032 0.8144600000000001 0.41472000000000003 0.81784 0.412027
19 0.7955599999999999 0.42375999999999997 0.80314 0.404773 0.80314 0.396453 0.79334 0.37922700000000004 0.77952 0.37151999999999996 0.7639400000000001 0.38754700000000003 0.75458 0.391093 0.7684 0.395253 0.7684 0.418427 0.76928 0.427333 0.78398 0.431493 0.7955599999999999 0.42375999999999997
19 0.7809 0.36991999999999997 0.77412 0.342827 0.7659 0.33056 0.74364 0.327973 0.71846 0.327973 0.72234 0.316373 0.72088 0.30216 0.70928 0.287973 0.69668 0.294427 0.6749 0.288613 0.63376 0.31056 0.60134 0.3196 0.59262 0.3396 0.59214 0.344107 0.59262 0.355093 0.60134 0.37186700000000006 0.60086 0.388 0.60376 0.391867 0.67588 0.36024 0.70976 0.34928 0.72718 0.366053 0.73202 0.38413300000000006 0.73734 0.391867 0.75138 0.393813 0.75718 0.392507 0.77946 0.37767999999999996 0.7809 0.36991999999999997
19 0.68192 0.499653 0.70772 0.509467 0.77776 0.507013 0.79618 0.489813 0.79526 0.472613 0.7842 0.450507 0.77224 0.45418699999999995 0.75564 0.46402699999999997 0.67916 0.49104 0.68192 0.499653