18 0.11562 0.856577 0.10378 0.8634229999999999 0.1056 0.8757360000000001 0.10286 0.8880480000000001 0.0974 0.90033 0.10468000000000001 0.918108 0.11195999999999999 0.926336 0.11378 0.946847 0.12290000000000001 0.9591289999999999 0.13746 0.9591289999999999 0.14748 0.955045 0.16206 0.935886 0.16113999999999998 0.9331530000000001 0.1666 0.9372670000000001 0.1739 0.9509310000000001 0.1921 0.956396 0.19666 0.94 0.19848 0.929069 0.2003 0.929069 0.22397999999999998 0.927688 0.24766 0.927688 0.26677999999999996 0.9249550000000001 0.27406 0.9372670000000001 0.28682 0.955045 0.30048 0.9495800000000001 0.31048000000000003 0.9413509999999999 0.31595999999999996 0.923574 0.32414 0.94 0.33416 0.94 0.34328 0.923574 0.34782 0.915375 0.35602 0.9044439999999999 0.36876 0.9030630000000001 0.37877999999999995 0.893514 0.38151999999999997 0.8839340000000001 0.38151999999999997 0.866156 0.37695999999999996 0.853844 0.37695999999999996 0.8470270000000001 0.37242000000000003 0.827868 0.36694 0.816937 0.35875999999999997 0.797778 0.34692 0.7868470000000001 0.3369 0.7813810000000001 0.32142000000000004 0.7813810000000001 0.28954 0.7868470000000001 0.25402 0.7868470000000001 0.22488 0.792312 0.20576 0.8018919999999999 0.19574 0.812823 0.17754 0.8306009999999999 0.17024 0.833333 0.1657 0.84018 0.1657 0.8470270000000001 0.1311 0.8470270000000001 0.11562 0.856577
18 0.38422 0.8829429999999999 0.37739999999999996 0.896096 0.37060000000000004 0.9078080000000001 0.38374 0.9099999999999999 0.38714 0.923153 0.40564 0.923153 0.42901999999999996 0.912913 0.44022 0.9012309999999999 0.46018000000000003 0.894655 0.46262000000000003 0.880751 0.45824000000000004 0.873453 0.45532 0.8412609999999999 0.43389999999999995 0.835435 0.43048000000000003 0.831772 0.3998 0.80982 0.36768 0.810571 0.38422 0.8829429999999999
18 0.75024 0.890601 0.75962 0.882162 0.759 0.85958 0.76964 0.860511 0.76902 0.822913 0.75212 0.823844 0.73958 0.802222 0.71516 0.798468 0.6813400000000001 0.802222 0.6675599999999999 0.822913 0.65816 0.824775 0.6613 0.8285589999999999 0.6494 0.842643 0.65064 0.862402 0.65692 0.8783779999999999 0.6675599999999999 0.876517 0.6675599999999999 0.865225 0.68886 0.868979 0.69762 0.8849849999999999 0.71266 0.883093 0.71642 0.876517 0.72768 0.8736940000000001 0.74648 0.8746250000000001 0.75024 0.890601
73 0.5388999999999999 0.5483480000000001 0.53806 0.549219 0.54088 0.6007210000000001 0.5423 0.603694 0.5485399999999999 0.601141 0.5511 0.596456 0.54996 0.550901 0.5502400000000001 0.547928 0.53862 0.547928 0.5388999999999999 0.5483480000000001
73 0.65476 0.5978979999999999 0.65238 0.548529 0.6479400000000001 0.545856 0.6429 0.545856 0.63964 0.552072 0.64202 0.5774170000000001 0.6446799999999999 0.593904 0.65476 0.5978979999999999
73 0.16616 0.216517 0.18080000000000002 0.221141 0.18312 0.20609600000000003 0.19313999999999998 0.216517 0.2024 0.226937 0.20856 0.21768800000000002 0.20934 0.20609600000000003 0.20162 0.184114 0.2024 0.172523 0.20702 0.172523 0.20934 0.16903900000000002 0.21009999999999998 0.156306 0.20934 0.147057 0.20162 0.132012 0.20086 0.122733 0.20702 0.12042 0.21164 0.10885900000000001 0.20086 0.0833633993993994 0.16616 0.0903303003003003 0.16616 0.216517
31 0.83284 0.9508110000000001 0.83068 0.9469369999999999 0.82982 0.943694 0.82766 0.94045 0.82466 0.937237 0.8212 0.9359460000000001 0.81862 0.9327030000000001 0.8203400000000001 0.9320419999999999 0.82078 0.9275380000000001 0.8212 0.9236340000000001 0.8190599999999999 0.915225 0.8164600000000001 0.9133030000000001 0.8134600000000001 0.906817 0.8112999999999999 0.903604 0.8065599999999999 0.896486 0.80526 0.8906609999999999 0.80398 0.889369 0.80096 0.8926130000000001 0.80138 0.899069 0.7988 0.899069 0.79492 0.9133030000000001 0.7953600000000001 0.94045 0.7979400000000001 0.952102 0.80268 0.9585889999999999 0.8018200000000001 0.9624619999999999 0.80226 0.97021 0.8057000000000001 0.978619 0.80526 0.983784 0.8095800000000001 1 0.8203400000000001 0.999309 0.8203400000000001 0.983153 0.81948 0.97021 0.8190599999999999 0.960511 0.8190599999999999 0.956637 0.82508 0.957928 0.82982 0.952763 0.83284 0.9508110000000001
50 0.88844 0.8797900000000001 0.8923 0.876577 0.89144 0.859159 0.89488 0.845586 0.90864 0.871411 0.90906 0.878498 0.9129400000000001 0.886907 0.9198200000000001 0.8707509999999999 0.90134 0.843664 0.90734 0.842372 0.90992 0.837207 0.9052 0.814625 0.9022 0.788799 0.8897200000000001 0.778468 0.87942 0.77976 0.8837200000000001 0.792673 0.8867200000000001 0.7997899999999999 0.88458 0.8087989999999999 0.88414 0.828168 0.88458 0.8475380000000001 0.88458 0.871411 0.88028 0.878498 0.88844 0.8797900000000001
50 0.2065 0.8478380000000001 0.21174 0.849399 0.22404 0.848228 0.22741999999999998 0.827417 0.22769999999999999 0.8164260000000001 0.22586 0.813273 0.22194 0.8179879999999999 0.22141999999999998 0.826246 0.21932 0.8293689999999999 0.21828 0.830931 0.21514 0.831742 0.21356 0.8321320000000001 0.20937999999999998 0.831351 0.20546 0.8281980000000001 0.2005 0.8293689999999999 0.19604 0.832913 0.19422 0.836036 0.1963 0.838799 0.20284 0.8462459999999999 0.2065 0.8478380000000001
18 0.6445 0.785886 0.6439600000000001 0.790721 0.6439600000000001 0.7974169999999999 0.64544 0.803694 0.6484 0.807958 0.65988 0.8077479999999999 0.66272 0.805135 0.66284 0.8028829999999999 0.6592 0.7887090000000001 0.65434 0.782643 0.64624 0.784655 0.6445 0.785886
18 1 0.796577 1 0.77964 0.9912 0.768498 0.98674 0.768498 0.98556 0.7983779999999999 1 0.7997 1 0.796577
18 0.95884 0.766276 0.925 0.768048 0.90896 0.7912309999999999 0.90808 0.797928 0.91014 0.7992490000000001 0.963 0.7992490000000001 0.9618 0.7983779999999999 0.95884 0.766276
73 0.86366 0.732523 0.8775599999999999 0.7305710000000001 0.87538 0.7077180000000001 0.8619199999999999 0.7077180000000001 0.86278 0.7331829999999999 0.86366 0.732523
73 0.24646 0.649249 0.2502 0.645526 0.25112 0.5809610000000001 0.24614 0.569249 0.24054 0.577207 0.2396 0.587508 0.22558 0.595465 0.22463999999999998 0.631021 0.24396 0.632402 0.24646 0.649249
73 0.10984000000000001 0.566426 0.10934 0.499129 0.09042 0.499129 0.09340000000000001 0.567928 0.10984000000000001 0.566426
73 0.01112 0.502613 0.0051600000000000005 0.513814 0.0126 0.489189 0.00266 0.486937 0.013099999999999999 0.480991 0.0136 0.46979 0.00664 0.461592 0.0016799999999999999 0.46084099999999995 0.0016799999999999999 0.485465 0.00068 0.512312 0 0.557057 0.00017999999999999998 0.566006 0.00218 0.567508 0.00664 0.563784 0.01112 0.5227630000000001 0.01112 0.502613