52 0.5783280000000001 0.134871 0.596406 0.128103 0.596406 0.10779899999999999 0.588875 0.08295080093676815 0.587359 0.05812650117096019 0.581344 0.04908670023419204 0.566281 0.055878199063231854 0.548203 0.03555040046838408 0.542188 0.024262299765807963 0.531641 0.022014100702576114 0.5241089999999999 0.022014100702576114 0.506031 0.022014100702576114 0.49398400000000003 0.04007029976580796 0.489469 0.04007029976580796 0.46687500000000004 0.060374700234192044 0.45332800000000006 0.089719 0.483453 0.134871 0.512063 0.134871 0.543687 0.128103 0.5632659999999999 0.125855 0.5783280000000001 0.134871
52 0.704078 0.09995319906323186 0.704562 0.112436 0.708 0.11829 0.711422 0.132998 0.712406 0.136651 0.720734 0.150609 0.724656 0.146206 0.726125 0.144731 0.735922 0.146932 0.7388589999999999 0.165293 0.755031 0.16089 0.765313 0.154286 0.76825 0.147681 0.790797 0.139602 0.797156 0.147681 0.8040160000000001 0.140328 0.800094 0.114637 0.8045159999999999 0.10288099999999999 0.799125 0.09552689929742389 0.795687 0.08892270023419205 0.794719 0.036791599531615926 0.788828 0.048548 0.7819689999999999 0.058829000000000006 0.784906 0.04559719906323185 0.779531 0.039719 0.773641 0.03606559953161592 0.765813 0.030913299765807964 0.761891 0.038993 0.7613909999999999 0.04634659953161593 0.7604219999999999 0.050749400468384075 0.756984 0.050749400468384075 0.754531 0.04559719906323185 0.752578 0.043395800936768154 0.741797 0.043395800936768154 0.725141 0.04266980093676815 0.723672 0.048548 0.718281 0.05295080093676815 0.710938 0.04779859953161592 0.708969 0.055878199063231854 0.709469 0.09039810070257612 0.704078 0.09995319906323186
13 0.27703099999999997 0.669532 0.286797 0.671265 0.304031 0.670398 0.31954699999999997 0.6678219999999999 0.320703 0.6497189999999999 0.31954699999999997 0.628197 0.31954699999999997 0.6100939999999999 0.320125 0.572201 0.31610900000000003 0.544637 0.310937 0.517939 0.308641 0.504145 0.300016 0.500703 0.29598399999999997 0.504145 0.29598399999999997 0.5205150000000001 0.292547 0.5248240000000001 0.283922 0.54808 0.283922 0.558431 0.286219 0.613536 0.288516 0.629906 0.283344 0.6592039999999999 0.27703099999999997 0.669532
13 0.214203 0.597775 0.24425 0.592155 0.2455 0.573372 0.24112499999999998 0.558384 0.24425 0.543372 0.24175 0.514286 0.226734 0.46925100000000003 0.216094 0.468314 0.20920299999999997 0.482389 0.202312 0.516159 0.214203 0.597775
53 0.76075 0.25377 0.759641 0.319087 0.759328 0.329813 0.7594839999999999 0.35030400000000006 0.755609 0.35138199999999997 0.753266 0.38459 0.751641 0.406745 0.7521880000000001 0.41159300000000004 0.749125 0.453185 0.745797 0.488056 0.74525 0.620047 0.744688 0.643279 0.742438 0.672248 0.735203 0.690515 0.734063 0.720211 0.728719 0.798993 0.731766 0.813279 0.735969 0.812693 0.737828 0.829415 0.742281 0.8432080000000001 0.769578 0.874801 0.786203 0.8912410000000001 0.8161720000000001 0.930843 0.8460000000000001 0.233115 0.764672 0.251335 0.7618590000000001 0.25185 0.76075 0.25377
41 0.25557799999999997 0.40276300000000004 0.254031 0.431288 0.25823399999999996 0.42896999999999996 0.25890599999999997 0.42730700000000005 0.26023399999999997 0.41138199999999997 0.25823399999999996 0.40011700000000006 0.25581200000000004 0.40177999999999997 0.25557799999999997 0.40276300000000004
41 0.27220300000000003 0.401639 0.272516 0.39829 0.26981299999999997 0.396862 0.268547 0.397588 0.260594 0.43023399999999995 0.26090599999999997 0.432623 0.26425 0.433583 0.27220300000000003 0.401639
41 0.27670300000000003 0.410328 0.275 0.409906 0.27385899999999996 0.40948500000000004 0.270453 0.427377 0.269031 0.43629999999999997 0.267625 0.44440300000000005 0.268187 0.446956 0.269891 0.447799 0.277281 0.412881 0.27670300000000003 0.410328
41 0.292141 0.413232 0.286062 0.441288 0.285594 0.44758800000000004 0.296344 0.413232 0.292141 0.413232
48 0.467781 0.529649 0.458781 0.8172830000000001 0.626703 0.806066 0.629703 0.567845 0.626703 0.511663 0.593719 0.486956 0.602719 0.417283 0.596719 0.401569 0.443797 0.40829000000000004 0.44529699999999994 0.5004449999999999 0.467781 0.529649
58 0.318219 0.554895 0.317359 0.576183 0.317781 0.580703 0.334156 0.578759 0.333281 0.538759 0.315203 0.540047 0.321234 0.545855 0.318219 0.554895
58 0.24803100000000003 0.542623 0.24028100000000002 0.556815 0.246312 0.574239 0.24501600000000004 0.579415 0.285062 0.576183 0.284641 0.552295 0.287219 0.543279 0.264828 0.542623 0.24803100000000003 0.542623
41 0.2665 0.435597 0.269031 0.435808 0.274484 0.41 0.276031 0.409578 0.277156 0.40810300000000005 0.277297 0.405574 0.276313 0.404333 0.273516 0.40348900000000004 0.271687 0.40517600000000004 0.26525 0.43288099999999996 0.2665 0.435597
41 0.286953 0.474965 0.292516 0.451405 0.294578 0.446651 0.289188 0.440937 0.280609 0.473044 0.286953 0.474965
14 0.279641 0.523091 0.291656 0.522014 0.294313 0.5158780000000001 0.295031 0.5075879999999999 0.29575 0.500023 0.297203 0.494262 0.288781 0.493536 0.277719 0.494614 0.271937 0.499297 0.270984 0.502904 0.270984 0.505059 0.27675 0.520562 0.279641 0.523091
13 0.197266 0.48988299999999996 0.195953 0.47363000000000005 0.192672 0.464778 0.184797 0.467728 0.184141 0.477588 0.183812 0.48742399999999997 0.184141 0.500703 0.184141 0.518431 0.186109 0.517447 0.190703 0.5140049999999999 0.194641 0.5169560000000001 0.197266 0.48988299999999996
79 0.0745469 0.528173 0.06331250000000001 0.52644 0.0396562 0.533419 0.0415937 0.5589700000000001 0.0442969 0.60897 0.05167190000000001 0.663583 0.058265599999999994 0.672319 0.061359399999999995 0.689742 0.054000000000000006 0.694403 0.047406199999999996 0.702529 0.0520625 0.7089230000000001 0.0640781 0.7100939999999999 0.08075 0.7031149999999999 0.08462499999999999 0.6978920000000001 0.0792031 0.694988 0.0698906 0.693817 0.069125 0.685105 0.0722187 0.676956 0.0776563 0.611874 0.0784219 0.532834 0.0745469 0.528173
79 0.16195299999999999 0.521991 0.158938 0.563817 0.174016 0.576253 0.17099999999999999 0.6113109999999999 0.177031 0.6113109999999999 0.176281 0.572857 0.193625 0.560422 0.190609 0.525386 0.16195299999999999 0.521991
79 0.16375 0.6174470000000001 0.15834399999999998 0.598806 0.154016 0.572037 0.159422 0.56637 0.156719 0.559883 0.147531 0.5550120000000001 0.148063 0.515293 0.131297 0.516112 0.125359 0.533958 0.138875 0.554215 0.137797 0.568806 0.148609 0.576909 0.144281 0.6044729999999999 0.142125 0.6214989999999999 0.16375 0.6174470000000001
41 0.278938 0.39463699999999996 0.276547 0.40177999999999997 0.278062 0.406323 0.27979699999999996 0.40503500000000003 0.280234 0.397564 0.278938 0.39463699999999996
41 0.281203 0.418899 0.279906 0.424028 0.281047 0.44524600000000003 0.283625 0.427681 0.28276599999999996 0.41847799999999996 0.280906 0.418244 0.281203 0.418899
41 0.282672 0.426745 0.28167200000000003 0.44348899999999997 0.284531 0.43618300000000004 0.288109 0.412131 0.28353100000000003 0.41428600000000004 0.282672 0.426745
41 0.274656 0.446815 0.281047 0.413068 0.28025 0.411265 0.277656 0.412763 0.271469 0.440258 0.271266 0.44831400000000005 0.275453 0.447424 0.274656 0.446815
13 0.7265469999999999 0.46079600000000004 0.727422 0.473232 0.745078 0.471639 0.743672 0.457354 0.7431409999999999 0.455761 0.7422500000000001 0.454965 0.741547 0.451522 0.740844 0.44782200000000005 0.7298910000000001 0.450211 0.727422 0.458407 0.7265469999999999 0.46079600000000004
26 0.791844 0.190984 0.791625 0.20508200000000001 0.787375 0.20943799999999999 0.783563 0.213466 0.782891 0.237611 0.789156 0.24398099999999998 0.791844 0.242974 0.809969 0.238618 0.810422 0.187963 0.798109 0.187635 0.793641 0.190656 0.791844 0.190984