50 0.416094 0.32809 0.423297 0.368538 0.452125 0.373041 0.515156 0.462924 0.531375 0.487641 0.552984 0.447193 0.536781 0.413489 0.529578 0.391014 0.520563 0.334834 0.49715600000000004 0.265166 0.45571900000000004 0.2 0.4106870000000001 0.182027 0.407078 0.17078 0.407078 0.125848 0.385469 0.110117 0.35125 0.0988694 0.309812 0.119103 0.286406 0.164055 0.282797 0.186511 0.284594 0.208986 0.311625 0.211228 0.327828 0.235945 0.311625 0.280897 0.297203 0.413489 0.315219 0.402242 0.338641 0.352807 0.365656 0.325848 0.398078 0.316862 0.416094 0.32809
50 0.461984 0.211404 0.5124839999999999 0.34731 0.5471090000000001 0.407602 0.611328 0.34731 0.588969 0.280702 0.552891 0.21499 0.554328 0.184386 0.511047 0.16999999999999998 0.495891 0.15378199999999997 0.482188 0.11148100000000001 0.435281 0.12317700000000001 0.42301599999999995 0.169084 0.43673400000000007 0.189786 0.461984 0.211404
50 0.126109 0.216647 0.125297 0.211092 0.124484 0.207076 0.124484 0.193957 0.124484 0.177836 0.124484 0.1723 0.122063 0.166745 0.119641 0.16423 0.113984 0.159201 0.112375 0.147096 0.112375 0.137524 0.10470300000000002 0.130975 0.10106299999999999 0.128947 0.0970156 0.12694 0.08975 0.130975 0.0845 0.145088 0.0849063 0.15616 0.0800625 0.160195 0.0752031 0.16423 0.0691563 0.174308 0.0651094 0.189942 0.0622812 0.197485 0.0606719 0.204542 0.061468800000000004 0.212612 0.0683438 0.215634 0.0772344 0.215634 0.0808594 0.217661 0.0861094 0.219669 0.0933906 0.22117 0.0970156 0.216647 0.111156 0.215127 0.126109 0.216647
50 0.10978099999999999 0.275575 0.102234 0.280682 0.0987656 0.281871 0.10003100000000001 0.356862 0.11451600000000002 0.355692 0.112625 0.259084 0.10978099999999999 0.275575
50 0.0827187 0.279903 0.0817812 0.309357 0.0905938 0.356862 0.0972031 0.355692 0.0959375 0.279903 0.09505515719138877 0.279903 0.0827187 0.279903
50 0.132531 0.204873 0.13039099999999998 0.20844100000000002 0.13039099999999998 0.212417 0.132172 0.211092 0.135375 0.213762 0.13323400000000002 0.219532 0.13323400000000002 0.220858 0.133594 0.22175399999999998 0.137859 0.225302 0.142125 0.221306 0.144969 0.21731 0.14675 0.214639 0.14782800000000001 0.21421099999999998 0.150672 0.207544 0.15137499999999998 0.197329 0.152453 0.184016 0.156 0.179591 0.158141 0.19467800000000002 0.156 0.20444400000000001 0.156359 0.20399599999999998 0.173797 0.179142 0.183406 0.17692000000000002 0.187672 0.17602299999999999 0.190156 0.175146 0.188031 0.160487 0.188031 0.15961 0.189797 0.15117000000000003 0.191938 0.1454 0.193 0.143177 0.199047 0.141852 0.204031 0.141852 0.208656 0.148519 0.212922 0.160487 0.21400000000000002 0.175146 0.22609400000000002 0.177797 0.22503099999999998 0.174133 0.215062 0.14440499999999998 0.196563 0.132865 0.197984 0.121774 0.19834400000000002 0.112008 0.19834400000000002 0.104464 0.19692199999999999 0.100019 0.194422 0.09647169980506823 0.189797 0.09380120077972709 0.184109 0.09247560038986355 0.177 0.09557500000000001 0.172375 0.100019 0.170594 0.112008 0.170594 0.118207 0.170594 0.12132599999999999 0.170953 0.127544 0.170234 0.130195 0.149594 0.14308 0.142125 0.159942 0.13571899999999998 0.185673 0.13571899999999998 0.201209 0.132531 0.204873
2 0.871484 0.169298 0.8736089999999999 0.173275 0.8768119999999999 0.175945 0.879297 0.166628 0.8778749999999998 0.161326 0.871484 0.169298
2 0.920469 0.199844 0.9215310000000001 0.193645 0.914078 0.162651 0.9119530000000001 0.159552 0.9062660000000001 0.159552 0.917266 0.194094 0.920469 0.199844
2 0.934797 0.179532 0.932938 0.158304 0.936922 0.14039000000000001 0.927875 0.13771899999999998 0.9244220000000001 0.155634 0.927609 0.173548 0.934797 0.179532
36 0.218547 0.172612 0.21340600000000004 0.179025 0.212891 0.184172 0.212891 0.191891 0.217 0.202164 0.219578 0.197661 0.218547 0.172612
36 0.23604700000000003 0.26616 0.23889100000000002 0.25848 0.24125000000000002 0.249025 0.236516 0.227135 0.229875 0.225361 0.223719 0.227739 0.22276599999999996 0.274444 0.23604700000000003 0.26616
50 0.7663909999999999 0.181209 0.7737809999999999 0.17869400000000002 0.778484 0.169474 0.7805 0.158596 0.7771410000000001 0.151053 0.777813 0.122593 0.769078 0.11001899999999999 0.760359 0.11001899999999999 0.752969 0.115049 0.750281 0.121754 0.749609 0.13347 0.749609 0.141014 0.748281 0.14937599999999998 0.748281 0.156082 0.74425 0.16362600000000002 0.750281 0.17115 0.761031 0.181209 0.7663909999999999 0.181209
50 0.747563 0.211969 0.751609 0.205731 0.754703 0.201579 0.757562 0.199493 0.758281 0.195634 0.758031 0.176355 0.752563 0.168635 0.749469 0.166257 0.745188 0.163587 0.741391 0.16269 0.739484 0.161813 0.739719 0.15883 0.740672 0.145185 0.739484 0.135984 0.738531 0.133021 0.736156 0.130936 0.731625 0.126784 0.725203 0.126901 0.722359 0.12809 0.718781 0.130175 0.716875 0.132846 0.715688 0.139961 0.715688 0.157778 0.729734 0.16655 0.731625 0.169513 0.732578 0.177544 0.733297 0.182573 0.740437 0.208986 0.739719 0.212846 0.735672 0.214639 0.733063 0.220273 0.745422 0.220565 0.745672 0.219084 0.747563 0.211969
50 0.728969 0.235809 0.728609 0.272066 0.727922 0.278967 0.738297 0.283704 0.746609 0.291053 0.749375 0.29191 0.753172 0.291481 0.753516 0.28501 0.750406 0.26731 0.748328 0.254795 0.745906 0.249181 0.746953 0.240117 0.749719 0.231501 0.748328 0.227602 0.728609 0.226745 0.728969 0.235809
50 0.510891 0.16809 0.524328 0.175205 0.549188 0.18231999999999998 0.550422 0.179786 0.535344 0.171657 0.531672 0.165556 0.530453 0.158947 0.528406 0.148265 0.520266 0.138616 0.512516 0.138616 0.507219 0.146238 0.500703 0.159454 0.510891 0.16809
50 0.555766 0.17241700000000001 0.551141 0.191657 0.5526869999999999 0.212827 0.560391 0.214737 0.575812 0.214737 0.602031 0.214737 0.612828 0.203197 0.597406 0.18395699999999998 0.597406 0.176257 0.597406 0.158947 0.580438 0.13200800000000001 0.5742659999999999 0.122398 0.566563 0.13200800000000001 0.558844 0.15701800000000002 0.551141 0.168577 0.548063 0.182027 0.555766 0.17241700000000001
50 0.802562 0.129747 0.809469 0.138772 0.8153750000000001 0.156004 0.809469 0.176101 0.819984 0.182671 0.8245939999999999 0.176101 0.8311719999999999 0.17076 0.8301719999999999 0.16543899999999997 0.8285310000000001 0.154776 0.830828 0.147797 0.833797 0.135088 0.8285310000000001 0.128928 0.8311719999999999 0.108012 0.801906 0.103489 0.802562 0.129747
50 0.18025 0.363899 0.220859 0.362612 0.219828 0.292437 0.226078 0.295049 0.231281 0.28074099999999996 0.219828 0.218382 0.236484 0.213177 0.235453 0.19499 0.215656 0.179396 0.20940599999999998 0.149513 0.194828 0.14430800000000002 0.1865 0.16641299999999998 0.190656 0.178109 0.170875 0.18719300000000003 0.160453 0.20537999999999998 0.157328 0.215789 0.174 0.22746599999999997 0.163578 0.236569 0.168797 0.295049 0.178172 0.321033 0.178172 0.366511 0.18025 0.363899
50 0.267094 0.214386 0.267094 0.21616 0.269609 0.214386 0.271391 0.204581 0.275312 0.185848 0.278531 0.175595 0.288187 0.164016 0.277109 0.155088 0.276031 0.142612 0.273531 0.132807 0.268172 0.127018 0.261391 0.122554 0.253875 0.127895 0.248875 0.135478 0.247797 0.145731 0.24065600000000004 0.156433 0.238875 0.159103 0.234578 0.164016 0.229578 0.178285 0.228859 0.181832 0.236375 0.196101 0.24137500000000003 0.192086 0.24137500000000003 0.214386 0.259594 0.217057 0.263531 0.213489 0.267094 0.214386
50 0.254594 0.357934 0.254953 0.248265 0.24173400000000003 0.265653 0.243516 0.358382 0.254594 0.357934
44 0.402766 0.788363 0.41665599999999997 0.743821 0.45039100000000004 0.738869 0.45039100000000004 0.743821 0.446422 0.766082 0.45039100000000004 0.8279730000000001 0.48807799999999996 0.85768 0.5218130000000001 0.8898440000000001 0.547609 0.9195519999999999 0.551562 0.9195519999999999 0.642844 0.9195519999999999 0.664656 0.902222 0.678547 0.837875 0.690453 0.780936 0.698391 0.7314419999999999 0.7301409999999999 0.691832 0.7301409999999999 0.679454 0.7301409999999999 0.6646 0.7043440000000001 0.632417 0.7777499999999999 0.657173 0.789656 0.657173 0.817437 0.644795 0.843234 0.632417 0.8710000000000001 0.600253 0.8710000000000001 0.570546 0.863063 0.523509 0.851172 0.483918 0.825375 0.44925899999999996 0.8134690000000001 0.439357 0.749984 0.409649 0.7142660000000001 0.399747 0.676562 0.399747 0.666641 0.382417 0.676562 0.377466 0.692438 0.345302 0.678547 0.325497 0.638875 0.345302 0.593234 0.382417 0.555531 0.422027 0.535703 0.464113 0.527766 0.466589 0.513875 0.464113 0.49800000000000005 0.439357 0.468234 0.39232 0.426578 0.350253 0.351172 0.439357 0.35514100000000004 0.402222 0.432531 0.325497 0.434516 0.313119 0.41467200000000004 0.310643 0.363078 0.320546 0.33332799999999996 0.345302 0.3115 0.399747 0.291656 0.434405 0.275781 0.45421100000000003 0.244047 0.469064 0.222219 0.49134500000000003 0.192453 0.5606429999999999 0.21825 0.5779730000000001 0.244047 0.5680700000000001 0.26585899999999996 0.570546 0.26585899999999996 0.5779730000000001 0.26585899999999996 0.600253 0.234125 0.615107 0.21825 0.667076 0.224203 0.686881 0.26387499999999997 0.706686 0.307531 0.72154 0.301578 0.7413449999999999 0.244047 0.743821 0.206344 0.763606 0.20039099999999999 0.8106429999999999 0.244047 0.907173 0.26585899999999996 0.9344049999999999 0.27181299999999997 0.941832 0.345234 0.941832 0.373 0.941832 0.402766 0.909649 0.400781 0.8750100000000001 0.39879699999999996 0.850253 0.39085899999999996 0.8155950000000001 0.402766 0.788363
44 0.545719 0.39951299999999995 0.556516 0.42261200000000004 0.570391 0.411053 0.601234 0.378363 0.636703 0.35335300000000003 0.662922 0.324483 0.701469 0.343723 0.6845 0.386043 0.7030160000000001 0.403372 0.770859 0.411053 0.794 0.39951299999999995 0.798625 0.37066299999999996 0.784734 0.33602299999999996 0.750812 0.299474 0.712266 0.28793399999999997 0.670625 0.312943 0.676797 0.301404 0.6922189999999999 0.24368399999999998 0.689125 0.210975 0.6613749999999999 0.218674 0.635156 0.239844 0.6228279999999999 0.282164 0.619734 0.303314 0.607406 0.320643 0.602766 0.334113 0.564219 0.35912299999999997 0.527203 0.376433 0.545719 0.39951299999999995
50 0.0454219 0.212281 0.0595625 0.211209 0.062125 0.204795 0.0647031 0.187154 0.06942190000000001 0.174854 0.0724219 0.169493 0.0827031 0.161481 0.08442190000000001 0.15132600000000002 0.08442190000000001 0.144893 0.0865625 0.140078 0.093 0.132593 0.0964219 0.12885 0.0985625 0.120838 0.099 0.112807 0.0981406 0.108538 0.096 0.103723 0.0942813 0.102125 0.08870310000000001 0.101053 0.0861406 0.09943469980506824 0.0784219 0.09998050097465887 0.0754219 0.10265099999999999 0.0732812 0.106394 0.0711406 0.10906400000000001 0.0702812 0.114425 0.07070309999999999 0.12191 0.0711406 0.130468 0.0672813 0.139552 0.062125 0.142222 0.0595625 0.144893 0.056125 0.148109 0.0535625 0.151852 0.0514219 0.157739 0.048421900000000004 0.16842100000000002 0.0432656 0.207466 0.0454219 0.212281
50 0.870016 0.225634 0.876656 0.217329 0.878328 0.199688 0.875828 0.175828 0.871672 0.17271 0.857531 0.17271 0.8608589999999999 0.157154 0.8608589999999999 0.143665 0.8558749999999999 0.13848 0.8375619999999999 0.130175 0.8342500000000002 0.132242 0.830078 0.157154 0.830078 0.170643 0.820937 0.181014 0.814281 0.222534 0.8334059999999999 0.229786 0.846719 0.240156 0.853375 0.230819 0.870016 0.225634
50 0.8317499999999999 0.232904 0.830078 0.239123 0.830078 0.300351 0.8342500000000002 0.306569 0.8367340000000001 0.366764 0.841734 0.370916 0.842117208303458 0.3099206232636965 0.842562 0.239123 0.8317499999999999 0.232904
50 0.815109 0.355341 0.816781 0.356374 0.82675 0.302417 0.827594 0.236023 0.825094 0.233938 0.814281 0.301384 0.814281 0.355341 0.815109 0.355341
50 0.853375 0.234971 0.852547 0.23809 0.846719 0.245361 0.850047 0.36883 0.861688 0.36883 0.8592030000000002 0.23809 0.853375 0.234971
50 0.874172 0.272339 0.8733280000000001 0.236023 0.867516 0.234971 0.8683440000000001 0.263002 0.866687 0.36883 0.8725000000000002 0.369864 0.875828 0.3346 0.878328 0.284776 0.874172 0.272339
36 0.592625 0.17937599999999998 0.589359 0.174386 0.585 0.176199 0.583547 0.178012 0.585 0.183002 0.585734 0.186608 0.588641 0.186608 0.594078 0.18526299999999998 0.592625 0.17937599999999998