73 0.340667 0.195719 0.342688 0.20125 0.349417 0.202266 0.365542 0.20478100000000002 0.369562 0.207297 0.369562 0.210328 0.33999999999999997 0.215375 0.338667 0.221422 0.34872899999999996 0.227469 0.368896 0.2325 0.37225 0.237031 0.33999999999999997 0.241578 0.33999999999999997 0.248125 0.34604199999999996 0.253172 0.368896 0.257703 0.370917 0.259719 0.382333 0.26475 0.39375 0.266766 0.394438 0.267781 0.403167 0.272813 0.411896 0.271312 0.41122899999999996 0.26273399999999997 0.421312 0.26425 0.42400000000000004 0.26273399999999997 0.436083 0.261234 0.435417 0.258203 0.442812 0.255188 0.46699999999999997 0.24762499999999998 0.467667 0.23603100000000002 0.43674999999999997 0.234516 0.43475 0.233 0.438771 0.22896899999999998 0.464979 0.221422 0.466333 0.209828 0.435417 0.208812 0.433396 0.205797 0.437437 0.203781 0.461625 0.197219 0.46564599999999995 0.182609 0.43475 0.18310900000000002 0.428687 0.180094 0.422646 0.17757799999999999 0.41256200000000004 0.17907800000000001 0.399125 0.174047 0.383 0.181094 0.374271 0.18310900000000002 0.337979 0.189672 0.340667 0.195719
50 0.471375 0.8238749999999999 0.47550000000000003 0.809266 0.47025 0.787922 0.466875 0.77725 0.456771 0.7780940000000001 0.457521 0.786797 0.453771 0.791281 0.453771 0.797187 0.456021 0.826125 0.47100000000000003 0.825281 0.471375 0.8238749999999999
18 0.276771 0.8510310000000001 0.286271 0.8452500000000001 0.327188 0.841687 0.33727100000000004 0.847031 0.347958 0.846141 0.35862499999999997 0.844797 0.359813 0.839469 0.359813 0.831453 0.359813 0.8212189999999999 0.359813 0.8136559999999999 0.359229 0.804312 0.356854 0.802547 0.349729 0.793641 0.343792 0.786531 0.317104 0.785187 0.292792 0.785641 0.272625 0.791859 0.262542 0.802094 0.251875 0.8069839999999999 0.251875 0.815891 0.248312 0.8292339999999999 0.250688 0.836797 0.256604 0.848359 0.276771 0.8510310000000001
18 0.387417 0.808266 0.38789599999999996 0.818 0.416729 0.8205159999999999 0.430188 0.8205159999999999 0.435 0.827375 0.44125000000000003 0.8270160000000001 0.446542 0.819797 0.45375000000000004 0.8201560000000001 0.459042 0.8241250000000001 0.467688 0.826297 0.472979 0.8230470000000001 0.474417 0.814031 0.474417 0.810422 0.474417 0.802859 0.47202099999999997 0.795641 0.468646 0.786266 0.457604 0.785187 0.39895800000000003 0.791312 0.387417 0.808266
18 0.501479 0.809219 0.503646 0.810562 0.5090210000000001 0.810562 0.508667 0.808406 0.5323749999999999 0.8078749999999999 0.5341670000000001 0.8111090000000001 0.538479 0.8078749999999999 0.537771 0.797906 0.539208 0.796828 0.537771 0.793859 0.534896 0.793594 0.531667 0.786047 0.506146 0.786047 0.502208 0.794937 0.500396 0.808406 0.501479 0.809219
18 0.667792 0.7979529999999999 0.6657080000000001 0.8128439999999999 0.667792 0.8163750000000001 0.670417 0.817937 0.676167 0.8163750000000001 0.676167 0.8128439999999999 0.708542 0.8132339999999999 0.7137709999999999 0.815984 0.718479 0.814813 0.72475 0.8116720000000001 0.725792 0.809328 0.723688 0.794438 0.731 0.793266 0.729437 0.790516 0.7226459999999999 0.7897339999999999 0.721083 0.786203 0.715333 0.780719 0.706979 0.780328 0.681375 0.780719 0.676167 0.785813 0.673542 0.790906 0.667792 0.797562 0.667792 0.7979529999999999
18 0.645583 0.78425 0.641917 0.7897190000000001 0.642229 0.795875 0.642833 0.8015779999999999 0.6464789999999999 0.8034060000000001 0.651958 0.8043279999999999 0.6553129999999999 0.8034060000000001 0.6644380000000001 0.8029529999999999 0.668083 0.802266 0.668083 0.798391 0.6738540000000001 0.791547 0.6720419999999999 0.788125 0.668688 0.782203 0.648 0.782203 0.645583 0.78425
18 0.323875 0.787937 0.34064599999999995 0.790297 0.358438 0.8056089999999999 0.356875 0.8311249999999999 0.37518799999999997 0.831516 0.37622900000000004 0.837016 0.389854 0.8366250000000001 0.389333 0.8118909999999999 0.374667 0.781656 0.324417 0.781656 0.321792 0.787547 0.323875 0.787937
18 0.474229 0.799625 0.475562 0.8106880000000001 0.49166699999999997 0.8106880000000001 0.49166699999999997 0.8056559999999999 0.49166699999999997 0.799125 0.490312 0.794594 0.48831199999999997 0.788563 0.471542 0.789562 0.474229 0.799625
18 0.535417 0.794125 0.537729 0.793984 0.537917 0.795719 0.537146 0.797016 0.538312 0.804828 0.544292 0.80425 0.546229 0.806719 0.547187 0.808016 0.550854 0.8064220000000001 0.551042 0.80425 0.551042 0.7990470000000001 0.549687 0.794125 0.5433330000000001 0.786312 0.531563 0.786312 0.535417 0.794125
18 0.573979 0.8040940000000001 0.5736249999999999 0.798172 0.571479 0.7917029999999999 0.565375 0.787125 0.5473960000000001 0.787125 0.545958 0.788469 0.551354 0.795203 0.551354 0.8030160000000001 0.568958 0.8032809999999999 0.573979 0.8040940000000001
73 0.555271 0.709688 0.5619999999999999 0.711578 0.5619999999999999 0.713047 0.572396 0.711578 0.579125 0.710313 0.579125 0.698109 0.5645209999999999 0.696844 0.555271 0.697266 0.555271 0.709688
73 0.819479 0.7515310000000001 0.820604 0.729484 0.807167 0.731172 0.807729 0.751328 0.819479 0.7515310000000001
73 0.3425 0.764641 0.349062 0.764641 0.35456299999999996 0.764641 0.358354 0.758172 0.351458 0.754812 0.355604 0.7501559999999999 0.351813 0.7478279999999999 0.35456299999999996 0.744984 0.346646 0.740859 0.340771 0.742656 0.3425 0.764641
73 0.7662289999999999 0.725734 0.7574369999999999 0.726156 0.7588539999999999 0.7306250000000001 0.7679379999999999 0.730844 0.7679379999999999 0.7342500000000001 0.7594169999999999 0.735313 0.7597079999999999 0.738078 0.769354 0.738938 0.7687919999999999 0.742344 0.7611249999999999 0.742344 0.760563 0.745328 0.7685 0.7466090000000001 0.769354 0.748953 0.7747499999999999 0.750219 0.7747499999999999 0.721688 0.7736249999999999 0.720828 0.767083 0.722531 0.7662289999999999 0.725734
52 0.131521 0.847719 0.14927100000000001 0.8465469999999999 0.147708 0.834797 0.139354 0.833625 0.14510399999999998 0.808938 0.15868800000000002 0.791312 0.1545 0.783469 0.137271 0.779953 0.120542 0.785828 0.121583 0.803844 0.137271 0.8069839999999999 0.133083 0.832047 0.129417 0.832047 0.129958 0.845375 0.131521 0.847719
73 0.518771 0.6676409999999999 0.5348120000000001 0.670922 0.543083 0.669828 0.553771 0.666547 0.553292 0.648313 0.5197499999999999 0.647953 0.519271 0.666547 0.518771 0.6676409999999999