50 0.41506299999999996 0.379769 0.40898399999999996 0.429215 0.413547 0.476397 0.421141 0.507875 0.42874999999999996 0.552818 0.421141 0.573025 0.424188 0.582032 0.43634399999999995 0.579769 0.44395300000000004 0.573025 0.4485 0.5662820000000001 0.44698399999999994 0.54157 0.440906 0.489885 0.4485 0.489885 0.451547 0.492125 0.451547 0.501132 0.451547 0.555058 0.4485 0.570785 0.451547 0.586513 0.462188 0.588753 0.468266 0.582032 0.468266 0.579769 0.46371900000000005 0.573025 0.47435900000000003 0.523603 0.46675000000000005 0.489885 0.465234 0.476397 0.47282799999999997 0.447182 0.477391 0.438199 0.475875 0.417968 0.475875 0.395497 0.475875 0.377529 0.471312 0.377529 0.462188 0.379769 0.416578 0.38203200000000004 0.41506299999999996 0.379769
50 0.366734 0.18669699999999997 0.366734 0.143718 0.35268700000000003 0.026582 0.304547 0.023625900692840648 0.297531 0.031039300230946882 0.302547 0.122956 0.310562 0.15113200000000002 0.305547 0.171871 0.307563 0.185219 0.32660900000000004 0.188199 0.33865599999999996 0.168915 0.332625 0.09478060046189377 0.32660900000000004 0.035473399538106236 0.33564099999999997 0.06217090069284065 0.34065599999999996 0.09625869976905312 0.34367200000000003 0.140739 0.349688 0.195612 0.364734 0.200046 0.366734 0.18669699999999997
50 0.395297 0.114596 0.407453 0.166282 0.39225 0.19776 0.393781 0.2 0.439391 0.193256 0.44395299999999993 0.150554 0.43329699999999993 0.074157 0.445469 0.0269746 0.387688 0.020230900000000003 0.395297 0.114596
50 0.524531 0.148314 0.548859 0.19776 0.548859 0.215727 0.545813 0.226975 0.574703 0.226975 0.583812 0.204503 0.567094 0.13933 0.524531 0.0786605 0.515406 0.031455 0.481953 0.0247113 0.49412500000000004 0.0809007 0.524531 0.148314
50 0.6425 0.111085 0.644844 0.09489609930715935 0.645625 0.08450349884526559 0.647969 0.07180139953810623 0.651875 0.05678979907621247 0.656562 0.04060049884526559 0.66125 0.029053099307159356 0.6675 0.047528900692840645 0.668281 0.057944600461893765 0.668281 0.07411090069284065 0.668281 0.08450349884526559 0.670625 0.10297899999999999 0.671406 0.115704 0.674531 0.124942 0.687828 0.126097 0.694859 0.123788 0.697984 0.12263299999999999 0.695641 0.11223999999999999 0.693297 0.105289 0.689391 0.09836030023094688 0.689391 0.07295609930715935 0.689391 0.05678979907621247 0.689391 0.03944569976905312 0.689391 0.031362600461893764 0.676094 0.026743600461893766 0.658125 0.02443420092378753 0.646406 0.02443420092378753 0.6425 0.02443420092378753 0.637016 0.03598149884526559 0.633891 0.052170900692840645 0.630766 0.06833720092378753 0.6268589999999999 0.08450349884526559 0.6268589999999999 0.10067000000000001 0.622953 0.11223999999999999 0.625297 0.113395 0.629203 0.11916900000000001 0.6377970000000001 0.124942 0.645625 0.129561 0.649531 0.128406 0.650312 0.123788 0.651094 0.12263299999999999 0.646406 0.115704 0.6425 0.111085
50 0.7738590000000001 0.7797689999999999 0.772344 0.7640420000000001 0.7464999999999999 0.7393299999999999 0.726734 0.746074 0.726734 0.719099 0.717609 0.710115 0.703922 0.719099 0.703922 0.761801 0.772344 0.775289 0.7738590000000001 0.7797689999999999
50 0.976078 0.256189 0.968469 0.175289 0.983672 0.035958399538106235 0.9547969999999999 0.022471099307159355 0.916781 0.05618939953810624 0.8863749999999999 0.11011499999999999 0.8468439999999999 0.175289 0.828594 0.233718 0.830125 0.23145500000000002 0.907656 0.265173 0.916781 0.242702 0.916781 0.267413 0.97 0.28314100000000003 0.976078 0.256189
50 0.0851406 0.582032 0.120109 0.5662820000000001 0.155078 0.568545 0.179406 0.555058 0.156594 0.528083 0.156594 0.384273 0.0516875 0.39101600000000003 0.07906250000000001 0.568545 0.0851406 0.582032
50 0.8485469999999999 0.589677 0.8527189999999999 0.575797 0.8464689999999999 0.551132 0.854813 0.558845 0.8464689999999999 0.495612 0.843328 0.43702100000000005 0.8568910000000001 0.406166 0.868375 0.421594 0.8694219999999999 0.384573 0.8047340000000001 0.383048 0.799516 0.421594 0.832906 0.56037 0.832906 0.568083 0.815156 0.558845 0.810984 0.56037 0.801594 0.566536 0.79325 0.58351 0.801594 0.589677 0.8568910000000001 0.591224 0.8485469999999999 0.589677
50 0.360328 0.8381989999999999 0.343609 0.820231 0.357281 0.714596 0.349688 0.6898850000000001 0.288875 0.6876439999999999 0.29798399999999997 0.757298 0.29798399999999997 0.808984 0.27975 0.8381989999999999 0.313188 0.8494459999999999 0.360328 0.86067 0.360328 0.8381989999999999
50 0.06637499999999999 0.810531 0.1115 0.818684 0.1115 0.815982 0.114266 0.809169 0.1115 0.798268 0.102281 0.7846650000000001 0.101359 0.762887 0.120703 0.689376 0.119781 0.686651 0.08754690000000001 0.6839259999999999 0.086625 0.6839259999999999 0.0654531 0.7302080000000001 0.0553125 0.749261 0.0470313 0.777852 0.0580781 0.7996300000000001 0.0608437 0.8009930000000001 0.0654531 0.809169 0.06637499999999999 0.810531
59 0.278547 0.865035 0.284266 0.876651 0.292125 0.87612 0.292484 0.865035 0.293187 0.8629330000000001 0.355672 0.863464 0.356031 0.8808779999999999 0.367094 0.8835099999999999 0.37139099999999997 0.877714 0.36889099999999997 0.8729560000000001 0.366031 0.867159 0.366031 0.865566 0.374594 0.8629330000000001 0.375312 0.852379 0.347812 0.853441 0.30960899999999997 0.848684 0.289625 0.839192 0.282125 0.846051 0.255344 0.838661 0.279625 0.856074 0.278547 0.865035
59 0.662984 0.8820319999999999 0.661922 0.876767 0.656219 0.876767 0.641266 0.885196 0.619891 0.888891 0.607781 0.888891 0.606703 0.889931 0.596734 0.897829 0.568234 0.897829 0.537609 0.896767 0.5290619999999999 0.895196 0.518016 0.8883599999999999 0.518375 0.875727 0.48881199999999997 0.873603 0.485609 0.87836 0.479547 0.8772979999999999 0.466359 0.874134 0.464234 0.873603 0.457109 0.8715010000000001 0.45318800000000004 0.8694 0.438938 0.859931 0.432531 0.86097 0.42896900000000004 0.862032 0.42932800000000004 0.8704620000000001 0.43609400000000004 0.880993 0.449266 0.8915240000000001 0.47526599999999997 0.896259 0.47170300000000004 0.9020320000000001 0.46459400000000006 0.915196 0.462453 0.9199539999999999 0.464234 0.927321 0.47206200000000004 0.927321 0.478125 0.917829 0.47882800000000003 0.9083600000000001 0.486672 0.9120550000000001 0.491656 0.906259 0.491297 0.896259 0.502344 0.900462 0.549719 0.903626 0.592469 0.90679 0.59425 0.9083600000000001 0.595313 0.91679 0.593172 0.920993 0.591391 0.9278519999999999 0.59175 0.9362590000000001 0.595313 0.9399540000000001 0.6002970000000001 0.941524 0.605281 0.941524 0.608844 0.93679 0.612406 0.926259 0.614187 0.926259 0.616688 0.9225869999999999 0.617047 0.915196 0.6149060000000001 0.9094230000000001 0.6245160000000001 0.9094230000000001 0.645531 0.89836 0.662281 0.883095 0.662984 0.8820319999999999
59 0.39304700000000004 0.21321 0.394656 0.217991 0.386563 0.217182 0.383859 0.21000000000000002 0.377391 0.211617 0.37360899999999997 0.22198600000000002 0.375219 0.230762 0.38225 0.22916899999999998 0.38440599999999997 0.224365 0.402766 0.225982 0.40437500000000004 0.23554300000000003 0.41679700000000003 0.23794500000000002 0.422203 0.22916899999999998 0.420031 0.217182 0.40437500000000004 0.213995 0.407078 0.20122400000000001 0.45351600000000003 0.194042 0.462141 0.197252 0.462688 0.20840599999999998 0.45512499999999995 0.20443399999999998 0.448656 0.20840599999999998 0.44757800000000003 0.22117799999999999 0.454047 0.22277100000000002 0.471328 0.22277100000000002 0.482656 0.22836 0.491297 0.22916899999999998 0.49615600000000004 0.22198600000000002 0.49400000000000005 0.212402 0.47889099999999996 0.21000000000000002 0.471859 0.211617 0.47510899999999995 0.20521899999999998 0.48320299999999994 0.197252 0.504266 0.194042 0.5091249999999999 0.187667 0.5064219999999999 0.17729799999999998 0.482656 0.178891 0.474563 0.186074 0.45675 0.187667 0.428672 0.187667 0.40545299999999995 0.186859 0.387641 0.18448 0.372531 0.190069 0.371984 0.190069 0.386563 0.202032 0.39304700000000004 0.21321
59 0.810234 0.81 0.815188 0.852055 0.832516 0.8703460000000001 0.851078 0.866697 0.847359 0.83194 0.865922 0.833764 0.908 0.815473 0.8782970000000001 0.789885 0.792922 0.775242 0.731047 0.762448 0.685266 0.758776 0.810234 0.81
59 0.403672 0.583256 0.414984 0.588845 0.41309399999999996 0.593025 0.4126250000000001 0.597206 0.4121287390708132 0.599786874608247 0.28177399993892854 0.5972313380402898 0.139281 0.809908 0.799906 0.609746 0.675891 0.613233 0.669766 0.6083599999999999 0.619781 0.6083599999999999 0.594313 0.599284 0.593844 0.6041799999999999 0.46924256846392687 0.5890717406251206 0.469688 0.588152 0.472516 0.586744 0.47910900000000006 0.586744 0.48382800000000004 0.579076 0.47910900000000006 0.576305 0.47157799999999994 0.580485 0.456016 0.583256 0.432026282768655 0.5845591656865975 0.42593289565176773 0.5838203260769833 0.411219 0.577691 0.404141 0.581178 0.403672 0.583256
59 0.342203 0.17662799999999998 0.336063 0.168268 0.336063 0.173141 0.310125 0.171755 0.307766 0.18988499999999997 0.312953 0.19893799999999998 0.317203 0.200323 0.318625 0.192656 0.328984 0.190577 0.335125 0.194065 0.340781 0.19963 0.342203 0.17662799999999998
59 0.162922 0.585358 0.150188 0.579076 0.152078 0.574896 0.176125 0.563048 0.175187 0.558176 0.151141 0.568637 0.141234 0.567229 0.12425 0.567229 0.11167194607184867 0.567229 0.0987969 0.567229 0.0855937 0.574896 0.0865313 0.577691 0.0846406 0.584665 0.0940781 0.586744 0.1010064675035212 0.586744 0.0964375 0.595104 0.0931406 0.6041799999999999 0.0940781 0.613926 0.105859 0.610439 0.107281 0.604873 0.135578 0.609053 0.136984 0.6146189999999999 0.145 0.6146189999999999 0.145 0.597206 0.134156 0.594411 0.1341417874486869 0.5943370856322854 0.16499659037564057 0.5949419779262063 0.166219 0.597206 0.172828 0.597206 0.17290274181978765 0.5950969738953739 0.173297 0.583972 0.171875 0.579076 0.163859 0.579076 0.162922 0.585358
59 0.0242344 0.805035 0.0388437 0.812009 0.0393125 0.815473 0.03225 0.823141 0.0336562 0.830115 0.0388437 0.83291 0.0435625 0.823857 0.04875 0.828037 0.053000000000000005 0.828037 0.05676559999999999 0.821062 0.0515781 0.814781 0.05251560000000001 0.812009 0.0987344 0.816882 0.101562 0.8217549999999999 0.0977969 0.83291 0.10109399999999999 0.839192 0.106281 0.838476 0.11523400000000002 0.83709 0.11523400000000002 0.825242 0.11335900000000002 0.82037 0.13175 0.816882 0.139281 0.809908 0.131266 0.807113 0.11665600000000001 0.812009 0.0836406 0.8106 0.0407344 0.80642 0.026109399999999998 0.799446 0.0242344 0.805035
59 0.706578 0.139122 0.704937 0.125312 0.724141 0.11801399999999998 0.724141 0.113972 0.702187 0.118822 0.673094 0.122887 0.647844 0.120462 0.62425 0.118822 0.642359 0.131801 0.642359 0.144804 0.651687 0.142356 0.651687 0.126952 0.696156 0.12776 0.698344 0.142356 0.706578 0.139122
59 0.8352809999999999 0.602079 0.833391 0.597898 0.839984 0.593025 0.834812 0.586744 0.823953 0.583972 0.806516 0.590231 0.8079219999999999 0.598591 0.802266 0.599284 0.799906 0.609746 0.8050940000000001 0.618106 0.8225469999999999 0.609053 0.8324529999999999 0.616721 0.8390470000000001 0.616721 0.839516 0.605566 0.8352809999999999 0.602079
50 0.738891 0.626975 0.735859 0.6179680000000001 0.735859 0.60224 0.725219 0.595497 0.716094 0.593256 0.708484 0.570785 0.710016 0.559561 0.717609 0.5258430000000001 0.723688 0.498868 0.731297 0.476397 0.737375 0.45843 0.734344 0.438199 0.731297 0.395497 0.682641 0.38203200000000004 0.659844 0.386513 0.6644059999999999 0.395497 0.679609 0.429215 0.6856880000000001 0.465173 0.6856880000000001 0.507875 0.681125 0.546074 0.673516 0.582032 0.673516 0.6112470000000001 0.678078 0.622471 0.682641 0.629215 0.693281 0.6381990000000001 0.725219 0.6494460000000001 0.738891 0.626975
59 0.8479369999999999 0.254873 0.858719 0.270808 0.8802809999999999 0.278152 0.879438 0.285497 0.874469 0.285497 0.862859 0.29776 0.871156 0.31247100000000005 0.9184060000000001 0.290416 0.9681559999999999 0.300208 0.9615309999999999 0.322263 0.9565469999999999 0.333303 0.970641 0.344319 0.9781090000000001 0.322263 0.974797 0.286721 0.9358280000000001 0.275704 0.912609 0.260993 0.906813 0.263441 0.879438 0.26221700000000003 0.8529059999999999 0.24873 0.8479369999999999 0.254873
50 0.471078 0.734619 0.45742200000000005 0.7915700000000001 0.441875 0.845751 0.43815600000000005 0.862263 0.45803099999999997 0.871455 0.483516 0.875127 0.489719 0.875127 0.489719 0.862263 0.483516 0.846651 0.483516 0.842979 0.494078 0.823695 0.488484 0.807159 0.494688 0.786051 0.496563 0.774111 0.515203 0.712587 0.531969 0.692379 0.542531 0.691455 0.536312 0.728199 0.527625 0.786051 0.532594 0.812679 0.523891 0.826467 0.518297 0.8549190000000001 0.518922 0.869607 0.518922 0.891663 0.545641 0.898083 0.602172 0.8944110000000001 0.607766 0.885219 0.603422 0.876952 0.587266 0.865935 0.56925 0.849423 0.569875 0.831963 0.563656 0.816351 0.577328 0.719007 0.588516 0.685035 0.48599999999999993 0.685035 0.471078 0.734619
50 0.969031 0.8424480000000001 0.979609 0.694018 0.939078 0.6809930000000001 0.9285159999999999 0.759122 0.9091250000000001 0.7721250000000001 0.879172 0.759122 0.859797 0.7669279999999999 0.861563 0.782564 0.965516 0.847667 0.969031 0.8424480000000001