74 0.373021 0.48504699999999995 0.352857 0.50075 0.32934399999999997 0.532141 0.346136 0.805688 0.373021 0.839312 0.42007 0.8662190000000001 0.5108199999999999 0.870703 0.6351519999999999 0.8662190000000001 0.678852 0.8348280000000001 0.678852 0.745141 0.715808 0.529891 0.662037 0.47832800000000003 0.604918 0.112859 0.52089 0.108375 0.373021 0.48504699999999995
18 0.107752 0.229719 0.151803 0.231281 0.15141861826697892 0.2301180328125 0.150632 0.23010899999999998 0.150632 0.22773807656249997 0.14299800000000001 0.204641 0.120679 0.20504699999999998 0.103653 0.207 0.107752 0.229719
18 0.195246 0.23912499999999998 0.206417 0.239516 0.207002 0.217969 0.18880599999999997 0.215219 0.17353600000000002 0.203859 0.150632 0.204641 0.150632 0.22773807656249997 0.15141861826697892 0.2301180328125 0.184684 0.2305 0.195246 0.23912499999999998
18 0.210211 0.217531 0.20789200000000002 0.21235900000000002 0.189297 0.20304700000000003 0.175738 0.205125 0.17728300000000002 0.20770300000000003 0.186581 0.21364100000000003 0.200913 0.215969 0.210211 0.217531
18 0.179555 0.19173400000000002 0.181499 0.193031 0.18817299999999998 0.195813 0.19234199999999999 0.196188 0.196534 0.196 0.209344 0.202687 0.209063 0.198969 0.208782 0.182812 0.207119 0.182438 0.199321 0.182438 0.18901600000000002 0.182438 0.180094 0.183188 0.17341900000000002 0.187828 0.179555 0.19173400000000002
37 0.530281 0.674813 0.531265 0.673484 0.534239 0.663859 0.534239 0.659891 0.531756 0.65325 0.52281 0.644625 0.5282899999999999 0.645625 0.531756 0.644297 0.532272 0.638984 0.528782 0.636328 0.518337 0.634672 0.511874 0.635328 0.5009370000000001 0.653578 0.484028 0.663531 0.481546 0.659219 0.475082 0.656562 0.471101 0.663531 0.476066 0.673156 0.48004699999999995 0.677469 0.493466 0.6864220000000001 0.505902 0.690078 0.5069089999999999 0.685422 0.504426 0.675469 0.511874 0.669172 0.5233019999999999 0.661219 0.5258079999999999 0.672828 0.530281 0.674813
18 0.893302 0.044187500000000005 0.976112 0.0445938 0.972436 0.0380469 0.962014 0.0246562 0.913536 0.027937499999999997 0.9018970000000001 0.0373437 0.893302 0.044187500000000005
18 0.491991 0.032093699999999996 0.579415 0.031468800000000005 0.580796 0.0302344 0.573396 0.0283906 0.565995 0.0246875 0.556276 0.0209844 0.547026 0.0182031 0.529461 0.0169687 0.507705 0.0200469 0.498454 0.026843699999999998 0.48829 0.032390600000000005 0.491991 0.032093699999999996
18 0.378384 0.0111562 0.376159 0.0181406 0.39651099999999995 0.0189531 0.408782 0.013031199999999998 0.402155 0.0100781 0.378384 0.0111562
18 0.44363 0.029968700000000004 0.445831 0.0279531 0.444426 0.0227187 0.42730700000000005 0.0216406 0.427705 0.0215 0.425902 0.0216406 0.42550399999999994 0.030765599999999997 0.44363 0.029968700000000004
18 0.619016 0.030921900000000002 0.704379 0.0320781 0.69829 0.019875 0.684356 0.0169687 0.627728 0.0158125 0.624239 0.0233594 0.6198830000000001 0.030343799999999997 0.619016 0.030921900000000002