13 0.586219 0.272482 0.563734 0.38257599999999997 0.5787340000000001 0.48369999999999996 0.551734 0.57808 0.559234 0.7174240000000001 0.649203 0.7241690000000001 0.686672 0.676956 0.6896720000000001 0.546628 0.686672 0.364614 0.649203 0.267986 0.647703 0.038758800936768145 0.599719 0.03201410070257611 0.586219 0.272482
13 0.352578 0.059110100702576114 0.349453 0.06004680093676815 0.34382799999999997 0.06192040046838407 0.340094 0.06566740046838407 0.338219 0.08252929976580797 0.340719 0.103115 0.340797 0.13466 0.330734 0.191639 0.311734 0.397752 0.306141 0.41618299999999997 0.30724999999999997 0.437963 0.3095 0.461405 0.308375 0.479836 0.316203 0.48822000000000004 0.3285 0.49829 0.33296899999999996 0.501639 0.338562 0.501639 0.350859 0.506651 0.35979700000000003 0.506651 0.366516 0.504988 0.376563 0.501639 0.38887499999999997 0.501639 0.394453 0.499953 0.4 0.48531599999999997 0.40240600000000004 0.469696 0.39920300000000003 0.418033 0.4 0.369977 0.398406 0.350773 0.394391 0.32433300000000004 0.394391 0.29911 0.394391 0.28709599999999996 0.395203 0.258267 0.398406 0.234239 0.40240600000000004 0.19819699999999998 0.398406 0.17056200000000002 0.396797 0.135714 0.396 0.12369999999999999 0.393594 0.11409799999999999 0.395203 0.08765810070257611 0.395203 0.08285710070257611 0.395203 0.0720375011709602 0.391188 0.06604219906323185 0.38317199999999996 0.062435599531615926 0.373563 0.056416899297423884 0.363141 0.05281029976580796 0.356719 0.05763470023419204 0.353516 0.06002340046838408 0.347109 0.062435599531615926 0.352578 0.059110100702576114
27 0.108312 1 0.9921409999999999 0.9911709999999999 0.996859 0.6123419999999999 0.9937189999999999 0.113536 0.485078 0.06646370023419204 0.33281299999999997 0.07824359953161593 0.17739100000000002 0.254707 0.0737812 0.33 0.0031406203124999996 0.388829 0.0031406203124999996 0.53 0.0047031203125 0.986464 0.108312 1
79 0.491766 0.885386 0.52625 0.8808900000000001 0.562234 0.8449409999999999 0.53975 0.8089930000000001 0.511266 0.806745 0.509766 0.7663 0.5127659999999999 0.660679 0.506766 0.6247309999999999 0.52925 0.611241 0.572734 0.5236069999999999 0.577234 0.424731 0.5547340000000001 0.35280999999999996 0.54575 0.330328 0.470781 0.32360700000000003 0.43779700000000005 0.35056200000000004 0.415313 0.474169 0.43029700000000004 0.5393209999999999 0.48128099999999996 0.617986 0.49326600000000004 0.683138 0.48576600000000003 0.8 0.44529699999999994 0.820234 0.431797 0.849438 0.491766 0.8898830000000001 0.491766 0.885386
79 0.862688 0.827073 0.8993439999999999 0.736159 0.893016 0.628173 0.8816409999999999 0.569461 0.86775 0.5486179999999999 0.807078 0.531569 0.7653749999999999 0.535363 0.742625 0.5486179999999999 0.7325160000000001 0.561874 0.712297 0.671756 0.721141 0.772155 0.7653749999999999 0.8592970000000001 0.790656 0.87822 0.7957029999999999 0.940749 0.794438 0.9748479999999999 0.8146559999999999 0.999461 0.8146559999999999 1 0.817187 0.8763230000000001 0.862688 0.827073
79 0.202406 0.35468399999999994 0.230891 0.397377 0.23689100000000002 0.478267 0.239891 0.565925 0.208406 0.581639 0.197906 0.581639 0.194906 0.592881 0.20090599999999997 0.60637 0.24889100000000003 0.5906319999999999 0.28337500000000004 0.57267 0.26687500000000003 0.565925 0.26237499999999997 0.5614290000000001 0.254875 0.431077 0.259375 0.39962499999999995 0.292359 0.33894599999999997 0.317844 0.289508 0.298359 0.13669800000000001 0.224891 0.12770499999999999 0.188906 0.14119400000000001 0.188906 0.154684 0.17242200000000002 0.258056 0.202406 0.35468399999999994
32 0.733156 0.92808 0.688172 0.887635 0.682188 0.914614 0.725656 0.977518 0.787125 0.984262 0.793125 0.964052 0.764641 0.9550589999999999 0.733156 0.92808
32 0.8441089999999999 0.988759 0.8770939999999999 0.984262 0.814125 0.959555 0.815625 0.975269 0.8441089999999999 0.988759
32 0.705234 1 0.711719 1 0.688609 0.972061 0.686578 0.97541 0.694484 0.986651 0.705234 1
32 0.690641 0.972365 0.713953 1 0.719234 0.999719 0.6997238105826541 0.9765658930034461 0.693875 0.969625 0.689219 0.968407 0.690641 0.972365
32 0.69125 0.964778 0.7084675917190755 0.9833570268536282 0.723891 1 0.72875 0.99911 0.7184931727081627 0.988137599941004 0.692672 0.960515 0.690844 0.964473 0.69125 0.964778
32 0.732 0.999719 0.741734 0.99911 0.700578 0.953536 0.698141 0.9592970000000001 0.732 0.999719
62 0.173984 0.9716859999999999 0.144641 0.9716859999999999 0.12350000000000001 0.984614 0.113578 0.9923649999999999 0.107094 0.997541 0.105797 0.998197 0.223188 0.998197 0.20418799999999998 0.980726 0.173984 0.9716859999999999
14 0.015421899999999999 0.56719 0.0239375 0.544871 0.0409531 0.5044730000000001 0.0551406 0.470468 0.0558438 0.440703 0.042375 0.425831 0.0083281296875 0.416253 0.0012343796875 0.413068 0.0026562499999999998 0.528923 0.0012343796875 0.528923 0.004078129687499999 0.5799529999999999 0.015421899999999999 0.56719
14 0.855516 0.843044 0.848922 0.847541 0.8483280000000001 0.8574 0.8483280000000001 0.869977 0.850125 0.8825529999999999 0.862703 0.892436 0.895656 0.896019 0.944797 0.898712 0.978953 0.895129 0.989734 0.881663 0.996922 0.867283 0.998719 0.830468 0.999312 0.690375 0.999922 0.641874 0.9729530000000001 0.6382899999999999 0.943 0.6337940000000001 0.9130309999999999 0.6311009999999999 0.899859 0.6311009999999999 0.895656 0.6311009999999999 0.893266 0.6319910000000001 0.8926719999999999 0.636487 0.896266 0.6427630000000001 0.898062 0.6652220000000001 0.8986560000000001 0.694871 0.8968590000000001 0.724496 0.8926719999999999 0.758618 0.8800779999999999 0.802623 0.869891 0.8232790000000001 0.871094 0.8241919999999999 0.860906 0.8385480000000001 0.855516 0.843044
52 0.458969 0 0.458969 0.039555 0.458969 0.10351300000000001 0.471063 0.166276 0.454141 0.215761 0.471859 0.220585 0.49521899999999996 0.224215 0.5121249999999999 0.238689 0.527422 0.256815 0.5314530000000001 0.271288 0.534672 0.29904 0.541922 0.33283399999999996 0.549969 0.340094 0.563656 0.365433 0.585406 0.278525 0.5998910000000001 0.175948 0.5998910000000001 0.113185 0.603125 0.038337199063231846 0.603125 0.02386419906323185 0.641766 0.02386419906323185 0.646609 0.039555 0.646609 0.07939110070257611 0.6498280000000001 0.145761 0.651438 0.189204 0.653047 0.192834 0.657078 0.233864 0.661906 0.27250599999999997 0.662703 0.284567 0.667547 0.30990599999999996 0.667547 0.31353600000000004 0.6780160000000001 0.361803 0.684453 0.416112 0.68525 0.44267 0.709406 0.429578 0.740812 0.316112 0.7617499999999999 0.265433 0.759344 0.220773 0.771422 0.21112399999999998 0.8052339999999999 0.20508200000000001 0.8213440000000001 0.190585 0.846313 0.18456699999999998 0.847922 0.154379 0.8277810000000001 0.124215 0.811688 0.08800940046838407 0.8028280000000001 0.04454329976580796 0.8020160000000001 0 0.764969 0.000936768149882904 0.700562 0 0.6498280000000001 0 0.578953 0 0.524203 0 0.473469 0 0.458969 0
78 0.559234 0.24007 0.559234 0.215363 0.52325 0.186136 0.503766 0.222108 0.49776600000000004 0.24007 0.51725 0.249063 0.53225 0.264801 0.54125 0.305246 0.53975 0.327705 0.551734 0.341194 0.563734 0.363677 0.584719 0.273794 0.565234 0.258056 0.559234 0.24007
78 0.691172 0.419859 0.707672 0.433326 0.709172 0.401874 0.722656 0.356932 0.736156 0.305246 0.749656 0.278267 0.769141 0.244567 0.773641 0.192881 0.742156 0.224356 0.692672 0.280515 0.680688 0.280515 0.670188 0.298501 0.667188 0.309742 0.683688 0.374895 0.691172 0.419859