16 0.328859 0.41252799999999995 0.327594 0.428333 0.336484 0.428333 0.34664100000000003 0.45091699999999996 0.34029699999999996 0.676639 0.352984 0.665361 0.46092199999999994 0.6698609999999999 0.49012500000000003 0.6698609999999999 0.499016 0.6698609999999999 0.524406 0.6563329999999999 0.558688 0.6315000000000001 0.570125 0.6089169999999999 0.566312 0.42380599999999996 0.479969 0.365111 0.354266 0.371889 0.356797 0.37416699999999997 0.350453 0.398972 0.328859 0.41252799999999995
50 0.647656 0.566139 0.648688 0.564833 0.651188 0.565944 0.651094 0.560944 0.651828 0.550389 0.6524530000000001 0.542611 0.6537029999999999 0.538528 0.653906 0.526861 0.6521410000000001 0.51925 0.652547 0.516667 0.651094 0.515361 0.648906 0.5151669999999999 0.647547 0.517778 0.647234 0.520361 0.644625 0.525556 0.645047 0.529083 0.645156 0.543167 0.646719 0.544833 0.647234 0.564667 0.647656 0.566139
50 0.209375 0.626806 0.21701600000000001 0.6340560000000001 0.21667200000000003 0.6289170000000001 0.219219 0.609333 0.222281 0.597556 0.22364099999999998 0.583694 0.225672 0.578556 0.226859 0.574333 0.225672 0.5658890000000001 0.223469 0.5547219999999999 0.22159399999999999 0.550222 0.22109399999999998 0.542972 0.219734 0.5414720000000001 0.217531 0.54025 0.215156 0.540861 0.214812 0.542056 0.212953 0.544472 0.21379700000000001 0.549611 0.212094 0.551111 0.21090599999999998 0.561361 0.20751599999999998 0.580083 0.208031 0.590917 0.21090599999999998 0.59575 0.212094 0.6159439999999999 0.21006200000000003 0.623806 0.209375 0.626806
50 0.585375 0.499528 0.584406 0.501694 0.583109 0.503 0.5805939999999999 0.5058889999999999 0.580344 0.512667 0.5806720000000001 0.518167 0.581406 0.525806 0.582219 0.532306 0.583109 0.532444 0.5851409999999999 0.531 0.584891 0.5259440000000001 0.584812 0.521778 0.585297 0.517 0.586437 0.514694 0.587734 0.514833 0.589687 0.514972 0.591469 0.51325 0.591234 0.5090560000000001 0.590094 0.508194 0.589922 0.506611 0.5882970000000001 0.504 0.588469 0.502861 0.588703 0.49924999999999997 0.586188 0.49924999999999997 0.585375 0.499528
50 0.6537810000000001 0.513333 0.6527499999999999 0.514556 0.6530940000000001 0.518222 0.6530940000000001 0.520667 0.6530940000000001 0.520972 0.6530940000000001 0.52525 0.6537810000000001 0.535667 0.653438 0.546361 0.653266 0.549111 0.6537810000000001 0.558306 0.6537810000000001 0.5625829999999999 0.6537810000000001 0.564111 0.653266 0.571167 0.657562 0.5665560000000001 0.657047 0.5540280000000001 0.656703 0.539639 0.657562 0.537194 0.658594 0.5261669999999999 0.6580779999999999 0.520972 0.656531 0.519139 0.655328 0.517 0.6537810000000001 0.513333
18 0.637734 0.508028 0.634141 0.5069440000000001 0.626969 0.5069440000000001 0.619203 0.5069440000000001 0.616203 0.516528 0.613219 0.534583 0.616812 0.539917 0.622781 0.531389 0.630563 0.531389 0.635938 0.535639 0.637734 0.508028
18 0.885031 0.620917 0.8852499999999999 0.621722 0.890094 0.626028 0.9064059999999999 0.628361 0.910812 0.629167 0.9125780000000001 0.629167 0.929547 0.6299440000000001 0.930875 0.6315000000000001 0.935719 0.633861 0.93925 0.627583 0.940344 0.621306 0.939016 0.604861 0.933516 0.604472 0.932844 0.595472 0.9064059999999999 0.592333 0.8964840000000001 0.604861 0.887234 0.606444 0.8832660000000001 0.612306 0.885031 0.620917
2 0.21662499999999998 0.5872780000000001 0.218078 0.576306 0.219531 0.567917 0.218438 0.560833 0.219891 0.553722 0.218438 0.5505 0.213 0.547917 0.211172 0.553083 0.211547 0.556972 0.210453 0.55825 0.210094 0.563417 0.207547 0.580833 0.210094 0.585361 0.213359 0.5872780000000001 0.21662499999999998 0.5872780000000001
75 0.321313 0.628222 0.323719 0.615333 0.337625 0.618556 0.339438 0.629306 0.34126599999999996 0.628222 0.34126599999999996 0.611028 0.34065599999999996 0.5293329999999999 0.332797 0.514306 0.33157800000000004 0.49494400000000005 0.30135900000000004 0.49494400000000005 0.300156 0.489583 0.269922 0.48850000000000005 0.262062 0.49388899999999997 0.253 0.595972 0.257828 0.627139 0.262672 0.634667 0.271125 0.633611 0.27234400000000003 0.618556 0.292297 0.619639 0.2935 0.632528 0.298937 0.636833 0.300156 0.622861 0.308609 0.621778 0.312234 0.633611 0.318281 0.632528 0.321313 0.628222
50 0.644937 0.56825 0.644562 0.5653060000000001 0.644562 0.562056 0.645125 0.555583 0.645125 0.549722 0.645125 0.544528 0.645672 0.540639 0.645672 0.538694 0.6458440000000001 0.53675 0.645672 0.5321940000000001 0.645672 0.526361 0.645297 0.521806 0.6443909999999999 0.517583 0.6447499999999999 0.5156390000000001 0.643656 0.511083 0.642375 0.509139 0.6403749999999999 0.510778 0.64 0.512389 0.64 0.513694 0.639828 0.517583 0.638906 0.5201939999999999 0.637625 0.524083 0.637625 0.5312220000000001 0.638719 0.5335 0.638547 0.539667 0.6394529999999999 0.5455 0.6407339999999999 0.558833 0.640188 0.565639 0.642016 0.567917 0.643844 0.570194 0.645297 0.568889 0.644937 0.56825
50 0.39587500000000003 0.520556 0.39620299999999997 0.517583 0.393688 0.510111 0.391344 0.499944 0.389828 0.492778 0.386625 0.492778 0.384953 0.49127800000000005 0.384953 0.485917 0.38378100000000004 0.47875 0.38142200000000004 0.476361 0.376547 0.476361 0.374031 0.47933299999999995 0.372844 0.48352799999999996 0.372844 0.49188899999999997 0.371672 0.494278 0.369156 0.497861 0.36579700000000004 0.506833 0.36428099999999997 0.517583 0.39587500000000003 0.520556