13 0.353396 0.332828 0.355729 0.33764099999999997 0.351062 0.347922 0.355146 0.349672 0.3555 0.351828 0.3525 0.361937 0.350625 0.373172 0.344854 0.40556200000000003 0.344854 0.409797 0.341875 0.42181199999999996 0.33995800000000004 0.427219 0.333229 0.434797 0.323708 0.443656 0.320625 0.45243700000000003 0.32308299999999995 0.594406 0.329104 0.598187 0.335208 0.600938 0.340896 0.604594 0.347812 0.605813 0.360437 0.607047 0.389333 0.607953 0.40439600000000003 0.606734 0.42108300000000004 0.604594 0.435396 0.599625 0.443583 0.587719 0.444063 0.580875 0.441562 0.574812 0.44381200000000004 0.47028100000000006 0.441562 0.449031 0.43627099999999996 0.43925000000000003 0.424875 0.43223399999999995 0.419646 0.419562 0.402042 0.35185900000000003 0.407729 0.345484 0.40262499999999996 0.33823400000000003 0.406021 0.333562 0.40249999999999997 0.328187 0.356667 0.328891 0.353396 0.332828
13 0.0636458 0.472984 0.0946667 0.483312 0.10270800000000001 0.49882799999999994 0.100396 0.510891 0.109583 0.514328 0.105 0.533281 0.114188 0.540172 0.12108300000000001 0.588406 0.15437499999999998 0.577203 0.15437499999999998 0.538453 0.13831300000000002 0.521219 0.136 0.488484 0.13831300000000002 0.465234 0.14175000000000001 0.42303100000000005 0.0797292 0.418719 0.0556042 0.425609 0.061354200000000005 0.472125 0.0636458 0.472984
27 1 0.6437809999999999 0.966562 0.641641 0.8952500000000001 0.641641 0.8439169999999999 0.641641 0.6642499999999999 0.652359 0.624313 0.650219 0.997938 0.622406 0.997938 0.583875 0.8410620000000001 0.530422 0.727 0.5496719999999999 0.5701250000000001 0.5496719999999999 0.48172899999999996 0.534703 0.458896 0.515437 0.46175 0.498328 0.524479 0.476938 0.6471250000000001 0.472656 0.644271 0.45340600000000003 0.572979 0.432031 0.436083 0.42773399999999995 0.4475 0.521859 0.441792 0.596734 0.416125 0.603156 0.341958 0.605297 0.32485400000000003 0.603156 0.32485400000000003 0.553953 0.304875 0.553953 0.290625 0.5625 0.199375 0.5603589999999999 0.168 0.54325 0.14802099999999999 0.521859 0.165146 0.511172 0.185104 0.502609 0.236417 0.502609 0.2735 0.502609 0.322 0.494047 0.319146 0.461969 0.2935 0.461969 0.15943800000000002 0.47051600000000005 0.133771 0.472656 0.142313 0.513297 0.133771 0.526141 0.136625 0.545391 0.150875 0.573203 0.125208 0.577484 0.102396 0.483359 0.0453333 0.457688 0.0596042 0.449125 0.0054375 0.45126600000000006 0.0111458 0.9881719999999999 0.0453333 0.981766 0.051041699999999995 0.887641 0.056749999999999995 0.78925 0.10525000000000001 0.755016 0.1195 0.761437 0.1195 0.891906 0.11379199999999999 0.911172 0.0938333 0.964641 0.0938333 0.9796250000000001 0.33625 0.9838749999999999 0.290625 0.941109 0.259271 0.876938 0.17368799999999998 0.896187 0.15372899999999998 0.879078 0.242125 0.855547 0.2935 0.784969 0.344812 0.7571559999999999 0.410417 0.718656 0.46460399999999996 0.710094 0.5701250000000001 0.692984 0.6984790000000001 0.695125 0.778312 0.697266 0.8610209999999999 0.714375 0.9408960000000001 0.740047 1 0.752875 1 0.6437809999999999
50 0.7077500000000001 0.0828594 0.740167 0.12026600000000001 0.795021 0.14643699999999998 0.829917 0.161391 0.827438 0.206281 0.847375 0.206281 0.859833 0.226844 0.894729 0.23993699999999998 0.9346460000000001 0.26984400000000003 0.932167 0.327828 0.9022290000000001 0.380188 0.854854 0.402625 0.792521 0.43815600000000005 0.752625 0.449375 0.717708 0.42132800000000004 0.687792 0.415719 0.647917 0.415719 0.635437 0.44189100000000003 0.652896 0.473703 0.8348960000000001 0.492391 0.827438 0.469953 0.849854 0.469953 0.874813 0.541016 0.9994789999999999 0.582156 0.996979 0.0042968796875 0.809979 0.0042968796875 0.8074790000000001 0.000578125 0.737667 0.0529219 0.7077500000000001 0.0828594
50 0.056937499999999995 0.426594 0.134833 0.41535900000000003 0.215729 0.40860900000000006 0.281646 0.41535900000000003 0.317604 0.437828 0.329583 0.42209399999999997 0.33858299999999997 0.359172 0.356563 0.34120300000000003 0.389521 0.33670300000000003 0.422479 0.334453 0.443437 0.294 0.425458 0.264797 0.386521 0.30525 0.374542 0.28276599999999996 0.365542 0.235578 0.314604 0.190641 0.260667 0.143453 0.212729 0.0827656 0.164792 0.0535625 0.11985399999999999 0.0355781 0.08989580000000001 0.0423281 0.056937499999999995 0.0737812 0.0449375 0.147937 0.056937499999999995 0.20635900000000001 0.0149792 0.231094 0.008979170833333333 0.43332800000000005 0.0479375 0.43332800000000005 0.056937499999999995 0.426594
26 0.006 0.761109 0.0778958 0.758859 0.125833 0.711672 0.107875 0.536391 0.0838958 0.482453 0.006 0.46673400000000004 0.006 0.761109
32 0.7322919999999999 0.493734 0.739604 0.478797 0.7558330000000001 0.46723400000000004 0.7643749999999999 0.464187 0.784667 0.46540600000000004 0.791167 0.463875 0.7915829999999999 0.462047 0.787917 0.459922 0.7700619999999999 0.45778100000000005 0.7611249999999999 0.452609 0.753 0.452313 0.748938 0.454141 0.728625 0.47728099999999996 0.724562 0.491594 0.7322919999999999 0.493734
41 1 0.620781 0.909687 0.629641 0.849458 0.6314059999999999 0.7171869999999999 0.639375 0.649875 0.642047 0.616229 0.646031 0.618583 0.649125 0.661104 0.6517809999999999 0.742583 0.650016 0.8524170000000001 0.643375 0.88725 0.639375 0.9250419999999999 0.636719 1 0.637609 1 0.620781
14 0.185125 0.542844 0.19114599999999998 0.552984 0.20718699999999998 0.560875 0.22470800000000002 0.567641 0.275333 0.5706559999999999 0.305396 0.566141 0.325437 0.5575 0.323938 0.528937 0.298875 0.534953 0.250271 0.537578 0.206687 0.535703 0.189146 0.532687 0.189146 0.5221720000000001 0.220208 0.511641 0.23575 0.5 0.206687 0.503 0.17710399999999998 0.510141 0.158583 0.5157809999999999 0.149062 0.522922 0.149062 0.525172 0.15656299999999998 0.534578 0.185125 0.542844
41 0.10487500000000001 0.755062 0.095875 0.761797 0.0539375 0.791016 0.041937499999999996 0.820219 0.041937499999999996 0.858422 0.0329583 0.9842660000000001 0.098875 0.9752810000000001 0.11985399999999999 0.768547 0.10487500000000001 0.755062
32 0.135937 0.37948400000000004 0.14618699999999998 0.387156 0.15027100000000002 0.393813 0.155729 0.404563 0.167333 0.41325 0.196667 0.43371899999999997 0.20075 0.431172 0.173458 0.408656 0.174146 0.407109 0.20347900000000002 0.430141 0.205542 0.42809400000000003 0.181646 0.408141 0.182333 0.407625 0.206208 0.424516 0.20827099999999998 0.42143800000000003 0.18643700000000002 0.40507799999999994 0.188479 0.40303100000000003 0.211 0.420422 0.211 0.41684400000000005 0.194625 0.404047 0.193938 0.40199999999999997 0.210313 0.41479699999999997 0.213729 0.411203 0.194625 0.39637500000000003 0.176875 0.384609 0.165292 0.38 0.151646 0.38 0.13799999999999998 0.376422 0.114792 0.36924999999999997 0.103875 0.364141 0.0916042 0.355437 0.0956875 0.367203 0.10660399999999999 0.373344 0.135937 0.37948400000000004