50 0.15306199999999998 0.8511089999999999 0.15510400000000002 0.848844 0.15812500000000002 0.8450469999999999 0.164208 0.8435309999999999 0.17633300000000002 0.8465619999999999 0.178354 0.839734 0.17937499999999998 0.827594 0.19758299999999998 0.8253280000000001 0.198604 0.818484 0.1905 0.813188 0.17533300000000002 0.8086249999999999 0.167229 0.798766 0.166229 0.788141 0.166229 0.7797970000000001 0.164208 0.770687 0.150042 0.767656 0.137896 0.769937 0.133854 0.77525 0.137896 0.782078 0.137896 0.7828280000000001 0.137896 0.790422 0.137896 0.794219 0.135875 0.801047 0.135875 0.8116559999999999 0.13689600000000002 0.8147030000000001 0.137896 0.818484 0.135875 0.826844 0.133854 0.829875 0.132833 0.835938 0.132833 0.8480779999999999 0.139917 0.8435309999999999 0.138917 0.856422 0.15306199999999998 0.8511089999999999
78 0.613563 0.21570299999999998 0.581125 0.193578 0.5575209999999999 0.162609 0.477875 0.136063 0.398229 0.144906 0.321542 0.19137500000000002 0.303833 0.211281 0.303833 0.244469 0.238937 0.279875 0.194688 0.32190599999999997 0.15929200000000002 0.363937 0.153396 0.465703 0.20058299999999998 0.567484 0.253688 0.773234 0.230083 0.8705780000000001 0.33922899999999995 0.863937 0.722708 0.859516 0.728604 0.8396089999999999 0.7168119999999999 0.801984 0.705021 0.737828 0.705021 0.726766 0.705021 0.704641 0.705021 0.680312 0.7197709999999999 0.6471250000000001 0.7197709999999999 0.618359 0.7404170000000001 0.591812 0.749271 0.5586249999999999 0.749271 0.518813 0.761062 0.465703 0.752208 0.361719 0.675521 0.279875 0.5899789999999999 0.253312 0.584063 0.253312 0.598812 0.237828 0.598812 0.21570299999999998 0.601771 0.21570299999999998 0.613563 0.21570299999999998
78 0.9253750000000001 0.833016 0.9154789999999999 0.813734 0.8818750000000001 0.787047 0.887813 0.704016 0.887813 0.637312 0.8838539999999999 0.604688 0.848271 0.579484 0.8502500000000001 0.563172 0.8245629999999999 0.542422 0.800833 0.520188 0.779083 0.5097970000000001 0.7494379999999999 0.5097970000000001 0.733625 0.592828 0.7178129999999999 0.625453 0.705937 0.686234 0.7178129999999999 0.8018750000000001 0.7375830000000001 0.841906 0.822583 0.844875 0.891771 0.833016 0.9253750000000001 0.833016
50 0.21545799999999998 0.8575160000000001 0.22429200000000002 0.8598589999999999 0.239375 0.8579060000000001 0.24822899999999998 0.852828 0.253417 0.845813 0.257583 0.838016 0.258104 0.8204689999999999 0.259146 0.80525 0.254979 0.795109 0.24822899999999998 0.7927660000000001 0.235208 0.793547 0.227417 0.798625 0.222729 0.8060309999999999 0.22429200000000002 0.8130470000000001 0.226896 0.819297 0.223771 0.823969 0.21493800000000002 0.828656 0.21285400000000002 0.839578 0.21545799999999998 0.8598589999999999 0.21545799999999998 0.8575160000000001
50 0.0204583 0.834328 0.00022916666666666666 0.834891 0.0009791666666666666 0.8660780000000001 0.0646458 0.865797 0.0646458 0.855969 0.0627708 0.850062 0.0376875 0.8374219999999999 0.0204583 0.834328
13 0.0453542 0.715938 0.0424167 0.7208910000000001 0.041312499999999995 0.729406 0.0424167 0.737656 0.048645799999999996 0.7395780000000001 0.0541458 0.7395780000000001 0.054875 0.731062 0.054875 0.723641 0.0541458 0.715391 0.050854199999999995 0.7109840000000001 0.049749999999999996 0.709891 0.0471875 0.710438 0.0453542 0.715938
13 0.09258330000000001 0.716234 0.09258330000000001 0.711875 0.0905 0.705937 0.0838542 0.708437 0.0813542 0.716547 0.0792708 0.730297 0.0801042 0.738406 0.0871875 0.739031 0.09425 0.739656 0.09674999999999999 0.722172 0.09258330000000001 0.716234
13 0.132646 0.724062 0.128562 0.7196089999999999 0.127542 0.711766 0.122417 0.711625 0.122417 0.718531 0.119542 0.72375 0.119958 0.7401869999999999 0.131417 0.7401869999999999 0.132646 0.724062
13 0.212813 0.744844 0.216083 0.726234 0.211875 0.722375 0.211417 0.710453 0.205333 0.710453 0.203458 0.719578 0.19877099999999998 0.723781 0.197833 0.743437 0.21093800000000001 0.7430939999999999 0.212813 0.744844
13 0.179979 0.709734 0.178979 0.714797 0.17425 0.722641 0.172563 0.727187 0.173583 0.738828 0.173583 0.743375 0.18066700000000002 0.744891 0.1945 0.744391 0.197854 0.740844 0.19820800000000002 0.721125 0.196167 0.7195940000000001 0.19381199999999998 0.717828 0.192812 0.708969 0.189083 0.707203 0.182 0.707703 0.179979 0.709734
13 0.0473333 0.775609 0.050374999999999996 0.753531 0.0460417 0.748984 0.048625 0.739563 0.0356458 0.739891 0.0352083 0.748328 0.0291458 0.752875 0.0282917 0.773328 0.0473333 0.775609
13 0.0889167 0.775281 0.0915 0.7577499999999999 0.08587499999999999 0.753531 0.0845833 0.745734 0.0750625 0.746703 0.074625 0.753844 0.0698542 0.756766 0.0720208 0.774625 0.0889167 0.775281
13 0.218667 0.755969 0.215521 0.752328 0.214667 0.746109 0.210958 0.746109 0.20752099999999998 0.755109 0.211229 0.776094 0.219521 0.776094 0.218667 0.755969