77 0.424297 0.50719 0.436297 0.331897 0.44979699999999995 0.322904 0.5277499999999999 0.304941 0.53525 0.264473 0.54125 0.30719 0.589219 0.25997699999999996 0.584719 0.239766 0.556234 0.12515199999999999 0.5247499999999999 0.13189700000000001 0.39731299999999997 0.0779625011709602 0.292359 0.190328 0.269875 0.215035 0.28485900000000003 0.266721 0.361328 0.30719 0.416812 0.3274 0.42129700000000003 0.504941 0.424297 0.50719
77 0.444172 0.383841 0.448906 0.384473 0.459672 0.39608899999999997 0.47560900000000006 0.395457 0.477328 0.395457 0.47862499999999997 0.40126500000000004 0.507906 0.40641700000000003 0.514359 0.403208 0.520813 0.398033 0.524266 0.384473 0.526844 0.38964899999999997 0.526844 0.398689 0.529 0.409016 0.541922 0.409649 0.568172 0.405129 0.5716249999999999 0.39028100000000004 0.565594 0.374801 0.569469 0.37093699999999996 0.578937 0.358033 0.578516 0.343817 0.570766 0.336721 0.5203909999999999 0.312201 0.495406 0.318009 0.450203 0.340609 0.44289100000000003 0.38126499999999997 0.444172 0.383841
9 0.6850780000000001 0.586956 0.679688 0.589251 0.677375 0.600796 0.67275 0.620445 0.664281 0.635457 0.6681250000000001 0.645855 0.6742969999999999 0.615831 0.6742969999999999 0.6331619999999999 0.675063 0.656253 0.6742969999999999 0.674731 0.6742969999999999 0.6863 0.673516 0.708244 0.673516 0.7290399999999999 0.6742969999999999 0.742904 0.6742969999999999 0.765995 0.673516 0.786792 0.675828 0.817986 0.6873910000000001 0.8249179999999999 0.698187 0.817986 0.703578 0.805269 0.713594 0.7775409999999999 0.716688 0.756768 0.722078 0.7371190000000001 0.721313 0.700164 0.721313 0.672436 0.7190000000000001 0.645855 0.718219 0.621593 0.7082029999999999 0.603115 0.694328 0.608899 0.685859 0.627377 0.686625 0.598501 0.6850780000000001 0.586956
9 0.723297 0.6843090000000001 0.7282339999999999 0.7034889999999999 0.739062 0.715316 0.752844 0.71089 0.766625 0.6887350000000001 0.767609 0.663653 0.770578 0.6444730000000001 0.772547 0.660703 0.777469 0.6784070000000001 0.7863279999999999 0.697588 0.785344 0.7138410000000001 0.783375 0.737447 0.780422 0.780258 0.762687 0.811241 0.762687 0.8186180000000001 0.788297 0.78911 0.793219 0.8319200000000001 0.811937 0.839297 0.841469 0.8186180000000001 0.862156 0.761054 0.867078 0.690211 0.865109 0.665129 0.849344 0.637073 0.829656 0.626745 0.8030630000000001 0.642998 0.817844 0.581007 0.826703 0.563279 0.836547 0.551475 0.827688 0.5308200000000001 0.816859 0.545574 0.801094 0.5928100000000001 0.774516 0.585433 0.7764840000000001 0.555902 0.783375 0.523443 0.8030630000000001 0.513091 0.807 0.50719 0.784359 0.504239 0.773531 0.523443 0.768609 0.529344 0.741031 0.5086649999999999 0.7242810000000001 0.49095999999999995 0.69475 0.510141 0.6967190000000001 0.523443 0.702625 0.519016 0.720344 0.49391100000000004 0.738078 0.521967 0.7577659999999999 0.535246 0.747922 0.56918 0.739062 0.5928100000000001 0.729219 0.640023 0.723297 0.6843090000000001
18 0.6268279999999999 0.502717 0.627203 0.516487 0.634312 0.538103 0.637312 0.539789 0.639188 0.539789 0.653438 0.540351 0.65175 0.500468 0.628328 0.502717 0.6268279999999999 0.502717
18 1 0.48484799999999995 0.9822190000000001 0.507096 0.949578 0.579742 0.929797 0.6227400000000001 0.915938 0.6642389999999999 0.912969 0.725035 0.911984 0.7235600000000001 0.915938 0.766557 0.931766 0.81103 0.9683590000000001 0.813981 1 0.8154800000000001 0.998047 0.745785 1 0.601991 1 0.48484799999999995
18 0.892813 0.544122 0.8936249999999999 0.561218 0.900766 0.563349 0.909313 0.557845 0.9195 0.564567 0.921937 0.565176 0.921734 0.55815 0.9266249999999999 0.557845 0.9268280000000001 0.549906 0.9239839999999999 0.542904 0.9180780000000001 0.538618 0.914203 0.535878 0.910531 0.531593 0.9150159999999999 0.52459 0.9125780000000001 0.517869 0.902797 0.5148010000000001 0.891188 0.51267 0.887719 0.523044 0.883859 0.523349 0.879984 0.528548 0.8807969999999999 0.529461 0.891188 0.544122 0.892813 0.544122
22 0.0952812 0.677471 0.0970312 0.685363 0.102297 0.692365 0.110484 0.698501 0.140891 0.819461 0.140891 0.818595 0.144406 0.824731 0.149672 0.827354 0.154938 0.822108 0.135047 0.740585 0.127453 0.691499 0.128609 0.68623 0.137969 0.680984 0.1485 0.671335 0.171313 0.769508 0.177734 0.771265 0.152594 0.665199 0.152594 0.637143 0.154938 0.604731 0.159609 0.580187 0.161359 0.562646 0.164297 0.552131 0.167797 0.538103 0.164297 0.524075 0.155516 0.522319 0.138563 0.525831 0.129203 0.538103 0.118672 0.555644 0.11400000000000002 0.567026 0.106984 0.58281 0.10112499999999999 0.595082 0.0958594 0.602084 0.0865156 0.604731 0.08475 0.604731 0.0923594 0.6678219999999999 0.0952812 0.677471
50 0.240969 0.453162 0.242484 0.430585 0.240969 0.410281 0.23343799999999998 0.387705 0.230422 0.389953 0.22440600000000002 0.398993 0.216875 0.412529 0.216875 0.432834 0.21837500000000004 0.444122 0.203313 0.462178 0.200312 0.47798599999999997 0.204828 0.487026 0.257531 0.49831400000000003 0.24548399999999998 0.473466 0.240969 0.453162
50 0.207844 0.536674 0.21084399999999998 0.559251 0.216875 0.570539 0.242484 0.602155 0.265062 0.6111709999999999 0.275609 0.635995 0.287656 0.660843 0.299703 0.683419 0.30875 0.658571 0.295187 0.613443 0.290672 0.545714 0.271094 0.529906 0.21837500000000004 0.536674 0.207844 0.536674
50 0.142266 0.453864 0.137531 0.44482400000000005 0.138391 0.443536 0.141828 0.439672 0.151734 0.432553 0.150016 0.424824 0.143984 0.417728 0.140109 0.411265 0.134937 0.402225 0.134937 0.394496 0.133656 0.382225 0.132797 0.378361 0.123313 0.371265 0.118156 0.3725530000000001 0.106953 0.377073 0.0992031 0.393841 0.0974844 0.404824 0.0983437 0.415129 0.0992031 0.428056 0.1005 0.439672 0.106094 0.448689 0.110828 0.45192 0.10996900000000001 0.453208 0.10393699999999999 0.458384 0.0987813 0.46353599999999995 0.0918906 0.479672 0.0957656 0.48096 0.155609 0.48548 0.155187 0.48096 0.151734 0.473208 0.147 0.46159300000000003 0.142266 0.453864
50 0.107813 0.576604 0.114703 0.560492 0.12117200000000002 0.550796 0.128922 0.540937 0.134516 0.533185 0.147437 0.525457 0.159484 0.518993 0.159484 0.517049 0.158187 0.512529 0.15475 0.502225 0.153453 0.502225 0.141828 0.500913 0.0893125 0.500281 0.0867187 0.511241 0.0858594 0.526745 0.0815625 0.548033 0.0819844 0.553372 0.0824219 0.6069560000000002 0.0897344 0.603068 0.0974844 0.59534 0.102656 0.587588 0.107813 0.576604
50 0.444781 0.46868899999999997 0.440531 0.472951 0.44081200000000004 0.480609 0.44193699999999997 0.489977 0.44023399999999996 0.489133 0.43512500000000004 0.49252900000000005 0.43342200000000003 0.497213 0.431719 0.501475 0.442516 0.505316 0.45557800000000004 0.510422 0.459562 0.5023190000000001 0.458141 0.49252900000000005 0.45331299999999997 0.48826699999999995 0.45387500000000003 0.48615899999999995 0.45331299999999997 0.475082 0.45075000000000004 0.471241 0.4445 0.467845 0.444781 0.46868899999999997
50 0.414891 0.48098399999999997 0.41914099999999993 0.480562 0.420281 0.470328 0.412891 0.460117 0.405797 0.460117 0.40437500000000004 0.473747 0.401531 0.483958 0.400687 0.502272 0.40267200000000003 0.503536 0.420281 0.503958 0.41914099999999993 0.490351 0.414891 0.48098399999999997
50 0.414891 0.538876 0.415453 0.539297 0.421141 0.540164 0.422844 0.513326 0.41431300000000004 0.515457 0.414891 0.538876
75 0.729781 0.47981300000000005 0.731203 0.48829 0.741109 0.487237 0.753844 0.48299800000000004 0.758094 0.49252900000000005 0.7708280000000001 0.49466 0.8005470000000001 0.497845 0.799844 0.507377 0.783563 0.5222249999999999 0.7764840000000001 0.575269 0.784984 0.583747 0.8132809999999999 0.59541 0.801969 0.639953 0.812578 0.64103 0.8260310000000001 0.62829 0.844422 0.6314749999999999 0.862813 0.6431380000000001 0.879094 0.639953 0.8868750000000001 0.622998 0.893953 0.617681 0.898906 0.5773769999999999 0.896781 0.561475 0.8953749999999999 0.543443 0.859281 0.506323 0.8196559999999999 0.46177999999999997 0.752437 0.466019 0.728375 0.47768099999999997 0.729781 0.47981300000000005
77 0.10342199999999999 0.08978919906323185 0.123203 0.08386419906323185 0.165734 0.06311480093676815 0.216188 0.05274 0.229047 0.04829040046838407 0.260703 0 0.09353120000000001 0.0023184988290398125 0.0638594 0.07941449882903981 0.0777031 0.08386419906323185 0.10342199999999999 0.08978919906323185
77 0.54375 0.441522 0.542094 0.509578 0.546516 0.49962500000000004 0.554828 0.439016 0.567562 0.44815 0.599688 0.442342 0.599688 0.437354 0.5935940000000001 0.403326 0.5919380000000001 0.403326 0.571438 0.38756399999999996 0.559812 0.41163900000000003 0.559266 0.41163900000000003 0.533234 0.408314 0.523813 0.39170999999999995 0.519937 0.405831 0.5221560000000001 0.443185 0.54375 0.441522
77 0.540609 0.463934 0.591422 0.473607 0.600031 0.461358 0.590562 0.442623 0.5703280000000001 0.449087 0.560422 0.440047 0.5380309999999999 0.441335 0.538891 0.45747099999999996 0.540609 0.463934
22 0.32287499999999997 0.541639 0.32593700000000003 0.543934 0.326437 0.561452 0.325422 0.567564 0.321359 0.579742 0.318812 0.601077 0.317797 0.622436 0.317797 0.6277750000000001 0.321359 0.624707 0.32492200000000004 0.6125290000000001 0.327969 0.582037 0.330516 0.579742 0.33254700000000004 0.585082 0.336609 0.642998 0.341688 0.640726 0.34525 0.586604 0.349828 0.622436 0.35185900000000003 0.6209129999999999 0.354922 0.585082 0.366609 0.582037 0.36559400000000003 0.616323 0.369156 0.617845 0.371703 0.613279 0.372203 0.574403 0.369656 0.548501 0.36712500000000003 0.539344 0.362031 0.538595 0.358984 0.537073 0.354922 0.521054 0.34932799999999997 0.514965 0.343219 0.513443 0.317797 0.515738 0.316266 0.531733 0.32287499999999997 0.541639
22 0.372688 0.50082 0.394469 0.504169 0.394266 0.503864 0.392031 0.500515 0.392031 0.496534 0.38775 0.490445 0.384281 0.48831399999999997 0.380625 0.48555 0.37675000000000003 0.485855 0.372063 0.48676800000000003 0.368406 0.489532 0.368609 0.49440300000000004 0.371453 0.498384 0.372688 0.50082
22 0.45914099999999997 0.5257850000000001 0.456187 0.559953 0.450859 0.5999059999999999 0.45559399999999994 0.599016 0.46151600000000004 0.563958 0.46803100000000003 0.565269 0.47750000000000004 0.564848 0.47750000000000004 0.52267 0.46270300000000003 0.52089 0.45914099999999997 0.5257850000000001
22 0.00103125 0.564192 0.00140625 0.582459 0.0044531296875 0.585878 0.0135937 0.60644 0.0212188 0.607002 0.0219844 0.592155 0.0193125 0.568759 0.007890629687500001 0.5664640000000001 0.00103125 0.564192
22 0.249172 0.600562 0.235828 0.594754 0.23496900000000004 0.594122 0.223766 0.58637 0.22548399999999996 0.559274 0.21429700000000002 0.54637 0.20654699999999998 0.545714 0.216453 0.562506 0.211281 0.585082 0.205563 0.655995 0.208406 0.65829 0.216453 0.593466 0.220328 0.594754 0.225922 0.682927 0.232141 0.6808199999999999 0.23625 0.607026 0.23926600000000003 0.645105 0.24529699999999996 0.643162 0.24701599999999999 0.605082 0.249172 0.600562
50 0.454125 0.533841 0.45526600000000006 0.529602 0.455828 0.52534 0.463781 0.521077 0.471172 0.521077 0.479406 0.524052 0.49134399999999995 0.52363 0.491906 0.516815 0.49531200000000003 0.51 0.49304699999999996 0.502763 0.48992199999999997 0.495527 0.487078 0.493817 0.486219 0.488712 0.485656 0.475948 0.48224999999999996 0.46658099999999997 0.476859 0.46487100000000003 0.471172 0.465293 0.467187 0.467845 0.46662499999999996 0.481054 0.471172 0.494262 0.468891 0.495527 0.46492199999999995 0.49637000000000003 0.46093799999999996 0.502763 0.44873399999999997 0.5283140000000001 0.454125 0.533841
18 0.914312 0.529766 0.920625 0.5433020000000001 0.9539839999999999 0.548033 0.955781 0.5304449999999999 0.9517340000000001 0.5040979999999999 0.9282809999999999 0.500726 0.916563 0.521663 0.914312 0.529766
27 0.32107800000000003 0.532576 0.332187 0.522155 0.32525 0.511756 0.317609 0.511756 0.282906 0.511756 0.26554700000000003 0.513841 0.269719 0.546089 0.286375 0.552342 0.290547 0.603302 0.298875 0.617869 0.298875 0.547143 0.327328 0.547143 0.32107800000000003 0.532576
27 0.43671899999999997 0.509742 0.434422 0.519602 0.454125 0.524028 0.459047 0.5063 0.44360900000000003 0.503841 0.43671899999999997 0.509742
27 0.496141 0.512693 0.4908910000000001 0.51171 0.482031 0.524028 0.496469 0.520585 0.496141 0.512693
36 0.744094 0.587564 0.7485470000000001 0.5942620000000001 0.754516 0.6084069999999999 0.757 0.63815 0.759969 0.638899 0.759469 0.602436 0.762453 0.600211 0.765437 0.595012 0.766922 0.600211 0.775859 0.6374 0.776344 0.630726 0.776844 0.6061590000000001 0.772375 0.577892 0.770891 0.554075 0.767422 0.532506 0.765437 0.522084 0.757 0.527307 0.744578 0.528782 0.736141 0.548126 0.739625 0.586815 0.744094 0.587564
22 0.40351600000000004 0.513489 0.400656 0.539157 0.40207800000000005 0.542365 0.400656 0.572319 0.40207800000000005 0.57178 0.40207800000000005 0.560539 0.406016 0.553607 0.40779699999999997 0.553607 0.41707799999999995 0.553607 0.417422 0.54719 0.417422 0.542365 0.417422 0.518829 0.404219 0.514028 0.40351600000000004 0.513489