74 0.258453 0.741 0.255063 0.509 0.302359 0.515771 0.32770299999999997 0.7004579999999999 0.371625 0.5495420000000001 0.410469 0.518021 0.42060899999999996 0.590083 0.440875 0.511271 0.505062 0.594604 0.516891 0.42566699999999996 0.0084531296875 0.10585399999999999 0.0135156 0.831083 0.258453 0.741
50 0.396578 0.793729 0.401547 0.7100829999999999 0.40714100000000003 0.601583 0.405266 0.581708 0.405891 0.544438 0.390984 0.539458 0.382906 0.549396 0.36924999999999997 0.60325 0.353094 0.665354 0.354344 0.680271 0.363656 0.740729 0.363656 0.797875 0.36676600000000004 0.806167 0.399062 0.813604 0.396578 0.793729
50 0.28900000000000003 0.7262500000000001 0.29182800000000003 0.831708 0.33231299999999997 0.829208 0.30971899999999997 0.806604 0.303125 0.638375 0.32667199999999996 0.6333540000000001 0.327609 0.614521 0.29182800000000003 0.570583 0.29182800000000003 0.534188 0.278641 0.531667 0.26734399999999997 0.5467289999999999 0.250406 0.589417 0.256047 0.6270830000000001 0.25981299999999996 0.688604 0.262641 0.812875 0.27206199999999997 0.835479 0.280531 0.812875 0.281469 0.714958 0.28900000000000003 0.7262500000000001
50 0.719656 0.5530419999999999 0.712313 0.5538959999999999 0.707203 0.56325 0.7068909999999999 0.579437 0.7113590000000001 0.571771 0.71775 0.5692079999999999 0.723172 0.566229 0.7215779999999999 0.555583 0.719656 0.5530419999999999
50 0.683422 0.803354 0.677859 0.798917 0.677859 0.7915 0.681187 0.7084790000000001 0.68675 0.6506460000000001 0.6822969999999999 0.613583 0.674516 0.588375 0.661172 0.5809580000000001 0.660062 0.5527920000000001 0.648953 0.548354 0.636719 0.55725 0.635609 0.591354 0.6211409999999999 0.6150629999999999 0.626703 0.6506460000000001 0.636719 0.664 0.643391 0.8181879999999999 0.68675 0.8092919999999999 0.683422 0.803354
50 0.805 0.5887290000000001 0.8078749999999999 0.6032080000000001 0.8263909999999999 0.6219370000000001 0.8359690000000001 0.621521 0.836938 0.6074579999999999 0.8362970000000001 0.5827709999999999 0.827984 0.5704170000000001 0.820328 0.559771 0.811703 0.550833 0.805312 0.555104 0.804688 0.572125 0.805 0.5887290000000001
50 0.553719 0.8015000000000001 0.550563 0.779042 0.555828 0.727146 0.562672 0.728563 0.561609 0.765729 0.561094 0.775542 0.562672 0.786771 0.562141 0.807104 0.5695 0.809208 0.5752970000000001 0.807104 0.577391 0.807104 0.5752970000000001 0.803604 0.571609 0.7874580000000001 0.571078 0.772729 0.574766 0.758708 0.576344 0.7355630000000001 0.583187 0.715938 0.587391 0.697396 0.588359 0.685125 0.593203 0.678667 0.600938 0.6528539999999999 0.59175 0.620604 0.572391 0.600583 0.577219 0.5941460000000001 0.579641 0.581875 0.578672 0.563812 0.56125 0.559937 0.548187 0.567688 0.545766 0.579292 0.548672 0.5857500000000001 0.551578 0.599938 0.5351090000000001 0.6102709999999999 0.5273749999999999 0.647062 0.5278590000000001 0.6670630000000001 0.537047 0.678667 0.537531 0.699333 0.536078 0.7251460000000001 0.537531 0.741271 0.5385 0.789021 0.538984 0.7993539999999999 0.540922 0.803229 0.550609 0.801937 0.553719 0.8015000000000001
50 0.879828 0.992208 0.9621090000000001 0.990729 0.940984 0.98925 0.9376559999999999 0.924021 0.957672 0.913646 0.957672 0.755 0.966562 0.7283120000000001 0.9654529999999999 0.685312 0.9309839999999999 0.6571459999999999 0.939875 0.594875 0.922078 0.590438 0.894281 0.60675 0.8920619999999999 0.6527080000000001 0.882062 0.6660419999999999 0.865375 0.7016249999999999 0.863156 0.763896 0.866484 0.8306039999999999 0.8675940000000001 0.892875 0.880937 0.918083 0.882062 0.98925 0.879828 0.992208
50 0.607594 0.577667 0.610516 0.590604 0.610516 0.602229 0.614391 0.637167 0.617297 0.6526879999999999 0.621188 0.663042 0.627484 0.670792 0.636219 0.6766249999999999 0.635734 0.6585 0.628453 0.65075 0.622641 0.6112920000000001 0.629906 0.597062 0.6328280000000001 0.595125 0.631359 0.588646 0.625547 0.5802499999999999 0.625063 0.5634370000000001 0.621188 0.549208 0.617297 0.545958 0.615844 0.546604 0.605172 0.5588960000000001 0.607594 0.577667
50 0.707859 0.826271 0.7112339999999999 0.826271 0.719656 0.815042 0.719656 0.792563 0.714609 0.774604 0.728094 0.799312 0.729781 0.8285210000000001 0.731453 0.835271 0.748313 0.835271 0.75 0.817292 0.748313 0.754375 0.746625 0.716167 0.746625 0.691458 0.746625 0.664479 0.734828 0.603812 0.716297 0.599313 0.702813 0.579083 0.701125 0.574604 0.6910160000000001 0.590333 0.6927030000000001 0.603812 0.6927030000000001 0.6195419999999999 0.6927030000000001 0.6487499999999999 0.6927030000000001 0.702688 0.6927030000000001 0.729646 0.6927030000000001 0.770104 0.699437 0.815042 0.707859 0.826271
50 0.686922 0.630042 0.686922 0.6010000000000001 0.6912659999999999 0.581646 0.693203 0.570667 0.686922 0.5622710000000001 0.679656 0.564208 0.67675 0.571313 0.672391 0.578417 0.669969 0.584229 0.667547 0.587438 0.680625 0.614542 0.686922 0.630042
73 0.722078 0.514 0.729266 0.514 0.732469 0.506542 0.7308589999999999 0.500146 0.723672 0.495896 0.7188749999999999 0.504417 0.722078 0.514
50 0.440578 0.579125 0.444672 0.565083 0.453734 0.558833 0.452859 0.552208 0.450516 0.547146 0.447297 0.542063 0.440578 0.540125 0.43237500000000006 0.544021 0.426828 0.565854 0.429453 0.579521 0.434141 0.587313 0.434438 0.584583 0.440578 0.579125
50 0.413656 0.637229 0.411906 0.652458 0.415703 0.668438 0.415703 0.697313 0.423609 0.662979 0.42800000000000005 0.625937 0.427109 0.614229 0.423313 0.613062 0.413656 0.637229
50 0.4925 0.816229 0.4925 0.750687 0.485953 0.6654789999999999 0.482672 0.6283329999999999 0.476125 0.606479 0.464641 0.573708 0.448266 0.573708 0.42204699999999995 0.591187 0.412203 0.722271 0.420406 0.794375 0.43187499999999995 0.8468129999999999 0.418766 0.8599169999999999 0.418766 0.862104 0.476125 0.868667 0.4925 0.816229
73 0.805438 0.298438 0.856594 0.292229 0.855828 0.07312500000000001 0.8093130000000001 0.0741458 0.805438 0.298438
36 0.307734 0.613125 0.30212500000000003 0.613125 0.300672 0.580021 0.296531 0.5793750000000001 0.298484 0.610854 0.298484 0.637479 0.304813 0.650479 0.313578 0.648521 0.319422 0.6403960000000001 0.3165 0.6345620000000001 0.308703 0.614437 0.307734 0.613125
50 0.808516 0.9312919999999999 0.820688 0.939896 0.826422 0.92175 0.827125 0.8978750000000001 0.830719 0.8701880000000001 0.8314220000000001 0.8520420000000001 0.837156 0.837729 0.847188 0.8386669999999999 0.847188 0.845354 0.844313 0.8806879999999999 0.838594 0.912188 0.8350160000000001 0.93225 0.8514839999999999 0.937979 0.8751089999999999 0.93225 0.8672340000000001 0.925562 0.8536250000000001 0.9093330000000001 0.8572029999999999 0.8778330000000001 0.863656 0.849187 0.8715310000000001 0.817667 0.8765470000000001 0.7622920000000001 0.877969 0.7346039999999999 0.873672 0.703083 0.8572029999999999 0.6925830000000001 0.8593590000000001 0.664896 0.8529059999999999 0.6410210000000001 0.8428910000000001 0.637208 0.822828 0.665854 0.822828 0.6945 0.816391 0.713583 0.811375 0.742229 0.8120939999999999 0.770875 0.8120939999999999 0.78425 0.8077970000000001 0.7947500000000001 0.810656 0.809083 0.811375 0.826271 0.8178280000000001 0.835812 0.8185309999999999 0.849187 0.810656 0.876875 0.812813 0.896917 0.8120939999999999 0.907417 0.8077970000000001 0.916979 0.808516 0.9312919999999999