26 0.762674 0.6550779999999999 0.805571 0.679141 0.829387 0.692516 0.834178 0.7165779999999999 0.8913650000000001 0.7139059999999999 0.943788 0.724594 0.9676319999999999 0.740641 1 0.729953 0.991476 0.574859 0.962869 0.558828 0.900891 0.550797 0.834178 0.550797 0.78649 0.5615 0.78649 0.564172 0.762674 0.588234 0.762674 0.6550779999999999
32 0.38818899999999995 0.888406 0.33181099999999997 0.860656 0.262786 0.795484 0.29039 0.8361409999999999 0.248969 0.8 0.283482 0.838719 0.236323 0.805156 0.232869 0.808391 0.32376 0.8774369999999999 0.384735 0.926484 0.410056 0.920672 0.38818899999999995 0.888406
41 0.357716 0.803687 0.302284 0.787203 0.285933 0.786641 0.275933 0.788703 0.276574 0.793391 0.285265 0.7993750000000001 0.358134 0.830719 0.41231199999999996 0.851 0.45077999999999996 0.8649060000000001 0.505432 0.9001089999999999 0.537298 0.905219 0.570696 0.908625 0.581337 0.9023749999999999 0.569694 0.895562 0.556546 0.879094 0.512507 0.867172 0.448496 0.8457190000000001 0.443454 0.8355 0.42977699999999996 0.833797 0.35337 0.801156 0.357716 0.803687
1 0.78493 0.761047 0.7882450000000001 0.738047 0.78493 0.7274689999999999 0.778273 0.715031 0.757214 0.6988749999999999 0.7394709999999999 0.691406 0.722841 0.689547 0.70844 0.688297 0.690696 0.687063 0.677409 0.687063 0.6430359999999999 0.687063 0.628635 0.689547 0.604234 0.6945159999999999 0.590947 0.6988749999999999 0.583175 0.700734 0.569889 0.710063 0.559916 0.721875 0.5554870000000001 0.734938 0.5554870000000001 0.74675 0.56546 0.774734 0.574318 0.784062 0.58429 0.7933749999999999 0.590947 0.7977339999999999 0.607577 0.810172 0.6186630000000001 0.814516 0.646379 0.8226089999999999 0.6630079999999999 0.826344 0.682953 0.8269529999999999 0.7162120000000001 0.823844 0.7184119999999999 0.821359 0.7738440000000001 0.7877810000000001 0.78493 0.761047
1 0.800864 0.671656 0.7849579999999999 0.6636409999999999 0.760334 0.658734 0.752396 0.657844 0.733315 0.657844 0.707883 0.657391 0.69039 0.659188 0.679276 0.661859 0.675292 0.6640780000000001 0.668134 0.675234 0.6665460000000001 0.687719 0.7150420000000001 0.687719 0.7404740000000001 0.688609 0.7698609999999999 0.710453 0.789721 0.738094 0.808022 0.723375 0.8374090000000001 0.716688 0.838997 0.716688 0.8310580000000001 0.686813 0.800864 0.671656
1 0.253705 0.529531 0.289749 0.536953 0.330613 0.536953 0.36426200000000003 0.542344 0.366657 0.540312 0.39551499999999995 0.526844 0.41473499999999996 0.533578 0.411142 0.545719 0.393092 0.553797 0.390696 0.560547 0.41234 0.573344 0.426741 0.569312 0.427967 0.541 0.418329 0.5214369999999999 0.39429 0.504594 0.342618 0.493813 0.308969 0.49448400000000003 0.272925 0.502563 0.2561 0.523469 0.253705 0.529531
47 0.506769 0.6790309999999999 0.563008 0.673766 0.577047 0.668516 0.572368 0.654047 0.553621 0.6264529999999999 0.516128 0.6001559999999999 0.485655 0.604109 0.457549 0.621188 0.410669 0.625141 0.39663000000000004 0.634328 0.36615600000000004 0.654047 0.36615600000000004 0.685594 0.455209 0.682969 0.506769 0.6790309999999999
62 0.364513 0.9099999999999999 0.37515299999999996 0.9142659999999999 0.386546 0.9040469999999999 0.345543 0.869125 0.31593299999999996 0.858906 0.31367700000000004 0.8503909999999999 0.29468 0.835922 0.269638 0.834219 0.25066900000000003 0.8508279999999999 0.271922 0.870406 0.308357 0.868281 0.364513 0.9099999999999999
47 0.820613 0.8063119999999999 0.8645400000000001 0.814344 0.9219219999999999 0.8123440000000001 0.9649300000000001 0.7947339999999999 0.981978 0.771609 0.9757100000000001 0.7474689999999999 0.952396 0.728875 0.913844 0.719313 0.875292 0.715297 0.824206 0.7203280000000001 0.7999999999999999 0.725859 0.7865460000000001 0.736406 0.7892480000000001 0.7434529999999999 0.787465 0.762063 0.783872 0.774125 0.7811699999999999 0.7801560000000001 0.7865460000000001 0.7897190000000001 0.820613 0.8063119999999999
50 0.31805 0.482672 0.7505010000000001 0.485609 0.7557379999999999 0.322266 0.7173820000000001 0.312484 0.705181 0.312484 0.66507 0.300734 0.656351 0.287047 0.6703060000000001 0.235203 0.652869 0.21662499999999998 0.621476 0.209781 0.572646 0.211734 0.426184 0.24204699999999998 0.40874699999999997 0.257703 0.41919199999999995 0.279219 0.44882999999999995 0.286062 0.461058 0.3115 0.48545999999999995 0.316391 0.49417799999999995 0.344766 0.44186600000000004 0.352578 0.410474 0.362359 0.384318 0.371172 0.370362 0.382906 0.359916 0.396594 0.338997 0.429859 0.31805 0.472891 0.31805 0.482672
14 0.572758 0.7148909999999999 0.6695260000000001 0.671094 0.70351 0.632047 0.6440670000000001 0.654906 0.396184 0.688234 0.178858 0.672047 0.09738159888579388 0.6444219999999999 0.236602 0.748234 0.492953 0.749188 0.572758 0.7148909999999999