10 0.48251600000000006 0.546584 0.48623399999999994 0.547023 0.485484 0.5506679999999999 0.488094 0.5479390000000001 0.489953 0.546584 0.494047 0.5456679999999999 0.494047 0.539542 0.492375 0.5393129999999999 0.490688 0.541584 0.48696900000000004 0.541355 0.48289099999999996 0.546126 0.48251600000000006 0.546584
10 0.589578 0.370038 0.592828 0.354981 0.591516 0.351813 0.590875 0.35339699999999996 0.587625 0.35895 0.581141 0.360534 0.584391 0.362901 0.589578 0.365286 0.589578 0.370038
10 0.354047 0.6508210000000001 0.35526599999999997 0.65229 0.352234 0.656756 0.35709399999999997 0.653779 0.362563 0.648588 0.360734 0.646107 0.353656 0.646355 0.34859399999999996 0.652538 0.354047 0.6508210000000001
10 0.556344 0.474084 0.558109 0.470324 0.5578909999999999 0.468702 0.554594 0.471126 0.554156 0.47542 0.549531 0.474618 0.544031 0.478931 0.550844 0.479198 0.552609 0.478378 0.553484 0.48000000000000004 0.556797 0.476508 0.556344 0.474084
10 0.310172 0.7050379999999999 0.310578 0.706775 0.314828 0.704542 0.313812 0.706527 0.311984 0.709008 0.312391 0.7107249999999999 0.315234 0.709485 0.317656 0.706279 0.31928100000000004 0.7030529999999999 0.320703 0.7013360000000001 0.318672 0.700344 0.318672 0.7025760000000001 0.31704699999999997 0.70084 0.31401599999999996 0.7013360000000001 0.310172 0.70479 0.310172 0.7050379999999999
10 0.275469 0.727767 0.275625 0.727557 0.276453 0.7273660000000001 0.278594 0.727557 0.278922 0.725954 0.27925 0.724943 0.279594 0.7237399999999999 0.280906 0.7233400000000001 0.281562 0.722519 0.28173400000000004 0.721317 0.281562 0.719294 0.280078 0.719294 0.279594 0.719714 0.279094 0.721107 0.277109 0.720305 0.276281 0.720706 0.27579699999999996 0.72292 0.274797 0.726145 0.275469 0.727767
10 0.258203 0.706851 0.258797 0.7080529999999999 0.259125 0.708702 0.260188 0.7100759999999999 0.262437 0.710649 0.263297 0.711374 0.263422 0.7130730000000001 0.262625 0.714275 0.261969 0.7152480000000001 0.26057800000000003 0.716374 0.259453 0.7174240000000001 0.26004700000000003 0.717824 0.261703 0.717099 0.264344 0.7154769999999999 0.266125 0.714275 0.267516 0.7126530000000001 0.268641 0.711374 0.269563 0.7100000000000001 0.270219 0.709427 0.271547 0.708626 0.271875 0.7075 0.271547 0.707099 0.270484 0.7069270000000001 0.2685 0.7069270000000001 0.266203 0.706851 0.264875 0.7054769999999999 0.258344 0.7058019999999999 0.258203 0.706851
10 0.324109 0.634676 0.328719 0.635782 0.331469 0.632424 0.333547 0.634103 0.336078 0.627366 0.332859 0.624561 0.329859 0.622595 0.32640600000000003 0.6242749999999999 0.322969 0.627366 0.325719 0.630172 0.324344 0.634389 0.324109 0.634676
10 0.586078 0.5119469999999999 0.586984 0.513244 0.587281 0.511775 0.587437 0.511031 0.588797 0.509924 0.58925 0.508989 0.591078 0.5078820000000001 0.591688 0.506756 0.592594 0.506031 0.5939530000000001 0.505649 0.5959380000000001 0.5078820000000001 0.5976090000000001 0.509924 0.5985159999999999 0.509179 0.5989690000000001 0.5062019999999999 0.59775 0.503244 0.591844 0.499905 0.590313 0.500458 0.588344 0.503053 0.587437 0.5045419999999999 0.586219 0.507691 0.586078 0.508435 0.585766 0.509733 0.585766 0.513244 0.586078 0.5119469999999999
10 0.547156 0.42288200000000004 0.5487339999999999 0.419656 0.550859 0.41448500000000005 0.552969 0.413206 0.555078 0.413855 0.5582499999999999 0.415134 0.5540160000000001 0.41063 0.550328 0.408034 0.547687 0.40868299999999996 0.547687 0.40933200000000003 0.545563 0.411908 0.545563 0.41448500000000005 0.546094 0.416431 0.546094 0.419656 0.546094 0.421584 0.547156 0.42288200000000004
10 0.23775 0.600172 0.23775 0.602118 0.241406 0.602672 0.241406 0.594294 0.243469 0.593168 0.243469 0.590935 0.245531 0.58563 0.24506299999999998 0.5842179999999999 0.24209399999999998 0.5842179999999999 0.240266 0.585344 0.237969 0.5881299999999999 0.23659400000000003 0.590649 0.235453 0.591775 0.234078 0.595973 0.237516 0.595973 0.23775 0.600172
10 0.28153100000000003 0.564542 0.28500000000000003 0.559733 0.28500000000000003 0.557156 0.282125 0.5562400000000001 0.282281 0.554752 0.28046899999999997 0.5516220000000001 0.278656 0.550515 0.27714099999999997 0.550515 0.277453 0.553645 0.277453 0.558073 0.27246899999999996 0.558073 0.27034400000000003 0.5586260000000001 0.270953 0.5610310000000001 0.275781 0.5626909999999999 0.276547 0.563798 0.276547 0.567118 0.277297 0.565267 0.279109 0.565267 0.28153100000000003 0.564542
10 0.5035000000000001 0.471088 0.5065000000000001 0.471088 0.510266 0.468645 0.511266 0.46834 0.513266 0.46498100000000003 0.516266 0.467424 0.519281 0.46834 0.5187809999999999 0.465897 0.517281 0.460992 0.5127659999999999 0.457023 0.510016 0.46129800000000004 0.5065000000000001 0.464065 0.5037499999999999 0.470477 0.5035000000000001 0.471088
10 0.418797 0.425649 0.418891 0.42622099999999996 0.419078 0.42622099999999996 0.42000000000000004 0.426107 0.420656 0.426107 0.42176600000000003 0.42576299999999995 0.4225 0.425095 0.42295299999999997 0.424523 0.423328 0.424294 0.424984 0.424408 0.426094 0.423855 0.426844 0.42316800000000004 0.426844 0.422844 0.426844 0.42204200000000003 0.42692199999999997 0.42126 0.427297 0.42126 0.42859400000000003 0.42103100000000004 0.42859400000000003 0.420687 0.42868700000000004 0.42024799999999995 0.42868700000000004 0.41990500000000003 0.428859 0.419676 0.428859 0.41753799999999996 0.427766 0.417309 0.42675 0.417424 0.426094 0.417977 0.425906 0.419122 0.42351599999999995 0.419561 0.42212500000000003 0.419676 0.42176600000000003 0.41990500000000003 0.421391 0.42103100000000004 0.42082800000000004 0.42148899999999995 0.42037500000000005 0.4225 0.41853100000000004 0.425534 0.418797 0.425649
10 0.461641 0.589275 0.461859 0.585229 0.45964099999999997 0.584141 0.45632799999999996 0.58792 0.45323399999999997 0.58792 0.451016 0.590363 0.45499999999999996 0.594943 0.45787500000000003 0.5930529999999999 0.46096899999999996 0.598454 0.462969 0.590095 0.461641 0.589275
10 0.566688 0.30782400000000004 0.567516 0.313626 0.569797 0.31370200000000004 0.572766 0.31169800000000003 0.573344 0.30782400000000004 0.573781 0.30688899999999997 0.574031 0.304733 0.574859 0.302405 0.5749839999999999 0.301393 0.5792970000000001 0.302863 0.580937 0.303645 0.582016 0.303492 0.582141 0.301565 0.581125 0.300076 0.5799839999999999 0.29908399999999996 0.578719 0.297844 0.578469 0.29591599999999996 0.570109 0.29870199999999997 0.568656 0.30055299999999996 0.566563 0.30541999999999997 0.566688 0.30782400000000004
10 0.47065599999999996 0.30973300000000004 0.47098399999999996 0.314809 0.465031 0.314504 0.463328 0.31660299999999997 0.461609 0.317195 0.460641 0.318492 0.46299999999999997 0.318588 0.46495300000000006 0.31729 0.466594 0.31729 0.46796899999999997 0.320172 0.47253100000000003 0.31958000000000003 0.47343799999999997 0.316889 0.474406 0.316489 0.475391 0.315305 0.472297 0.313511 0.473594 0.31062999999999996 0.471156 0.30874 0.47065599999999996 0.30973300000000004
10 0.302594 0.772672 0.309437 0.773302 0.309047 0.771279 0.305766 0.77021 0.306266 0.766641 0.302969 0.766489 0.297016 0.775935 0.296891 0.778702 0.298156 0.778702 0.302594 0.772672
10 0.356391 0.628645 0.357875 0.6284730000000001 0.358938 0.632252 0.363375 0.6258589999999999 0.36215600000000003 0.62437 0.358141 0.625687 0.355719 0.6292939999999999 0.356391 0.628645
10 0.44031200000000004 0.551832 0.442469 0.549198 0.448562 0.549637 0.44193699999999997 0.542634 0.437453 0.547882 0.437453 0.556851 0.44031200000000004 0.551832
10 0.469203 0.5666410000000001 0.46565599999999996 0.566927 0.46553100000000003 0.570248 0.45595299999999994 0.570821 0.455375 0.5744469999999999 0.463172 0.575019 0.46081300000000003 0.579485 0.461391 0.580782 0.462937 0.580363 0.462219 0.580363 0.469562 0.5731299999999999 0.469203 0.5666410000000001
10 0.289734 0.611279 0.289734 0.608664 0.289531 0.606565 0.283953 0.603874 0.28300000000000003 0.604637 0.282578 0.606317 0.285266 0.6095039999999999 0.28546900000000003 0.610763 0.283609 0.611603 0.281344 0.6118509999999999 0.278391 0.612958 0.281203 0.615477 0.28464100000000003 0.61708 0.284172 0.619427 0.28567200000000004 0.620344 0.288438 0.619008 0.290703 0.615973 0.292625 0.613874 0.292625 0.612195 0.289609 0.612366 0.289734 0.611279