13 0.189453 0.409896 0.189453 0.42475 0.188484 0.436646 0.185938 0.46637500000000004 0.193266 0.47700000000000004 0.200922 0.48508300000000004 0.206656 0.499521 0.204094 0.45237499999999997 0.202516 0.448542 0.199 0.434958 0.19645300000000002 0.405229 0.190078 0.405229 0.189453 0.409896
21 0.305234 0.663375 0.303516 0.653458 0.310953 0.602396 0.31437499999999996 0.5749580000000001 0.31437499999999996 0.5543750000000001 0.303516 0.5437080000000001 0.282938 0.542958 0.270937 0.5505829999999999 0.266359 0.559729 0.2595 0.5764790000000001 0.256078 0.597833 0.24807800000000002 0.6260209999999999 0.250359 0.635938 0.24864099999999997 0.646604 0.24978099999999998 0.667188 0.246359 0.677854 0.240062 0.689292 0.238922 0.6999580000000001 0.274359 0.723583 0.273219 0.719 0.253781 0.705292 0.2435 0.695375 0.242359 0.6869999999999999 0.250937 0.6747920000000001 0.293234 0.6885209999999999 0.293234 0.6869999999999999 0.296656 0.6808960000000001 0.305234 0.663375
50 1 0.291938 0.978406 0.270167 0.92125 0.243542 0.8604689999999999 0.265333 0.8169219999999999 0.297979 0.800594 0.388708 0.811469 0.472188 0.774281 0.493958 0.662687 0.5447500000000001 0.630938 0.596771 0.6155160000000001 0.6608959999999999 0.590109 0.721375 0.5719529999999999 0.806042 0.5755939999999999 0.822979 0.605531 0.84475 0.589203 0.960896 0.7325470000000001 0.962104 0.797859 0.962104 0.853203 0.939104 0.933047 0.9378960000000001 0.9920159999999999 0.94275 0.995656 0.908875 0.996562 0.895563 0.997469 0.866542 0.995656 0.833875 0.998375 0.65725 0.998375 0.614917 1 0.5435420000000001 1 0.291938
26 0.517859 0.875812 0.521328 0.9012290000000001 0.520453 1 0.614891 0.9982500000000001 0.618359 0.957833 0.621828 0.900062 0.6235470000000001 0.880417 0.624969 0.829229 0.621906 0.8155830000000001 0.615766 0.8114790000000001 0.584047 0.797854 0.546188 0.799208 0.515484 0.814208 0.514469 0.825125 0.517859 0.875812
26 0.40512499999999996 0.595458 0.41178100000000006 0.601688 0.41178100000000006 0.6229790000000001 0.434422 0.6234369999999999 0.454063 0.622104 0.455391 0.568396 0.44175000000000003 0.563958 0.422438 0.561729 0.405797 0.563958 0.40512499999999996 0.595458
62 0.0747656 1 0.0696406 0.9939169999999999 0.0572812 0.978958 0.0422656 0.968333 0.0262031 0.958521 0.0110312 0.9502710000000001 0.000015625 0.9461670000000001 0.000046875 0.958521 0.0093906203125 0.960708 0.0130938 0.962792 0.0350781 0.9737709999999999 0.046734399999999995 0.983604 0.05225 0.988729 0.0540781 0.993 0.0556875 0.996979 0.0570469 1 0.0747656 1
78 0.50275 0.49470800000000004 0.508641 0.502125 0.50275 0.508125 0.50275 0.5155420000000001 0.541953 0.513687 0.541266 0.507667 0.538484 0.5011880000000001 0.540578 0.483604 0.544391 0.46279200000000004 0.541953 0.429938 0.49754699999999996 0.434563 0.499625 0.447063 0.503437 0.48083299999999995 0.50275 0.49470800000000004
26 0.412641 0.623417 0.412641 0.602479 0.41093799999999997 0.600667 0.40001600000000004 0.5961040000000001 0.387031 0.599292 0.377469 0.6047499999999999 0.377469 0.624333 0.412641 0.623417
26 0.6759839999999999 0.562708 0.675687 0.549854 0.642531 0.5518540000000001 0.642844 0.555083 0.6461560000000001 0.604104 0.6759839999999999 0.562708
27 0.9136409999999999 0.922083 0.8103910000000001 0.927271 0.777266 0.955854 0.695453 0.955854 0.619484 0.9584379999999999 0.621422 0.831167 0.598047 0.8051879999999999 0.570781 0.8051879999999999 0.518188 0.8051879999999999 0.5162340000000001 0.8493539999999999 0.518188 0.9376669999999999 0.518188 0.945458 0.488969 0.9480419999999999 0.48506299999999997 0.8857079999999999 0.465578 0.8779170000000001 0.428578 0.8857079999999999 0.414938 0.9298749999999999 0.405187 0.9376669999999999 0.35259399999999996 0.945458 0.309734 0.945458 0.237656 0.945458 0.20843699999999998 0.927271 0.079875 0.922083 0.029218699999999997 0.945458 0.0019531203125 0.963646 0.00584375 0.984417 0.997406 0.987021 0.997406 0.927271 0.9740309999999999 0.924667 0.9136409999999999 0.922083
50 0.0018593703125 0.908646 0.0055625 0.908646 0.0166719 0.9481459999999999 0.124078 0.923458 0.211109 0.935813 0.23332799999999998 0.9481459999999999 0.357406 0.9481459999999999 0.357406 0.935813 0.403703 0.918521 0.418516 0.772833 0.39443700000000004 0.713583 0.331484 0.5456869999999999 0.237031 0.503708 0.192594 0.45679200000000003 0.192594 0.276542 0.140734 0.222229 0.0777812 0.20987499999999998 0.014812500000000001 0.276542 0.014812500000000001 0.370375 0.0555625 0.49877099999999996 0.0425937 0.520979 0 0.5728329999999999 0.0018593703125 0.908646