50 0.218703 0.8741479999999999 0.22675 0.8719 0.223531 0.750568 0.266953 0.701114 0.279813 0.7033619999999999 0.294297 0.624716 0.323234 0.6157210000000001 0.34253100000000003 0.595502 0.34575 0.586507 0.326453 0.588755 0.303938 0.595502 0.294297 0.584279 0.278203 0.570786 0.273391 0.555066 0.283031 0.543821 0.287859 0.505611 0.268562 0.496638 0.254094 0.501114 0.23960900000000002 0.5325759999999999 0.246047 0.552817 0.183328 0.617969 0.18010900000000002 0.642707 0.196188 0.642707 0.215484 0.6157210000000001 0.20423399999999997 0.665175 0.205844 0.683144 0.21709399999999998 0.689891 0.18010900000000002 0.7281000000000001 0.162422 0.824716 0.138297 0.829214 0.141516 0.8404590000000001 0.147953 0.851681 0.183328 0.8584280000000001 0.218703 0.8741479999999999
50 0.09689060000000001 0.877686 0.109469 0.8852180000000001 0.146297 0.872664 0.146297 0.838777 0.15437499999999998 0.806135 0.165156 0.79107 0.16606300000000002 0.7383409999999999 0.176844 0.7483839999999999 0.20289100000000002 0.701921 0.193906 0.6906329999999999 0.178641 0.714476 0.175937 0.678079 0.176844 0.652969 0.164266 0.6328820000000001 0.137313 0.6341479999999999 0.12382800000000001 0.674301 0.087 0.706943 0.072625 0.734563 0.0762188 0.753406 0.117547 0.722009 0.10767199999999999 0.782271 0.104078 0.821201 0.104078 0.841288 0.111266 0.867642 0.09418750000000001 0.871397 0.09689060000000001 0.877686
40 0.758281 0.757838 0.762297 0.759934 0.7818590000000001 0.773952 0.798922 0.779563 0.8079689999999999 0.771157 0.802437 0.759236 0.799438 0.750808 0.793906 0.739607 0.797422 0.7353930000000001 0.794922 0.7290829999999999 0.788891 0.721354 0.7863749999999999 0.7164630000000001 0.7853749999999999 0.704541 0.775844 0.694017 0.757781 0.7466160000000001 0.758281 0.757838
50 0.049421900000000005 0.555109 0.056859400000000004 0.542751 0.057874999999999996 0.529563 0.067125 0.530961 0.06953129999999999 0.526463 0.0677188 0.512707 0.0659062 0.505393 0.0592812 0.49893 0.0592812 0.495 0.0620938 0.493603 0.06289059999999999 0.489672 0.0610313 0.480218 0.05387499999999999 0.479476 0.052015599999999995 0.484498 0.0521406 0.491354 0.050953099999999994 0.494869 0.0414062 0.494301 0.0338437 0.503581 0.0241563 0.522293 0.0195156 0.532664 0.018593699999999998 0.535087 0.0219062 0.539541 0.0233594 0.538974 0.0246875 0.5363760000000001 0.025890600000000003 0.535459 0.025625 0.533035 0.025625 0.531376 0.0297344 0.5243450000000001 0.0362344 0.515437 0.0375625 0.517467 0.031859399999999996 0.543799 0.03225 0.549716 0.028796899999999997 0.56048 0.0246875 0.57548 0.0249531 0.587162 0.0221719 0.590131 0.0233594 0.5931 0.027468700000000002 0.593646 0.0337031 0.5938209999999999 0.0331719 0.58976 0.0351719 0.587707 0.0349531 0.588275 0.0492344 0.566354 0.049421900000000005 0.555109
50 0.0774844 0.474476 0.07270309999999999 0.475044 0.0742969 0.480415 0.0719063 0.48392999999999997 0.06925 0.4869 0.0697812 0.494301 0.06846870000000001 0.501725 0.06554689999999999 0.506725 0.067 0.509323 0.0707187 0.507467 0.0715156 0.501725 0.071375 0.506725 0.0704531 0.510437 0.0742969 0.51024 0.0749531 0.500983 0.0782812 0.495044 0.08 0.48170300000000005 0.077875 0.47893 0.0774844 0.476157 0.0774844 0.474476
50 0.595688 0.780852 0.596734 0.779279 0.5988279999999999 0.7761140000000001 0.601187 0.7656109999999999 0.600484 0.763777 0.599609 0.760611 0.600844 0.758537 0.600484 0.7551310000000001 0.5989220000000001 0.754017 0.5962970000000001 0.754258 0.59525 0.754869 0.595516 0.758057 0.593156 0.75952 0.5919380000000001 0.763537 0.5908909999999999 0.778908 0.590453 0.780131 0.593156 0.782445 0.595688 0.780852
50 0.38301599999999997 0.6721400000000001 0.386047 0.667052 0.390609 0.66024 0.39304700000000004 0.654738 0.386359 0.6487769999999999 0.383313 0.649629 0.379672 0.655153 0.37723399999999996 0.663646 0.376938 0.670873 0.376938 0.673428 0.37723399999999996 0.672991 0.381797 0.676812 0.38301599999999997 0.6721400000000001
50 0.0635781 0.474541 0.0615313 0.47934499999999997 0.0612812 0.481179 0.0616094 0.483362 0.0625156 0.492969 0.05948440000000001 0.49493400000000004 0.05948440000000001 0.498253 0.060703099999999996 0.499847 0.063 0.49388600000000005 0.0654687 0.488734 0.0667813 0.4869 0.0686563 0.485087 0.0689844 0.481638 0.0685 0.47661600000000004 0.0700469 0.47500000000000003 0.0702969 0.473166 0.0699687 0.47133200000000003 0.0684063 0.470197 0.0670156 0.471004 0.0659531 0.47294800000000004 0.0635781 0.474541
50 0.326156 0.639651 0.328109 0.641026 0.32860900000000004 0.6395200000000001 0.330375 0.637598 0.330766 0.634847 0.331062 0.630742 0.331062 0.628275 0.332047 0.627031 0.332437 0.625808 0.33223400000000003 0.623472 0.33175 0.622096 0.330281 0.6216809999999999 0.329484 0.6226419999999999 0.329 0.6240169999999999 0.32860900000000004 0.625939 0.327922 0.627031 0.327328 0.628537 0.326844 0.630742 0.326156 0.63417 0.325859 0.639236 0.326156 0.639651
50 0.33290600000000004 0.645197 0.333812 0.645764 0.334922 0.6463099999999999 0.33503099999999997 0.6463099999999999 0.33623400000000003 0.646594 0.337359 0.645328 0.337766 0.643777 0.338266 0.642227 0.338562 0.640524 0.338156 0.638406 0.338156 0.636987 0.33835899999999997 0.635437 0.33896899999999996 0.633734 0.339781 0.6318999999999999 0.339484 0.6306329999999999 0.339984 0.62893 0.340797 0.6279480000000001 0.341297 0.6273799999999999 0.341906 0.626528 0.342203 0.6254149999999999 0.342203 0.624847 0.342109 0.624127 0.341906 0.623996 0.341594 0.623712 0.339984 0.623843 0.33896899999999996 0.625131 0.338562 0.625961 0.338156 0.6261140000000001 0.337766 0.6262449999999999 0.337359 0.626681 0.33623400000000003 0.628646 0.33564099999999997 0.629498 0.33503099999999997 0.631201 0.334219 0.632336 0.33351600000000003 0.6338860000000001 0.333203 0.6348689999999999 0.33290600000000004 0.636419 0.332703 0.6391049999999999 0.333109 0.640961 0.333406 0.6430790000000001 0.333 0.6450440000000001 0.33290600000000004 0.645197
50 0.341344 0.6435150000000001 0.339656 0.648035 0.343812 0.651026 0.344734 0.646725 0.348719 0.638799 0.347344 0.6375109999999999 0.34750000000000003 0.633843 0.346734 0.6332099999999999 0.344109 0.6340610000000001 0.341047 0.637707 0.341812 0.6430790000000001 0.341344 0.6435150000000001