76 0.2392 0.95184 0.24228 0.990933 0.34722000000000003 0.98888 0.3395 0.96832 0.30092 0.93744 0.37345999999999996 0.90864 0.37962 0.595893 0.21603999999999998 0.6246929999999999 0.22068000000000002 0.630853 0.2253 0.962133 0.2392 0.95184
76 0.0693 0.82888 0.08624 0.839147 0.08778 0.777547 0.08778 0.670773 0.12936 0.65024 0.024640000000000002 0.621493 0.02926 0.82272 0.07084 0.82888 0.0693 0.82888
13 0.57408 0.85248 0.571 0.8777600000000001 0.57008 0.888907 0.56776 0.9112 0.5626599999999999 0.921707 0.5626599999999999 0.926053 0.5608 1 0.59468 0.9984529999999999 0.59468 0.987947 0.59654 0.923573 0.59282 0.919867 0.5891000000000001 0.895707 0.5886399999999999 0.857973 0.5807599999999999 0.853013 0.5751799999999999 0.855493 0.57408 0.85248
13 0.47132 0.939973 0.47343999999999997 0.916587 0.47272000000000003 0.8931729999999999 0.46852 0.872587 0.4657 0.8576 0.4636 0.8342130000000001 0.4601 0.8239200000000001 0.45448 0.8239200000000001 0.44745999999999997 0.828587 0.44745999999999997 0.835147 0.44533999999999996 0.8454400000000001 0.44254000000000004 0.8585330000000001 0.44254000000000004 0.872587 0.44114 0.88008 0.43904000000000004 0.8950670000000001 0.43622000000000005 0.902533 0.43692000000000003 0.918453 0.43692000000000003 0.9250130000000001 0.43482 0.93624 0.43342 0.951227 0.44394 0.955893 0.45308 0.955893 0.46782 0.9483999999999999 0.47132 0.939973
13 0.43216000000000004 0.809413 0.43504000000000004 0.809893 0.4502 0.809893 0.45418000000000003 0.812773 0.45598 0.81664 0.45706 0.81904 0.45818000000000003 0.75464 0.45366 0.743227 0.45404 0.72 0.45232 0.71984 0.45252 0.701867 0.442 0.701867 0.44222 0.7208530000000001 0.44048000000000004 0.72056 0.43982 0.74248 0.43456 0.7526930000000001 0.43216000000000004 0.809413
22 0.51908 0.616853 0.5282 0.678773 0.53152 0.7318129999999999 0.5257200000000001 0.7771469999999999 0.53236 0.81696 0.5356799999999999 0.811413 0.5514199999999999 0.7672 0.5481 0.693147 0.5489400000000001 0.631227 0.5622 0.606907 0.5365 0.60248 0.51908 0.616853
50 0.7708400000000001 0.746107 0.7708400000000001 0.7353069999999999 0.7708400000000001 0.6982929999999999 0.77316 0.675173 0.7801 0.616587 0.7835599999999999 0.5980800000000001 0.79514 0.557973 0.79976 0.5256 0.79744 0.482427 0.77778 0.454667 0.7789400000000001 0.45311999999999997 0.7789400000000001 0.43922700000000003 0.7789400000000001 0.433067 0.77316 0.41919999999999996 0.76622 0.426907 0.76276 0.43461299999999997 0.75002 0.40530700000000003 0.74888 0.38989300000000005 0.7361599999999999 0.360587 0.7188 0.34208 0.69336 0.33437300000000003 0.66906 0.349787 0.65634 0.368293 0.65634 0.39914700000000003 0.65634 0.40376 0.65634 0.426907 0.65404 0.437707 0.65288 0.45311999999999997 0.65634 0.468533 0.66098 0.482427 0.65866 0.494747 0.64478 0.588827 0.6309 0.607333 0.6239600000000001 0.6212 0.63206 0.635093 0.64362 0.650507 0.65866 0.6582129999999999 0.6343799999999999 0.7399469999999999 0.6517200000000001 0.904933 0.69452 0.929627 0.70954 0.93424 0.71648 0.9388799999999999 0.7141799999999999 0.937333 0.7107 0.8756529999999999 0.7708400000000001 0.746107
50 0.5496 0.7542399999999999 0.5396 0.786853 0.5518200000000001 0.813547 0.5851799999999999 0.8254130000000001 0.59408 0.88472 0.6274400000000001 0.904 0.63078 0.85952 0.64522 0.8580270000000001 0.64634 0.84024 0.633 0.7423730000000001 0.65746 0.66232 0.62188 0.6252530000000001 0.6341 0.601547 0.62854 0.59856 0.62522 0.540747 0.6152000000000001 0.514053 0.58296 0.515547 0.5629400000000001 0.546693 0.5640599999999999 0.58672 0.5629400000000001 0.61488 0.54738 0.6312 0.54738 0.6816 0.5496 0.7542399999999999
50 0.12134 0.615733 0.13652 0.6382129999999999 0.15168 0.59776 0.15674000000000002 0.530347 0.17192 0.49664 0.17528 0.557307 0.16348 0.633707 0.1955 0.6269600000000001 0.25618 0.620213 0.27978 0.615733 0.27472 0.559547 0.28484 0.5078670000000001 0.2882 0.48090700000000003 0.29325999999999997 0.45167999999999997 0.30674 0.40224 0.27472 0.364053 0.24775999999999998 0.330347 0.22922 0.27416 0.20898 0.25842699999999996 0.18034 0.260667 0.15168 0.292133 0.16854 0.35280000000000006 0.16854 0.391013 0.15674000000000002 0.433707 0.14158 0.50112 0.13146000000000002 0.557307 0.1264 0.611227 0.12134 0.615733
27 0.73484 0.988773 0.73484 0.961787 0.71292 0.941573 0.67752 0.9235999999999999 0.63708 0.905627 0.59494 0.89888 0.58652 0.986507 0.66236 0.986507 0.73484 0.988773
27 0.46686 0.941573 0.45 0.94832 0.43484 0.94608 0.43314 0.9078670000000001 0.41966 0.919093 0.4146 0.95056 0.40112000000000003 0.964053 0.37922 0.970773 0.3472 0.937067 0.32022 0.95056 0.34214 0.9820270000000001 0.37584 0.9820270000000001 0.4146 0.9820270000000001 0.4854 0.988773 0.48202 0.9280800000000001 0.46686 0.941573
26 0.5139600000000001 0.879013 0.50534 0.8758670000000001 0.49724 0.8758670000000001 0.48002 0.881093 0.47766000000000003 0.895733 0.48028 0.92184 0.48392 0.9681329999999999 0.48628 0.970587 0.49645999999999996 0.9726670000000001 0.50064 0.97128 0.50664 0.9636269999999999 0.5160399999999999 0.959787 0.5270199999999999 0.891547 0.52258 0.88144 0.5139600000000001 0.879013
26 0.4947 0.811867 0.49695999999999996 0.773813 0.48946 0.766827 0.48044 0.768827 0.47143999999999997 0.771813 0.47052 0.775493 0.47368 0.83288 0.4947 0.811867
42 0 0.986507 0.14831999999999998 0.988773 0.13988 0.912347 0 0.9460799999999999 0 0.986507
45 0.53264 0.9901329999999999 0.54218 0.989173 0.5524600000000001 0.984267 0.562 0.9735199999999999 0.5590599999999999 0.967653 0.55172 0.95688 0.53852 0.952 0.53118 0.952 0.5150399999999999 0.955893 0.49964 0.970587 0.49816000000000005 0.98328 0.50918 0.9872 0.53264 0.9901329999999999
50 0.3639 0.253173 0.36242 0.19744 0.33308 0.19450699999999999 0.31694 0.21210700000000002 0.32648 0.27176 0.35656 0.255147 0.3837 0.265893 0.40718 0.32752 0.40938 0.329467 0.3881 0.261013 0.3639 0.253173
76 0.0007199999999999999 0.943467 0.026 0.93504 0.020579999999999998 0.7784800000000001 0.0016200000000000001 0.7772800000000001 0.0007199999999999999 0.943467
50 0.37751999999999997 0.593253 0.37922 0.757307 0.39776 0.779787 0.42807999999999996 0.788773 0.4264 0.755067 0.44326 0.685387 0.42978 0.555067 0.39606 0.42021299999999995 0.38089999999999996 0.38426699999999997 0.36404000000000003 0.35730700000000004 0.35224 0.32136000000000003 0.33708 0.27640000000000003 0.28987999999999997 0.24944000000000002 0.26966 0.27416 0.24944 0.3236 0.30674 0.391013 0.28652 0.45167999999999997 0.27978 0.561787 0.28484 0.6089870000000001 0.37751999999999997 0.595493 0.37751999999999997 0.593253
50 0.3337 0.27192 0.35562 0.330347 0.38089999999999996 0.388773 0.42472000000000004 0.559547 0.44158 0.6359469999999999 0.45506 0.50112 0.4264 0.391013 0.39776 0.334827 0.39438 0.292133 0.38089999999999996 0.262933 0.35394 0.25392 0.3354 0.267413 0.3337 0.27192
76 0.18572 1 0.22638 0.961707 0.22713999999999998 0.9451999999999999 0.22522 0.8512270000000001 0.22791999999999998 0.7954929999999999 0.22482 0.757787 0.22444 0.634933 0.21630000000000002 0.623573 0.14312 0.644747 0.09240000000000001 0.6700269999999999 0.09046 0.6911999999999999 0.09201999999999999 0.7861870000000001 0.09666 0.924027 0.13964 0.909067 0.14468 0.9126670000000001 0.15512 1 0.16016 1 0.18572 1