11 0.20896900000000002 0.7921549999999999 0.307469 0.850328 0.34926599999999997 0.86822 0.416437 0.8771660000000001 0.48359399999999997 0.879415 0.514938 0.874941 0.55375 0.8167679999999999 0.573156 0.783208 0.591062 0.731756 0.5686720000000001 0.6489929999999999 0.467187 0.597541 0.43284399999999995 0.561733 0.361203 0.503583 0.259703 0.47897 0.155234 0.508056 0.15075 0.543841 0.141797 0.608712 0.104484 0.6243789999999999 0.09851560000000001 0.6914990000000001 0.110453 0.716089 0.162688 0.7608429999999999 0.20896900000000002 0.7921549999999999
11 0.551516 0.5999530000000001 0.604703 0.5999530000000001 0.632359 0.6031620000000001 0.657891 0.572319 0.663563 0.563817 0.654344 0.555316 0.648672 0.547869 0.628109 0.528735 0.616047 0.509602 0.603281 0.507471 0.586266 0.493653 0.5671090000000001 0.455386 0.555063 0.451148 0.5387500000000001 0.439461 0.510375 0.436253 0.495484 0.440515 0.46215599999999996 0.488337 0.45718800000000004 0.48941500000000004 0.451516 0.496862 0.445844 0.500047 0.43803099999999995 0.53192 0.43732800000000005 0.536183 0.431656 0.5446840000000001 0.43875000000000003 0.551054 0.439453 0.560632 0.44299999999999995 0.562763 0.513922 0.584005 0.551516 0.5999530000000001
11 0.586797 0.49534 0.604875 0.509555 0.6152029999999999 0.509555 0.619953 0.512763 0.6251089999999999 0.526979 0.649656 0.549555 0.664297 0.558595 0.723719 0.556651 0.74825 0.526323 0.740078 0.5134190000000001 0.710359 0.49018700000000004 0.696156 0.47082 0.677641 0.458571 0.665156 0.43726 0.652234 0.43082 0.6104689999999999 0.45339599999999997 0.5738749999999999 0.465667 0.586797 0.49534
11 0.8347340000000001 0.470843 0.815281 0.448431 0.773406 0.43049200000000004 0.750953 0.421522 0.716547 0.38341899999999995 0.677656 0.376674 0.655219 0.37220099999999995 0.629797 0.394614 0.619313 0.439461 0.6492340000000001 0.42824399999999996 0.662703 0.426019 0.682141 0.450679 0.703094 0.47309100000000004 0.709078 0.49103 0.730016 0.513443 0.747969 0.515691 0.749469 0.511218 0.8092969999999999 0.5022479999999999 0.8347340000000001 0.470843
11 0.6885939999999999 0.377845 0.71775 0.386089 0.7485470000000001 0.419906 0.794766 0.439696 0.814016 0.447939 0.834375 0.47185 0.8464689999999999 0.477611 0.850328 0.47267000000000003 0.858578 0.468548 0.878922 0.45288100000000003 0.906438 0.450422 0.9113910000000001 0.442998 0.862969 0.42733 0.867375 0.40918000000000004 0.8525309999999999 0.411663 0.802469 0.4026 0.779906 0.379508 0.7678130000000001 0.361358 0.741953 0.352295 0.700688 0.352295 0.689141 0.360539 0.6885939999999999 0.376206 0.6885939999999999 0.377845
11 0.760219 0.35679200000000005 0.764953 0.360023 0.770547 0.365176 0.773562 0.37292699999999995 0.792938 0.392295 0.807141 0.405831 0.820063 0.40714300000000003 0.849344 0.41035099999999997 0.862266 0.41035099999999997 0.864406 0.414239 0.8609690000000001 0.421335 0.8657030000000001 0.42843099999999995 0.885078 0.434239 0.9022970000000001 0.436815 0.908766 0.447143 0.910906 0.456183 0.9264060000000001 0.45747099999999996 0.940625 0.456183 0.9513909999999999 0.449719 0.957406 0.43618300000000004 0.965594 0.426487 0.9699059999999999 0.418103 0.973781 0.416815 0.988406 0.41163900000000003 0.986688 0.405831 0.972906 0.398103 0.9742029999999999 0.392295 0.959141 0.38067900000000005 0.9332969999999999 0.37807999999999997 0.910484 0.37807999999999997 0.904453 0.380023 0.8911089999999999 0.37807999999999997 0.8825 0.37744700000000003 0.877328 0.370984 0.8657030000000001 0.35163900000000003 0.8553750000000001 0.344543 0.8454689999999999 0.336792 0.8269529999999999 0.33098399999999994 0.780016 0.329696 0.764953 0.33098399999999994 0.760219 0.335504 0.757641 0.354215 0.760219 0.35679200000000005
11 0.480234 0.412693 0.54075 0.411803 0.562312 0.40192 0.528172 0.396534 0.518578 0.37407500000000005 0.466453 0.354309 0.452672 0.336347 0.46045299999999995 0.325574 0.392156 0.31838400000000006 0.35859399999999997 0.326487 0.35859399999999997 0.348923 0.33164099999999996 0.358806 0.357406 0.37138200000000005 0.41492199999999996 0.383044 0.423313 0.408197 0.478437 0.408197 0.480234 0.412693
11 0.530625 0.38117100000000004 0.545141 0.398103 0.634734 0.396909 0.634734 0.37995300000000004 0.595187 0.36182699999999995 0.5540309999999999 0.341265 0.541922 0.31707300000000005 0.533844 0.307377 0.48865600000000003 0.30859499999999995 0.472516 0.30859499999999995 0.46201600000000004 0.314637 0.457172 0.323115 0.458781 0.35334899999999997 0.530625 0.38117100000000004
11 0.267922 0.253279 0.264219 0.252108 0.24760900000000002 0.25386400000000003 0.22906300000000002 0.25356 0.222219 0.26 0.220859 0.270258 0.218906 0.275808 0.213625 0.279321 0.214406 0.283724 0.20932800000000001 0.290445 0.209922 0.295433 0.215 0.30098400000000003 0.221047 0.30011699999999997 0.236875 0.300703 0.234328 0.325293 0.264219 0.328501 0.276328 0.326464 0.295078 0.316511 0.299953 0.307728 0.308156 0.307143 0.308156 0.304801 0.307375 0.299532 0.28296899999999997 0.278735 0.275156 0.266745 0.267922 0.253279
11 0.541734 0.319204 0.546438 0.327775 0.558547 0.345925 0.601922 0.35648700000000005 0.603266 0.360023 0.616375 0.366066 0.618734 0.370094 0.635203 0.37615899999999997 0.636891 0.381194 0.652344 0.370609 0.670172 0.371101 0.6876559999999999 0.37515200000000004 0.692031 0.362037 0.702453 0.357002 0.727672 0.35648700000000005 0.742797 0.35245899999999997 0.744484 0.35245899999999997 0.700094 0.35096 0.646969 0.35145200000000004 0.642938 0.343888 0.606625 0.341874 0.62175 0.341382 0.607297 0.318689 0.590828 0.316183 0.578719 0.315176 0.5360159999999999 0.315176 0.541734 0.319204
11 0.330594 0.359321 0.34249999999999997 0.35154599999999997 0.325203 0.31470699999999996 0.282422 0.320164 0.273328 0.332459 0.274234 0.357002 0.265125 0.36655699999999997 0.261484 0.377471 0.296078 0.382927 0.305188 0.396581 0.317016 0.41295099999999996 0.337047 0.41976600000000003 0.36524999999999996 0.421124 0.375266 0.437494 0.378906 0.456604 0.385281 0.477073 0.374359 0.497518 0.408031 0.508431 0.42168700000000003 0.497518 0.452641 0.496159 0.472656 0.477073 0.491781 0.436136 0.478125 0.41156899999999996 0.424422 0.410211 0.41623400000000005 0.382927 0.344328 0.365199 0.330594 0.359321
11 0.03025 0.275574 0.0280625 0.27993 0.0280625 0.281569 0.0284219 0.284848 0.0313437 0.288689 0.033156200000000004 0.293607 0.0349844 0.296885 0.0382656 0.29906299999999997 0.0415469 0.306159 0.0426406 0.311639 0.0590469 0.31435599999999997 0.0922188 0.322553 0.0947812 0.324192 0.103531 0.326393 0.11556200000000001 0.330749 0.118469 0.332389 0.12175 0.341148 0.15675 0.346604 0.162953 0.33623000000000003 0.1655 0.33185 0.16842200000000002 0.324192 0.16806300000000002 0.318735 0.166234 0.313279 0.16331199999999998 0.30672099999999997 0.16003099999999998 0.30398100000000006 0.15346900000000002 0.29906299999999997 0.14837499999999998 0.291405 0.144719 0.28541 0.139625 0.27611199999999997 0.136703 0.270656 0.134516 0.26192 0.134156 0.258642 0.134875 0.249883 0.13525 0.243888 0.132328 0.239508 0.123937 0.23733 0.10024999999999999 0.237869 0.0798281 0.24224800000000002 0.0809219 0.255902 0.0812812 0.277752 0.07690620000000001 0.275035 0.0699844 0.26683799999999996 0.0335312 0.27339600000000003 0.03025 0.275574
11 0.27999999999999997 0.276511 0.288422 0.283513 0.302781 0.294754 0.30807799999999996 0.30037499999999995 0.30839099999999997 0.306909 0.307156 0.307845 0.302781 0.30878200000000006 0.29809399999999997 0.314871 0.32368800000000003 0.316745 0.343047 0.31861799999999996 0.345844 0.31534 0.352094 0.30363 0.353656 0.295691 0.355844 0.289602 0.35646900000000004 0.285386 0.35646900000000004 0.283513 0.35428099999999996 0.279789 0.349281 0.274637 0.345234 0.27276300000000003 0.33835899999999997 0.272295 0.333359 0.271358 0.325563 0.26901600000000003 0.324 0.267611 0.324 0.262927 0.323375 0.258735 0.32025000000000003 0.252178 0.317453 0.251241 0.314328 0.250773 0.301219 0.25030399999999997 0.290922 0.25311500000000003 0.28935900000000003 0.25311500000000003 0.288422 0.24330200000000002 0.287172 0.24096 0.285922 0.24049199999999998 0.281562 0.24049199999999998 0.27906200000000003 0.24002300000000001 0.277813 0.24049199999999998 0.27656200000000003 0.246557 0.27656200000000003 0.253583 0.276875 0.259204 0.27875 0.262927 0.278438 0.270422 0.27999999999999997 0.276042 0.27999999999999997 0.276511
11 0.188797 0.436066 0.20535899999999999 0.453255 0.216188 0.47618299999999997 0.24293700000000001 0.482857 0.257594 0.482857 0.27670300000000003 0.484778 0.31810900000000003 0.502904 0.35889099999999996 0.522014 0.38118799999999997 0.47332599999999997 0.377359 0.451358 0.369719 0.424614 0.3315 0.41697900000000004 0.309828 0.39693199999999995 0.29645299999999997 0.38737699999999997 0.28117200000000003 0.38452000000000003 0.233391 0.38548000000000004 0.19389099999999998 0.40074899999999997 0.18687499999999999 0.433208 0.188797 0.436066