50 0.674156 0.9820209999999999 0.6657339999999999 0.9280830000000001 0.655625 0.869667 0.657297 0.853938 0.684266 0.838208 0.685953 0.984271 0.739891 0.973042 0.734828 0.9550630000000001 0.734828 0.883146 0.739891 0.813479 0.739891 0.7573120000000001 0.739891 0.719104 0.744938 0.683146 0.75 0.662917 0.7634839999999999 0.671917 0.7955 0.671917 0.7887660000000001 0.633708 0.756734 0.557312 0.739891 0.559542 0.744938 0.5707920000000001 0.739891 0.584271 0.716297 0.566292 0.724719 0.528083 0.7179840000000001 0.505625 0.702813 0.5011249999999999 0.685953 0.510104 0.6707810000000001 0.534833 0.685953 0.5932499999999999 0.647188 0.613479 0.6387660000000001 0.5932499999999999 0.615172 0.622479 0.603375 0.662917 0.6117969999999999 0.685396 0.662359 0.6651670000000001 0.660672 0.7078749999999999 0.6455 0.775271 0.606734 0.856188 0.620219 0.912354 0.633703 0.984271 0.674156 0.9820209999999999
50 0.424781 0.635896 0.42810899999999996 0.634625 0.430703 0.634 0.436156 0.635896 0.435453 0.631146 0.4345 0.625479 0.438063 0.619771 0.436156 0.608729 0.43757799999999997 0.597979 0.43899999999999995 0.596708 0.440422 0.591354 0.439719 0.5806039999999999 0.441609 0.578708 0.438063 0.5708129999999999 0.435453 0.568292 0.42929700000000004 0.5704999999999999 0.42739099999999997 0.574292 0.42739099999999997 0.579979 0.421 0.590708 0.42193800000000004 0.596396 0.426687 0.597979 0.42762500000000003 0.6014579999999999 0.426687 0.609667 0.428578 0.615667 0.429047 0.623896 0.424312 0.629896 0.424781 0.635896
50 0.6087659999999999 0.5853959999999999 0.610484 0.585021 0.6115470000000001 0.5831040000000001 0.612016 0.5807920000000001 0.6119220000000001 0.57875 0.611344 0.5754370000000001 0.611344 0.574021 0.611437 0.572104 0.610781 0.571083 0.608953 0.571083 0.607422 0.571979 0.607422 0.573125 0.6077969999999999 0.575562 0.607422 0.5779789999999999 0.606563 0.5797709999999999 0.605703 0.580667 0.604734 0.581312 0.603484 0.581958 0.603016 0.582083 0.602719 0.582458 0.602719 0.582833 0.602922 0.584 0.6032029999999999 0.5853959999999999 0.603594 0.5871879999999999 0.604359 0.5876870000000001 0.6054999999999999 0.587313 0.607422 0.5857709999999999 0.6087659999999999 0.5853959999999999
50 0.961031 0.636938 0.9629220000000001 0.6358130000000001 0.966719 0.636104 0.965031 0.6377710000000001 0.963344 0.6391880000000001 0.966922 0.642833 0.969031 0.641437 0.9734529999999999 0.639458 0.976187 0.641708 0.979359 0.643125 0.9826090000000001 0.643979 0.9845309999999999 0.641437 0.9829380000000001 0.6380210000000001 0.9797499999999999 0.634625 0.9759059999999999 0.6303540000000001 0.972406 0.6248330000000001 0.9666560000000001 0.620146 0.963453 0.6295000000000001 0.963141 0.6329170000000001 0.959625 0.635479 0.961031 0.636938
50 0.821453 0.6196870000000001 0.823828 0.6196870000000001 0.824297 0.608 0.8276249999999999 0.61875 0.82975 0.619375 0.8309369999999999 0.603896 0.82975 0.5887290000000001 0.8271409999999999 0.581146 0.826187 0.576083 0.8235939999999999 0.5754579999999999 0.8221719999999999 0.577667 0.822875 0.580833 0.82075 0.582417 0.817906 0.586521 0.821453 0.597583 0.819094 0.605167 0.82075 0.613375 0.821453 0.6196870000000001
40 0.336406 0.265292 0.322297 0.268125 0.320891 0.30572900000000003 0.330047 0.33206199999999997 0.34485899999999997 0.333937 0.345578 0.335833 0.34485899999999997 0.28504199999999996 0.336406 0.265292
40 0.876656 0.375458 0.8792030000000001 0.375688 0.881625 0.371667 0.883437 0.36852100000000004 0.883437 0.364813 0.8839219999999999 0.359958 0.881797 0.35883299999999996 0.8806559999999999 0.360042 0.878891 0.36125 0.877375 0.36068700000000004 0.8774369999999999 0.355292 0.876047 0.35310400000000003 0.871094 0.35245800000000005 0.868906 0.35302100000000003 0.8677659999999999 0.35770799999999997 0.8693440000000001 0.360854 0.8717499999999999 0.362958 0.868422 0.36779199999999995 0.866797 0.37133299999999997 0.867281 0.37181200000000003 0.870906 0.37279199999999996 0.8761089999999999 0.366896 0.87575 0.37287499999999996 0.876656 0.375458
2 0.9878439999999999 0.812875 0.9669840000000001 0.813458 0.960625 0.819312 0.9514060000000001 0.833083 0.9516249999999999 0.852396 0.952937 0.8597079999999999 0.956453 0.872292 0.9615 0.8778539999999999 0.972266 0.8799170000000001 0.979281 0.8799170000000001 0.9795 0.8831249999999999 0.982578 0.884604 0.984328 0.881667 1 0.881667 0.999922 0.855625 1 0.8146249999999999 0.9878439999999999 0.812875
50 0.946766 0.631792 0.950172 0.6323120000000001 0.950234 0.637042 0.950375 0.642813 0.956078 0.643 0.956141 0.639396 0.958109 0.639396 0.960797 0.637479 0.9619059999999999 0.6332920000000001 0.9615940000000001 0.63075 0.9602029999999999 0.6269790000000001 0.957719 0.622792 0.957062 0.619896 0.9538439999999999 0.6179790000000001 0.9520160000000001 0.619292 0.951094 0.6221669999999999 0.9522030000000001 0.6241040000000001 0.9527340000000001 0.624896 0.952078 0.6275 0.951812 0.629521 0.949969 0.6303129999999999 0.9465 0.6301249999999999 0.946359 0.629875 0.946766 0.631792
50 0.978828 0.5975 0.976875 0.599875 0.974016 0.602479 0.9736560000000001 0.6086670000000001 0.9745469999999999 0.616521 0.981516 0.616292 0.982578 0.6051040000000001 0.9836560000000001 0.602479 0.983297 0.5960629999999999 0.982766 0.5903539999999999 0.981156 0.586083 0.9793749999999999 0.5848960000000001 0.977578 0.587271 0.9772339999999999 0.592021 0.978828 0.5975
50 0.9615309999999999 0.5939789999999999 0.963703 0.591521 0.9621869999999999 0.5886250000000001 0.9595779999999999 0.587313 0.9589219999999999 0.5850000000000001 0.9587030000000001 0.5808129999999999 0.957516 0.577333 0.9555619999999999 0.5808129999999999 0.9547969999999999 0.585583 0.9540469999999999 0.588917 0.9540469999999999 0.589208 0.9544689999999999 0.590792 0.958391 0.595854 0.9615309999999999 0.5939789999999999
50 0.947438 0.603042 0.948641 0.6026039999999999 0.9527659999999999 0.6017290000000001 0.9537340000000001 0.600729 0.9538439999999999 0.5988330000000001 0.953187 0.595521 0.952547 0.5949380000000001 0.9494999999999999 0.5914579999999999 0.9499380000000001 0.587562 0.950375 0.584812 0.950594 0.5810420000000001 0.948531 0.5765619999999999 0.946781 0.576708 0.944937 0.58075 0.945047 0.584375 0.9445159999999999 0.5850829999999999 0.943094 0.587979 0.9424530000000001 0.592917 0.942766 0.5949380000000001 0.942766 0.597104 0.9410310000000001 0.598688 0.942344 0.60275 0.947438 0.603042
50 0.812562 0.614333 0.8114839999999999 0.609083 0.810594 0.606938 0.806484 0.6045630000000001 0.806484 0.6014579999999999 0.805406 0.5976459999999999 0.800938 0.599313 0.801656 0.6014579999999999 0.801844 0.605271 0.798625 0.60575 0.799875 0.614333 0.801844 0.62125 0.8073750000000001 0.6241040000000001 0.808266 0.622437 0.8111409999999999 0.6193329999999999 0.812562 0.614333
50 0.9314220000000001 0.600187 0.931781 0.5982500000000001 0.9319689999999999 0.594604 0.932156 0.590021 0.9328749999999999 0.585167 0.933781 0.584437 0.933594 0.5827500000000001 0.9319689999999999 0.580083 0.9319689999999999 0.5774170000000001 0.9339689999999999 0.57525 0.9339689999999999 0.572583 0.9328749999999999 0.569187 0.9319689999999999 0.567979 0.929422 0.567979 0.9281560000000001 0.572583 0.9272500000000001 0.57525 0.926344 0.579604 0.926156 0.584937 0.9270630000000001 0.5880829999999999 0.9270630000000001 0.5921869999999999 0.9270630000000001 0.599458 0.9314220000000001 0.600187
50 0.37590599999999996 0.637854 0.37778100000000003 0.6381669999999999 0.382703 0.6306670000000001 0.38317199999999996 0.6187919999999999 0.384109 0.6063120000000001 0.38737499999999997 0.6047499999999999 0.389953 0.605063 0.391359 0.604125 0.394406 0.600375 0.393 0.597562 0.38971900000000004 0.5981869999999999 0.389953 0.603812 0.38807800000000003 0.599125 0.3855 0.59475 0.383641 0.58975 0.380359 0.586938 0.37707799999999997 0.588812 0.376844 0.593812 0.373094 0.603187 0.373328 0.614104 0.37707799999999997 0.625042 0.37590599999999996 0.6359790000000001 0.37590599999999996 0.637854
50 0.945937 0.640208 0.9445 0.631 0.945937 0.621417 0.948234 0.616437 0.943922 0.610687 0.9378909999999999 0.6152920000000001 0.934141 0.621417 0.9318440000000001 0.632167 0.934141 0.640979 0.941047 0.64175 0.945937 0.640208