13 0.184016 0.613167 0.184016 0.600021 0.173141 0.599479 0.173141 0.612625 0.167906 0.636229 0.16932799999999998 0.6855829999999999 0.192859 0.6855829999999999 0.192656 0.682104 0.192453 0.682104 0.191656 0.635687 0.184016 0.613167
22 0.296859 0.61675 0.295703 0.605958 0.279516 0.575125 0.240203 0.576667 0.198563 0.593625 0.191625 0.610583 0.199719 0.6445000000000001 0.296859 0.61675
27 0.7588280000000001 0.675292 0.8382339999999999 0.567063 0.769406 0.5505829999999999 0.619406 0.527062 0.363531 0.5976459999999999 0.199406 0.651771 0.199406 0.6564789999999999 0.324703 0.698833 0.331766 0.6635209999999999 0.375875 0.677646 0.374125 0.710583 0.377641 0.715292 0.382938 0.6894170000000001 0.518828 0.717646 0.5082340000000001 0.76 0.541766 0.769417 0.584125 0.795292 0.727062 0.708229 0.7588280000000001 0.675292
50 0.9353910000000001 0.685396 0.896625 0.5932499999999999 0.8595470000000001 0.5438120000000001 0.841016 0.532583 0.824156 0.534833 0.8140470000000001 0.489896 0.793813 0.465167 0.768547 0.465167 0.738203 0.507875 0.746625 0.534833 0.761797 0.5797709999999999 0.765172 0.5887709999999999 0.739891 0.629208 0.733141 0.649438 0.731453 0.622479 0.728094 0.615729 0.714609 0.6179790000000001 0.707859 0.620229 0.7112339999999999 0.656188 0.719656 0.6943750000000001 0.7365160000000001 0.701125 0.770219 0.671917 0.780344 0.6471870000000001 0.7904530000000001 0.635958 0.8072969999999999 0.703375 0.8848280000000001 0.719104 0.8780939999999999 0.725833 0.9337030000000001 0.716854 0.9353910000000001 0.685396
50 0.683188 0.495813 0.690531 0.49816699999999997 0.694922 0.500104 0.696094 0.504812 0.697266 0.5095 0.6996089999999999 0.522792 0.7019529999999999 0.529813 0.704016 0.5380210000000001 0.711047 0.5396040000000001 0.71925 0.5431039999999999 0.719547 0.5458540000000001 0.731281 0.5470210000000001 0.739484 0.546625 0.745062 0.544667 0.743 0.5356869999999999 0.740656 0.524354 0.737719 0.514958 0.737141 0.504417 0.7415309999999999 0.499333 0.7444689999999999 0.492688 0.7444689999999999 0.489167 0.740078 0.479 0.7344999999999999 0.458687 0.732156 0.45241699999999996 0.72775 0.444604 0.723062 0.43170800000000004 0.711344 0.432479 0.706656 0.434437 0.7019529999999999 0.437958 0.694922 0.444208 0.692875 0.450083 0.6925779999999999 0.454771 0.692281 0.45789599999999997 0.6919839999999999 0.469229 0.692875 0.47939600000000004 0.6925779999999999 0.484479 0.687 0.484083 0.6779219999999999 0.486438 0.675578 0.49385399999999996 0.683188 0.495813
50 0.8198909999999999 0.500396 0.827078 0.505729 0.827078 0.507854 0.827078 0.518521 0.827875 0.5291669999999999 0.839063 0.536625 0.845453 0.535562 0.860641 0.5419579999999999 0.870219 0.556875 0.872625 0.555813 0.875812 0.553667 0.8925940000000001 0.546208 0.8989839999999999 0.527042 0.897391 0.505729 0.8933909999999999 0.49614600000000003 0.883813 0.47056200000000004 0.8774219999999999 0.458854 0.878219 0.441812 0.868625 0.43220800000000004 0.861438 0.427958 0.8366720000000001 0.435417 0.831078 0.448208 0.830266 0.452458 0.8294689999999999 0.467375 0.833469 0.480167 0.832672 0.480167 0.822281 0.482292 0.815891 0.49614600000000003 0.8198909999999999 0.500396
50 0.9000619999999999 0.48062499999999997 0.9029999999999999 0.491396 0.9029999999999999 0.501167 0.908859 0.502146 0.914 0.525625 0.919141 0.528563 0.924266 0.523667 0.924266 0.533458 0.919141 0.538333 0.9184060000000001 0.545188 0.904469 0.56475 0.897125 0.574542 0.892 0.585292 0.892 0.5872499999999999 0.914 0.6273540000000001 0.944078 0.600938 0.963156 0.597042 0.9851559999999999 0.595083 0.998359 0.5872499999999999 1 0.580396 0.9939690000000001 0.5765 0.993234 0.56475 0.998359 0.554 0.9998279999999999 0.5500830000000001 1 0.530521 0.996172 0.533458 0.9910310000000001 0.5266040000000001 0.9917659999999999 0.517813 0.978563 0.502146 0.965359 0.501167 0.960953 0.5050830000000001 0.9565469999999999 0.49727099999999996 0.9638909999999999 0.464979 0.955078 0.445417 0.940406 0.42977099999999996 0.9272030000000001 0.42977099999999996 0.9147339999999999 0.433687 0.905937 0.438562 0.903734 0.447375 0.8985939999999999 0.454229 0.9029999999999999 0.459104 0.9000619999999999 0.458125 0.9029999999999999 0.465958 0.9000619999999999 0.48062499999999997
50 0.345906 0.601833 0.349875 0.6007709999999999 0.39920300000000003 0.5891040000000001 0.40873400000000004 0.582729 0.429422 0.5339379999999999 0.454078 0.537125 0.47396900000000003 0.5328959999999999 0.49703099999999995 0.529708 0.504984 0.529708 0.510563 0.5435 0.523281 0.547729 0.539203 0.547729 0.547156 0.5339379999999999 0.543172 0.530771 0.534422 0.527583 0.486703 0.5159170000000001 0.470781 0.509563 0.435781 0.509563 0.439766 0.502125 0.441359 0.478792 0.44373399999999996 0.462896 0.451703 0.44591699999999995 0.438969 0.443792 0.428625 0.435312 0.413516 0.432125 0.40873400000000004 0.435312 0.40157800000000005 0.442729 0.392828 0.452271 0.398406 0.47560399999999997 0.39123399999999997 0.490458 0.383281 0.498938 0.363406 0.5339379999999999 0.35385900000000003 0.560458 0.345109 0.602896 0.345906 0.601833
50 0.544891 0.531687 0.5467500000000001 0.522583 0.5517190000000001 0.5151249999999999 0.552344 0.507667 0.550484 0.49689599999999995 0.546125 0.48614599999999997 0.544266 0.47206200000000004 0.539297 0.45797899999999997 0.525625 0.453 0.510109 0.46708299999999997 0.49892200000000003 0.490271 0.497672 0.507667 0.487734 0.513479 0.544891 0.531687
22 0.112422 0.9688960000000001 0.10067200000000001 0.926396 0.0671094 0.881646 0 0.857042 0.0033593703125 0.986792 0.0855781 0.982313 0.16275 0.984562 0.24160900000000002 0.982313 0.234906 0.9666669999999999 0.209734 0.944292 0.169469 0.942042 0.129188 0.9554790000000001 0.112422 0.9688960000000001
22 0.34956200000000004 0.6024999999999999 0.351062 0.577375 0.355969 0.5582499999999999 0.362375 0.542167 0.31525 0.551729 0.311844 0.569312 0.31675 0.610542 0.34956200000000004 0.6024999999999999
22 0.439844 0.577438 0.44873399999999997 0.5403749999999999 0.467641 0.5388959999999999 0.4265 0.534437 0.417609 0.558167 0.419828 0.584854 0.439844 0.577438
22 0.168328 0.653063 0.169781 0.639521 0.171719 0.618229 0.159609 0.613708 0.142187 0.610479 0.110734 0.617583 0.0870156 0.62275 0.061359399999999995 0.630479 0.055546899999999996 0.650479 0.057484400000000005 0.6801669999999999 0.0589375 0.677583 0.168328 0.653063
22 0.0845937 0.852729 0.0677656 0.8800830000000001 0.0730156 0.879375 0.0956406 0.856938 0.116672 0.894104 0.11929700000000001 0.889896 0.107203 0.853437 0.129297 0.841521 0.131922 0.840104 0.137187 0.831 0.134031 0.800833 0.0688125 0.762271 0.0656562 0.760854 0.0782812 0.817667 0.0872187 0.838708 0.0845937 0.852729
22 0.169797 0.86325 0.190312 0.884292 0.200828 0.8885 0.20346900000000004 0.8800830000000001 0.201359 0.873771 0.192938 0.866062 0.190844 0.842917 0.193469 0.8345 0.156656 0.810646 0.154547 0.840812 0.155078 0.842917 0.186625 0.835208 0.169797 0.86325
22 0.9521409999999999 0.674604 0.972687 0.668729 0.999094 0.654062 0.9998279999999999 0.580688 0.994703 0.5894999999999999 0.984422 0.594396 0.96975 0.5963539999999999 0.955813 0.6002500000000001 0.9154690000000001 0.6217710000000001 0.911797 0.625687 0.933812 0.698083 0.9521409999999999 0.674604
22 0.897 0.529312 0.897 0.533583 0.897922 0.540896 0.899281 0.558312 0.911875 0.558917 0.9230940000000001 0.535708 0.926766 0.532042 0.9196719999999999 0.526563 0.912797 0.523188 0.912797 0.518625 0.896547 0.510375 0.897 0.529312
23 0.0008281250000000001 0.133396 0.0014531203124999999 0.133396 0.0033281203125 0.13506300000000002 0.010187499999999999 0.12675 0.0145625 0.12341700000000001 0.0282813 0.107604 0.028906300000000003 0.0868125 0.028906300000000003 0.0776667 0.0282813 0.0651875 0.017671899999999997 0.041875 0.012687499999999999 0.029395800000000003 0.0070781296874999995 0.02275 0.0014531203124999999 0.021083300000000003 0.0008281250000000001 0.133396
42 0.49712500000000004 0.564833 0.510328 0.570708 0.539687 0.5746249999999999 0.5822339999999999 0.5550630000000001 0.594703 0.503208 0.552156 0.511042 0.551422 0.514958 0.537484 0.5550630000000001 0.49712500000000004 0.564833
42 0.43367199999999995 0.580667 0.388625 0.6002919999999999 0.43281200000000003 0.6118539999999999 0.49171899999999996 0.5910620000000001 0.502984 0.527521 0.448406 0.540229 0.43367199999999995 0.580667
42 0.705391 0.547187 0.696828 0.502646 0.693406 0.498667 0.634312 0.492375 0.644172 0.5426249999999999 0.704109 0.5534579999999999 0.722531 0.539771 0.720391 0.538042 0.704547 0.5374789999999999 0.705391 0.547187
22 0.9865309999999999 0.672062 0.9795159999999999 0.6695 0.973141 0.669083 0.9645469999999999 0.670771 0.9559369999999999 0.674604 0.9479839999999999 0.6805420000000001 0.9365159999999999 0.692875 0.930781 0.702208 0.9259999999999999 0.710708 0.922813 0.7238749999999999 0.9218590000000001 0.731958 0.999906 0.74725 0.9992810000000001 0.692875 0.9995939999999999 0.692438 0.9922660000000001 0.678854 0.9865309999999999 0.672062
22 0.484844 0.502875 0.483172 0.5073329999999999 0.48274999999999996 0.514396 0.483875 0.515896 0.49584400000000006 0.508646 0.496969 0.497125 0.496969 0.49620800000000004 0.49082800000000004 0.496562 0.484844 0.502875
13 0.879297 0.5388750000000001 0.879063 0.5683330000000001 0.8805160000000001 0.579354 0.884891 0.582271 0.8895 0.584854 0.890719 0.583562 0.896297 0.576438 0.898 0.5343330000000001 0.8953279999999999 0.531104 0.883422 0.522354 0.879063 0.5191250000000001 0.877594 0.519771 0.8768750000000001 0.521708 0.8763909999999999 0.521062 0.878328 0.528188 0.879297 0.5388750000000001
13 0.363656 0.740667 0.363375 0.7219169999999999 0.363656 0.696292 0.35992199999999996 0.6657080000000001 0.368531 0.6507919999999999 0.366812 0.645042 0.352187 0.658438 0.345016 0.663396 0.332391 0.6725829999999999 0.332391 0.7226870000000001 0.338125 0.729958 0.348734 0.736062 0.363656 0.741417 0.363656 0.740667
13 0.598125 0.503104 0.595953 0.499958 0.595953 0.4985 0.5955779999999999 0.49316699999999997 0.5886720000000001 0.491958 0.587391 0.49 0.5835619999999999 0.488542 0.581562 0.49072899999999997 0.5806560000000001 0.49316699999999997 0.582297 0.49681200000000003 0.581937 0.501896 0.581391 0.503833 0.5919380000000001 0.501896 0.593219 0.504563 0.584844 0.5436460000000001 0.596672 0.543396 0.598125 0.5399999999999999 0.598125 0.503354 0.598125 0.503104
42 0.713063 0.663667 0.703094 0.637104 0.707516 0.626771 0.713797 0.6198750000000001 0.703828 0.6203540000000001 0.687953 0.541083 0.632234 0.553875 0.631125 0.556875 0.649578 0.646437 0.713063 0.663667
42 0.8209690000000001 0.53675 0.8221719999999999 0.541292 0.8319219999999999 0.538354 0.828266 0.500042 0.815844 0.500708 0.817797 0.51725 0.8209690000000001 0.53675
21 0.700484 0.6809999999999999 0.700484 0.664729 0.680047 0.664729 0.680047 0.680292 0.700484 0.6809999999999999