50 0.120142 0.538469 0.121383 0.5347500000000001 0.121383 0.530141 0.11964500000000002 0.527953 0.116915 0.526203 0.116418 0.524672 0.11565600000000001 0.521828 0.11367000000000001 0.520078 0.112429 0.520078 0.109947 0.520297 0.10969899999999999 0.523578 0.10969899999999999 0.525984 0.106472 0.527953 0.106472 0.531234 0.106472 0.540875 0.107216 0.5469999999999999 0.106968 0.554656 0.106968 0.559688 0.107216 0.561219 0.10944999999999999 0.561219 0.112429 0.561 0.11416699999999999 0.560562 0.118404 0.559469 0.11914899999999999 0.558812 0.118901 0.539781 0.120142 0.538469
50 0.0970745 0.537547 0.09760640070921986 0.5382659999999999 0.09897159929078014 0.5435 0.09897159929078014 0.546609 0.09897159929078014 0.5497029999999999 0.0995035 0.556609 0.100053 0.558531 0.10248199999999999 0.558766 0.104096 0.557578 0.104379 0.556375 0.105461 0.555906 0.105461 0.554469 0.105195 0.54875 0.104911 0.544219 0.105195 0.540172 0.105461 0.538969 0.105461 0.5385 0.104911 0.535875 0.105727 0.532547 0.107074 0.531344 0.107074 0.5301560000000001 0.106277 0.5294380000000001 0.105195 0.5287189999999999 0.104096 0.527766 0.10274799999999999 0.527531 0.103564 0.525391 0.10301400000000001 0.524438 0.102216 0.5234840000000001 0.100585 0.5234840000000001 0.0995035 0.524672 0.0995035 0.526344 0.0997695 0.528016 0.098156 0.52825 0.09599290070921986 0.5296719999999999 0.09301420035460993 0.537312 0.09193259929078014 0.539219 0.09166670035460993 0.541359 0.09246449999999999 0.543984 0.09625890070921986 0.5447029999999999 0.09625890070921986 0.538016 0.0970745 0.537547
50 0.528564 0.550828 0.534096 0.5503910000000001 0.53461 0.5477190000000001 0.535621 0.5455 0.534096 0.5455 0.532589 0.5437339999999999 0.531578 0.541953 0.529574 0.540625 0.528564 0.541953 0.529574 0.5437339999999999 0.528564 0.544172 0.526543 0.5463910000000001 0.527553 0.550828 0.528564 0.550828
18 0.142482 0.540578 0.144415 0.542281 0.14766 0.557094 0.153475 0.558812 0.15604600000000002 0.558234 0.15734 0.5559529999999999 0.167695 0.556531 0.170922 0.5599529999999999 0.17867 0.557672 0.181915 0.556531 0.18578 0.557094 0.189663 0.555391 0.191613 0.550828 0.19031900000000002 0.541156 0.18643600000000002 0.537734 0.18643600000000002 0.533172 0.181259 0.533172 0.174149 0.525766 0.15734 0.524625 0.140532 0.530891 0.13601100000000002 0.5400159999999999 0.142482 0.540578
18 0.891862 0.546703 0.8935460000000001 0.537813 0.8935460000000001 0.522984 0.875035 0.5081559999999999 0.832979 0.512609 0.832979 0.514078 0.826241 0.5303910000000001 0.817837 0.540766 0.8598939999999999 0.5496719999999999 0.878404 0.548187 0.891862 0.546703
18 0.905426 0.522359 0.903652 0.531766 0.905887 0.534109 0.9241129999999999 0.538031 0.9258870000000001 0.532937 0.926773 0.512563 0.911206 0.512172 0.905426 0.522359
18 0.9343260000000001 0.53725 0.9592200000000001 0.537641 0.958333 0.525484 0.9503369999999999 0.521969 0.940106 0.514516 0.931667 0.514906 0.933883 0.536859 0.9343260000000001 0.53725
18 0.7783869999999999 0.516281 0.7739360000000001 0.520203 0.7717200000000001 0.5241089999999999 0.7726059999999999 0.533906 0.775266 0.538609 0.787713 0.540953 0.7930499999999999 0.540562 0.801507 0.540172 0.8086169999999999 0.5374380000000001 0.813067 0.537047 0.821064 0.537047 0.822394 0.529984 0.8086169999999999 0.518625 0.799716 0.5155000000000001 0.779273 0.5155000000000001 0.7783869999999999 0.516281
11 0.774113 0.615344 0.7642909999999999 0.616078 0.759379 0.617516 0.760213 0.6211249999999999 0.760621 0.624719 0.759379 0.628688 0.7528370000000001 0.633375 0.7483510000000001 0.6359060000000001 0.747926 0.6398590000000001 0.757748 0.642391 0.773706 0.642391 0.783936 0.643109 0.90461 0.642031 0.9230320000000001 0.6395 0.9291670000000001 0.6355310000000001 0.935301 0.630859 0.9393970000000001 0.628688 0.941844 0.622922 0.9377479999999999 0.620031 0.933245 0.614984 0.921791 0.607062 0.9091130000000001 0.6056090000000001 0.889486 0.606344 0.8383510000000001 0.602016 0.83016 0.600562 0.827305 0.598047 0.824379 0.6134839999999999 0.8167909999999999 0.614078 0.804557 0.616578 0.789131 0.617063 0.774113 0.615344
11 0.122181 0.878891 0.200071 0.8656409999999999 0.211011 0.854813 0.19461 0.8066409999999999 0 0.8042339999999999 0.0046631205673758865 0.848781 0.0005673758865248227 0.8825 0.122181 0.878891
11 0.6872699999999999 0.590766 0.799574 0.590125 0.803245 0.574594 0.785621 0.573953 0.779752 0.567484 0.71516 0.570078 0.689486 0.570078 0.685071 0.568125 0.688014 0.5765469999999999 0.6872699999999999 0.590766
11 0.336596 0.640453 0.28815599999999997 0.624719 0.183599 0.6134839999999999 0.147908 0.620219 0.12239399999999999 0.629219 0.07904259929078014 0.631453 0.07140070035460994 0.644937 0.08414890070921986 0.685391 0.158103 0.6988749999999999 0.27540800000000004 0.694375 0.364645 0.689891 0.336596 0.640453
50 0.222234 0.528781 0.224734 0.528172 0.225018 0.526828 0.226809 0.524859 0.226401 0.522906 0.223617 0.521312 0.222926 0.519859 0.222926 0.517281 0.220993 0.516922 0.219592 0.518016 0.220018 0.519734 0.219876 0.521938 0.218493 0.523281 0.217518 0.523891 0.216401 0.525594 0.215585 0.528906 0.21766 0.528906 0.222234 0.528781
50 0.213085 0.539047 0.20961 0.539047 0.20961 0.540875 0.207801 0.542844 0.210993 0.543078 0.211968 0.542719 0.212518 0.540875 0.213777 0.539781 0.213918 0.539172 0.215301 0.537578 0.215851 0.536969 0.217943 0.539531 0.218067 0.541375 0.217801 0.542844 0.221401 0.543203 0.221259 0.542719 0.219592 0.541609 0.220426 0.539906 0.22195 0.538563 0.223759 0.535141 0.215443 0.534641 0.213777 0.536969 0.213085 0.539047
11 0.0022163102836879433 0.8100310000000001 0.13913099999999998 0.8100310000000001 0.14250000000000002 0.761578 0.04150709929078014 0.759594 0 0.759594 0.0022163102836879433 0.8100310000000001
11 0.352181 0.619406 0.35702100000000003 0.613734 0.348156 0.6087659999999999 0.335284 0.607344 0.278972 0.609469 0.20977 0.606641 0.24274800000000002 0.617266 0.281383 0.621531 0.322411 0.6279060000000001 0.335284 0.621531 0.345745 0.616563 0.352181 0.619406
11 0 0.761562 0.14102800000000001 0.761562 0.144397 0.773438 0.15898900000000002 0.772437 0.16572699999999999 0.729922 0.155621 0.705187 0.100638 0.717063 0.002996450354609929 0.722 0 0.761562
11 0.685496 0.553531 0.6895209999999999 0.550703 0.687926 0.549281 0.61711 0.552109 0.621135 0.5613279999999999 0.6895209999999999 0.5613279999999999 0.685496 0.553531
11 0.339468 0.597766 0.346968 0.5997969999999999 0.367163 0.599297 0.371188 0.587094 0.323316 0.586078 0.273121 0.583016 0.271383 0.590141 0.273706 0.59675 0.339468 0.597766
11 0.405089 0.542469 0.408316 0.5434840000000001 0.415461 0.5447029999999999 0.42744699999999997 0.546734 0.43599299999999996 0.548969 0.439681 0.548562 0.440833 0.545516 0.429521 0.5440940000000001 0.42445 0.538609 0.40117 0.5410470000000001 0.405089 0.542469
11 0.806844 0.589687 0.7985819999999999 0.5978749999999999 0.7810280000000001 0.5978749999999999 0.760372 0.5978749999999999 0.74695 0.598781 0.733528 0.607875 0.751082 0.609703 0.742819 0.618797 0.7448940000000001 0.625172 0.758316 0.61425 0.783103 0.612437 0.8058160000000001 0.612437 0.8285279999999999 0.612437 0.835762 0.598781 0.851259 0.602422 0.858475 0.593313 0.835762 0.593313 0.830603 0.587859 0.80789 0.5869530000000001 0.806844 0.589687
11 0.253777 0.608984 0.332872 0.607125 0.3525 0.611328 0.35516 0.6014999999999999 0.34773 0.597766 0.268635 0.594484 0.24898900000000002 0.5982339999999999 0.225106 0.602906 0.224043 0.6085309999999999 0.253777 0.608984
44 0.890053 0.5391250000000001 0.889486 0.547984 0.883351 0.547984 0.883351 0.5317339999999999 0.877216 0.527313 0.872181 0.536172 0.875532 0.539609 0.8710640000000001 0.543063 0.872748 0.547984 0.877766 0.5538909999999999 0.882784 0.5538909999999999 0.886702 0.549953 0.889486 0.550938 0.8922869999999999 0.553391 0.898422 0.5538909999999999 0.90234 0.545031 0.9062410000000001 0.535672 0.9017729999999999 0.528297 0.895071 0.523875 0.890603 0.527313 0.890053 0.5391250000000001
11 0.6171449999999999 0.550219 0.626773 0.544391 0.622926 0.544391 0.604468 0.542938 0.6006210000000001 0.546094 0.59484 0.550953 0.592908 0.556281 0.609433 0.554828 0.618245 0.549984 0.6171449999999999 0.550219
18 0.005212769503546099 0.530297 0.0004078014184397163 0.535234 0 0.5511090000000001 0.035638299645390066 0.552172 0.037234 0.566281 0.04124109929078014 0.565234 0.0488475 0.563812 0.04764179964539007 0.553234 0.06125890070921986 0.553234 0.06526599999999999 0.558531 0.074078 0.5557030000000001 0.0724645 0.540875 0.06166670035460994 0.537359 0.04764179964539007 0.525359 0.025230500000000003 0.527828 0.0035992907801418437 0.528188 0.005212769503546099 0.530297
18 0.311507 0.535438 0.31588700000000003 0.534359 0.318316 0.533297 0.320745 0.531156 0.32172 0.527516 0.322216 0.5230159999999999 0.32051399999999997 0.518938 0.317589 0.516375 0.31711 0.5090939999999999 0.30812100000000003 0.505656 0.298387 0.506094 0.292074 0.507594 0.288901 0.5131560000000001 0.284291 0.522578 0.285993 0.5294380000000001 0.289397 0.528797 0.290124 0.5180939999999999 0.291348 0.512953 0.293777 0.522375 0.29718100000000003 0.529016 0.294752 0.5337189999999999 0.306649 0.533297 0.311507 0.535438