50 0.535266 0.42857100000000004 0.553031 0.430703 0.569391 0.434965 0.5850310000000001 0.44348899999999997 0.597109 0.44669800000000004 0.604922 0.44988300000000003 0.611328 0.44988300000000003 0.614875 0.440304 0.611328 0.423255 0.589297 0.414731 0.569391 0.39875900000000003 0.542375 0.38915700000000003 0.5203439999999999 0.375316 0.499016 0.365714 0.513234 0.343349 0.512516 0.332693 0.505422 0.329508 0.486937 0.329508 0.477688 0.323115 0.460641 0.32843100000000003 0.44712500000000005 0.346557 0.44712500000000005 0.358267 0.44854700000000003 0.375316 0.456375 0.390234 0.462063 0.393419 0.45779699999999995 0.404075 0.456375 0.413653 0.459922 0.42538600000000004 0.461344 0.454145 0.4585 0.475457 0.450688 0.49889900000000004 0.449266 0.520211 0.454953 0.536183 0.467031 0.53726 0.47484400000000004 0.53192 0.477688 0.5511010000000001 0.47556200000000004 0.606487 0.476984 0.6469790000000001 0.47982800000000003 0.69918 0.4585 0.736464 0.454953 0.746066 0.46348399999999995 0.739672 0.491906 0.7354099999999999 0.519625 0.7183609999999999 0.5309999999999999 0.7183609999999999 0.54025 0.717307 0.5523279999999999 0.717307 0.5572969999999999 0.711967 0.5572969999999999 0.70452 0.544516 0.6640280000000001 0.542375 0.623536 0.539531 0.579859 0.54025 0.540445 0.545219 0.525527 0.544516 0.508478 0.5416719999999999 0.45309099999999997 0.535266 0.42857100000000004
50 0.715641 0.609227 0.715641 0.611452 0.710609 0.631382 0.712094 0.634473 0.713281 0.634028 0.7221409999999999 0.6185250000000001 0.723906 0.616323 0.728047 0.622529 0.733078 0.6260659999999999 0.736328 0.629602 0.741344 0.629602 0.741641 0.624286 0.732781 0.6127870000000001 0.732781 0.609672 0.7336560000000001 0.6026 0.7336560000000001 0.597728 0.731891 0.593302 0.728641 0.590187 0.728344 0.588876 0.7265780000000001 0.579555 0.725688 0.578689 0.7247969999999999 0.578689 0.722438 0.58 0.720359 0.58267 0.719781 0.584005 0.719781 0.5853160000000001 0.717406 0.5906319999999999 0.711797 0.607471 0.715641 0.609227
50 0.725688 0.5800230000000001 0.7322029999999999 0.584895 0.733375 0.5671430000000001 0.741078 0.588899 0.7434529999999999 0.588009 0.7348589999999999 0.557377 0.7381249999999999 0.547611 0.7319060000000001 0.54096 0.710578 0.573817 0.712359 0.582248 0.723609 0.566253 0.7242029999999999 0.582248 0.725688 0.5800230000000001
50 0.46007800000000004 0.6434890000000001 0.45657800000000004 0.6391800000000001 0.451156 0.640375 0.45099999999999996 0.644192 0.451156 0.651616 0.451312 0.659485 0.447813 0.661405 0.44000000000000006 0.6654570000000001 0.43234399999999995 0.6633020000000001 0.42676600000000003 0.6673770000000001 0.42725 0.67192 0.44589100000000004 0.679087 0.454188 0.6743089999999999 0.464703 0.6714289999999999 0.466453 0.6654570000000001 0.46454700000000004 0.654239 0.460234 0.649461 0.46007800000000004 0.6434890000000001
50 0.000171875 0.6575179999999999 0.00034375 0.678173 0.0035000000000000005 0.692412 0.0014531203124999999 0.6976110000000001 0.000171875 0.7189699999999999 0.00603125 0.7201639999999999 0.0139531 0.7192270000000001 0.0136406 0.7102109999999999 0.012375 0.7049880000000001 0.0111094 0.7009369999999999 0.013484399999999999 0.6935830000000001 0.0136406 0.6876580000000001 0.0115781 0.683864 0.0095156203125 0.674614 0.00840625 0.6677280000000001 0.0100625 0.6629039999999999 0.012890599999999999 0.656628 0.013265599999999999 0.65089 0.0084531296875 0.647564 0.0041406296874999995 0.639063 0.004875 0.635363 0.00784375 0.628525 0.007718750000000001 0.619274 0.0043749999999999995 0.617611 0.0000625 0.6201869999999999 0.000171875 0.6575179999999999
60 0.567375 0.722857 0.584328 0.715785 0.59375 0.703091 0.588094 0.7016630000000001 0.580562 0.710141 0.567375 0.714379 0.567375 0.70733 0.563594 0.698852 0.557 0.714379 0.535344 0.720023 0.503313 0.731311 0.46092199999999994 0.746862 0.4175940000000001 0.76096 0.390281 0.770843 0.377094 0.766628 0.379922 0.769438 0.387453 0.7765110000000001 0.403469 0.7765110000000001 0.4279529999999999 0.765199 0.512734 0.739789 0.567375 0.722857
60 0.413828 0.777916 0.43078099999999997 0.782155 0.450563 0.773677 0.47787499999999994 0.762389 0.506141 0.7539110000000001 0.543813 0.742623 0.586203 0.731311 0.621063 0.722857 0.632359 0.714379 0.637078 0.70733 0.631422 0.708735 0.618234 0.720023 0.554188 0.731311 0.48825 0.752506 0.440203 0.773677 0.428891 0.7765110000000001 0.414766 0.7765110000000001 0.413828 0.777916
60 0.739922 0.638384 0.743016 0.633279 0.744563 0.63096 0.743938 0.6267920000000001 0.743328 0.6267920000000001 0.742703 0.628173 0.739922 0.633279 0.736828 0.636066 0.736828 0.638384 0.739922 0.638384
60 0.716109 0.637447 0.711469 0.637002 0.70775 0.634684 0.704344 0.6323650000000001 0.704344 0.634215 0.708984 0.639766 0.708375 0.638852 0.721359 0.641171 0.725688 0.637916 0.725688 0.636066 0.7195 0.636534 0.716109 0.637447
50 1 0.465035 0.996734 0.467166 0.995891 0.461218 0.998156 0.45737700000000003 0.998734 0.45398099999999997 0.997312 0.45311500000000005 0.9907809999999999 0.454824 0.988219 0.45695600000000003 0.9867969999999999 0.463349 0.984812 0.46887599999999996 0.980547 0.48208399999999996 0.979125 0.494426 0.979703 0.5054799999999999 0.977703 0.508899 0.980547 0.5208200000000001 0.98225 0.5233720000000001 0.978281 0.537424 0.976578 0.539133 0.9845309999999999 0.539555 0.9867969999999999 0.539977 0.9845309999999999 0.537002 0.9867969999999999 0.528478 0.9884999999999999 0.537424 0.993328 0.537845 0.996453 0.541265 0.999578 0.542108 0.999859 0.536136 0.994188 0.529344 0.993047 0.520398 0.995891 0.5054799999999999 0.997031 0.489321 0.999578 0.47950800000000005 1 0.476534 1 0.465035
60 1 0.53733 0.9911559999999999 0.5400469999999999 0.9809060000000001 0.5400469999999999 0.9790940000000001 0.541405 0.9643280000000001 0.542295 0.959219 0.547283 0.957406 0.549977 0.967047 0.549977 1 0.542295 1 0.53733