50 0.3796 0.2547 0.370187 0.26412 0.285493 0.31824 0.23530700000000002 0.33942 0.213333 0.35824 0.2196 0.41236 0.266667 0.44764 0.32626700000000003 0.48058 0.29175999999999996 0.63352 0.44864000000000004 0.65236 0.46432 0.6429400000000001 0.50824 0.63118 0.542747 0.64058 0.589813 0.64058 0.589813 0.59824 0.592933 0.5229400000000001 0.5835199999999999 0.5253 0.5866669999999999 0.45942 0.6086400000000001 0.42882 0.621173 0.3747 0.643147 0.3347 0.621173 0.28058 0.3796 0.2547
50 0.278667 0.25732 0.23461300000000002 0.25732 0.18367999999999998 0.25164 0.17885299999999998 0.25318 0.19055999999999998 0.26404 0.184347 0.26712 0.16096 0.2661 0.143733 0.26558 0.10933300000000001 0.26094 0.10589299999999999 0.2661 0.10312 0.27746 0.103813 0.29294 0.10904 0.31126 0.129973 0.31126 0.118907 0.32882 0.125067 0.33898 0.132453 0.3584 0.13122699999999998 0.36948000000000003 0.122587 0.37688 0.104107 0.38795999999999997 0.09672000000000001 0.41014 0.09424 0.4619 0.20759999999999998 0.47484 0.21008000000000002 0.47114 0.21869299999999997 0.44895999999999997 0.226107 0.42492 0.217467 0.41014 0.21624000000000002 0.38242000000000004 0.21624000000000002 0.36394 0.250747 0.33344 0.26184 0.32233999999999996 0.260587 0.30572000000000005 0.266747 0.2863 0.276613 0.2595 0.278667 0.25732
29 0.336347 0.87102 0.331707 0.87566 0.32784 0.88146 0.32242699999999996 0.8907200000000001 0.3232 0.89826 0.329387 0.90986 0.340987 0.9156599999999999 0.364933 0.91914 0.381173 0.91334 0.40127999999999997 0.9028999999999999 0.409013 0.8895599999999999 0.420587 0.8739199999999999 0.409013 0.86812 0.38967999999999997 0.8611599999999999 0.37808 0.8530399999999999 0.37111999999999995 0.85478 0.357227 0.86 0.336347 0.86754 0.336347 0.87102
29 0.238907 0.89962 0.30072 0.90716 0.320827 0.8961399999999999 0.32392 0.88686 0.33088 0.87354 0.33784 0.8683200000000001 0.327013 0.86078 0.313093 0.85672 0.299173 0.84514 0.29144000000000003 0.83992 0.265173 0.84802 0.24738699999999997 0.8549800000000001 0.240453 0.86774 0.231173 0.88166 0.234267 0.89324 0.238907 0.89962
29 0.19088 0.89486 0.223413 0.89206 0.24472 0.87088 0.24472 0.8513 0.234053 0.8352999999999999 0.214347 0.8345 0.18184 0.8401000000000001 0.158907 0.8517 0.155173 0.8640800000000001 0.155173 0.87288 0.163707 0.88886 0.19088 0.89486
29 0.09506670133333334 0.86248 0.09768 0.8570599999999999 0.106213 0.8393400000000001 0.106213 0.8231 0.08981330133333333 0.81376 0.07472 0.80932 0.06749330133333334 0.8102999999999999 0.057013301333333335 0.81228 0.03272 0.81868 0.012400000000000001 0.8393400000000001 0.0196 0.85656 0.030773301333333333 0.8669 0.06290669866666668 0.86936 0.07602670133333334 0.86936 0.09048 0.861 0.09506670133333334 0.85902 0.09506670133333334 0.86248
29 0.058266698666666665 0.81012 0.08754670133333334 0.8149 0.116827 0.8244400000000001 0.129573 0.81776 0.135947 0.79962 0.157573 0.7795599999999999 0.151227 0.77288 0.135947 0.76334 0.11175999999999998 0.7585599999999999 0.09010669866666667 0.76046 0.054453301333333336 0.80344 0.058266698666666665 0.81012
29 0.09362669866666666 0.7004 0.08061330133333333 0.69628 0.06552 0.70862 0.05317330133333333 0.7307400000000001 0.057280000000000005 0.74412 0.07168 0.7616 0.07786669866666666 0.77138 0.09637329866666666 0.7672599999999999 0.101173 0.7549199999999999 0.101173 0.74258 0.101173 0.72714 0.105973 0.71582 0.10802700000000001 0.71378 0.116267 0.70708 0.106667 0.70708 0.09362669866666666 0.7004
29 0.14831999999999998 0.7183999999999999 0.1648 0.7131000000000001 0.141733 0.7032200000000001 0.12245299999999999 0.70392 0.10693299999999999 0.7106399999999999 0.09941329866666666 0.7303999999999999 0.100827 0.76038 0.13704 0.7617999999999999 0.13797299999999998 0.7307400000000001 0.14831999999999998 0.7183999999999999
29 0.23344 0.79206 0.24832 0.78538 0.271147 0.78538 0.29296 0.79132 0.300907 0.7757000000000001 0.30288 0.7578400000000001 0.282053 0.7340399999999999 0.26221300000000003 0.7258600000000001 0.226507 0.7310599999999999 0.216587 0.75562 0.23245300000000002 0.78388 0.23344 0.79206
29 0.15832 0.77622 0.159307 0.77698 0.19312 0.76802 0.18218700000000002 0.74714 0.192133 0.71804 0.17522700000000002 0.7172999999999999 0.164293 0.7143200000000001 0.152347 0.7172999999999999 0.14141299999999998 0.72848 0.13744 0.76354 0.16029300000000002 0.7792 0.15832 0.77622
29 0.06573329866666666 0.76442 0.06482669866666667 0.7569199999999999 0.0548 0.73166 0.06482669866666667 0.70092 0.055706698666666665 0.69682 0.04933329866666667 0.69068 0.03386669866666667 0.69204 0.011093298666666668 0.70228 0.011093298666666668 0.72824 0.0284 0.76102 0.05208 0.76716 0.06573329866666666 0.76442
29 0.04285329866666667 0.7655599999999999 0.019333301333333334 0.77638 0.007573330666666667 0.7844 0.00704 0.7916 0.02576 0.8004199999999999 0.03965330133333333 0.81204 0.046053298666666666 0.81284 0.057280000000000005 0.80964 0.05994670133333333 0.80162 0.06744 0.7944199999999999 0.06904 0.7924 0.08133329866666666 0.77438 0.06904 0.7655599999999999 0.04285329866666667 0.7655599999999999
29 0.201307 0.7630399999999999 0.208773 0.78122 0.225547 0.78542 0.225547 0.77704 0.218107 0.73646 0.23674699999999999 0.73226 0.23488 0.72946 0.22928 0.7210599999999999 0.208773 0.71546 0.19757300000000003 0.71826 0.191973 0.72246 0.190107 0.72246 0.18450699999999998 0.73226 0.18450699999999998 0.74346 0.190107 0.76864 0.201307 0.7630399999999999
29 0.143013 0.8195800000000001 0.132053 0.8173400000000001 0.11914699999999999 0.8248 0.1072 0.83078 0.09327999999999999 0.86434 0.09626669866666666 0.87702 0.112187 0.88224 0.127093 0.88522 0.15096 0.88224 0.158907 0.87702 0.155947 0.8680599999999999 0.160907 0.85166 0.16488 0.8442000000000001 0.17384 0.84046 0.16589299999999998 0.83152 0.1808 0.8427 0.17184 0.82332 0.143013 0.8195800000000001