21 0.44603099999999996 0.506491 0.43610899999999997 0.5317540000000001 0.43610899999999997 0.552256 0.441953 0.605539 0.447203 0.627068 0.45304700000000003 0.658897 0.466469 0.681353 0.48106299999999996 0.6888470000000001 0.495656 0.6757390000000001 0.52425 0.629875 0.5225 0.626115 0.521906 0.615815 0.521328 0.6092730000000001 0.521328 0.607393 0.487484 0.43513799999999997 0.483969 0.421103 0.47521899999999995 0.438872 0.472891 0.454812 0.445453 0.5072180000000001 0.44603099999999996 0.506491
50 0.9974999999999999 0.9865160000000001 0.9989060000000001 0.779774 0.9918910000000001 0.764035 0.952672 0.752807 0.9456559999999999 0.723584 0.872812 0.6741600000000001 0.906438 0.584261 0.9120469999999999 0.43596500000000005 0.837781 0.0449373007518797 0.794359 0.006741849624060151 0.529578 0.004486220551378446 0.44690599999999997 0.197744 0.41189099999999995 0.375288 0.40909399999999996 0.451679 0.386672 0.49438600000000005 0.38807800000000003 0.528095 0.40207800000000005 0.635965 0.36145299999999997 0.667419 0.34464100000000003 0.7123560000000001 0.301219 0.87416 0.28579699999999997 0.98203 0.9974999999999999 0.9865160000000001
14 0.394563 0.161028 0.394563 0.129499 0.353844 0.05967420050125313 0.358063 0.04390979949874686 0.286438 0.04842110025062656 0.287844 0.06644110025062656 0.24712499999999998 0.161028 0.24712499999999998 0.174561 0.394563 0.161028
79 0.08632809999999999 0.106165 0.0837031 0.119273 0.0814219 0.187393 0.118344 0.183208 0.121281 0.09255640100250626 0.09514059999999999 0.093584 0.08632809999999999 0.106165
79 0.05051560000000001 0.131955 0.056765600000000006 0.188847 0.0804219 0.189975 0.0832031 0.126366 0.0985 0.10183 0.08249999999999999 0.0850876992481203 0.0852813 0.0449373007518797 0.065125 0.05273179949874687 0.0679063 0.099599 0.05051560000000001 0.131955
79 0.0425469 0.18837099999999998 0.0618437 0.185564 0.053656300000000004 0.143333 0.0542344 0.121779 0.0630156 0.105815 0.060093799999999996 0.09644110025062656 0.0571719 0.07674189974937344 0.0571719 0.06924810025062657 0.0630156 0.054235598997493736 0.0378594 0.057995 0.0489844 0.06736840100250627 0.0472187 0.100201 0.0355313 0.12551400000000001 0.0425469 0.18837099999999998
26 0.0909062 0.479198 0.0985625 0.362481 0.0824844 0.314561 0.0288594 0.30594 0.0196719 0.32929800000000004 0.0196719 0.47796999999999995 0.0909062 0.479198
26 0.15706199999999998 0.598797 0.15185900000000002 0.595088 0.0985625 0.59787 0.0974062 0.6545610000000001 0.0927656 0.76792 0.163437 0.7669670000000001 0.168078 0.611805 0.15706199999999998 0.598797
26 0.07448439999999999 0.612982 0.0259062 0.623383 0.0210469 0.776617 0.07448439999999999 0.7792230000000001 0.0955469 0.763634 0.07934379999999999 0.631178 0.07448439999999999 0.612982
26 0.248984 0.367995 0.24639099999999997 0.358622 0.24834399999999998 0.304536 0.173094 0.312857 0.169203 0.33676700000000004 0.163375 0.35446099999999997 0.171797 0.383584 0.175047 0.47411000000000003 0.26520299999999997 0.46995000000000003 0.248984 0.367995
26 0.128359 0.06887220050125313 0.122 0.10513800000000001 0.11351599999999999 0.18563900000000003 0.18701600000000002 0.18110300000000001 0.18984399999999998 0.159549 0.187719 0.102882 0.177828 0.06661649874686716 0.13684400000000002 0.05300749874686717 0.128359 0.06887220050125313
26 0.36062500000000003 0.46102800000000005 0.377812 0.458145 0.400422 0.455238 0.401328 0.43782 0.40946899999999997 0.4001 0.404938 0.31739300000000004 0.358812 0.320301 0.357906 0.443634 0.36062500000000003 0.46102800000000005
26 0.1045 0.312005 0.151922 0.313509 0.162625 0.369449 0.17145300000000002 0.387343 0.164016 0.34857099999999996 0.172844 0.32766900000000004 0.17378100000000002 0.296341 0.100312 0.299323 0.0933281 0.318722 0.100312 0.34857099999999996 0.1045 0.312005
26 0.260672 0.7612780000000001 0.24996900000000002 0.59584 0.17432799999999998 0.606867 0.171281 0.76619 0.260672 0.7612780000000001
26 0.35826600000000003 0.465338 0.355969 0.404085 0.341453 0.351378 0.340703 0.324411 0.265828 0.331779 0.262 0.35014999999999996 0.25207799999999997 0.38937299999999997 0.263531 0.464135 0.35826600000000003 0.465338
26 0.10234399999999999 0.321679 0.096875 0.36929799999999996 0.0976562 0.480827 0.175 0.470802 0.17421899999999998 0.40313299999999996 0.161719 0.307895 0.105469 0.310401 0.10234399999999999 0.321679