24 0.5104 0.4043 0.5362129999999999 0.43439999999999995 0.567733 0.45162 0.65664 0.44945999999999997 0.645173 0.38280000000000003 0.650907 0.37204000000000004 0.903227 0.3613 0.923307 0.40216 0.992107 0.4043 1 0.27742 0.98352 0.27096 0.977787 0.26452 0.977787 0.2301 0.92616 0.2301 0.513253 0.24946000000000002 0.504667 0.26452 0.464507 0.26882 0.464507 0.29892 0.481733 0.32474000000000003 0.504667 0.33333999999999997 0.513253 0.33977999999999997 0.498933 0.35698 0.496053 0.40216 0.5104 0.4043
22 0.715253 0.54732 0.743707 0.5584600000000001 0.77712 0.5844400000000001 0.801867 0.59558 0.824133 0.61786 0.93304 0.61786 0.934267 0.5454600000000001 0.934267 0.474 0.929333 0.4545 0.91696 0.44802 0.725147 0.44522 0.71648 0.45080000000000003 0.709067 0.46008 0.6954400000000001 0.5445399999999999 0.715253 0.54732
24 0.17205299999999998 0.36307999999999996 0.154827 0.4018 0.17205299999999998 0.4018 0.177787 0.419 0.18064 0.43406 0.192107 0.43189999999999995 0.2208 0.43189999999999995 0.283867 0.4405 0.36128 0.4405 0.372747 0.42113999999999996 0.372747 0.4147 0.37562700000000004 0.40394 0.38424 0.39964 0.407173 0.3975 0.432987 0.38888 0.478853 0.38244 0.48746700000000004 0.36524 0.49032000000000003 0.35231999999999997 0.50752 0.34802 0.5104 0.33727999999999997 0.47597300000000003 0.33727999999999997 0.464507 0.31362 0.321147 0.32438 0.29248 0.30286 0.278133 0.28566 0.263787 0.28566 0.24373299999999998 0.29212 0.21792 0.29642 0.169173 0.34158 0.17205299999999998 0.36307999999999996
27 1 0.6181 0.83136 0.6181 0.837653 0.62752 0.809413 0.65576 0.5458930000000001 0.6487 0.30432000000000003 0.64164 0.06589330133333333 0.66752 0.047066701333333336 0.64164 0.01882669866666667 0.64634 0.0031466693333333335 0.67692 0.006266669333333333 0.98046 0.994507 0.9781 1 0.97104 1 0.6181
50 0.7280530000000001 0.5526599999999999 0.63384 0.52698 0.5396270000000001 0.49914 0.52248 0.482 0.53104 0.44988 0.499653 0.4092 0.47394699999999995 0.38777999999999996 0.391147 0.39206 0.354027 0.4606 0.351173 0.48413999999999996 0.22840000000000002 0.5162599999999999 0.09136 0.58478 0.05424 0.62976 0.06853330133333334 0.6640199999999999 0.139893 0.64474 0.18842699999999998 0.66616 0.32549300000000003 0.64688 0.456827 0.6490199999999999 0.55104 0.6576000000000001 0.8137070000000001 0.66188 0.8251200000000001 0.6212000000000001 0.7280530000000001 0.5526599999999999
41 0.278613 0.7868999999999999 0.27176 0.79332 0.27346699999999996 0.7946 0.27346699999999996 0.79718 0.28032 0.80296 0.28632 0.80552 0.29232 0.8074600000000001 0.29744000000000004 0.80102 0.311147 0.7978200000000001 0.33 0.79718 0.358267 0.7901 0.375387 0.78496 0.38311999999999996 0.78432 0.389093 0.78304 0.39424000000000003 0.78304 0.41224 0.7868999999999999 0.527013 0.76312 0.6289600000000001 0.73936 0.611813 0.73356 0.565573 0.74 0.384827 0.77018 0.337707 0.7778999999999999 0.277733 0.7868999999999999 0.278613 0.7868999999999999
17 0.33455999999999997 0.71668 0.32544 0.73038 0.329333 0.747 0.352827 0.76266 0.376293 0.76364 0.39976 0.75874 0.441493 0.7607 0.5001869999999999 0.75386 0.5536530000000001 0.7440800000000001 0.564107 0.72354 0.561493 0.69712 0.54584 0.66386 0.510613 0.65116 0.43368 0.64332 0.34368 0.66386 0.33064 0.69224 0.358027 0.71278 0.33455999999999997 0.71668
22 0.16824 0.45844 0.128667 0.461 0.136187 0.47328 0.146427 0.46816 0.15256 0.47072 0.15664 0.48096 0.16416 0.48352 0.166187 0.4615 0.174373 0.461 0.177787 0.46304 0.174373 0.54492 0.19144000000000003 0.53724 0.199627 0.5346799999999999 0.2276 0.5198400000000001 0.241253 0.51676 0.25079999999999997 0.5096 0.277413 0.49886 0.2972 0.49682 0.329253 0.48504 0.35381300000000004 0.48146 0.35176 0.47378 0.35176 0.46406000000000003 0.353147 0.45792 0.35994699999999996 0.44258 0.16824 0.44666 0.16824 0.45844
52 0.46994699999999995 0.31383999999999995 0.485893 0.26816 0.50184 0.26926 0.497493 0.2475 0.497493 0.22576 0.519253 0.21380000000000002 0.517787 0.19532 0.55984 0.19640000000000002 0.533733 0.1616 0.522133 0.15616 0.520693 0.12572 0.510533 0.10614 0.46703999999999996 0.09309999999999999 0.454 0.08874 0.51344 0.0496 0.45543999999999996 0.05286 0.41775999999999996 0.056119999999999996 0.409067 0.08114 0.36410699999999996 0.08114 0.351067 0.11376 0.36410699999999996 0.1366 0.397467 0.13768 0.36557300000000004 0.1616 0.39456 0.179 0.41194699999999995 0.19204 0.388773 0.2214 0.425013 0.21054 0.41194699999999995 0.23662 0.445307 0.23554 0.449653 0.25512 0.40759999999999996 0.2562 0.40759999999999996 0.25838 0.41775999999999996 0.31166000000000005 0.46994699999999995 0.31383999999999995
52 0.999067 0.25748000000000004 0.999067 0.04708 0.960373 0.02386 0.9448799999999999 0.06738 0.93328 0.06594 0.9236000000000001 0.0108 0.912 0.031120000000000002 0.8810399999999999 0.01806 0.89264 0.05724 0.861707 0.06448000000000001 0.844293 0.11092 0.861707 0.13268000000000002 0.7881870000000001 0.17765999999999998 0.7959200000000001 0.18928 0.840427 0.16896 0.9061870000000001 0.16606 0.9216799999999999 0.19508 0.910053 0.20814 0.90232 0.24586000000000002 0.960373 0.24296 0.99712 0.27777999999999997 0.999067 0.25748000000000004
52 0.64728 0.12840000000000001 0.6544 0.11448 0.664373 0.11984 0.67152 0.13428 0.680773 0.12304000000000001 0.66152 0.09898 0.650133 0.08988 0.64584 0.07116 0.638 0.07544 0.623733 0.07384 0.606613 0.07064 0.61448 0.07866 0.63088 0.08614 0.635147 0.09309999999999999 0.618747 0.09738 0.6130399999999999 0.10112 0.608773 0.11073999999999999 0.6080530000000001 0.11824 0.61448 0.12732 0.618747 0.13588 0.626587 0.14016 0.63016 0.14016 0.643707 0.13856 0.64728 0.12840000000000001