76 0.7881560000000001 0.459063 0.783984 0.451756 0.747437 0.43871200000000005 0.7342190000000001 0.44028100000000003 0.733875 0.560234 0.7565000000000001 0.58007 0.7582340000000001 0.565972 0.763109 0.5628569999999999 0.773547 0.568595 0.7717970000000001 0.589977 0.779813 0.596745 0.787469 0.5998829999999999 0.7881560000000001 0.459063
13 0.142219 0.29625300000000004 0.143516 0.29 0.140625 0.284707 0.137734 0.275574 0.137094 0.244286 0.131625 0.242834 0.125859 0.241874 0.125859 0.24716600000000002 0.124891 0.276042 0.118797 0.286159 0.12007799999999999 0.301077 0.142219 0.29625300000000004
13 0.074125 0.283396 0.0730313 0.28623 0.07357810000000001 0.288267 0.0871719 0.291546 0.0887969 0.28908700000000004 0.0882656 0.284192 0.0828281 0.278501 0.0828281 0.276862 0.0839063 0.268314 0.0828281 0.264637 0.0825469 0.248759 0.0760312 0.248759 0.07684379999999999 0.261803 0.07575 0.263841 0.07575 0.267494 0.0784688 0.269532 0.0782031 0.276862 0.0724844 0.28461400000000003 0.074125 0.283396
27 0.8375 0.983841 1 0.983841 0.998437 0.803513 0.984375 0.8105389999999999 0.96875 0.8105389999999999 0.964063 0.787119 0.959375 0.759016 0.940625 0.728571 0.907813 0.7098359999999999 0.875 0.719204 0.839063 0.747307 0.829688 0.826932 0.785937 0.8363 0.78125 0.8620610000000001 0.8 0.8737699999999999 0.789062 0.983841 0.825 0.988525 0.820312 0.965105 0.839063 0.986183 0.8375 0.983841
7 0.47884399999999994 0.580047 0.506656 0.586464 0.517359 0.586464 0.5195000000000001 0.597681 0.5269999999999999 0.608899 0.5387660000000001 0.607307 0.5387660000000001 0.6040979999999999 0.5387660000000001 0.576838 0.556953 0.575222 0.556953 0.57363 0.544125 0.525504 0.537703 0.499836 0.531281 0.477377 0.5141560000000001 0.453326 0.49275 0.438876 0.473484 0.438876 0.476703 0.576838 0.47884399999999994 0.580047
21 0.907672 0.9913350000000001 0.907297 0.998642 0.925094 0.9994850000000001 0.9462809999999999 1 0.954156 0.9786889999999999 0.956391 0.964941 0.925094 0.952857 0.9226559999999999 0.952857 0.919297 0.9545429999999999 0.907672 0.9916159999999999 0.907672 0.9913350000000001
53 0.0405781 0.688056 0.0525937 0.681311 0.0646094 0.809696 0.067625 0.836721 0.0901563 0.976347 0.112703 0.987611 0.213375 0.983115 0.231406 0.9696020000000001 0.20285899999999998 0.541663 0.198359 0.40203700000000003 0.19084399999999999 0.404286 0.178812 0.413279 0.165297 0.420047 0.14275 0.422295 0.11720299999999999 0.420047 0.105187 0.404286 0.0931719 0.35922699999999996 0.028546899999999997 0.35922699999999996 0.0405781 0.688056
12 0.848484 0.6653159999999999 0.8499380000000001 0.659836 0.8503130000000001 0.657119 0.8503130000000001 0.65 0.816766 0.65 0.8054690000000001 0.6336069999999999 0.794531 0.6336069999999999 0.793438 0.641803 0.79525 0.645082 0.794156 0.644543 0.808016 0.663115 0.848484 0.6653159999999999
12 0.7854059999999999 0.6831619999999999 0.784062 0.688197 0.7887500000000001 0.69623 0.802844 0.717845 0.8514839999999999 0.7138410000000001 0.8511559999999999 0.709813 0.802516 0.71082 0.78675 0.685176 0.7854059999999999 0.6831619999999999
12 0.850187 0.702881 0.850187 0.69281 0.80375 0.6915929999999999 0.785422 0.669321 0.784812 0.679087 0.803547 0.702576 0.804359 0.7034889999999999 0.848766 0.7031850000000001 0.850187 0.702881
12 0.811266 0.5693440000000001 0.8160000000000001 0.5760190000000001 0.849172 0.576464 0.849172 0.568033 0.8157030000000001 0.568478 0.810672 0.561803 0.811266 0.5693440000000001
12 0.795594 0.471429 0.793031 0.480796 0.812922 0.489719 0.8595 0.49440300000000004 0.8592190000000001 0.481218 0.813766 0.47993 0.7969999999999999 0.470562 0.795594 0.471429
12 0.842625 0.682131 0.8425 0.679719 0.8429059999999999 0.665621 0.807563 0.66281 0.794125 0.643864 0.789422 0.644684 0.788219 0.6622009999999999 0.803266 0.682342 0.842625 0.682131
13 0.380969 0.731639 0.39864099999999997 0.731171 0.40423400000000004 0.727939 0.402984 0.722342 0.389656 0.6967920000000001 0.383766 0.6926 0.380359 0.684239 0.369812 0.6972600000000001 0.373844 0.7084069999999999 0.372609 0.713981 0.380969 0.732108 0.380969 0.731639
24 0.36489099999999997 0.571522 0.34314100000000003 0.527049 0.336203 0.5048239999999999 0.324344 0.512225 0.310484 0.510749 0.297625 0.5033259999999999 0.264 0.507775 0.267953 0.51815 0.264 0.528548 0.264984 0.531499 0.264984 0.535948 0.265984 0.547822 0.266969 0.543372 0.271906 0.532998 0.28476599999999996 0.530023 0.307531 0.530023 0.317422 0.568571 0.359953 0.571522 0.36489099999999997 0.571522
52 0.8603910000000001 0.12086699999999999 0.85975 0.08964870023419204 0.835 0.146253 0.832391 0.144286 0.8291410000000001 0.155995 0.8206720000000001 0.155995 0.816766 0.19210800000000003 0.811562 0.19210800000000003 0.799844 0.205785 0.793984 0.21259999999999998 0.779 0.260422 0.77575 0.272131 0.791375 0.274098 0.790063 0.29264599999999996 0.805703 0.308244 0.814156 0.308244 0.8128590000000001 0.283841 0.807 0.246768 0.806344 0.224309 0.8297969999999999 0.219438 0.8239219999999999 0.273115 0.834344 0.283841 0.83825 0.24578499999999998 0.838906 0.203817 0.857141 0.19210800000000003 0.8688589999999999 0.196019 0.8688589999999999 0.18526900000000002 0.86625 0.194075 0.86625 0.156979 0.8603910000000001 0.12086699999999999
12 0.778547 0.50103 0.802312 0.5209130000000001 0.861438 0.518431 0.861438 0.510984 0.806188 0.507658 0.791266 0.49191999999999997 0.778547 0.50103
22 0.880484 0.671733 0.879219 0.671733 0.8811250000000002 0.710023 0.8913439999999999 0.709063 0.9009219999999999 0.708126 0.899656 0.6736529999999998 0.880484 0.671733
22 0.945641 0.735878 0.9711870000000001 0.738759 0.969266 0.72822 0.969266 0.72534 0.982687 0.718642 0.9877970000000001 0.732037 0.999922 0.733958 0.999922 0.702365 0.9149840000000001 0.707166 0.911141 0.708126 0.935422 0.7224819999999998 0.945641 0.735878
12 0.782656 0.666674 0.8045 0.6935830000000001 0.848219 0.6900700000000001 0.847438 0.6818970000000001 0.8115309999999999 0.6818970000000001 0.789672 0.664333 0.782656 0.666674
12 0.8108280000000001 0.578126 0.814141 0.58445 0.844281 0.582178 0.8427809999999999 0.575855 0.8117340000000001 0.57541 0.8108280000000001 0.578126
12 0.8192030000000001 0.398571 0.798844 0.393724 0.794937 0.402482 0.8152969999999999 0.40604199999999996 0.858625 0.404098 0.8599220000000001 0.400867 0.8192030000000001 0.398571
12 0.8161720000000001 0.41740000000000005 0.86425 0.416721 0.8651719999999999 0.40641700000000003 0.817094 0.40918000000000004 0.7914380000000001 0.402319 0.790984 0.411241 0.8161720000000001 0.41740000000000005
43 0.253016 0.6777989999999999 0.25357799999999997 0.75808 0.36295299999999997 0.760609 0.365766 0.670187 0.25075 0.671874 0.253016 0.6777989999999999
12 0.828375 0.731756 0.798422 0.7277049999999999 0.7995 0.73904 0.7995 0.744684 0.794922 0.750351 0.788703 0.756815 0.786281 0.7661359999999999 0.788703 0.76897 0.786547 0.774614 0.7857339999999999 0.7794850000000001 0.7997810000000001 0.808197 0.834047 0.8089930000000001 0.834859 0.786745 0.8372809999999999 0.7661359999999999 0.8418749999999999 0.7564169999999999 0.8415940000000001 0.7576350000000001 0.8434839999999999 0.7519669999999999 0.828375 0.731756