9 0.591979 0.794781 0.579521 0.725594 0.550854 0.731187 0.530896 0.736781 0.522188 0.749906 0.522188 0.794781 0.529646 0.815344 0.537125 0.8995 0.512208 0.8995 0.491021 0.893906 0.448625 0.815344 0.457354 0.770469 0.466083 0.746156 0.504708 0.71625 0.504708 0.699406 0.476042 0.705 0.461083 0.7125 0.451104 0.718094 0.441146 0.7555 0.433667 0.764875 0.419937 0.744281 0.421187 0.7125 0.422438 0.7125 0.395021 0.688187 0.385042 0.688187 0.386271 0.70875 0.416208 0.742406 0.417458 0.753625 0.404979 0.824687 0.382542 0.916313 0.363833 0.9256879999999998 0.366333 0.938781 0.318958 0.978031 0.317729 0.9836560000000001 0.473542 0.9873749999999999 0.473542 0.959344 0.4985 0.9836560000000001 0.616917 0.979906 0.598229 0.878937 0.591979 0.794781
50 0.6262709999999999 0.29443800000000003 0.6129169999999999 0.290813 0.587438 0.287156 0.571646 0.29625 0.568 0.32721900000000004 0.5655830000000001 0.363625 0.572854 0.400063 0.5910620000000001 0.438312 0.5752919999999999 0.43646900000000005 0.566792 0.44740599999999997 0.5522290000000001 0.45831299999999997 0.543729 0.49109400000000003 0.542521 0.522062 0.534021 0.536625 0.510958 0.587625 0.491521 0.614938 0.474521 0.653156 0.457542 0.676844 0.442958 0.693219 0.428396 0.702344 0.42475 0.720531 0.42960400000000004 0.7314689999999999 0.43325 0.744219 0.455104 0.7515 0.463604 0.749688 0.46725 0.744219 0.473312 0.735125 0.470896 0.716906 0.47575 0.7005 0.493958 0.671375 0.501229 0.651344 0.514583 0.644062 0.527937 0.6295 0.5388750000000001 0.618563 0.548583 0.596719 0.5534370000000001 0.580344 0.568 0.56575 0.571646 0.6295 0.5813539999999999 0.716906 0.586208 0.755156 0.5910620000000001 0.8261559999999999 0.599562 0.880781 0.609271 0.9354060000000001 0.614146 0.9645630000000001 0.621417 0.98275 0.6347710000000001 0.980937 0.6481250000000001 0.990062 0.654188 0.9991559999999999 0.730688 0.9955 0.7318960000000001 0.902656 0.737958 0.8734999999999999 0.737958 0.840719 0.73675 0.8097810000000001 0.739167 0.787906 0.737958 0.746031 0.730688 0.704156 0.7294579999999999 0.669562 0.722187 0.647719 0.714896 0.627688 0.713688 0.5712189999999999 0.72825 0.587625 0.734313 0.611281 0.740396 0.645875 0.75375 0.696875 0.75375 0.735125 0.752521 0.7769999999999999 0.751312 0.811594 0.761021 0.842562 0.7768130000000001 0.833437 0.787729 0.8279690000000001 0.7901670000000001 0.7933749999999999 0.780458 0.742406 0.780458 0.718719 0.7792290000000001 0.687781 0.7792290000000001 0.651344 0.767104 0.5912499999999999 0.751312 0.540281 0.744042 0.49109400000000003 0.7233959999999999 0.465625 0.7112499999999999 0.438312 0.682125 0.409156 0.6736249999999999 0.423719 0.6736249999999999 0.4565 0.667542 0.49474999999999997 0.665125 0.538438 0.659062 0.589438 0.639625 0.695062 0.637208 0.7096250000000001 0.6275 0.707812 0.606854 0.705969 0.587438 0.691406 0.588646 0.6677500000000001 0.595938 0.624031 0.611708 0.553031 0.621417 0.522062 0.6287079999999999 0.478344 0.637208 0.43646900000000005 0.651771 0.403688 0.6457080000000001 0.396406 0.6457080000000001 0.37821899999999997 0.632354 0.309 0.632354 0.299906 0.6262709999999999 0.29443800000000003
50 0.443437 0.694375 0.450937 0.642687 0.449437 0.620219 0.45841699999999996 0.582031 0.447937 0.523594 0.428458 0.503375 0.3925 0.521344 0.368542 0.586531 0.368542 0.617969 0.370042 0.6674059999999999 0.413479 0.7056250000000001 0.443437 0.694375
50 0.792521 0.64425 0.785292 0.613344 0.805333 0.608313 0.80925 0.574906 0.8031039999999999 0.534781 0.789188 0.514719 0.7825000000000001 0.507188 0.778604 0.489656 0.764667 0.48128099999999996 0.7579790000000001 0.487125 0.7546459999999999 0.504687 0.75575 0.521406 0.751292 0.533938 0.776375 0.640094 0.784729 0.655125 0.792521 0.64425
77 0.477583 0.503969 0.517396 0.49312500000000004 0.471146 0.450875 0.410417 0.45328099999999993 0.367375 0.513031 0.370042 0.514594 0.443437 0.510125 0.477583 0.503969
2 0.423417 0.704875 0.43102100000000004 0.694187 0.423417 0.630156 0.418833 0.598938 0.411208 0.582906 0.401062 0.590531 0.388354 0.594344 0.379708 0.599688 0.38175000000000003 0.648469 0.380729 0.673625 0.383271 0.703344 0.38581299999999996 0.715531 0.391917 0.7162810000000001 0.389375 0.7056250000000001 0.38987499999999997 0.691156 0.39037499999999997 0.691156 0.393437 0.694937 0.410208 0.7056250000000001 0.423417 0.704875
9 0.7657709999999999 0.559344 0.770792 0.586969 0.791708 0.589469 0.790875 0.576937 0.7657709999999999 0.559344
9 0.779875 0.714125 0.788896 0.741219 0.793208 0.749625 0.806542 0.738656 0.809562 0.701219 0.806979 0.654094 0.799229 0.635406 0.78675 0.650219 0.778583 0.656031 0.779875 0.714125
9 0.740729 0.651531 0.726521 0.664438 0.727813 0.687656 0.734687 0.712187 0.736417 0.746375 0.757938 0.742531 0.752771 0.69475 0.744583 0.673469 0.740729 0.651531
9 0.531458 0.693063 0.540729 0.701844 0.548542 0.715781 0.5636880000000001 0.720906 0.570042 0.713594 0.5783539999999999 0.705531 0.574938 0.636656 0.565646 0.627844 0.554896 0.6337189999999999 0.5436669999999999 0.641031 0.542687 0.6359060000000001 0.5519580000000001 0.629312 0.551479 0.613938 0.534375 0.622 0.526083 0.6337189999999999 0.5295 0.64325 0.530479 0.654969 0.516792 0.638844 0.506542 0.655687 0.525104 0.694531 0.531458 0.693063
77 0.924854 0.45 0.9031870000000001 0.464031 0.885833 0.49593699999999996 0.887 0.502094 0.888563 0.516156 0.893437 0.519969 0.9100210000000001 0.519062 0.9488540000000001 0.5065000000000001 0.961354 0.500938 0.9740420000000001 0.49037499999999995 0.983021 0.478094 0.976958 0.45731299999999997 0.968563 0.450875 0.953542 0.447656 0.924854 0.45
50 1 0.532438 0.999375 0.514813 0.9980829999999999 0.504063 0.997437 0.493313 0.99025 0.49134399999999995 0.987 0.493313 0.985042 0.511906 0.979167 0.521687 0.979167 0.5363439999999999 0.9804790000000001 0.546125 0.985042 0.553937 0.986333 0.5627500000000001 0.988958 0.577438 0.992208 0.589156 0.999375 0.58525 1 0.583313 1 0.572531 1 0.56375 1 0.5490630000000001 1 0.532438
9 0.8317289999999999 0.591313 0.837875 0.579969 0.821333 0.584219 0.825104 0.599125 0.813292 0.623938 0.825583 0.641656 0.832688 0.636688 0.8331459999999999 0.658687 0.843083 0.656562 0.8563120000000001 0.6104689999999999 0.854896 0.6054999999999999 0.845917 0.598406 0.838812 0.6054999999999999 0.8317289999999999 0.591313