72 0.734734 0.260084 0.713391 0.27602899999999997 0.747391 0.334496 0.763984 0.323866 0.7813749999999999 0.403592 0.8137969999999999 0.498193 0.840672 0.5832350000000001 0.8786250000000001 0.64063 0.8889060000000001 0.63958 0.892859 0.6342650000000001 0.8382970000000001 0.503508 0.814578 0.430168 0.771891 0.329181 0.760031 0.296218 0.734734 0.257962 0.734734 0.260084
72 0.28548399999999996 0.22117599999999998 0.26846899999999996 0.27416 0.269359 0.29703799999999997 0.267563 0.325945 0.248766 0.40180699999999997 0.23173400000000002 0.470441 0.220094 0.519832 0.20218799999999998 0.623382 0.201297 0.639055 0.21471900000000002 0.6450629999999999 0.225469 0.637836 0.229953 0.616155 0.258609 0.486113 0.277422 0.392185 0.278313 0.32474800000000004 0.286375 0.29584 0.298016 0.304265 0.30698400000000003 0.266933 0.30698400000000003 0.246471 0.308766 0.241639 0.312344 0.225987 0.304297 0.21876099999999998 0.28906200000000004 0.216366 0.28548399999999996 0.22117599999999998
72 0.745422 0.46283599999999997 0.711922 0.370504 0.683453 0.323193 0.680094 0.332206 0.6700470000000001 0.345714 0.695172 0.388508 0.705219 0.38176499999999997 0.735375 0.465084 0.728672 0.47634499999999996 0.745422 0.516891 0.7588280000000001 0.507878 0.755469 0.50563 0.74375 0.469601 0.745422 0.46283599999999997
13 0.206219 0.11636600000000001 0.201484 0.107878 0.199906 0.09682769957983194 0.20401600000000003 0.09342439915966386 0.22107800000000002 0.09216389915966386 0.223922 0.08577730042016805 0.210328 0.08069330042016806 0.18695299999999998 0.07899160084033614 0.184109 0.08111339915966387 0.187578 0.09428569957983193 0.18831199999999998 0.105966 0.182938 0.112332 0.180734 0.14292000000000002 0.165875 0.15905499999999997 0.164297 0.187521 0.169672 0.265252 0.197469 0.26355 0.217375 0.267374 0.219906 0.276303 0.223062 0.267815 0.222125 0.15821400000000002 0.207906 0.145462 0.206219 0.11636600000000001
26 0.166766 0.46563 0.173437 0.66292 0.263484 0.6561969999999999 0.275156 0.48804600000000004 0.166766 0.46563
58 1 0.6816180000000001 0.865484 0.677122 0.700391 0.672647 0.523625 0.670399 0.281828 0.674895 0.0983906 0.6816180000000001 0.0033281203125 0.6928150000000001 0.0016718796875 0.780273 0.0383594 0.789244 0.226797 0.8071849999999999 0.466922 0.8183819999999999 0.750422 0.8094119999999999 0.9205159999999999 0.798214 1 0.780273 1 0.6816180000000001
36 0.180875 0.658466 0.17578100000000002 0.617437 0.171719 0.558655 0.168672 0.55729 0.168672 0.47252099999999997 0.17578100000000002 0.467059 0.21035900000000002 0.46842399999999995 0.20425 0.445189 0.197141 0.423298 0.18595299999999998 0.417836 0.176797 0.41237399999999996 0.1585 0.406891 0 0.371345 0.00190625 0.683067 0.030375000000000003 0.680336 0.0212188 0.680336 0.146297 0.6666599999999999 0.180875 0.658466
26 0.8986090000000001 0.614181 0.910234 0.608971 0.9124380000000001 0.560609 0.916313 0.553908 0.9190780000000001 0.45571399999999995 0.915203 0.454223 0.869828 0.450504 0.798453 0.454958 0.799563 0.53605 0.801219 0.549454 0.8023279999999999 0.553908 0.806203 0.600777 0.837734 0.600777 0.862641 0.605252 0.869281 0.607479 0.882563 0.607479 0.8986090000000001 0.614181
72 0.350125 0.371197 0.361781 0.374937 0.364 0.367479 0.367891 0.348088 0.374547 0.329433 0.361234 0.322731 0.355672 0.318992 0.351234 0.324958 0.341812 0.356282 0.335156 0.389097 0.344031 0.388361 0.350125 0.371197
72 0.312969 0.466681 0.317953 0.473403 0.307422 0.496513 0.325172 0.502479 0.334594 0.472647 0.329047 0.466681 0.337375 0.44430700000000006 0.337922 0.418193 0.329047 0.41895 0.312969 0.466681
26 0.798391 0.514181 0.798 0.499433 0.799141 0.481639 0.792328 0.482668 0.750359 0.486723 0.735609 0.494349 0.7344839999999999 0.494874 0.73675 0.511639 0.798391 0.514181