27 0.240719 0.48906299999999997 0.174203 0.47541700000000003 0.025843699999999997 0.514979 0.0084531296875 0.531354 0.0012968703125 0.583187 0.005390629687500001 0.614563 0.0023125 0.675958 0.0023125 0.766 0.0043593796875 0.8042079999999999 0.0023125 1 0.14043699999999998 0.988375 0.478094 0.996563 0.7185469999999999 0.9992920000000001 0.9948119999999999 1 1 0.9938330000000001 0.996859 0.883333 0.9927659999999999 0.68825 0.9948119999999999 0.618667 0.996859 0.524521 0.993797 0.499979 0.980484 0.44539599999999996 0.956953 0.44266700000000003 0.919094 0.45495800000000003 0.812688 0.4645 0.755391 0.48768700000000004 0.687859 0.499979 0.684781 0.438583 0.683766 0.42766699999999996 0.631578 0.412667 0.5712189999999999 0.41129200000000005 0.522094 0.405833 0.44432799999999995 0.430396 0.379875 0.4645 0.373734 0.482229 0.359406 0.48906299999999997 0.299047 0.490417 0.240719 0.48906299999999997
50 0.271953 0.126125 0.241547 0.07433329999999999 0.20945299999999997 0.0022500000000000003 0.155406 0.009000000000000001 0.158781 0.0427917 0.165547 0.07433329999999999 0.167234 0.09685419999999999 0.195953 0.155396 0.236484 0.222979 0.270266 0.155396 0.271953 0.126125
50 0.0011093703125 0.0001875 0.000375 0.23779199999999998 0.0252031 0.22806300000000002 0.0310469 0.219292 0.0573438 0.232917 0.0573438 0.213458 0.074875 0.208583 0.0712187 0.147229 0.09459379999999999 0.135542 0.11139099999999999 0.128729 0.114312 0.189104 0.136953 0.180333 0.151562 0.164771 0.13403099999999998 0.10341700000000001 0.13914100000000001 0.0781042 0.117953 0.05375 0.109922 0.0547292 0.106281 0.0781042 0.0960469 0.06835419999999999 0.08948439999999999 0.07225 0.09020310000000001 0.08102079999999999 0.0799844 0.0868542 0.0639219 0.0781042 0.0434688 0.07322920000000001 0.0503281 0.053916700000000005 0.0503281 0.002458329166666667 0.0011093703125 0.0001875
32 0.390094 0.210896 0.411922 0.274438 0.42839099999999997 0.3255 0.435078 0.352833 0.43462500000000004 0.383104 0.45232799999999995 0.439979 0.487437 0.475083 0.504312 0.475083 0.487437 0.447188 0.46043700000000004 0.42108300000000004 0.444906 0.385063 0.445578 0.35447900000000004 0.421266 0.26375 0.40301600000000004 0.210896 0.390094 0.210896
41 0.46348399999999995 0.8510000000000001 0.48370300000000005 0.824042 0.783703 0.754375 0.778656 0.716167 0.458422 0.788083 0.42471899999999996 0.770104 0.389328 0.792563 0.257859 0.819542 0.141578 0.826271 0.11965600000000001 0.8622289999999999 0.131453 0.900438 0.155062 0.925146 0.151688 0.916167 0.32528100000000004 0.880208 0.46348399999999995 0.8510000000000001
51 0.549891 0.551562 0.627234 0.639021 0.990469 0.746646 0.990469 0.475333 0.8508910000000001 0.446187 0.558297 0.5134580000000001 0.549891 0.551562
51 0.473594 0.48764599999999997 0.50225 0.503375 0.520781 0.505625 0.5545 0.507875 0.574719 0.512354 0.608422 0.498875 0.623594 0.492125 0.6657339999999999 0.48089600000000005 0.682578 0.47416699999999995 0.6387660000000001 0.442688 0.601687 0.43370800000000004 0.542703 0.424729 0.5140469999999999 0.420229 0.500563 0.40675 0.475281 0.431458 0.466859 0.465167 0.473594 0.48764599999999997
50 0.22296900000000003 0.411042 0.278719 0.440312 0.332766 0.46508299999999997 0.393578 0.395271 0.36825 0.496625 0.45439100000000004 0.42004199999999997 0.545609 0.411042 0.673984 0.415542 0.684125 0.5011249999999999 0.802359 0.46058299999999996 0.787156 0.359229 0.788844 0.266896 0.785469 0.13399999999999998 0.971281 0.1295 0.9611560000000001 0.30066699999999996 0.9375 0.447063 0.99325 0.480854 0.998312 0.016895800000000002 0.33953099999999997 0.0011250000000000001 0.298984 0.170042 0.263516 0.190312 0.238172 0.24662499999999998 0.236484 0.31643699999999997 0.22465600000000002 0.32995800000000003 0.22465600000000002 0.393021 0.22296900000000003 0.411042
26 0.793813 0.379396 0.805625 0.464792 0.8393280000000001 0.449063 0.871344 0.455813 0.9 0.455813 0.925281 0.453563 0.95225 0.35468700000000003 0.960672 0.282771 0.9690939999999999 0.197375 0.9690939999999999 0.136708 0.925281 0.125458 0.866297 0.125458 0.8342660000000001 0.125458 0.805625 0.134458 0.797187 0.134458 0.7904530000000001 0.138958 0.7904530000000001 0.325458 0.793813 0.379396
26 0.0683594 0.16556300000000002 0.07967189999999999 0.208292 0.0823125 0.22389599999999998 0.0826875 0.233938 0.0830625 0.23947900000000003 0.0792969 0.245 0.072875 0.24954199999999999 0.071 0.254562 0.0747656 0.258583 0.0830625 0.259583 0.0955 0.260583 0.106438 0.259083 0.11510899999999999 0.256062 0.12265600000000002 0.254063 0.125672 0.251542 0.121156 0.239979 0.11926600000000001 0.233437 0.118516 0.226896 0.11587499999999999 0.210313 0.11510899999999999 0.187688 0.114734 0.176625 0.112469 0.157021 0.112859 0.141937 0.11323399999999999 0.134375 0.10832800000000001 0.131875 0.102297 0.129854 0.072875 0.14243799999999998 0.0687344 0.143437 0.0683594 0.16556300000000002
27 0.231406 0.27441699999999997 0.246125 0.243229 0.24265599999999998 0.222417 0.168156 0.217812 0.16728099999999999 0.24437499999999998 0.123094 0.243229 0.12050000000000001 0.275563 0.0728437 0.285958 0.0754531 0.265167 0.06504689999999999 0.247833 0.0009375 0.270937 0.0052656296875000005 0.324083 0.23053099999999999 0.307917 0.231406 0.27441699999999997
22 0 0.5268539999999999 0.07618749999999999 0.510833 0.150281 0.457417 0.184328 0.490792 0.331547 0.49614600000000003 0.33254700000000004 0.492125 0.327531 0.45875 0.28948399999999996 0.44539599999999996 0.0651719 0.457417 0 0.46275 0 0.5268539999999999
79 0.965234 0.135167 0.881687 0.131729 0.794297 0.143729 0.782734 0.332229 0.8058590000000001 0.474458 0.854703 0.452188 0.881687 0.46075 0.8881249999999999 0.453896 0.924109 0.453896 0.9639530000000001 0.285958 0.970375 0.14543699999999998 0.965234 0.135167