50 0.397639 0.5747340000000001 0.425301 0.5792189999999999 0.425301 0.565766 0.428771 0.547828 0.44260200000000005 0.496266 0.44604799999999994 0.502984 0.45988 0.511953 0.491012 0.565766 0.518675 0.568016 0.484096 0.48056299999999996 0.491012 0.46262499999999995 0.487542 0.440203 0.484096 0.415547 0.47371100000000005 0.397609 0.44260200000000005 0.404328 0.42185500000000004 0.420031 0.41147 0.42675 0.39419299999999996 0.464875 0.418386 0.47607799999999995 0.425301 0.48953100000000005 0.40455399999999997 0.565766 0.397639 0.5747340000000001
50 0.545036 0.394453 0.53906 0.395562 0.537349 0.398891 0.534795 0.402016 0.532241 0.403859 0.527687 0.40553100000000003 0.52653 0.40884400000000004 0.527108 0.412906 0.530241 0.41732800000000003 0.533373 0.420656 0.53706 0.424156 0.53906 0.428406 0.539349 0.43228099999999997 0.542482 0.4345 0.546458 0.43596899999999994 0.553566 0.436156 0.55641 0.43320299999999995 0.557277 0.42970300000000006 0.560964 0.427672 0.565518 0.426187 0.568361 0.42507799999999996 0.566651 0.42120300000000005 0.565229 0.41900000000000004 0.560675 0.415313 0.557277 0.414203 0.554434 0.411984 0.552145 0.40959399999999996 0.54988 0.407562 0.549012 0.403688 0.549012 0.400359 0.54988 0.400359 0.54959 0.396672 0.545036 0.394453
50 0.575133 0.423234 0.601398 0.43048400000000003 0.602699 0.43899999999999995 0.606 0.451344 0.611904 0.44665600000000005 0.606 0.42920299999999995 0.613205 0.42920299999999995 0.6230600000000001 0.42792199999999997 0.6237109999999999 0.41856299999999996 0.607952 0.414719 0.602048 0.410469 0.6007469999999999 0.40535899999999997 0.595494 0.401531 0.5961449999999999 0.398547 0.592193 0.393437 0.583663 0.393437 0.581687 0.39684400000000003 0.583663 0.40195299999999995 0.574482 0.406203 0.569229 0.41770300000000005 0.577108 0.42579700000000004 0.575133 0.423234
50 0.915952 0.470188 0.921349 0.46803100000000003 0.923422 0.465078 0.92841 0.45159399999999994 0.932145 0.453219 0.931325 0.465078 0.9358799999999999 0.467766 0.940458 0.46749999999999997 0.940458 0.45887500000000003 0.944627 0.44835900000000006 0.950434 0.43678100000000003 0.955422 0.4295 0.957084 0.419266 0.9537589999999999 0.41332800000000003 0.950024 0.409031 0.9462889999999999 0.40282799999999996 0.945446 0.398516 0.9421200000000001 0.396625 0.937542 0.400406 0.9358799999999999 0.407953 0.9296629999999999 0.40875000000000006 0.927157 0.418187 0.92841 0.430578 0.922169 0.450797 0.9151079999999999 0.464797 0.915952 0.470188
50 0.308145 0.38771900000000004 0.312241 0.374437 0.30354200000000003 0.36979700000000004 0.289711 0.373109 0.291253 0.385062 0.29024099999999997 0.388703 0.27898799999999996 0.395016 0.275904 0.415906 0.279494 0.437469 0.278458 0.44942200000000004 0.28510800000000003 0.47860899999999995 0.284602 0.491875 0.304048 0.491875 0.32501199999999997 0.491875 0.321446 0.48623399999999994 0.314795 0.473625 0.31120499999999995 0.447422 0.312747 0.41093799999999997 0.312241 0.394672 0.308145 0.38771900000000004
50 0.681253 0.406656 0.6773250000000001 0.40240600000000004 0.671398 0.39601600000000003 0.66747 0.395594 0.6648430000000001 0.39814099999999997 0.666145 0.404531 0.658265 0.413906 0.6563129999999999 0.416453 0.648434 0.43476600000000004 0.657614 0.435187 0.6641929999999999 0.421141 0.671398 0.421563 0.672072 0.436031 0.687157 0.435609 0.68453 0.420281 0.681253 0.406656
50 0.947301 0.404328 0.949735 0.40981199999999995 0.9527469999999999 0.414125 0.956361 0.418438 0.956964 0.42314100000000004 0.956361 0.42979700000000004 0.959398 0.432141 0.961807 0.43135899999999994 0.96241 0.42314100000000004 0.96241 0.416859 0.9612050000000001 0.40981199999999995 0.958795 0.407078 0.951542 0.40510900000000005 0.953952 0.400797 0.952145 0.39531299999999997 0.9442889999999999 0.39531299999999997 0.94188 0.398453 0.947301 0.404328
50 0.518988 0.435672 0.522892 0.436797 0.5285299999999999 0.436797 0.530699 0.43707799999999997 0.5337109999999999 0.43876600000000004 0.542386 0.43904699999999997 0.546723 0.43595300000000003 0.537181 0.42725 0.53241 0.41937499999999994 0.528096 0.41320300000000004 0.525928 0.408422 0.524193 0.39803099999999997 0.5207229999999999 0.39803099999999997 0.514651 0.398875 0.50947 0.40337500000000004 0.5051329999999999 0.408141 0.494723 0.413766 0.493446 0.422187 0.498193 0.430344 0.510771 0.432859 0.518988 0.435672
50 0.690699 0.43426600000000004 0.695398 0.434875 0.6991569999999999 0.433359 0.697277 0.430312 0.697277 0.425141 0.6982170000000001 0.41539099999999995 0.6977589999999999 0.40776599999999996 0.695398 0.39681299999999997 0.69494 0.393156 0.6968190000000001 0.390109 0.696337 0.387062 0.691181 0.387062 0.6893009999999999 0.390109 0.685542 0.391625 0.6831809999999999 0.395281 0.6831809999999999 0.399547 0.682723 0.401984 0.6831809999999999 0.40625 0.6859999999999999 0.42665600000000004 0.690699 0.43426600000000004
5 0.21788 0.493313 0.220602 0.491547 0.211446 0.486703 0.214482 0.479437 0.233181 0.477672 0.235229 0.472375 0.231133 0.469078 0.21788 0.46929699999999996 0.20294 0.47062499999999996 0.199542 0.47898399999999997 0.196482 0.482078 0.196145 0.484719 0.20872300000000002 0.492 0.21788 0.493313
50 0.156627 0.44421900000000003 0.142675 0.436672 0.113205 0.43868799999999997 0.107783 0.44873399999999997 0.106217 0.44873399999999997 0.106988 0.46734400000000004 0.08761449879518073 0.484938 0.0674458 0.517125 0.058144600000000005 0.558859 0.05737349879518072 0.568406 0.105446 0.560375 0.103904 0.562875 0.07831330120481927 0.573937 0.09537349879518073 0.5885309999999999 0.130265 0.591047 0.126386 0.5819840000000001 0.136458 0.579469 0.18453 0.557859 0.19462700000000002 0.541766 0.18841 0.533219 0.171349 0.545281 0.131446 0.533016 0.143904 0.510109 0.149735 0.510922 0.15306 0.505797 0.164265 0.509297 0.176747 0.509297 0.18462699999999999 0.503641 0.2 0.491781 0.19332500000000002 0.48757799999999996 0.169422 0.490812 0.15648199999999998 0.488875 0.15648199999999998 0.475312 0.162458 0.45207800000000004 0.156627 0.44421900000000003
50 0.22453 0.440531 0.22520500000000002 0.430203 0.22320500000000001 0.418156 0.21790400000000001 0.413422 0.218554 0.40653100000000003 0.21790400000000001 0.397484 0.214578 0.393609 0.206602 0.39620299999999997 0.19797599999999999 0.40351600000000004 0.191349 0.41298399999999996 0.190675 0.41987500000000005 0.19532500000000003 0.43537499999999996 0.194 0.462922 0.191349 0.484016 0.206602 0.49218799999999996 0.221205 0.49606300000000003 0.216578 0.48875 0.212578 0.484875 0.212578 0.48057800000000006 0.22653 0.485313 0.233831 0.476266 0.230506 0.47884399999999994 0.227181 0.461203 0.22453 0.440531
4 0.39339799999999997 0.370625 0.406386 0.399062 0.42433699999999996 0.442125 0.42648199999999997 0.442125 0.428651 0.44073399999999996 0.402506 0.372125 0.39869899999999997 0.366719 0.39339799999999997 0.368188 0.39339799999999997 0.370625
50 0.043494 0.559328 0.047421701204819276 0.513578 0.03043370120481928 0.46867200000000003 0.047421701204819276 0.475453 0.05262649879518072 0.467828 0.05262649879518072 0.45765599999999995 0.04086750120481928 0.45510900000000004 0.047421701204819276 0.43393800000000005 0.0539518 0.411062 0.047421701204819276 0.404281 0.047421701204819276 0.389875 0.04872290120481928 0.378016 0.03566269879518072 0.370391 0.0239036 0.368703 0.0121446 0.371234 0.0121446 0.393266 0.0121446 0.396656 0.0003855421686746988 0.39920300000000003 0 0.554234 0.010819301204819276 0.5144219999999999 0.0121446 0.560172 0.0003855421686746988 0.570344 0.026506000000000002 0.570344 0.04872290120481928 0.570344 0.0565542 0.570344 0.06048189879518072 0.572875 0.06048189879518072 0.562719 0.043494 0.559328
50 0.879566 0.44084399999999996 0.881398 0.43634399999999995 0.8819999999999999 0.427328 0.881398 0.418687 0.87988 0.41260899999999995 0.8777590000000001 0.408687 0.87412 0.409281 0.8726269999999999 0.413984 0.870193 0.424578 0.8723129999999999 0.43476600000000004 0.87412 0.440266 0.879566 0.44084399999999996
8 0.60241 0.449234 0.60212 0.45187499999999997 0.697229 0.448484 0.697229 0.446781 0.696651 0.44528100000000004 0.605904 0.448484 0.60241 0.449234