74 0.362125 0.7865219999999999 0.385141 0.8 0.425031 0.822471 0.45571900000000004 0.793249 0.471063 0.802243 0.480266 0.8427 0.491016 0.8359500000000001 0.498688 0.806751 0.506359 0.793249 0.537047 0.815721 0.575406 0.806751 0.599953 0.782014 0.63525 0.534828 0.610687 0.184279 0.595344 0.1573 0.578469 0.128101 0.540109 0.103364 0.477203 0.11686500000000001 0.348312 0.404485 0.35598399999999997 0.6921280000000001 0.36518700000000004 0.7145999999999999 0.36518700000000004 0.723593 0.36518700000000004 0.775286 0.362125 0.7865219999999999
74 1 0.384279 0.9405939999999999 0.30562900000000004 0.773344 0.125835 0.692016 0.033707100686498855 0.6644059999999999 0.002242560640732265 0.6291089999999999 0 0.5968910000000001 0.006750569794050343 0.59075 0.024714 0.589219 0.08540050114416477 0.615297 0.2 0.650594 0.386522 0.6966249999999999 0.658421 0.770281 0.986522 0.9942970000000001 0.9820139999999999 1 0.7707780000000001 1 0.384279
50 0.0398906 0.85865 0.0475625 0.8788790000000001 0.053703100000000004 0.914828 0.053703100000000004 0.9462929999999999 0.072125 0.941785 0.0859219 0.926064 0.08439060000000001 0.9058350000000001 0.08439060000000001 0.8541420000000001 0.08439060000000001 0.820435 0.0905312 0.782243 0.107406 0.8047139999999999 0.107406 0.793478 0.0920625 0.7373000000000001 0.07518749999999999 0.676613 0.0767188 0.6608919999999999 0.07825 0.6429060000000001 0.07518749999999999 0.627185 0.056765600000000006 0.627185 0.0475625 0.636178 0.046031300000000004 0.651899 0.0445 0.6586500000000001 0.0368281 0.681121 0.0260781 0.71032 0.029156300000000003 0.746293 0.0322188 0.7912359999999999 0.0322188 0.8271850000000001 0.046031300000000004 0.8271850000000001 0.046031300000000004 0.872128 0.0398906 0.85865
50 0.0902344 0.526934 0.08089060000000001 0.518124 0.0628594 0.526934 0.060859399999999994 0.548444 0.0655312 0.5787640000000001 0.0682031 0.583661 0.09225 0.5865900000000001 0.09825 0.6110530000000001 0.115625 0.639405 0.128312 0.691259 0.148344 0.7010299999999999 0.149688 0.687346 0.113625 0.617895 0.110953 0.616911 0.10026600000000001 0.596362 0.0989219 0.584645 0.09425 0.576819 0.0969219 0.571922 0.0869062 0.559199 0.0902344 0.526934
50 0.130609 0.613204 0.12359400000000001 0.601213 0.122031 0.592654 0.141125 0.590366 0.143469 0.584073 0.154 0.581808 0.147766 0.569245 0.137234 0.568673 0.131 0.560686 0.118906 0.547551 0.1115 0.5349889999999999 0.104484 0.533272 0.109953 0.520709 0.107609 0.508719 0.105656 0.503021 0.105656 0.495584 0.105656 0.495011 0.0978594 0.492174 0.091625 0.49102999999999997 0.08732809999999999 0.499016 0.0838281 0.5070020000000001 0.081875 0.513867 0.08499999999999999 0.525286 0.0865625 0.528696 0.08732809999999999 0.533844 0.08421870000000001 0.544691 0.0814844 0.550389 0.0955156 0.571533 0.0955156 0.5800919999999999 0.100203 0.589794 0.102531 0.599497 0.112672 0.616064 0.130609 0.6554460000000001 0.136453 0.664005 0.145031 0.660023 0.145031 0.65659 0.14385900000000001 0.652014 0.137234 0.618902 0.130609 0.613204
50 0.20835900000000002 0.6602969999999999 0.20690599999999998 0.625217 0.21417199999999997 0.620984 0.21707800000000002 0.6018310000000001 0.211266 0.543387 0.21054699999999998 0.513616 0.198922 0.473227 0.190938 0.466842 0.190219 0.44345500000000004 0.18368800000000002 0.428581 0.17425 0.429634 0.16481300000000002 0.43494299999999997 0.16409400000000002 0.447712 0.171344 0.479588 0.16481300000000002 0.489176 0.16699999999999998 0.490229 0.177156 0.49341 0.18440600000000001 0.500847 0.191672 0.510435 0.191672 0.524233 0.194578 0.538055 0.198203 0.549748 0.196031 0.594394 0.20037500000000003 0.61778 0.197484 0.634783 0.196031 0.64968 0.20473400000000003 0.677323 0.20835900000000002 0.670938 0.20835900000000002 0.6602969999999999
50 0.279891 0.471876 0.281469 0.436087 0.284625 0.415286 0.286984 0.399108 0.288562 0.38755100000000003 0.290937 0.37830699999999995 0.290937 0.364462 0.28935900000000003 0.348284 0.286203 0.34020599999999995 0.283047 0.332105 0.28225 0.325172 0.277516 0.314783 0.273578 0.313616 0.26806199999999997 0.314783 0.26253099999999996 0.319405 0.26253099999999996 0.326339 0.263328 0.337895 0.259375 0.349428 0.257797 0.36329500000000003 0.257797 0.371396 0.259375 0.38986299999999996 0.265687 0.407208 0.26806199999999997 0.42222000000000004 0.269641 0.431465 0.270422 0.445309 0.276734 0.461487 0.279891 0.471876
74 0 0.257071 0.14010899999999998 0.165423 0.11287499999999999 0.14373 0.10906199999999999 0.113638 0.036906299999999996 0.09054919908466819 0.000125 0.112929 0 0.257071
36 0.20782799999999998 0.532723 0.208281 0.541693 0.20873400000000003 0.547323 0.210094 0.555629 0.211 0.556293 0.21665600000000002 0.554302 0.22073399999999999 0.551304 0.222094 0.54833 0.224141 0.542014 0.22459400000000002 0.538032 0.224141 0.530069 0.223 0.527757 0.216438 0.521785 0.213266 0.5214420000000001 0.21078100000000002 0.522769 0.209187 0.528421 0.20782799999999998 0.532723
36 0.400094 0.215973 0.403203 0.211716 0.403625 0.202288 0.402375 0.19805499999999998 0.39967199999999997 0.18709399999999998 0.396766 0.18254 0.396766 0.203204 0.400094 0.215973
50 0.340953 0.475103 0.348547 0.486911 0.349453 0.47979399999999994 0.349766 0.46778 0.349766 0.456659 0.349156 0.437071 0.347641 0.40237999999999996 0.350375 0.390824 0.354312 0.379703 0.36282800000000004 0.35299800000000003 0.364641 0.34233399999999997 0.364641 0.340092 0.3525 0.322746 0.350375 0.320984 0.349156 0.31118999999999997 0.346422 0.298284 0.337609 0.301854 0.333062 0.307185 0.332453 0.317414 0.332141 0.327643 0.329719 0.32897000000000004 0.327594 0.333432 0.322422 0.349886 0.32060900000000003 0.36279200000000006 0.319391 0.37345500000000004 0.320906 0.38103 0.32273399999999997 0.387254 0.327594 0.39437099999999997 0.330922 0.39748300000000003 0.334266 0.4046 0.336094 0.415286 0.33670300000000003 0.437963 0.338219 0.45219699999999996 0.34065599999999996 0.46778 0.340953 0.475103
50 0.16728099999999999 0.490549 0.161609 0.495606 0.160359 0.511281 0.163187 0.52508 0.167594 0.5273909999999999 0.180797 0.546728 0.180484 0.57897 0.197156 0.599245 0.199047 0.563776 0.193687 0.51357 0.175766 0.490092 0.170109 0.490549 0.16728099999999999 0.490549
50 0.0489687 0.543272 0.0426875 0.5524709999999999 0.0431719 0.568741 0.0417187 0.577941 0.0330312 0.597025 0.0359219 0.6132949999999999 0.0441406 0.6408919999999999 0.0388281 0.669886 0.0446094 0.6705949999999999 0.0484844 0.655744 0.049921900000000005 0.6401830000000001 0.0571719 0.625332 0.0668281 0.623913 0.0765 0.638764 0.0779375 0.652197 0.0765 0.664233 0.09098439999999999 0.669886 0.10064100000000001 0.676957 0.10160899999999999 0.704554 0.108375 0.723638 0.121891 0.721533 0.133 0.721533 0.137828 0.706682 0.137828 0.7024260000000001 0.127203 0.6981919999999999 0.12140599999999999 0.694645 0.118516 0.6875739999999999 0.12140599999999999 0.679794 0.12285900000000001 0.675538 0.11223399999999999 0.636636 0.106922 0.62746 0.10209399999999999 0.621785 0.0953281 0.618261 0.0933906 0.6154229999999999 0.09098439999999999 0.6069340000000001 0.0890469 0.594211 0.087125 0.582883 0.08325 0.575103 0.0765 0.576522 0.0702187 0.5850110000000001 0.0673125 0.582883 0.0663438 0.575103 0.0673125 0.572288 0.06876560000000001 0.56238 0.0682813 0.556018 0.062484399999999996 0.549634 0.055718699999999996 0.544691 0.0489687 0.543272
50 0.297891 0.41155600000000003 0.298672 0.410801 0.300469 0.40626999999999996 0.30125 0.393432 0.306406 0.38627 0.303828 0.394188 0.304344 0.400618 0.30356299999999997 0.40968 0.303828 0.419497 0.30331199999999997 0.428558 0.304344 0.439863 0.304859 0.448924 0.306141 0.458741 0.304859 0.464416 0.311031 0.46553799999999995 0.31257799999999997 0.462517 0.313094 0.457986 0.313094 0.441762 0.311547 0.42892399999999997 0.313875 0.413066 0.314391 0.42402700000000004 0.314641 0.44061799999999995 0.314641 0.45308899999999996 0.316188 0.461762 0.322125 0.461007 0.322891 0.45686499999999997 0.32340599999999997 0.450824 0.323156 0.439863 0.321859 0.428558 0.322641 0.416087 0.327531 0.41155600000000003 0.329078 0.405515 0.329078 0.39645300000000006 0.324187 0.389291 0.320828 0.382128 0.31825000000000003 0.377963 0.322125 0.35228800000000005 0.321094 0.350412 0.31825000000000003 0.34512600000000004 0.312844 0.337208 0.307938 0.33833 0.304594 0.34324899999999997 0.303828 0.351533 0.302531 0.359085 0.298406 0.369291 0.295828 0.384394 0.295828 0.412311 0.297891 0.41155600000000003
36 0.0257969 0.8726320000000001 0.0298906 0.9070250000000001 0.0324375 0.948924 0.041125 0.945172 0.0544063 0.937689 0.0666563 0.9369569999999999 0.07840620000000001 0.9362010000000001 0.07890620000000001 0.925721 0.0748281 0.905538 0.0717656 0.883112 0.0702344 0.8644160000000001 0.0635938 0.8531810000000001 0.0595 0.8569340000000001 0.058484400000000006 0.8479629999999999 0.052875000000000005 0.8262700000000001 0.0497969 0.827025 0.0574687 0.8748739999999999 0.0497969 0.8748739999999999 0.046234399999999995 0.873387 0.0426562 0.841213 0.041125 0.83151 0.0385625 0.83 0.0380625 0.867391 0.0257969 0.8726320000000001
36 0.12357800000000001 0.58865 0.122125 0.5893590000000001 0.12382800000000001 0.602449 0.13106199999999998 0.61341 0.137344 0.619771 0.144844 0.618009 0.148703 0.610229 0.150875 0.5989019999999999 0.152078 0.5904119999999999 0.14750000000000002 0.58087 0.142422 0.58087 0.129625 0.5868650000000001 0.12357800000000001 0.58865
50 0.571828 0.49016 0.593609 0.488993 0.597172 0.484348 0.596766 0.475652 0.592422 0.46 0.583313 0.446087 0.5845 0.429291 0.576578 0.418261 0.5662969999999999 0.416522 0.561141 0.426957 0.557984 0.448421 0.557984 0.456522 0.550063 0.472174 0.547297 0.48956500000000003 0.571828 0.49016
8 0.0155156 0.705538 0.0095 0.714874 0 0.72119 0.0005 0.743753 0.025843699999999997 0.705812 0.0155156 0.705538
36 0.0637812 0.602517 0.0657812 0.593753 0.059125 0.587895 0.0487031 0.581076 0.0566875 0.594073 0.0600156 0.613547 0.0637812 0.608352 0.0637812 0.602517
36 0.0868437 0.63238 0.0939375 0.61778 0.0939375 0.612906 0.0892813 0.608032 0.0799688 0.613547 0.0706563 0.6246 0.0770938 0.633684 0.0868437 0.63238
50 0.15731299999999998 0.552311 0.15775 0.561785 0.154297 0.5700000000000001 0.151703 0.5908469999999999 0.152141 0.6116699999999999 0.153859 0.64389 0.156891 0.664096 0.165078 0.6792680000000001 0.163781 0.7367279999999999 0.163781 0.769588 0.165938 0.784096 0.173266 0.7904120000000001 0.190516 0.794211 0.195266 0.785378 0.187938 0.7733639999999999 0.18707800000000002 0.771465 0.20345300000000002 0.7733639999999999 0.209063 0.7689469999999999 0.205187 0.7613730000000001 0.19570300000000002 0.759474 0.19095299999999998 0.743684 0.190516 0.734851 0.191812 0.655263 0.192672 0.639474 0.192672 0.629359 0.19570300000000002 0.6255839999999999 0.201734 0.61611 0.19914099999999998 0.6009380000000001 0.190516 0.588947 0.184484 0.58389 0.178016 0.5775739999999999 0.178453 0.566201 0.181031 0.561144 0.180609 0.542197 0.174563 0.531465 0.17024999999999998 0.527689 0.16464099999999998 0.528307 0.155594 0.532105 0.15731299999999998 0.552311