9 0.0080468796875 0.641625 0.0321875 0.639479 0.064375 0.710292 0.0611563 0.733896 0.033796900000000005 0.755375 0.0016093796875 0.796146 0.0032187500000000003 0.815458 0 0.8497920000000001 0.012875000000000001 0.9484999999999999 0.0177031 0.9549369999999999 0.030578100000000004 0.980688 0.0675937 0.997417 0.20601600000000003 0.995271 0.231766 0.952354 0.239812 0.973812 0.263953 0.9931249999999999 0.296141 0.9909789999999999 0.30740599999999996 0.933042 0.29935900000000004 0.8922709999999999 0.286484 0.845062 0.263953 0.778542 0.24464100000000003 0.718458 0.226938 0.684125 0.199578 0.664813 0.177031 0.649792 0.17381200000000002 0.6283329999999999 0.17381200000000002 0.606875 0.199578 0.598292 0.18992199999999998 0.581125 0.167375 0.570396 0.151281 0.578979 0.12875 0.591854 0.136797 0.61975 0.148063 0.6347710000000001 0.160938 0.6669579999999999 0.119094 0.6476459999999999 0.09978129999999999 0.6133120000000001 0.0965625 0.587562 0.06920309999999999 0.572542 0.07725 0.5317500000000001 0.10300000000000001 0.512437 0.11587499999999999 0.493125 0.0836875 0.48883299999999996 0.0885156 0.491417 0.033796900000000005 0.5557920000000001 0.0080468796875 0.641625
74 0 0.283854 0 0.485646 0.0033593699999999995 0.694167 0.0117656 0.730042 0.0538125 0.716583 0.0487656 0.691937 0.025218799999999996 0.658292 0.0151406 0.620188 0.028593799999999996 0.573104 0.0437188 0.573104 0.0386719 0.564125 0.0639062 0.512563 0.0992187 0.496854 0.104266 0.521521 0.0807187 0.543937 0.0807187 0.577583 0.0908125 0.595521 0.100891 0.624667 0.122766 0.649333 0.169844 0.6695 0.15975 0.626896 0.139578 0.624667 0.177016 0.5815 0.184984 0.573104 0.188344 0.608958 0.164797 0.611208 0.174891 0.656063 0.20346900000000004 0.653813 0.221969 0.31525 0.0033593699999999995 0.272646 0 0.283854
74 0.23710899999999996 0.501354 0.23375000000000004 0.606729 0.277469 0.6 0.284187 0.626896 0.297641 0.631396 0.316141 0.662771 0.366594 0.667271 0.386766 0.624667 0.364906 0.375792 0.3565 0.353354 0.23542199999999996 0.324208 0.238797 0.330937 0.23710899999999996 0.501354
50 0.759656 0.6214580000000001 0.767703 0.6472079999999999 0.774141 0.6665209999999999 0.777359 0.681542 0.770922 0.6965629999999999 0.695281 0.726604 0.674359 0.894 0.6985 0.909021 0.648609 0.947646 0.659875 0.9648129999999999 0.733906 0.956229 0.711375 0.906875 0.7033280000000001 0.876833 0.7274689999999999 0.863958 0.769313 0.857521 0.780578 0.829604 0.766094 0.801708 0.799891 0.7673749999999999 0.870703 0.7695209999999999 0.8900159999999999 0.726604 0.859437 0.698708 0.859437 0.681542 0.917375 0.672958 0.880359 0.535625 0.8143750000000001 0.47768700000000003 0.7966719999999999 0.426187 0.767703 0.426187 0.746781 0.447646 0.738734 0.475542 0.751609 0.505583 0.758047 0.537771 0.666312 0.587125 0.666312 0.6 0.721031 0.6042919999999999 0.769313 0.595708 0.759656 0.6214580000000001
69 0.781266 0.547354 0.781062 0.5884579999999999 0.781906 0.589583 0.784234 0.578042 0.786125 0.5527080000000001 0.781266 0.547354
8 0.755062 0.637833 0.658984 0.649062 0.642141 0.624354 0.588203 0.617604 0.514047 0.624354 0.48370300000000005 0.637833 0.487078 0.669292 0.541016 0.669292 0.520781 0.741208 0.487078 0.741208 0.44157799999999997 0.745688 0.357297 0.765917 0.380906 0.799625 0.476969 0.981646 0.537641 0.972667 0.564609 0.934458 0.593266 0.929958 0.6 0.909729 0.594938 0.867042 0.618547 0.851313 0.679219 0.853563 0.677531 0.774917 0.691016 0.727708 0.733141 0.709729 0.768547 0.6872710000000001 0.780344 0.673792 0.755062 0.637833
8 0.844797 1 0.83675 0.981979 0.852828 0.986104 0.846031 0.976208 0.8417030000000001 0.961375 0.8410780000000001 0.937458 0.8410780000000001 0.921792 0.847266 0.907771 0.857156 0.894583 0.8909689999999999 0.897604 0.8909689999999999 0.876896 0.871984 0.8584999999999999 0.784875 0.868854 0.740031 0.86425 0.717594 0.868854 0.7072499999999999 0.87 0.702937 0.88725 0.712422 0.9067919999999999 0.733125 0.9447500000000001 0.734094 0.952313 0.753266 0.9828119999999999 0.774297 0.985292 0.778016 1 0.844797 1
2 0.262922 0.8 0.274719 0.826958 0.3 0.853938 0.323594 0.865167 0.338766 0.822479 0.34550000000000003 0.8 0.348875 0.7505620000000001 0.328656 0.7078749999999999 0.301687 0.635958 0.28482799999999997 0.591021 0.261234 0.591021 0.235953 0.60225 0.217422 0.622479 0.225844 0.6786460000000001 0.235953 0.777521 0.262922 0.8
73 0.45984400000000003 0.47325 0.461609 0.474812 0.458969 0.421542 0.432516 0.421938 0.432516 0.424271 0.434578 0.474437 0.45984400000000003 0.47325
42 0.752109 0.636708 0.752109 0.633479 0.743875 0.629604 0.6790309999999999 0.6244379999999999 0.651922 0.542479 0.640297 0.528292 0.6015780000000001 0.5257080000000001 0.607391 0.540542 0.635469 0.6276670000000001 0.636437 0.637333 0.643203 0.636708 0.670312 0.641854 0.750172 0.640563 0.752109 0.636708
22 0.90625 0.8398540000000001 0.910156 0.782562 0.904297 0.764333 0.8808590000000001 0.764333 0.794922 0.782562 0.791016 0.779958 0.775391 0.829437 0.90625 0.8398540000000001
27 0.49215600000000004 0.633708 0.482094 0.637333 0.481328 0.6512709999999999 0.48945299999999997 0.6585 0.48945299999999997 0.667271 0.532438 0.672958 0.575797 0.675021 0.594766 0.672958 0.612187 0.666229 0.648969 0.677604 0.664844 0.677604 0.688469 0.6745 0.721 0.677083 0.7415160000000001 0.675021 0.761266 0.665729 0.768234 0.659521 0.766297 0.641458 0.747328 0.6450619999999999 0.6706559999999999 0.640417 0.638906 0.635771 0.633094 0.623396 0.625359 0.6228750000000001 0.609875 0.625979 0.569219 0.629583 0.49215600000000004 0.633708
22 0.556109 0.802687 0.5875 0.802687 0.625391 0.7983750000000001 0.637297 0.791146 0.645969 0.782479 0.643797 0.768062 0.600484 0.757958 0.572344 0.757958 0.5582659999999999 0.762271 0.547438 0.765167 0.5257970000000001 0.772375 0.517125 0.789708 0.513875 0.791146 0.5257970000000001 0.802687 0.556109 0.802687
22 0.885531 0.763896 0.910281 0.7687919999999999 0.9047810000000001 0.8384579999999999 0.855266 0.836021 0.8048590000000001 0.834792 0.779188 0.836021 0.767266 0.8433539999999999 0.774594 0.856792 0.8736090000000001 0.8629169999999999 0.893781 0.866583 0.8965310000000001 0.88125 0.905687 0.887354 0.9166869999999999 0.887354 0.927687 0.8910210000000001 0.937781 0.89225 0.972609 0.735792 0.9652810000000001 0.721125 0.894688 0.719896 0.8818590000000001 0.761458 0.885531 0.763896