22 0.5769059999999999 0.39047400000000004 0.613109 0.45699199999999995 0.5780000000000001 0.503955 0.584578 0.520585 0.620797 0.46481900000000004 0.6515310000000001 0.520585 0.6570159999999999 0.509805 0.62025 0.45208899999999996 0.648234 0.40905300000000006 0.657562 0.398301 0.654266 0.348412 0.676766 0.333733 0.670172 0.32983300000000004 0.647687 0.343538 0.652078 0.38167100000000004 0.5966560000000001 0.37384399999999995 0.603781 0.328858 0.5944689999999999 0.332758 0.574156 0.340585 0.5769059999999999 0.39047400000000004
22 0.351062 0.366825 0.37445300000000004 0.35078 0.396953 0.363593 0.409547 0.371616 0.40774999999999995 0.363593 0.414938 0.313872 0.40595299999999995 0.309081 0.396047 0.310669 0.43743699999999996 0.25454 0.432031 0.214429 0.409547 0.22727 0.41043799999999997 0.249721 0.40145299999999995 0.249721 0.370859 0.248106 0.37174999999999997 0.204819 0.341172 0.220836 0.346562 0.265766 0.372656 0.317075 0.34296899999999997 0.362006 0.34296899999999997 0.374819 0.351062 0.366825
68 0.391891 0.7194710000000001 0.396969 0.751755 0.408188 0.7549859999999999 0.412531 0.744652 0.412531 0.72078 0.412531 0.705933 0.410359 0.685933 0.407094 0.668496 0.400219 0.6542899999999999 0.390453 0.643343 0.387188 0.629136 0.383203 0.609136 0.37923399999999996 0.609136 0.378141 0.613008 0.37742200000000004 0.629777 0.38393700000000003 0.6659050000000001 0.391891 0.7194710000000001
50 0.506625 0.8253480000000001 0.492125 0.795543 0.486547 0.739861 0.480969 0.674262 0.472047 0.6325069999999999 0.465359 0.610641 0.472047 0.602702 0.475391 0.584791 0.4765 0.537103 0.470937 0.5152089999999999 0.4765 0.473482 0.472047 0.451616 0.473156 0.40390000000000004 0.473156 0.393955 0.464234 0.38203299999999996 0.44528100000000004 0.372089 0.448625 0.35816200000000004 0.44639100000000004 0.32039 0.43525 0.29852399999999996 0.421859 0.29852399999999996 0.410719 0.31245100000000003 0.40625 0.332312 0.407359 0.354178 0.40959399999999996 0.384011 0.38060900000000003 0.401894 0.368328 0.455571 0.360531 0.481421 0.360531 0.53312 0.360531 0.584791 0.366109 0.606685 0.369453 0.640474 0.36276600000000003 0.6802229999999999 0.343797 0.7219780000000001 0.332656 0.7836209999999999 0.3215 0.805487 0.311453 0.815432 0.329297 0.855181 0.339344 0.8671030000000001 0.359406 0.8671030000000001 0.360531 0.857159 0.352719 0.839276 0.343797 0.821393 0.349375 0.7617550000000001 0.378375 0.69415 0.397328 0.652396 0.405141 0.620585 0.416281 0.6086630000000001 0.44751599999999997 0.660362 0.45867199999999997 0.678245 0.45754700000000004 0.7140389999999999 0.466469 0.7617550000000001 0.470937 0.787577 0.469813 0.817409 0.470937 0.8333149999999999 0.487656 0.8412529999999999 0.506625 0.8253480000000001
50 0.6008910000000001 0.23105799999999999 0.647516 0.232256 0.6498440000000001 0.22454 0.650188 0.171086 0.634188 0.16337000000000002 0.6302030000000001 0.120028 0.619531 0.105766 0.609203 0.10754899999999999 0.604875 0.138412 0.6035470000000001 0.170501 0.594547 0.177604 0.599547 0.22690799999999997 0.6008910000000001 0.23105799999999999
50 0.1785 0.22727 0.179781 0.22273 0.181047 0.21760400000000002 0.183609 0.219889 0.180422 0.22782700000000003 0.23460899999999998 0.23011099999999998 0.237172 0.190891 0.23301599999999997 0.166462 0.217719 0.15451299999999998 0.213891 0.139164 0.215172 0.123259 0.213891 0.107354 0.208156 0.09880220055710308 0.196359 0.10052900000000001 0.192844 0.11019499999999999 0.19125 0.122674 0.19125 0.13292500000000002 0.193172 0.139749 0.194437 0.14883 0.193484 0.15507 0.189984 0.163621 0.17882800000000001 0.176685 0.169891 0.19429000000000002 0.164469 0.21133700000000002 0.16703099999999999 0.226128 0.1785 0.22727
50 0.267234 0.217967 0.267234 0.211226 0.262188 0.18651800000000002 0.26093700000000003 0.173036 0.263453 0.168552 0.26975 0.164039 0.277312 0.137075 0.277312 0.119109 0.274797 0.107855 0.27101600000000003 0.0943733008356546 0.265969 0.0876323008356546 0.262188 0.08089140111420612 0.259672 0.07415040111420612 0.252109 0.05844010027855153 0.252109 0.051699200557103066 0.252109 0.0337046991643454 0.24832800000000002 0.020222799442896938 0.2395 0.015738200557103062 0.230672 0.022479100278551534 0.23101600000000003 0.03777159888579387 0.232172 0.06671310027855153 0.22985899999999998 0.07707520055710305 0.226375 0.08325910027855153 0.218266 0.08947079944289693 0.215937 0.103955 0.218266 0.120474 0.267234 0.217967
50 0.76925 0.232173 0.848312 0.232897 0.8487030000000001 0.220975 0.855391 0.21816200000000002 0.8455619999999999 0.17117 0.823531 0.152925 0.823531 0.134011 0.832578 0.118579 0.825109 0.089805 0.814484 0.089805 0.8038589999999999 0.105933 0.807406 0.145933 0.7853749999999999 0.15504199999999999 0.769641 0.23008399999999998 0.76925 0.232173
50 0.46601600000000004 0.226462 0.5174839999999999 0.230223 0.521687 0.20679699999999998 0.519578 0.17871900000000002 0.510656 0.163733 0.511172 0.143148 0.506969 0.119749 0.49909400000000004 0.09632310027855154 0.493844 0.09540389972144847 0.485969 0.10100300000000001 0.481766 0.11130899999999999 0.48018700000000003 0.136602 0.47335900000000003 0.163733 0.46601600000000004 0.18621200000000002 0.46496899999999997 0.20398299999999997 0.46601600000000004 0.230223 0.46601600000000004 0.226462
50 0.653578 0.22972099999999998 0.7125779999999999 0.23041799999999998 0.713766 0.223426 0.712969 0.186936 0.7062809999999999 0.169415 0.701172 0.165209 0.697234 0.16169899999999998 0.690547 0.14766 0.6917340000000001 0.143454 0.6917340000000001 0.137855 0.689766 0.130836 0.689766 0.125237 0.689375 0.122423 0.687797 0.11610000000000001 0.683078 0.109805 0.679141 0.106992 0.675203 0.106295 0.671281 0.107688 0.668516 0.11610000000000001 0.666953 0.127326 0.665766 0.139944 0.670875 0.158189 0.669312 0.160306 0.664187 0.165209 0.659859 0.168719 0.655547 0.177131 0.653578 0.19746499999999997 0.6519999999999999 0.219192 0.653578 0.22972099999999998
50 0.539828 0.03657379944289694 0.5230159999999999 0.03584959888579387 0.516859 0.09799440111420611 0.507844 0.10896900000000001 0.510719 0.165265 0.516453 0.172563 0.527594 0.190891 0.530563 0.157716 0.530563 0.145292 0.537531 0.134318 0.5494220000000001 0.13871899999999998 0.555578 0.168691 0.560094 0.15699200000000002 0.555578 0.14601699999999998 0.5605 0.11312000000000001 0.563781 0.09777159888579387 0.55025 0.08607240111420614 0.547375 0.05754869916434541 0.537953 0.038551501392757655 0.539828 0.03657379944289694
50 0.517234 0.23117000000000001 0.5560940000000001 0.230251 0.5650310000000001 0.229304 0.5650310000000001 0.22462400000000002 0.565547 0.204958 0.561875 0.19278599999999999 0.55925 0.17969400000000002 0.556625 0.171253 0.5560940000000001 0.166574 0.552953 0.159081 0.551375 0.151616 0.54875 0.142228 0.546125 0.139443 0.5403439999999999 0.137549 0.535609 0.137549 0.5319689999999999 0.151114 0.5303910000000001 0.165153 0.5303910000000001 0.174513 0.528281 0.188579 0.526188 0.192312 0.524609 0.195125 0.524609 0.198858 0.523562 0.204485 0.519891 0.21665700000000002 0.519359 0.226964 0.517234 0.23117000000000001
50 0.168906 0.19774399999999998 0.17521899999999999 0.175292 0.17646900000000001 0.166295 0.173953 0.15507 0.163875 0.152813 0.16009400000000001 0.107855 0.15126599999999998 0.09888579944289694 0.139922 0.09888579944289694 0.132359 0.110111 0.128578 0.137075 0.133609 0.164039 0.12353099999999999 0.166295 0.11848399999999999 0.19774399999999998 0.11596900000000002 0.217967 0.11596900000000002 0.23370499999999997 0.11723399999999999 0.22922 0.162609 0.226964 0.168906 0.19774399999999998
50 0.894594 0.365209 0.8812810000000001 0.375292 0.877609 0.397855 0.8722810000000001 0.400223 0.860953 0.437047 0.861953 0.457827 0.861953 0.47802199999999995 0.861953 0.52493 0.859953 0.543343 0.853953 0.552256 0.849625 0.563538 0.8662810000000001 0.56117 0.871281 0.530279 0.8732810000000001 0.49406700000000003 0.8756090000000001 0.460808 0.878281 0.457827 0.8802809999999999 0.48039000000000004 0.885609 0.526128 0.886609 0.530891 0.8832660000000001 0.539192 0.8822660000000001 0.546323 0.888609 0.554624 0.903266 0.551058 0.915578 0.551671 0.9265779999999999 0.554624 0.9252499999999999 0.561755 0.937562 0.567103 0.948234 0.560557 0.942234 0.552256 0.937562 0.52376 0.933578 0.496435 0.935562 0.43526499999999996 0.931906 0.413287 0.9205780000000001 0.400836 0.90625 0.399638 0.90525 0.379443 0.893938 0.36579399999999995 0.894594 0.365209
50 0.769344 0.230501 0.7701089999999999 0.225794 0.771234 0.21974900000000003 0.773578 0.210696 0.7757970000000001 0.198886 0.777406 0.190836 0.780062 0.180501 0.780672 0.17468 0.779547 0.16727 0.776516 0.16323100000000001 0.768969 0.157855 0.765203 0.155153 0.762188 0.149109 0.763687 0.14507 0.765203 0.143064 0.7670939999999999 0.136992 0.767469 0.124206 0.7667029999999999 0.114123 0.763312 0.10470800000000001 0.754641 0.09799440111420611 0.748594 0.09799440111420611 0.7448279999999999 0.106741 0.742188 0.12153199999999999 0.741047 0.130947 0.741047 0.140362 0.7448279999999999 0.153148 0.742938 0.156518 0.7365160000000001 0.161226 0.725953 0.16727 0.7199220000000001 0.1861 0.719156 0.204958 0.7176560000000001 0.23186600000000002 0.769344 0.230501
22 0.661609 0.518969 0.698187 0.46498599999999995 0.735875 0.520975 0.739687 0.522173 0.7578590000000001 0.495794 0.719938 0.437799 0.756516 0.384986 0.756297 0.270195 0.6744060000000001 0.26941499999999996 0.6735 0.329387 0.655781 0.347799 0.655328 0.398997 0.69325 0.455376 0.657125 0.5057940000000001 0.657578 0.516992 0.661609 0.518969
22 0.298406 0.06598889972144846 0.307375 0.10052900000000001 0.30975 0.11234000000000001 0.31257799999999997 0.117382 0.314469 0.14351 0.31257799999999997 0.148579 0.301234 0.147744 0.293203 0.147744 0.291312 0.15532 0.302656 0.165432 0.314469 0.166267 0.320625 0.218524 0.328187 0.21261800000000003 0.32534399999999997 0.195766 0.31873399999999996 0.150251 0.31589100000000003 0.09632310027855154 0.314 0.06008359888579387 0.298406 0.05838440111420613 0.298406 0.06598889972144846
22 0.37560899999999997 0.21156 0.43501599999999996 0.214791 0.43501599999999996 0.15415 0.367437 0.157409 0.36698400000000003 0.158217 0.368344 0.157409 0.36698400000000003 0.209944 0.37560899999999997 0.21156
50 0.434438 0.159276 0.434953 0.184067 0.43289099999999997 0.21621200000000002 0.40609400000000007 0.21805 0.40146899999999996 0.22816199999999998 0.46276599999999996 0.237326 0.46482799999999996 0.21161600000000003 0.460703 0.174875 0.459156 0.169387 0.44834399999999996 0.152841 0.446797 0.125292 0.434953 0.107855 0.421031 0.11429 0.421547 0.133565 0.426703 0.160195 0.434438 0.159276
13 0.698937 0.522451 0.698469 0.48273 0.695641 0.47966600000000004 0.6953280000000001 0.477159 0.689844 0.47687999999999997 0.688438 0.48359299999999994 0.687328 0.4861 0.687328 0.493092 0.687641 0.49 0.68875 0.52273 0.698937 0.522451