77 0.3191 0.103925 0.431467 0.14887499999999998 0.416483 0.232025 0.41798300000000005 0.263475 0.44044999999999995 0.16685 0.546817 0.2118 0.5662999999999999 0.20955 0.581267 0.19607500000000003 0.5303329999999999 0.06797500000000001 0.47340000000000004 0.0118 0.468917 0.00505 0.455433 0.00955 0.376033 0.0028000000000000004 0.305617 0.06572499999999999 0.3191 0.103925
77 0.0015 0 0 0.24045000000000002 0.0509333 0.251675 0.101867 0.224725 0.146817 0.1955 0.23520000000000002 0.170775 0.263667 0.130325 0.287633 0.096625 0.19625 0 0.0015 0
77 0.537833 0.074725 0.570783 0.157875 0.60375 0.146625 0.614233 0.151125 0.612733 0.05 0.572283 0.05 0.537833 0.074725
18 0.34095 0.125575 0.305933 0.15525 0.277017 0.198625 0.176567 0.25115 0.184167 0.26485 0.175033 0.319625 0.216133 0.3379 0.23439999999999997 0.4178 0.377467 0.4338 0.374433 0.379 0.38965 0.3379 0.391167 0.294525 0.398783 0.258 0.420083 0.159825 0.3653 0.1233 0.34095 0.125575
50 0.14981699999999998 0.9797750000000001 0.184267 0.9662999999999999 0.178283 0.7281 0.23071700000000003 0.95505 0.262167 0.9325749999999999 0.229217 0.667425 0.226217 0.546075 0.22321700000000003 0.375275 0.182767 0.303375 0.173783 0.18877500000000003 0.0749 0.19325 0.0524333 0.30112500000000003 0.10936699999999999 0.33482500000000004 0.0599333 0.375275 0.04345 0.52585 0.04345 0.579775 0.07339999999999999 0.55955 0.0973833 0.59775 0.0958833 0.68765 0.142317 0.9415749999999999 0.12435 0.9281 0.14981699999999998 0.9797750000000001
1 0.632317 0.712175 0.640117 0.7473000000000001 0.6854 0.8081999999999999 0.715067 0.8503499999999999 0.769717 0.866725 0.832167 0.8269249999999999 0.85715 0.780075 0.860267 0.7145 0.8477830000000001 0.64425 0.8228 0.60445 0.79 0.5857 0.763467 0.55995 0.729117 0.5459 0.693217 0.5459 0.669783 0.57165 0.654183 0.611475 0.65105 0.609125 0.633883 0.67235 0.632317 0.712175
1 0.767067 0.571775 0.7874500000000001 0.588225 0.823533 0.6117750000000001 0.839217 0.64 0.853333 0.6658750000000001 0.8596 0.72705 0.878433 0.736475 0.9097999999999999 0.651775 0.914517 0.6117750000000001 0.911367 0.583525 0.86745 0.5153 0.8502 0.501175 0.831367 0.4894 0.810983 0.48705 0.789017 0.491775 0.768633 0.496475 0.7498 0.51765 0.7404000000000001 0.543525 0.767067 0.571775
18 0.9245169999999999 0.165025 0.9307 0.182025 0.96265 0.2021 0.9832500000000001 0.20984999999999998 1 0.19592500000000002 0.998717 0.059925 0.968833 0.10164999999999999 0.9420329999999999 0.11710000000000001 0.9245169999999999 0.165025
50 1 0.55055 0.9917670000000001 0.55955 0.9618000000000001 0.579775 0.9558 0.573025 0.928833 0.465175 0.943817 0.337075 0.9513170000000001 0.332575 0.9677830000000001 0.32585000000000003 0.9722830000000001 0.2854 0.9812670000000001 0.2764 0.9588 0.2427 0.970783 0.24045000000000002 0.9648 0.2045 0.9273330000000001 0.2 0.907867 0.226975 0.8779 0.265175 0.8794 0.31235 0.8749000000000001 0.38427500000000003 0.859933 0.39775 0.8449500000000001 0.492125 0.871917 0.5146000000000001 0.888383 0.5393249999999999 0.9048670000000001 0.546075 0.91985 0.5618 0.9677830000000001 0.59775 1 0.64495 1 0.55055
36 0.430417 0.3883 0.419533 0.37450000000000006 0.4145 0.3519 0.413667 0.3268 0.407817 0.314225 0.4053 0.30922499999999997 0.39944999999999997 0.31675000000000003 0.388567 0.348125 0.3802 0.36822499999999997 0.37433299999999997 0.404625 0.3735 0.4925 0.413667 0.5000249999999999 0.41785 0.49 0.436267 0.46612499999999996 0.4279 0.38955 0.430417 0.3883
50 0.42546700000000004 0.730325 0.42996700000000004 0.743825 0.416483 0.75055 0.40898300000000004 0.7663 0.428467 0.7797750000000001 0.468917 0.76405 0.47340000000000004 0.732575 0.48389999999999994 0.7236 0.4824 0.694375 0.49138299999999996 0.6022500000000001 0.495883 0.532575 0.51535 0.35955 0.49438299999999996 0.24495 0.528833 0.2 0.459933 0.17752500000000002 0.45693300000000003 0.209 0.462917 0.269675 0.43745000000000006 0.305625 0.40599999999999997 0.27865 0.39699999999999996 0.31010000000000004 0.422467 0.39325000000000004 0.43445 0.462925 0.4015 0.505625 0.407483 0.582025 0.43595 0.71235 0.42546700000000004 0.730325
50 1 0.6502500000000001 0.98995 0.627525 0.936933 0.57755 0.891483 0.534375 0.89755 0.5412 0.9036 0.566175 0.9036 0.600275 0.9020830000000001 0.636625 0.917233 0.6798000000000001 0.936933 0.704775 0.971767 0.76385 0.9854 0.797925 0.988433 0.8251999999999999 0.968733 0.8842749999999999 0.9399500000000001 0.970625 0.89755 0.9887999999999999 0.889967 0.9797 0.870283 0.966075 0.850583 0.9524250000000001 0.809683 0.925175 0.783933 0.9024500000000001 0.7551669999999999 0.875175 0.73395 0.857 0.71275 0.8411 0.696083 0.82065 0.688517 0.7956749999999999 0.6718500000000001 0.77295 0.6536829999999999 0.7684000000000001 0.627933 0.7684000000000001 0.62035 0.7797499999999999 0.6218670000000001 0.782025 0.6415500000000001 0.802475 0.664283 0.847925 0.674883 0.8911 0.6733669999999999 0.8911 0.6491330000000001 0.868375 0.6430669999999999 0.879725 0.65065 0.9092749999999999 0.6536829999999999 0.9479000000000001 0.662767 0.966075 0.670333 0.970625 0.690033 1 1 1 1 0.6502500000000001
18 0.692833 0.18345 0.655317 0.17554999999999998 0.638317 0.2107 0.689317 0.215975 0.692833 0.18345
18 0.562133 0.143025 0.582067 0.205425 0.554517 0.21335 0.535767 0.20895 0.533417 0.226525 0.551583 0.2573 0.551583 0.2705 0.577367 0.274875 0.58675 0.233575 0.6014 0.215975 0.606083 0.18872499999999998 0.610183 0.150925 0.566817 0.1316 0.562133 0.143025