22 0.314516 1 0.330641 1 0.327422 0.76775 0.329031 0.720437 0.330641 0.690312 0.330641 0.664521 0.338703 0.623646 0.345156 0.595708 0.341938 0.591396 0.303219 0.597854 0.287094 0.636563 0.280641 0.662375 0.275813 0.701083 0.275813 0.7526880000000001 0.275813 0.791396 0.211297 0.7892500000000001 0.174187 0.793542 0.140328 0.81075 0.10645299999999999 0.836562 0.104844 0.845167 0.11129700000000001 0.851604 0.11935900000000002 0.860208 0.120969 0.995708 0.138703 0.995708 0.138703 0.954833 0.172578 0.959146 0.172578 0.993542 0.193547 0.997854 0.191938 0.963437 0.275813 0.963437 0.277422 0.997854 0.291938 0.997854 0.291938 0.905375 0.311297 0.9075210000000001 0.314516 1
24 1 0.758792 0.997859 0.672958 0.925422 0.660083 0.881969 0.630042 0.8143750000000001 0.6450619999999999 0.722641 0.670813 0.712984 0.703 0.721031 0.7416250000000001 0.743563 0.7437710000000001 0.770922 0.7759579999999999 0.777359 0.9733959999999999 0.77575 0.984125 0.780578 0.986271 0.9962500000000001 0.986271 1 0.758792
42 0.132344 0.662583 0.138937 0.662583 0.142594 0.668438 0.207734 0.664521 0.22676599999999997 0.644042 0.22676599999999997 0.641104 0.163078 0.639146 0.146984 0.638188 0.13087500000000002 0.639146 0.11917199999999999 0.639146 0.0935469 0.516188 0.070125 0.515208 0.0437813 0.5142289999999999 0.037921899999999995 0.517167 0.0408437 0.516188 0.0693906 0.6635620000000001 0.132344 0.662583
12 0.663687 0.753312 0.656578 0.685771 0.635687 0.6839999999999999 0.630359 0.680438 0.625922 0.669771 0.610359 0.669771 0.609469 0.67925 0.609031 0.680438 0.591703 0.678063 0.5863590000000001 0.678063 0.582812 0.6691870000000001 0.550812 0.668583 0.550812 0.678063 0.550812 0.67925 0.548156 0.6774789999999999 0.546375 0.6703749999999999 0.521047 0.672729 0.521047 0.678063 0.516156 0.681042 0.516156 0.681625 0.5134839999999999 0.682813 0.511719 0.674521 0.511719 0.753917 0.663687 0.753312
12 0.592953 0.7945 0.591859 0.800937 0.590984 0.883771 0.607875 0.884646 0.607219 0.8823120000000001 0.606781 0.8185 0.607437 0.7965420000000001 0.595156 0.795667 0.592953 0.7945
12 0.6633910000000001 0.884188 0.6633910000000001 0.769042 0.5974999999999999 0.77 0.596781 0.7885620000000001 0.592391 0.793438 0.581406 0.793438 0.578469 0.7807499999999999 0.539687 0.7787919999999999 0.534563 0.77 0.514797 0.767083 0.516984 0.884188 0.6633910000000001 0.884188
12 0.43857799999999997 0.7714580000000001 0.450016 0.7722079999999999 0.44543699999999997 0.687625 0.439156 0.702854 0.435719 0.681521 0.428859 0.696771 0.420281 0.692187 0.420281 0.7051459999999999 0.416859 0.701333 0.416859 0.773729 0.43857799999999997 0.7714580000000001
12 0.487359 0.693833 0.487141 0.774354 0.509531 0.778 0.507844 0.689604 0.505516 0.688479 0.493063 0.6887500000000001 0.487359 0.693833
12 0.369672 0.780104 0.374797 0.683021 0.357359 0.672083 0.356344 0.77875 0.369672 0.780104
12 0.388625 0.772604 0.39407800000000004 0.772604 0.393297 0.6876669999999999 0.38784399999999997 0.6880210000000001 0.388625 0.772604
12 0.507344 0.8554379999999999 0.501125 0.8464170000000001 0.485984 0.850375 0.44570299999999996 0.861917 0.43379700000000004 0.877771 0.506812 0.867333 0.507344 0.8554379999999999
2 0.8812659999999999 0.841479 0.889344 0.7915829999999999 0.896672 0.7847500000000001 0.923078 0.764208 0.9516880000000001 0.7319169999999999 0.927484 0.654646 0.906938 0.641937 0.886406 0.629208 0.862922 0.6409579999999999 0.849719 0.645854 0.817437 0.6927920000000001 0.812312 0.7426879999999999 0.8196410000000001 0.802354 0.851187 0.82875 0.877594 0.837562 0.8812659999999999 0.841479
13 0.0511875 0.681083 0.0523125 0.674375 0.0534219 0.666167 0.054546899999999995 0.639313 0.047265600000000005 0.6027710000000001 0.0450313 0.579646 0.0495156 0.5497920000000001 0.0310469 0.5445829999999999 0.0310469 0.5483119999999999 0.0310469 0.557271 0.0310469 0.568458 0.0299219 0.5923130000000001 0.018734400000000002 0.6176879999999999 0.018187500000000002 0.652729 0.0204219 0.680333 0.0511875 0.681083
22 0.00575 0.877812 0.0212031 0.863708 0.0228281 0.82575 0.00575 0.806229 0.00575 0.877812
22 0.005375 0.804292 0.0012656296875 0.804292 0.00075 0.885292 0.0043437499999999995 0.872938 0.005375 0.804292
12 0.0743906 0.727521 0.09253120000000001 0.7178540000000001 0.0882969 0.6823750000000001 0.0810469 0.6735 0.0012031203125 0.678333 0 0.727521 0.0012031203125 0.6984999999999999 0.000609375 0.725104 0.0743906 0.727521