76 0.82575 0.6403509999999999 0.816781 0.781616 0.843703 0.898197 0.9648749999999999 0.907166 0.972359 0.8511240000000001 0.9992810000000001 0.8376579999999999 0.996297 0.723326 0.9005470000000001 0.671756 0.8840939999999999 0.631382 0.82725 0.6269089999999999 0.82575 0.6403509999999999
12 0.0903281 0.654309 0.0920469 0.649789 0.0980781 0.57623 0.0920469 0.578173 0.0894687 0.57623 0.0847344 0.654309 0.0903281 0.654309
12 0.157719 0.554895 0.153844 0.55904 0.14553100000000002 0.572319 0.142766 0.598056 0.135422 0.6506789999999999 0.13051600000000002 0.6941219999999999 0.130922 0.697799 0.137047 0.6993210000000001 0.13889100000000001 0.680047 0.14296899999999998 0.64822 0.15337499999999998 0.5656209999999999 0.157719 0.554895
12 0.15073399999999998 0.699696 0.172875 0.564941 0.1655 0.564941 0.144031 0.699696 0.15173399999999998 0.7017100000000001 0.15073399999999998 0.699696
12 0.000625 0.570679 0.000625 0.647869 0.0152812 0.646089 0.045781300000000004 0.6769790000000001 0.058062499999999996 0.6769790000000001 0.0885781 0.658571 0.132562 0.666276 0.127797 0.700141 0.145234 0.700141 0.21496900000000002 0.70726 0.218141 0.682904 0.218141 0.655597 0.220906 0.533255 0.206641 0.53623 0.197922 0.543372 0.19673400000000002 0.546323 0.191984 0.555831 0.188812 0.557026 0.178125 0.557026 0.15870299999999998 0.557026 0.130172 0.555246 0.11948399999999999 0.551686 0.109172 0.546323 0.0552969 0.564145 0.0517344 0.569485 0.0271719 0.565925 0.000625 0.570679
12 0.0719687 0.800141 0.0944531 0.887799 0.118438 0.881054 0.0959531 0.7956439999999999 0.113953 0.7686890000000001 0.0974531 0.748454 0.056968700000000004 0.7844260000000001 0.0719687 0.800141
24 0.398781 0.536042 0.403203 0.562553 0.405406 0.574965 0.40485899999999997 0.600656 0.403203 0.6196959999999999 0.40342657601588516 0.6339198489082386 0.403657988061938 0.6486422240501687 0.403203 0.6486890000000001 0.40982799999999997 0.7248949999999998 0.44575 0.719087 0.44629700000000005 0.731522 0.459562 0.732342 0.46178100000000005 0.720749 0.46951599999999993 0.673536 0.467297 0.56918 0.4551410000000001 0.57 0.4531079226777878 0.5725129158413228 0.45403099999999996 0.536885 0.398781 0.536042
12 0.0855313 0.464567 0.0905 0.467049 0.09435940000000001 0.464567 0.102109 0.36847799999999997 0.0888437 0.36847799999999997 0.07834379999999999 0.461241 0.0855313 0.464567
12 0.178453 0.369789 0.18776600000000002 0.364005 0.195484 0.362295 0.194812 0.35922699999999996 0.190719 0.35719 0.170719 0.356862 0.165953 0.373208 0.159359 0.446768 0.161406 0.450515 0.171172 0.45086699999999996 0.180484 0.37353600000000003 0.178453 0.369789
12 0.141313 0.363888 0.127297 0.363888 0.117281 0.476511 0.131297 0.473513 0.142328 0.375902 0.141313 0.363888
12 0.0632969 0.37273999999999996 0.0567344 0.462787 0.06231250000000001 0.464754 0.0665781 0.397354 0.0692187 0.389461 0.0715156 0.371756 0.0632969 0.37273999999999996
12 0.0937187 0.47281 0.110937 0.476792 0.12329699999999999 0.376838 0.12153099999999999 0.368899 0.115797 0.365597 0.10431299999999999 0.370234 0.0959219 0.459578 0.0937187 0.47281
12 0.0375 0.388431 0.0344844 0.480023 0.0480469 0.47547999999999996 0.0540937 0.377119 0.0375 0.388431
12 0.0345937 0.809766 0.040093699999999996 0.800023 0.0566094 0.782787 0.06360940000000001 0.767775 0.0621094 0.7602810000000001 0.0616094 0.7602810000000001 0.026093699999999997 0.7940280000000001 0.0345937 0.809766
12 0.159984 0.450187 0.166828 0.368103 0.158266 0.368103 0.149719 0.45070299999999996 0.159984 0.450187