27 0.988734 0.503375 0.734234 0.507891 0.707203 0.537156 0.5743280000000001 0.539422 0.547297 0.532656 0.49775 0.537156 0.5045 0.967344 0.664422 0.965094 0.680187 0.983109 0.777031 0.980859 0.797297 0.9605779999999999 0.988734 0.9605779999999999 0.988734 0.503375
27 0.5044839999999999 0.660531 0.506719 0.342156 0.0112031 0.337672 0.0022343703125 0.653813 0.5044839999999999 0.660531
14 0.093125 0.910172 0.139625 0.894937 0.173922 0.8751089999999999 0.200594 0.844625 0.217359 0.800422 0.21507800000000002 0.756984 0.201359 0.728781 0.175437 0.7005939999999999 0.142672 0.6876249999999999 0.0992187 0.6822969999999999 0.061125 0.688391 0.0252969 0.704391 0.0108125 0.716594 0.0100625 0.894937 0.014171900000000001 0.8976089999999999 0.050453099999999994 0.909406 0.093125 0.910172
14 0.496625 0.988391 0.496625 0.8131090000000001 0.47865599999999997 0.8063589999999999 0.406734 0.804125 0.364047 0.8355779999999999 0.346062 0.869281 0.346062 0.920969 0.384266 0.9771559999999999 0.496625 0.988391
14 0.641656 0.939781 0.663484 0.9657030000000001 0.6989690000000001 0.979344 0.734438 0.9807029999999999 0.765813 0.9738910000000001 0.7903749999999999 0.9602499999999999 0.8040160000000001 0.9465939999999999 0.823109 0.9165940000000001 0.831297 0.889297 0.8326560000000001 0.8633749999999999 0.824469 0.8320000000000001 0.7944530000000001 0.793797 0.761719 0.773344 0.7262500000000001 0.76925 0.7235159999999999 0.762422 0.713969 0.761062 0.713969 0.768609 0.6716719999999999 0.78425 0.640297 0.8129060000000001 0.6198279999999999 0.8565630000000001 0.6184689999999999 0.9070309999999999 0.640297 0.939781 0.641656 0.939781
14 0.469672 0.49039099999999997 0.440625 0.479422 0.408359 0.478781 0.38578100000000004 0.48587499999999995 0.37221899999999997 0.49620300000000006 0.358031 0.516203 0.350281 0.5304059999999999 0.347062 0.547187 0.347703 0.572359 0.356734 0.602688 0.375453 0.6194689999999999 0.403203 0.635594 0.417406 0.640766 0.439344 0.644625 0.453531 0.645281 0.47225 0.638172 0.49484399999999995 0.622047 0.497422 0.514266 0.48515600000000003 0.502656 0.469672 0.49039099999999997
14 0.412047 0.328719 0.474812 0.331234 0.486109 0.324953 0.494906 0.15923400000000001 0.473562 0.149203 0.424594 0.13664099999999998 0.38317199999999996 0.154219 0.34425 0.18937500000000002 0.334219 0.248375 0.343 0.274734 0.379406 0.312391 0.412047 0.328719
14 0.20037500000000003 0.29626600000000003 0.227516 0.3075 0.250922 0.314063 0.28275 0.305625 0.311781 0.283156 0.33425 0.256016 0.328625 0.227922 0.328625 0.186734 0.288375 0.163328 0.263094 0.148344 0.217219 0.151156 0.19195299999999998 0.173625 0.176969 0.194219 0.165734 0.21575000000000003 0.167609 0.23821900000000001 0.18351599999999998 0.283156 0.20037500000000003 0.29626600000000003
14 0.506875 0.707141 0.528859 0.711547 0.550844 0.710078 0.592609 0.693219 0.619719 0.664656 0.632172 0.6294839999999999 0.629969 0.6023590000000001 0.610187 0.5650000000000001 0.579406 0.54375 0.538375 0.539344 0.505406 0.548141 0.506875 0.707141
14 0.08399999999999999 0.12125 0.103656 0.131547 0.127062 0.135281 0.15234399999999998 0.134344 0.17575000000000002 0.118438 0.185109 0.10345299999999999 0.192609 0.0791094 0.19073400000000001 0.0566406 0.17575000000000002 0.0304375 0.153281 0.0173281 0.13174999999999998 0.012640599999999998 0.111156 0.012640599999999998 0.0811875 0.0304375 0.0671563 0.048218699999999996 0.0577969 0.0725625 0.0652812 0.10439099999999998 0.07651559999999999 0.118438 0.08399999999999999 0.12125
14 0.270125 0.4535 0.253234 0.463812 0.23446899999999998 0.48915600000000004 0.24479700000000001 0.528562 0.269188 0.5538909999999999 0.28982800000000003 0.550141 0.327359 0.521984 0.331125 0.491969 0.31610900000000003 0.463812 0.30109400000000003 0.455375 0.270125 0.4535
14 0.0090156203125 0.122031 0.012625 0.329156 0.107766 0.33035899999999996 0.141484 0.280984 0.149906 0.246062 0.15473399999999998 0.215953 0.140281 0.168984 0.113781 0.137688 0.0704375 0.11239099999999999 0.012625 0.114797 0.0090156203125 0.122031
14 0.20714100000000002 0.660313 0.22071900000000003 0.644234 0.240328 0.620094 0.24787499999999998 0.576344 0.24787499999999998 0.563281 0.241344 0.531594 0.218703 0.49740599999999996 0.179984 0.473266 0.133734 0.46875 0.092 0.479812 0.0583125 0.502938 0.030656299999999997 0.546687 0.0231094 0.5949530000000001 0.0346719 0.634172 0.0517656 0.659812 0.20714100000000002 0.660313
29 0.966859 0.375312 0.940656 0.361344 0.9266880000000001 0.350859 0.949391 0.352609 0.9616250000000001 0.34387500000000004 0.965109 0.324656 0.9458909999999999 0.301938 0.89 0.301938 0.8725160000000001 0.324656 0.863781 0.357844 0.883 0.387547 0.9528909999999999 0.39104700000000003 0.966859 0.375312
14 0.2375 0.901078 0.25475 0.9108280000000001 0.292234 0.9123279999999999 0.33121900000000004 0.908578 0.343219 0.9033279999999999 0.347719 0.893578 0.347719 0.841844 0.339469 0.8066090000000001 0.331969 0.802109 0.32523399999999997 0.796859 0.31098400000000004 0.791609 0.283234 0.792359 0.24874999999999997 0.799109 0.23900000000000002 0.802859 0.22999999999999998 0.8111090000000001 0.2285 0.874094 0.23075 0.8673439999999999 0.23374999999999999 0.889828 0.2375 0.901078
27 0.510625 0.37978100000000004 0.5061410000000001 0.49157799999999996 0.9891249999999999 0.48710899999999996 0.995078 0.378297 0.8937189999999999 0.460281 0.7893749999999999 0.48710899999999996 0.671609 0.48412499999999997 0.580688 0.45431299999999997 0.516578 0.37978100000000004 0.510625 0.37978100000000004
26 0.31257799999999997 0.5384059999999999 0.331234 0.510797 0.331969 0.480969 0.313328 0.46082799999999996 0.284234 0.45187499999999997 0.261859 0.459328 0.246188 0.47350000000000003 0.238734 0.496625 0.24171900000000002 0.5197499999999999 0.253656 0.542125 0.264094 0.549594 0.266328 0.549594 0.284984 0.550328 0.31257799999999997 0.5384059999999999
14 0.337469 0.385953 0.355469 0.396062 0.383594 0.407313 0.408328 0.40506200000000003 0.430828 0.389328 0.43757799999999997 0.374703 0.43757799999999997 0.357828 0.42520300000000005 0.340953 0.328484 0.340953 0.323984 0.340953 0.322859 0.370203 0.337469 0.385953
27 0.369437 0.9637969999999999 0.357781 0.945578 0.349391 0.923703 0.34684400000000004 0.918969 0.34429699999999996 0.897828 0.335906 0.9058439999999999 0.316594 0.9091250000000001 0.256078 0.9120469999999999 0.25025 0.9091250000000001 0.24076599999999998 0.906203 0.231656 0.8897970000000001 0.229844 0.8161720000000001 0.23676599999999998 0.809609 0.215984 0.8092499999999999 0.213063 0.819453 0.190469 0.856641 0.178812 0.866109 0.160219 0.88325 0.145641 0.8908910000000001 0.132516 0.898547 0.0964219 0.9105779999999999 0.0756563 0.913125 0.0537813 0.9120469999999999 0.0381094 0.907672 0.023531299999999998 0.9043910000000001 0.010046900000000001 0.895641 0.0096718703125 0.989312 0.029718699999999997 0.989312 0.102266 0.989672 0.101172 0.983484 0.09825 0.972188 0.100437 0.9503130000000001 0.113563 0.925156 0.136156 0.903297 0.153656 0.894547 0.183906 0.8890779999999999 0.20104700000000003 0.890531 0.21525 0.896359 0.230922 0.9058439999999999 0.247328 0.926984 0.256078 0.948859 0.253531 0.971453 0.38220299999999996 0.9758279999999999 0.369437 0.9637969999999999