22 0.146391 0.984625 0.184484 0.9872920000000001 0.17846900000000002 0.883021 0.22459400000000002 0.850938 0.234625 0.832229 0.248656 0.818854 0.23864100000000002 0.7814169999999999 0.17045300000000002 0.808146 0.16845300000000002 0.797458 0.162437 0.7894380000000001 0.148391 0.7840830000000001 0.130344 0.802813 0.144391 0.984625 0.146391 0.984625
50 0.246062 0.999333 0.434828 0.981354 0.43145300000000003 0.945396 0.429781 0.900458 0.429781 0.886958 0.458422 0.880229 0.470219 0.877979 0.48876600000000003 0.875729 0.503937 0.889208 0.522469 0.8712289999999999 0.529219 0.8375210000000001 0.5157339999999999 0.808312 0.512359 0.8105619999999999 0.487078 0.788083 0.460109 0.808312 0.436516 0.8105619999999999 0.42134400000000005 0.7993330000000001 0.407859 0.7836040000000001 0.396062 0.781354 0.391016 0.7363959999999999 0.402813 0.716187 0.402813 0.6937080000000001 0.402813 0.6555 0.380906 0.594833 0.347187 0.561125 0.316859 0.531917 0.286516 0.5341670000000001 0.252812 0.543146 0.22246899999999997 0.572354 0.198875 0.651021 0.20224999999999999 0.6982079999999999 0.24270299999999997 0.8038120000000001 0.244375 0.8173119999999999 0.234266 0.835271 0.22078099999999998 0.868979 0.205625 0.898208 0.190453 0.947646 0.197188 0.999333 0.246062 0.999333
50 0.564703 0.836229 0.588344 0.8589789999999999 0.6408750000000001 0.869479 0.678953 0.8677290000000001 0.693406 0.8712289999999999 0.722297 0.88 0.726234 0.864229 0.738047 0.846729 0.760375 0.8589789999999999 0.781391 0.846729 0.795828 0.837979 0.797141 0.836229 0.799766 0.823958 0.8181559999999999 0.820458 0.856234 0.8064579999999999 0.8720000000000001 0.785438 0.868047 0.7661870000000001 0.8627969999999999 0.7469169999999999 0.841797 0.697896 0.805016 0.638354 0.805016 0.624354 0.799766 0.612104 0.8142189999999999 0.601604 0.806328 0.5858329999999999 0.790578 0.5543119999999999 0.777438 0.512292 0.777438 0.487792 0.774813 0.468521 0.753812 0.444021 0.723609 0.42825 0.694719 0.42825 0.664516 0.43524999999999997 0.6487499999999999 0.451021 0.632984 0.466771 0.629047 0.494792 0.621172 0.521042 0.619859 0.5438120000000001 0.6172340000000001 0.573583 0.610672 0.596333 0.606734 0.603354 0.602781 0.610354 0.597531 0.619104 0.588344 0.634854 0.581781 0.6471250000000001 0.577844 0.659375 0.5738909999999999 0.680396 0.5738909999999999 0.7101459999999999 0.567328 0.7469169999999999 0.564703 0.769687 0.5660160000000001 0.797708 0.564703 0.836229
50 0.8670310000000001 0.661542 0.8785779999999999 0.626375 0.881875 0.591208 0.873625 0.518687 0.863734 0.371437 0.8241720000000001 0.250542 0.778016 0.208792 0.725281 0.171438 0.710438 0.15825000000000003 0.715391 0.14725 0.730219 0.103292 0.735172 0.0703333 0.730219 0.026375 0.717031 0 0.588469 0.0021875 0.580219 0.0219792 0.575281 0.05275 0.568688 0.0725208 0.573625 0.107687 0.591766 0.125271 0.604938 0.193417 0.590109 0.202187 0.562094 0.217583 0.509344 0.246146 0.487906 0.287917 0.4829689999999999 0.292313 0.47801600000000005 0.307688 0.474719 0.340667 0.471422 0.378021 0.46978100000000006 0.367042 0.468125 0.512083 0.46978100000000006 0.573625 0.474719 0.619771 0.484609 0.646146 0.49615599999999993 0.672521 0.519234 0.698896 0.534062 0.718688 0.568688 0.734063 0.575281 0.7055 0.575281 0.692312 0.571984 0.648354 0.548906 0.613187 0.532422 0.569229 0.540656 0.496708 0.552203 0.514292 0.583516 0.518687 0.6 0.514292 0.619781 0.4945 0.637906 0.470333 0.669234 0.443958 0.7055 0.435167 0.738469 0.443958 0.763188 0.468125 0.774719 0.496708 0.787906 0.538458 0.791203 0.553854 0.8043910000000001 0.589021 0.809344 0.597812 0.810984 0.639563 0.829125 0.692312 0.8456089999999999 0.6945 0.8670310000000001 0.661542
50 0.324328 0.534917 0.34290600000000004 0.5529379999999999 0.38175 0.591208 0.369937 0.404271 0.405406 0.438063 0.42229700000000003 0.43356300000000003 0.405406 0.397521 0.378375 0.217333 0.371625 0.16104200000000002 0.329391 0.12050000000000001 0.320953 0.113729 0.337844 0.09120829999999999 0.337844 0.055187499999999994 0.34796900000000003 0.005625000000000001 0.337844 0.0011250000000000001 0.25 0.007875 0.246625 0.0484167 0.251688 0.104729 0.21453099999999997 0.13175 0.179047 0.257875 0.201016 0.302937 0.25 0.38175000000000003 0.271953 0.539417 0.324328 0.534917
50 0.7318749999999999 0.019770799999999998 0.726922 0.0505417 0.7252810000000001 0.0923125 0.721984 0.127479 0.712094 0.15824999999999997 0.7318749999999999 0.180229 0.745062 0.191208 0.814281 0.248354 0.837359 0.254937 0.8538439999999999 0.246146 0.8538439999999999 0.193417 0.852203 0.175833 0.827469 0.189021 0.8175779999999999 0.178021 0.801094 0.15824999999999997 0.8043910000000001 0.14725000000000002 0.8175779999999999 0.112083 0.820875 0.0659375 0.819234 0.0373542 0.8076869999999999 0.006583329166666666 0.7697809999999999 0.004395829166666667 0.7318749999999999 0.008791670833333333 0.7318749999999999 0.019770799999999998
12 0.9205 0.315479 0.9236090000000001 0.319625 0.999563 0.33375 1 0.273979 0.979641 0.264833 0.924859 0.311333 0.9205 0.315479
12 0.998875 0.0905625 1 0.0015625 0.9504530000000001 0 0.949719 0.010354200000000001 0.943859 0.07883330000000001 0.998875 0.0905625
12 0.9302659999999999 0.379167 0.9302659999999999 0.385229 0.9376559999999999 0.436833 0.957016 0.558979 0.957016 0.579458 0.964969 0.5832499999999999 0.9809060000000001 0.5825 0.9928589999999999 0.578708 0.9928589999999999 0.577938 0.956438 0.375375 0.9302659999999999 0.379167
12 0.905062 0.367854 0.9455 0.576833 0.957297 0.576833 0.9303440000000001 0.385833 0.9235939999999999 0.361104 0.905062 0.367854
12 0.9940469999999999 0.581937 1 0.585688 0.9975780000000001 0.510458 0.9862970000000001 0.395729 0.989109 0.38727100000000003 0.976422 0.388208 0.965141 0.400438 0.9940469999999999 0.581937
56 0.42342199999999997 0.922146 0.42859400000000003 0.911792 0.432906 0.891104 0.440672 0.885354 0.451891 0.885354 0.47000000000000003 0.887646 0.47862499999999997 0.8865 0.491563 0.8772920000000001 0.495016 0.862354 0.482937 0.866938 0.47690599999999994 0.8726870000000001 0.47171900000000005 0.865792 0.474313 0.850854 0.474313 0.835896 0.473453 0.833604 0.465688 0.841646 0.45792200000000005 0.858896 0.453609 0.8611869999999999 0.451891 0.85775 0.46482799999999996 0.825542 0.46914100000000003 0.8071459999999999 0.466547 0.8048540000000001 0.439813 0.8531460000000001 0.42773399999999995 0.8611869999999999 0.397547 0.8635 0.39237500000000003 0.868104 0.396687 0.8726870000000001 0.42342199999999997 0.879604 0.42170300000000005 0.8865 0.411344 0.889938 0.40617200000000003 0.898 0.410484 0.9014380000000001 0.416531 0.904896 0.41825 0.912937 0.41565599999999997 0.9209999999999999 0.41479699999999997 0.923292 0.41393800000000003 0.9428540000000001 0.42256299999999997 0.931354 0.42342199999999997 0.922146
27 0.458422 0.986521 0.7179840000000001 0.986521 0.620219 0.858417 0.42134400000000005 0.988771 0.458422 0.986521
14 1 0.7929379999999999 0.9895630000000001 0.786083 0.879031 0.7929379999999999 0.8276249999999999 0.835792 0.830188 0.923187 0.8186249999999999 0.976292 0.839188 1 0.8867499999999999 1 0.9998440000000001 1 1 0.986583 1 0.7929379999999999