22 0.593578 0.734143 0.595297 0.749878 0.603891 0.725163 0.627984 0.635265 0.643469 0.570102 0.6623910000000001 0.5566120000000001 0.657234 0.5431429999999999 0.6142190000000001 0.581327 0.593578 0.734143
27 0 0.979776 0.9927339999999999 0.973041 0.9978910000000001 0.712367 0.683047 0.7438159999999999 0.480016 0.7438159999999999 0.392281 0.7752859999999999 0.26840600000000003 0.831469 0.122156 0.835959 0.005156249999999999 0.815735 0 0.979776
50 0.744984 0.7393270000000001 0.7828280000000001 0.737082 0.786266 0.7393270000000001 0.7914380000000001 0.732592 0.777672 0.6449389999999999 0.770781 0.61798 0.7725 0.5977549999999999 0.7914380000000001 0.577531 0.832719 0.5662860000000001 0.872297 0.575286 0.9153119999999999 0.59551 0.9084220000000001 0.615735 0.906703 0.633714 0.8895 0.7438159999999999 0.8895 0.759551 0.929078 0.779776 0.9583280000000001 0.806735 0.9978910000000001 0.822469 1 0.698878 0.9927339999999999 0.6741630000000001 0.9824059999999999 0.6247140000000001 0.965203 0.568531 0.934234 0.5280819999999999 0.882625 0.496633 0.8688589999999999 0.471918 0.8688589999999999 0.460673 0.8705780000000001 0.44269400000000003 0.8740159999999999 0.424714 0.8809060000000001 0.411245 0.886063 0.406735 0.896391 0.38875499999999996 0.913594 0.328082 0.929078 0.28314300000000003 0.9084220000000001 0.19551 0.865422 0.146061 0.832719 0.132592 0.7484219999999999 0.150571 0.698531 0.206735 0.6899219999999999 0.25618399999999997 0.70025 0.289878 0.714016 0.323592 0.714016 0.348306 0.715734 0.438204 0.727781 0.449429 0.7484219999999999 0.469653 0.7484219999999999 0.480898 0.7208910000000001 0.48538800000000004 0.717453 0.496633 0.6813119999999999 0.532592 0.6314219999999999 0.6 0.6228279999999999 0.649429 0.6056250000000001 0.752816 0.7897190000000001 0.732592 0.744984 0.7393270000000001
26 0.11329700000000001 0.925102 0.163078 0.936327 0.223172 0.927347 0.23174999999999998 0.853367 0.264359 0.658306 0.254062 0.638122 0.209437 0.622429 0.144203 0.620184 0.0978437 0.631388 0.07725 0.651571 0.07896879999999999 0.667265 0.0892656 0.732286 0.106438 0.918388 0.11329700000000001 0.925102
26 0.777844 0.6259800000000001 0.786969 0.798551 0.837078 0.816408 0.878078 0.808469 0.914531 0.608143 0.922125 0.596224 0.900859 0.5823470000000001 0.853781 0.56449 0.776328 0.576388 0.765703 0.596224 0.777844 0.624 0.777844 0.6259800000000001
51 0.541953 0.9078569999999999 0.597016 0.8606729999999999 0.64175 0.8202240000000001 0.621109 0.7887550000000001 0.4955 0.806735 0.36475 0.81798 0.34582799999999997 0.831469 0.359578 0.862918 0.390563 0.883143 0.41807800000000006 0.896633 0.464531 0.9101220000000001 0.541953 0.9078569999999999
17 0.113672 0.35700000000000004 0.10557799999999999 0.358 0.0971094 0.35749 0.0909531 0.35297999999999996 0.0847969 0.34342900000000004 0.0774844 0.329347 0.0713281 0.328837 0.063625 0.324816 0.0478438 0.326327 0.0332031 0.32832700000000004 0.017812500000000002 0.331347 0.0051093796875 0.337388 0 0.34342900000000004 0.00203125 0.430918 0.039375 0.433429 0.060921899999999994 0.417327 0.0693906 0.41381599999999996 0.0786406 0.417837 0.0894219 0.422857 0.0944219 0.413306 0.10018800000000001 0.414816 0.0994219 0.401245 0.103281 0.391694 0.103281 0.37208199999999997 0.10867199999999999 0.36051 0.113672 0.35700000000000004
50 0.0963437 0.835959 0.0791406 0.667408 0.07398439999999999 0.640449 0.120438 0.6269589999999999 0.220219 0.622469 0.26840600000000003 0.640449 0.244313 0.833714 0.309688 0.81798 0.354422 0.734837 0.376797 0.725837 0.437016 0.728082 0.43356300000000003 0.766286 0.46624999999999994 0.750571 0.464531 0.640449 0.361313 0.444939 0.302813 0.422469 0.337219 0.298878 0.34065599999999996 0.18875499999999998 0.307969 0.0674082 0.240875 0.0134898 0.17893699999999998 0.0157347 0.094625 0.0696531 0.065375 0.132592 0.0722656 0.238204 0.058499999999999996 0.24942899999999998 0.0550625 0.269653 0.0757031 0.34606099999999995 0.10839099999999999 0.355061 0.10839099999999999 0.366286 0.0997969 0.411245 0.0825781 0.420224 0.0705469 0.41348999999999997 0.0309687 0.438204 0 0.501122 0.0017187500000000002 0.8134899999999999 0.0997969 0.8382040000000001 0.0963437 0.835959
22 0.680984 0.535265 0.659906 0.546429 0.662188 0.555347 0.647375 0.564286 0.632562 0.617102 0.661625 0.563531 0.680984 0.535265
22 0.606359 0.5686940000000001 0.596688 0.71898 0.614344 0.581878 0.648516 0.549143 0.606359 0.5686940000000001
22 0.601813 0.756449 0.634844 0.614347 0.593828 0.750755 0.596109 0.758939 0.601813 0.756449