27 0.35625 0.835294 0.334375 0.945882 0.504687 0.9505880000000001 0.7875 0.943529 0.85 0.9294119999999999 0.728125 0.6847059999999999 0.65625 0.491765 0.6375 0.43294099999999996 0.59375 0.43058799999999997 0.44375 0.43058799999999997 0.39843799999999996 0.658824 0.35625 0.835294
79 0.612594 0.705553 0.6197809999999999 0.691129 0.625172 0.669506 0.630547 0.636165 0.6281559999999999 0.624447 0.620984 0.610941 0.606609 0.6091289999999999 0.585672 0.611835 0.583875 0.632565 0.583875 0.677624 0.593453 0.701035 0.597047 0.719059 0.597047 0.733482 0.583875 0.744306 0.5892660000000001 0.7506120000000001 0.601828 0.755106 0.612594 0.756 0.625172 0.7452 0.616781 0.735294 0.613797 0.730776 0.609016 0.714565 0.612594 0.705553
79 0.504687 0.514988 0.513703 0.5128710000000001 0.517359 0.492094 0.515953 0.459035 0.502156 0.455647 0.49400000000000005 0.459882 0.49484399999999995 0.493365 0.503 0.5145649999999999 0.504687 0.514988
79 0.523078 0.7163759999999999 0.529563 0.678659 0.527703 0.654941 0.5244690000000001 0.638871 0.515656 0.633976 0.502672 0.630494 0.492469 0.6325879999999999 0.48459399999999997 0.637482 0.480422 0.652141 0.480891 0.6821649999999999 0.481813 0.704494 0.497109 0.7366119999999999 0.49989100000000003 0.7484940000000001 0.49989100000000003 0.7603530000000001 0.489234 0.7680239999999999 0.486453 0.7736240000000001 0.492016 0.7833880000000001 0.502203 0.786188 0.515656 0.786188 0.5244690000000001 0.7771060000000001 0.523531 0.770118 0.517516 0.765247 0.511484 0.7631530000000001 0.5110159999999999 0.7575529999999999 0.509625 0.7491760000000001 0.513344 0.7373179999999999 0.523078 0.7163759999999999
79 0.486297 0.632141 0.489687 0.631576 0.496109 0.6287290000000001 0.501766 0.6276 0.510078 0.628165 0.511953 0.623059 0.514609 0.609412 0.5157339999999999 0.597482 0.5157339999999999 0.571341 0.514984 0.5684939999999999 0.506297 0.5622349999999999 0.495734 0.561671 0.48554700000000006 0.563365 0.479875 0.569059 0.477984 0.586118 0.477984 0.605435 0.481016 0.620776 0.48592199999999997 0.634424 0.486297 0.632141
79 0.545484 0.521718 0.5383910000000001 0.527059 0.542188 0.534894 0.553766 0.534188 0.5587340000000001 0.528494 0.550703 0.520306 0.5516409999999999 0.5071289999999999 0.560625 0.492518 0.565125 0.459035 0.537453 0.456541 0.5365 0.485035 0.544781 0.5078349999999999 0.545734 0.518518 0.545484 0.521718
79 0.5167189999999999 0.426376 0.518031 0.42872899999999997 0.519062 0.431859 0.524797 0.43145900000000004 0.526875 0.42872899999999997 0.528438 0.417365 0.528687 0.40522400000000003 0.5271410000000001 0.404047 0.520625 0.40247099999999997 0.515688 0.404424 0.514641 0.404424 0.514391 0.42089400000000005 0.5167189999999999 0.426376
50 0.8520939999999999 0.8943760000000001 0.883422 0.714612 0.8655160000000001 0.584259 0.829703 0.487647 0.787922 0.44044700000000003 0.799859 0.39550599999999997 0.793891 0.346071 0.752109 0.32134100000000004 0.7222660000000001 0.332588 0.6939059999999999 0.359553 0.687937 0.4472 0.707344 0.521341 0.701375 0.539318 0.655109 0.586518 0.655109 0.577529 0.623766 0.5707760000000001 0.616313 0.611247 0.625266 0.620235 0.650625 0.665176 0.7550939999999999 0.7235999999999999 0.8416410000000001 0.8943760000000001 0.8520939999999999 0.8943760000000001
50 0.126234 0.355129 0.130141 0.332565 0.121031 0.311012 0.10409399999999999 0.306094 0.085875 0.322776 0.0845625 0.346306 0.0826094 0.353153 0.085875 0.358071 0.092375 0.37767100000000003 0.0982344 0.382565 0.0897813 0.397271 0.0878281 0.414918 0.0826094 0.433553 0.0455 0.446282 0.0331406 0.435506 0.013609399999999999 0.458047 0.023375 0.454141 0.0376875 0.46981199999999995 0.085875 0.475694 0.0956406 0.458047 0.105406 0.45609399999999994 0.109312 0.485506 0.10670300000000002 0.498259 0.0663438 0.511976 0.06713247418027979 0.5228879655596353 0.05982810000000001 0.521788 0.054625 0.528635 0.0572187 0.585506 0.0650312 0.600212 0.07272115287843897 0.600212 0.0735 0.610988 0.0871719 0.623741 0.08573127487418977 0.600212 0.0826094 0.549224 0.143813 0.5404 0.143813 0.5344352843873232 0.157484 0.536494 0.171797 0.524729 0.161391 0.527671 0.171797 0.513929 0.171797 0.504141 0.152281 0.508047 0.153578 0.483553 0.154219 0.493341 0.174406 0.488447 0.173109 0.478635 0.1653869150090357 0.4805794582451263 0.15829398261102923 0.47439214081085007 0.150969 0.474729 0.149672 0.466871 0.15566547152425964 0.466871 0.168547 0.44531800000000005 0.167891 0.430612 0.149672 0.37767100000000003 0.126234 0.355129
50 0.672125 0.44075300000000006 0.679312 0.438706 0.682813 0.443388 0.689031 0.451294 0.690391 0.44983499999999993 0.694859 0.43021200000000004 0.697781 0.420259 0.69875 0.400353 0.700313 0.38249399999999995 0.697781 0.359365 0.688453 0.346776 0.678531 0.335953 0.673094 0.335082 0.662203 0.340047 0.655594 0.356729 0.653062 0.3719529999999999 0.655406 0.400071 0.657531 0.4188 0.660453 0.43021200000000004 0.659094 0.436941 0.658516 0.445153 0.664344 0.444565 0.672125 0.44075300000000006
50 0.653844 0.474706 0.649563 0.514518 0.647625 0.528871 0.647234 0.536188 0.649563 0.5476 0.661625 0.559906 0.665703 0.557271 0.672703 0.554918 0.678531 0.551129 0.678344 0.542047 0.669984 0.531788 0.673094 0.512471 0.676391 0.481153 0.675031 0.476188 0.668031 0.472659 0.656953 0.458894 0.654813 0.461835 0.653844 0.474706
50 0.564562 0.358165 0.562859 0.347247 0.558609 0.342776 0.549672 0.337647 0.542 0.332518 0.534344 0.326094 0.535203 0.32032900000000003 0.535625 0.313929 0.536047 0.310071 0.535203 0.3088 0.533922 0.294047 0.529656 0.283153 0.521156 0.278659 0.51775 0.279318 0.511359 0.282518 0.50625 0.293412 0.505828 0.304306 0.505406 0.30943499999999996 0.505828 0.317765 0.505828 0.326094 0.50625 0.331224 0.496891 0.334447 0.490078 0.338282 0.483266 0.353671 0.479859 0.3658350000000001 0.4781560000000001 0.378659 0.47729699999999997 0.399176 0.479859 0.4184 0.48795299999999997 0.416894 0.49050000000000005 0.412424 0.491781 0.412424 0.49220300000000006 0.406 0.511781 0.404729 0.516047 0.4092 0.517312 0.406 0.525406 0.404729 0.524984 0.409859 0.542859 0.409859 0.543281 0.404729 0.549672 0.405365 0.556906 0.409859 0.55775 0.424588 0.559453 0.429718 0.55775 0.439341 0.565422 0.440212 0.564141 0.429318 0.567125 0.410071 0.568828 0.398541 0.567969 0.379953 0.564562 0.358165
50 0.60725 0.409859 0.608531 0.420753 0.611938 0.432918 0.6145 0.436141 0.613219 0.44960000000000006 0.612359 0.4572939999999999 0.613219 0.464965 0.614062 0.466894 0.613219 0.486776 0.613219 0.49124700000000004 0.623437 0.5092 0.626406 0.49124700000000004 0.629391 0.495741 0.631953 0.505365 0.633656 0.513059 0.631516 0.522024 0.646422 0.545106 0.649406 0.543176 0.661312 0.423953 0.6545 0.38677600000000006 0.649828 0.37971799999999994 0.644297 0.367553 0.63875 0.35985900000000004 0.634922 0.357294 0.628109 0.356635 0.617469 0.358565 0.612797 0.3630590000000001 0.609812 0.361765 0.606828 0.366259 0.604703 0.373953 0.604281 0.384212 0.604281 0.3925409999999999 0.60725 0.3996 0.60725 0.409859
79 0.515266 0.514235 0.525781 0.512376 0.5295 0.514706 0.530734 0.521224 0.5313589999999999 0.5300710000000001 0.529813 0.543129 0.527953 0.555694 0.520531 0.560353 0.520531 0.567341 0.520531 0.568282 0.519594 0.578518 0.5180469999999999 0.581318 0.515891 0.5864469999999999 0.519594 0.588306 0.5217660000000001 0.5887760000000001 0.528875 0.5887760000000001 0.5319689999999999 0.587365 0.5353749999999999 0.5776 0.529813 0.576659 0.526719 0.573388 0.526719 0.572 0.526719 0.571529 0.526719 0.568729 0.526719 0.567812 0.527641 0.560824 0.534141 0.5408000000000001 0.5347500000000001 0.538471 0.535687 0.5352 0.537844 0.528212 0.537844 0.514706 0.537844 0.498871 0.5347500000000001 0.496071 0.533828 0.49468199999999996 0.529813 0.493271 0.525172 0.4928 0.523 0.4928 0.522078 0.4928 0.517125 0.495129 0.513406 0.499788 0.5118590000000001 0.511906 0.515266 0.514235
79 0.49678100000000003 0.461953 0.505141 0.46101200000000003 0.5144059999999999 0.46428200000000003 0.5172030000000001 0.469859 0.5181560000000001 0.4604 0.516078 0.45355300000000004 0.49643800000000005 0.453129 0.49678100000000003 0.458094 0.49678100000000003 0.461953
79 0.570672 0.468729 0.569453 0.47028200000000003 0.568016 0.5108240000000001 0.574953 0.526471 0.574953 0.543671 0.579437 0.549812 0.585766 0.546141 0.585766 0.543365 0.580875 0.530776 0.583313 0.526165 0.591688 0.5095759999999999 0.5935159999999999 0.490235 0.5929059999999999 0.46934099999999995 0.571891 0.46842399999999995 0.570672 0.468729
22 0.0153594 0.731553 0.029796899999999998 0.726635 0.026546900000000002 0.650212 0.0772969 0.6277649999999999 0.08475 0.686682 0.0963906 0.6803530000000001 0.0754375 0.516965 0.0642656 0.463647 0.0554063 0.46715300000000004 0.048421900000000004 0.48889400000000005 0.032593699999999996 0.491012 0.017687500000000002 0.491012 0.012562499999999999 0.484 0.0060468796875 0.484682 0.0032500000000000003 0.4924 0.00790625 0.653012 0.0153594 0.731553
22 0.0780625 0.5520470000000001 0.09070310000000001 0.6679999999999999 0.09925 0.6632939999999999 0.0987031 0.6500469999999999 0.09320310000000001 0.623529 0.09320310000000001 0.611106 0.10034400000000002 0.597859 0.108594 0.597859 0.11904699999999999 0.6011759999999999 0.132797 0.602 0.14104699999999998 0.6011759999999999 0.149844 0.602824 0.158094 0.6011759999999999 0.168547 0.597859 0.18175 0.589576 0.181203 0.585435 0.18065599999999998 0.5664 0.177344 0.502612 0.17954699999999998 0.466165 0.182844 0.442988 0.183406 0.43056500000000003 0.18175 0.427247 0.175703 0.42974100000000004 0.175156 0.444635 0.163047 0.444635 0.15370299999999998 0.44381200000000004 0.1515 0.438024 0.145453 0.441318 0.14325000000000002 0.442988 0.14325000000000002 0.455412 0.142703 0.5432 0.132797 0.541553 0.112453 0.541553 0.0887969 0.547341 0.0780625 0.5520470000000001
50 0.39775 0.35698799999999997 0.40206200000000003 0.36016499999999996 0.403062 0.370729 0.398719 0.387318 0.393672 0.39898799999999995 0.396172 0.409318 0.413 0.42432899999999996 0.444766 0.517224 0.449125 0.524729 0.449125 0.527529 0.45535899999999996 0.5144 0.47717200000000004 0.458094 0.475297 0.44308200000000003 0.493375 0.44308200000000003 0.5014689999999999 0.439341 0.508328 0.430894 0.495859 0.420565 0.48526600000000003 0.418682 0.479047 0.418682 0.469688 0.421506 0.4535 0.448706 0.43729699999999994 0.40367099999999995 0.444141 0.397106 0.44851599999999997 0.391482 0.45287499999999997 0.3868 0.45225 0.363341 0.446016 0.345506 0.440406 0.324871 0.424203 0.306094 0.398656 0.317365 0.397031 0.320612 0.399 0.34647100000000003 0.39775 0.35698799999999997
50 0.599125 0.45075299999999996 0.6028439999999999 0.464094 0.612625 0.458471 0.610297 0.440235 0.6065780000000001 0.398871 0.605172 0.36870600000000003 0.609828 0.354682 0.6363749999999999 0.354682 0.6484840000000001 0.3708 0.647094 0.35957599999999995 0.6457029999999999 0.346965 0.640578 0.328729 0.6275310000000001 0.30207100000000003 0.6042500000000001 0.31329399999999996 0.597734 0.326635 0.595391 0.347671 0.601453 0.368 0.600984 0.418494 0.600516 0.45567100000000005 0.599125 0.45075299999999996
50 0.2185 0.31839999999999996 0.205797 0.329859 0.20467200000000002 0.33750600000000003 0.205797 0.350682 0.201859 0.35960000000000003 0.20637500000000003 0.364282 0.20890599999999998 0.369388 0.212578 0.37701199999999996 0.215109 0.368518 0.23034400000000002 0.352376 0.243047 0.348565 0.24162499999999998 0.340918 0.238531 0.33115300000000003 0.235141 0.32435299999999995 0.229781 0.319671 0.21934399999999998 0.318824 0.2185 0.31839999999999996
50 0.160797 0.40712899999999996 0.163812 0.41397599999999996 0.169875 0.415671 0.174031 0.41682400000000003 0.18310900000000002 0.416259 0.191812 0.41795299999999996 0.195219 0.424212 0.200516 0.43334100000000003 0.204297 0.432776 0.20581299999999997 0.42479999999999996 0.206562 0.4208 0.208828 0.408282 0.208828 0.401435 0.208828 0.392329 0.209594 0.3872 0.21071900000000002 0.379224 0.20807799999999999 0.374659 0.205437 0.370118 0.20278100000000002 0.364988 0.200516 0.362141 0.197109 0.355859 0.195969 0.34847100000000003 0.194844 0.33934099999999995 0.194078 0.33308200000000004 0.19370300000000001 0.329671 0.191062 0.325106 0.186891 0.323976 0.180844 0.323976 0.17139100000000002 0.325106 0.167219 0.328518 0.164578 0.334212 0.163812 0.34447099999999997 0.163812 0.346753 0.164578 0.36098800000000003 0.17139100000000002 0.36611800000000005 0.17214100000000002 0.3684 0.171766 0.37865899999999997 0.17024999999999998 0.380353 0.163437 0.390047 0.161172 0.400871 0.160797 0.40712899999999996
50 0.678719 0.439859 0.655578 0.443741 0.6551560000000001 0.456 0.6671560000000001 0.47343500000000005 0.680438 0.48310600000000004 0.686438 0.5050589999999999 0.6799999999999999 0.550212 0.658156 0.561835 0.6650159999999999 0.571529 0.6769999999999999 0.567012 0.6980000000000001 0.541176 0.705719 0.530871 0.7070000000000001 0.520541 0.689438 0.452776 0.680859 0.44051799999999997 0.678719 0.439859
50 0.46759399999999995 0.582165 0.484016 0.568259 0.51275 0.558988 0.526094 0.555882 0.531219 0.535788 0.528141 0.512612 0.505563 0.511059 0.494266 0.532706 0.471687 0.549694 0.447063 0.558988 0.44603099999999996 0.546612 0.44398400000000005 0.526518 0.437828 0.501788 0.431672 0.47397599999999995 0.423453 0.452329 0.40909399999999996 0.4276 0.393688 0.422965 0.394719 0.404424 0.399844 0.371976 0.406 0.33795299999999995 0.392672 0.313247 0.362906 0.299318 0.349562 0.313247 0.343406 0.342612 0.343406 0.373506 0.344422 0.401341 0.334156 0.413694 0.318766 0.441506 0.302344 0.466235 0.299266 0.466235 0.313641 0.490965 0.314656 0.535788 0.292078 0.597624 0.309531 0.625435 0.330063 0.554353 0.325953 0.532706 0.341344 0.515694 0.363922 0.548165 0.354687 0.572894 0.382406 0.589882 0.42242199999999996 0.592988 0.46759399999999995 0.582165
50 0.20443699999999998 0.9884 0.20443699999999998 0.9839060000000001 0.188031 0.9277179999999999 0.20145300000000002 0.831082 0.280547 0.8872709999999999 0.356656 0.905247 0.399938 0.9007529999999999 0.331281 0.7434350000000001 0.288016 0.6513180000000001 0.323828 0.547929 0.317859 0.485012 0.273094 0.44007100000000005 0.23428100000000002 0.424353 0.205938 0.44232899999999997 0.170125 0.516471 0.1925 0.586141 0.141766 0.6131059999999999 0.0910312 0.738941 0.0925156 0.891765 0.0999844 0.9884 0.20443699999999998 0.9884
8 0.808953 0.459318 0.827922 0.487882 0.845172 0.537224 0.8762190000000001 0.643718 0.881391 0.765812 0.869313 0.851506 0.827922 0.854118 0.864141 0.945012 0.8537969999999999 0.9865880000000001 0.995234 0.989176 1 0.508659 0.795156 0.409953 0.795156 0.42294100000000007 0.791703 0.448918 0.808953 0.459318
36 0.538891 0.8773650000000001 0.554781 0.9175760000000001 0.57575 0.927153 0.6081719999999999 0.920447 0.615812 0.894588 0.616437 0.857271 0.62025 0.8515290000000001 0.62025 0.834282 0.618344 0.7845179999999999 0.605641 0.782588 0.593562 0.7883290000000001 0.578297 0.7883290000000001 0.561766 0.7854589999999999 0.540156 0.7902589999999999 0.522359 0.7902589999999999 0.509 0.7902589999999999 0.509641 0.803647 0.512188 0.831412 0.512188 0.833318 0.5134529999999999 0.846729 0.5134529999999999 0.8505649999999999 0.514719 0.862047 0.5337970000000001 0.8716240000000001 0.538891 0.8773650000000001
79 0.554063 0.455576 0.55425 0.453365 0.5553440000000001 0.450612 0.557531 0.443741 0.558078 0.43851799999999996 0.558078 0.42588200000000004 0.557344 0.42258799999999996 0.5560780000000001 0.421765 0.554063 0.421482 0.549312 0.421482 0.5463910000000001 0.421482 0.542016 0.422847 0.540922 0.426141 0.540922 0.429459 0.540922 0.436047 0.541469 0.443741 0.5440159999999999 0.454753 0.554063 0.455576
79 0.063875 0.44134100000000004 0.0667344 0.442188 0.0677344 0.44004699999999997 0.0673125 0.43727099999999997 0.0715781 0.42545900000000003 0.0727187 0.41750600000000004 0.07215629999999999 0.40847100000000003 0.06687499999999999 0.405694 0.0634531 0.405906 0.0596094 0.406988 0.057031200000000004 0.408706 0.0568906 0.412565 0.0574687 0.417294 0.0574687 0.42223499999999997 0.061750000000000006 0.430612 0.063875 0.434259 0.0640312 0.43682400000000005 0.063875 0.43983500000000003 0.063875 0.44134100000000004
26 0.5227660000000001 0.6359530000000001 0.525172 0.640941 0.5260779999999999 0.649106 0.528188 0.663176 0.529094 0.6649879999999999 0.533312 0.669082 0.540844 0.672706 0.5523119999999999 0.6736240000000001 0.560141 0.667271 0.5649689999999999 0.660918 0.566172 0.655012 0.568281 0.643671 0.565266 0.612776 0.5622499999999999 0.604612 0.549594 0.599624 0.533609 0.600071 0.5321089999999999 0.6059760000000001 0.5227660000000001 0.631859 0.5227660000000001 0.6359530000000001
22 0.0408437 0.837671 0.018062500000000002 0.801859 0.0017187500000000002 0.795882 0.0036875 0.8302120000000001 0.0408437 0.917482 0.0477812 0.961482 0.05125 0.994306 0.0705625 0.992071 0.0735313 0.977882 0.09879689999999999 0.952541 0.0953281 0.8958349999999999 0.0933438 0.853318 0.090875 0.821247 0.08987500000000001 0.791412 0.0477812 0.845129 0.0408437 0.837671
50 0.299797 0.431765 0.291641 0.40228200000000003 0.28675 0.37402399999999997 0.277766 0.353129 0.25084399999999996 0.342071 0.223109 0.353129 0.210859 0.37402399999999997 0.201891 0.430541 0.234531 0.429294 0.267984 0.421929 0.2745 0.43298800000000004 0.285922 0.45265900000000003 0.299797 0.431765
27 0.191938 0.417859 0.162656 0.418988 0.170922 0.446118 0.17321178807801563 0.44833451485951914 0.185188 0.4416 0.198687 0.439341 0.196437 0.42576500000000006 0.191938 0.417859
27 0.193437 0.45741199999999993 0.181422 0.45628199999999997 0.180672 0.474376 0.184422 0.475506 0.192687 0.464212 0.193437 0.45741199999999993
27 0.0973437 0.458541 0.0928281 0.464212 0.0808281 0.475506 0.0635469 0.475506 0.0665625 0.508306 0.105594 0.494729 0.11310899999999999 0.486824 0.11239549188824978 0.48253299540235794 0.108594 0.459671 0.109344 0.449506 0.0973437 0.458541
27 0.000484375 0.46308199999999994 0.00425 0.526376 0.005 0.492471 0.029015599999999996 0.48908199999999996 0.0522969 0.4845650000000001 0.054546899999999995 0.472118 0.0605469 0.465341 0.0417812 0.4676 0.0207656 0.46308199999999994 0.0155 0.455153 0.000484375 0.46308199999999994
50 0.0287031 0.384776 0.0296406 0.37411799999999995 0.0296406 0.36630599999999996 0.0291719 0.361341 0.0272812 0.354941 0.0244531 0.350682 0.0197344 0.349271 0.0187969 0.348541 0.010296900000000001 0.338612 0.0046406296875 0.339318 0.0013281203125 0.34287100000000004 0.0018124999999999999 0.443035 0.0140781 0.445882 0.0588906 0.429529 0.0268125 0.385482 0.0287031 0.384776
36 0.627031 0.434894 0.624375 0.43272900000000003 0.6268279999999999 0.512376 0.629297 0.518235 0.627031 0.438282 0.627031 0.434894