44 0.00498 0.660707 0.00196 0.869918 0.033159999999999995 0.8658149999999999 0.05228 0.8617119999999999 0.07038 0.846658 0.0865 0.838451 0.09051999999999999 0.8316300000000001 0.09354000000000001 0.805652 0.09454000000000001 0.785136 0.09756000000000001 0.761875 0.10158 0.7345379999999999 0.10762000000000001 0.7331789999999999 0.11668 0.7113039999999999 0.10562 0.701739 0.09856000000000001 0.682582 0.09958 0.655245 0.08145999999999999 0.647038 0.061340000000000006 0.648397 0.034159999999999996 0.648397 0.0241 0.656603 0.00196 0.656603 0.00498 0.660707
44 1 0.715272 0.9945 0.68394 0.95992 0.6794840000000001 0.92206 0.6571199999999999 0.9023 0.721984 0.91712 0.7711959999999999 0.9154800000000001 0.815951 0.92864 0.8651629999999999 0.9780399999999999 0.874103 0.9879199999999999 0.8718750000000001 0.9977999999999999 0.853967 1 0.777908 1 0.715272
74 0.01324 0.669674 0.03308 0.638207 0.08766 0.669674 0.15712 0.674158 0.18028 0.6 0.20344 0.669674 0.44986000000000004 0.689891 0.46806 0.667418 0.54084 0.68538 0.76412 0.698886 0.7905800000000001 0.689891 0.8005 0.651685 0.82696 0.615734 0.84516 0.676413 1 0.68538 0.99898 0.44942899999999997 0.89146 0.45616799999999996 0.8087799999999999 0.444946 0.5325599999999999 0.45616799999999996 0.52098 0.516848 0.50942 0.5730430000000001 0.5028 0.575272 0.49451999999999996 0.5415760000000001 0.48956 0.483152 0.45318 0.451685 0.01158 0.433696 0.01324 0.669674
73 0.11304 0.205272 0.12066 0.196223 0.12304000000000001 0.10891300000000001 0.104 0.10891300000000001 0.10352 0.196223 0.11304 0.205272
73 0.09656 0.10934799999999999 0.0869 0.10934799999999999 0.08045999999999999 0.11739100000000001 0.08045999999999999 0.135625 0.08045999999999999 0.156033 0.08368 0.17866800000000002 0.08098000000000001 0.194701 0.08904000000000001 0.200543 0.0987 0.196168 0.09924 0.11375 0.09656 0.10934799999999999
73 0.92664 0.335217 0.92664 0.445734 0.95338 0.445734 0.9472999999999999 0.42834199999999995 0.96056 0.41459199999999996 0.95696 0.401467 0.94932 0.40087 0.9509 0.382554 0.95786 0.36179300000000003 0.95068 0.353859 0.9518 0.33796200000000004 0.96056 0.322418 0.95248 0.307446 0.9297799999999999 0.307745 0.92664 0.335217
73 0.90564 0.22078799999999998 0.91724 0.23157599999999998 0.93314 0.233234 0.95086 0.21247300000000002 0.96308 0.206658 0.96368 0.19587000000000002 0.95208 0.19255399999999998 0.95086 0.183424 0.96308 0.175951 0.9649 0.167663 0.95208 0.162663 0.9514600000000001 0.156033 0.96368 0.15106 0.9649 0.142745 0.9532999999999999 0.137772 0.9478 0.129457 0.9294600000000001 0.132799 0.90626 0.128641 0.88732 0.130299 0.8879199999999999 0.217473 0.90564 0.22078799999999998
73 0.04938 0.38625 0.05082 0.42538 0.07314 0.427337 0.0897 0.41755400000000004 0.09186 0.28646699999999997 0.08826 0.280598 0.06881999999999999 0.276712 0.05154 0.285489 0.04938 0.38625
73 0.0422 0.17451100000000003 0.056 0.191984 0.07504000000000001 0.204918 0.07694 0.11048899999999999 0.0541 0.10660299999999999 0.053619999999999994 0.111114 0.0441 0.112418 0.0422 0.17451100000000003
73 0.92576 0.36940199999999995 0.9185599999999999 0.365217 0.91752 0.358913 0.92474 0.35331500000000005 0.9237000000000001 0.328125 0.91546 0.321114 0.9149400000000001 0.313424 0.92112 0.305734 0.9185599999999999 0.30152199999999996 0.9272999999999999 0.292446 0.9195800000000001 0.280543 0.90258 0.28125 0.89486 0.300136 0.89332 0.32462 0.89332 0.328832 0.91134 0.348424 0.9165 0.377799 0.917 0.394592 0.9185599999999999 0.40019000000000005 0.92422 0.396005 0.92576 0.36940199999999995
31 0.1628 0.78413 0.16382 0.78413 0.19672 0.788315 0.19672 0.782038 0.19774 0.7003529999999999 0.2034 0.685679 0.2034 0.668234 0.19826 0.64519 0.19774 0.620761 0.1885 0.597038 0.18284 0.598424 0.16948 0.621467 0.17976 0.66125 0.16794 0.6577719999999999 0.16332 0.673125 0.16948 0.691277 0.17256 0.719212 0.16332 0.7673909999999999 0.1628 0.78413
31 0.8162200000000001 0.756304 0.8121 0.782147 0.8095399999999999 0.796114 0.8434400000000001 0.7940219999999999 0.83676 0.7611960000000001 0.8352200000000001 0.7409509999999999 0.83368 0.7151090000000001 0.84036 0.706033 0.84088 0.69 0.8378 0.676712 0.83316 0.670435 0.83626 0.651576 0.8393400000000001 0.643207 0.8306 0.631332 0.82392 0.618071 0.82186 0.618071 0.81878 0.627853 0.81724 0.632038 0.81364 0.639022 0.81004 0.65019 0.8095399999999999 0.669049 0.8121 0.683016 0.8151799999999999 0.699076 0.8146599999999999 0.720707 0.8162200000000001 0.701168 0.8162200000000001 0.7360599999999999 0.8162200000000001 0.756304
50 0.24559999999999998 0.556821 0.25048 0.557636 0.24438 0.539429 0.24925999999999998 0.5187229999999999 0.24559999999999998 0.49551599999999996 0.23098 0.492201 0.22122 0.49385900000000005 0.21574000000000002 0.500489 0.20964 0.517065 0.21330000000000002 0.529484 0.21818 0.538587 0.21574000000000002 0.551005 0.24559999999999998 0.556821
50 0.14418 0.548804 0.15574000000000002 0.553207 0.15481999999999999 0.5494290000000001 0.15574000000000002 0.542527 0.16268000000000002 0.545027 0.16406 0.539783 0.16452 0.530571 0.16206 0.526386 0.16484000000000001 0.520109 0.16006 0.5150819999999999 0.15266 0.514457 0.15142 0.519484 0.14709999999999998 0.527228 0.14526 0.536033 0.14556 0.542717 0.14493999999999999 0.547554 0.14418 0.548804
50 0.11956 0.523587 0.11666 0.514022 0.11354 0.50962 0.11344 0.550571 0.13226 0.553859 0.13734 0.552147 0.13862 0.546821 0.13513999999999998 0.543995 0.12752 0.545543 0.12476000000000001 0.5464950000000001 0.12706 0.531576 0.11956 0.523587
50 0.33638 0.543641 0.33608 0.544918 0.33388 0.5466300000000001 0.332 0.54875 0.33232 0.55087 0.33482 0.553424 0.33922 0.553424 0.34328 0.553424 0.34736 0.552582 0.3483 0.55087 0.34862 0.5329889999999999 0.34798 0.5308700000000001 0.34454 0.529158 0.34046 0.530027 0.33827999999999997 0.532582 0.33827999999999997 0.5364129999999999 0.33827999999999997 0.53981 0.33796 0.544484 0.33638 0.543641
50 0.84012 0.559511 0.8392999999999999 0.571033 0.8630800000000001 0.565978 0.8513 0.554457 0.85088 0.547446 0.85046 0.534239 0.8426 0.531984 0.8364 0.5350820000000001 0.8362 0.541821 0.836 0.551929 0.84012 0.559511
50 0.20058 0.554103 0.20394 0.5479350000000001 0.2068 0.540815 0.2044 0.533016 0.19916 0.533016 0.197 0.535598 0.19724 0.551522 0.20058 0.554103
50 0.704 0.534728 0.70074 0.5401630000000001 0.70074 0.544592 0.70256 0.5519569999999999 0.7022 0.557364 0.7011000000000001 0.5627989999999999 0.7011000000000001 0.564266 0.7098 0.563777 0.7094400000000001 0.534239 0.704 0.534728
50 0.8032999999999999 0.5672550000000001 0.8051200000000001 0.564076 0.8064199999999999 0.553152 0.80564 0.550326 0.80174 0.546087 0.79786 0.54962 0.79526 0.560897 0.79968 0.567609 0.8032999999999999 0.5672550000000001
50 0.8750399999999999 0.565679 0.8750399999999999 0.5663320000000001 0.8739199999999999 0.568179 0.88682 0.5670109999999999 0.8870800000000001 0.553995 0.88682 0.5499729999999999 0.88462 0.54731 0.88166 0.5449729999999999 0.8797 0.5451360000000001 0.87798 0.548152 0.87614 0.550978 0.8754 0.553804 0.8749 0.55731 0.87442 0.562174 0.87662 0.565326 0.8750399999999999 0.565679