52 0.182225 0.610625 0.181148 0.605563 0.178454 0.599781 0.176815 0.5972500000000001 0.173583 0.5936410000000001 0.181148 0.590391 0.182225 0.587141 0.186557 0.581719 0.192529 0.579547 0.195761 0.5759369999999999 0.19089 0.5734060000000001 0.18601900000000002 0.5726880000000001 0.174122 0.570156 0.165457 0.570156 0.156253 0.569797 0.148126 0.570156 0.139461 0.5752189999999999 0.142178 0.578109 0.146511 0.582078 0.147049 0.58425 0.149742 0.5875 0.146511 0.587859 0.15028100000000003 0.595812 0.149204 0.598344 0.148126 0.601953 0.146511 0.606641 0.149742 0.610266 0.149204 0.611344 0.16491799999999998 0.613156 0.182225 0.610625
52 0.619368 0.488266 0.653747 0.470172 0.6428809999999999 0.454469 0.633841 0.423094 0.568712 0.429125 0.586815 0.461719 0.584988 0.44481200000000004 0.597658 0.47620300000000004 0.619368 0.488266
22 0.6517559999999999 0.510922 0.6360420000000001 0.510922 0.6247539999999999 0.511188 0.614286 0.512266 0.614286 0.513875 0.617119 0.516031 0.6159020000000001 0.5560780000000001 0.618314 0.555547 0.6227400000000001 0.555281 0.6227400000000001 0.541563 0.65096 0.547203 0.652155 0.563609 0.655386 0.563609 0.6549879999999999 0.5466719999999999 0.678361 0.545328 0.676745 0.526234 0.6763469999999999 0.513062 0.674731 0.507422 0.673911 0.502047 0.670304 0.500172 0.670304 0.494797 0.6731149999999999 0.492375 0.6731149999999999 0.488875 0.677541 0.487 0.6787589999999999 0.47382799999999997 0.6779390000000001 0.47382799999999997 0.673911 0.46845299999999995 0.673513 0.467906 0.6541690000000001 0.467641 0.6517559999999999 0.510922
22 0.47089000000000003 0.475672 0.46065599999999995 0.47520300000000004 0.45454300000000003 0.47520300000000004 0.437494 0.477484 0.42726000000000003 0.477938 0.423185 0.481578 0.417728 0.485672 0.41227199999999997 0.49385899999999994 0.41227199999999997 0.5075000000000001 0.407518 0.508859 0.402061 0.508859 0.397283 0.5111410000000001 0.393185 0.512953 0.38911 0.5125 0.384333 0.5125 0.378197 0.515672 0.377518 0.521141 0.384333 0.524312 0.382974 0.528875 0.374098 0.5334220000000001 0.372061 0.535234 0.370023 0.5443279999999999 0.373419 0.554328 0.373419 0.566156 0.377518 0.573438 0.37273999999999996 0.57525 0.374801 0.578437 0.37887600000000005 0.577984 0.384333 0.5757030000000001 0.38365299999999997 0.572063 0.382974 0.563422 0.385012 0.558875 0.398642 0.561156 0.415691 0.564344 0.429321 0.56525 0.42861800000000005 0.581156 0.436136 0.581156 0.436815 0.566156 0.447026 0.566156 0.48452 0.563422 0.486557 0.5666089999999999 0.485199 0.577063 0.489977 0.585703 0.49815 0.565703 0.502927 0.562063 0.507681 0.554797 0.511101 0.550687 0.51452 0.538422 0.513138 0.528875 0.521311 0.527047 0.5233720000000001 0.514313 0.519953 0.5111410000000001 0.522693 0.496125 0.522693 0.486578 0.507681 0.47884399999999994 0.47156899999999996 0.47657800000000006 0.47089000000000003 0.475672
22 0.00559719 0.501188 0.013911 0.508328 0.0162763 0.513875 0.00915691 0.520219 0.00559719 0.527344 0.0103513 0.534484 0.0115222 0.551125 0.0281733 0.566984 0.0400468 0.570937 0.0578689 0.563016 0.0816159 0.566984 0.106581 0.573328 0.125574 0.568562 0.112506 0.549547 0.0780562 0.544 0.05548009999999999 0.542406 0.050726 0.521016 0.0471663 0.497234 0.0649883 0.48614100000000005 0.0661827 0.47742199999999996 0.0281733 0.48057800000000006 0.00440281 0.48771900000000007 0.00559719 0.501188
27 0.264496 0.592938 0.14459 0.595297 0.056416899297423884 0.595297 0.049367700234192034 0.675297 0.306815 0.661172 0.264496 0.592938
50 0.055620599531615925 0.544 0.0779625011709602 0.546484 0.111475 0.556422 0.1363 0.574641 0.143747 0.572156 0.168571 0.568016 0.148712 0.541516 0.1363 0.531562 0.08416859953161591 0.5290779999999999 0.08416859953161591 0.518313 0.080445 0.503406 0.09285710070257612 0.498437 0.12264599999999999 0.492641 0.106511 0.487672 0.106511 0.477734 0.10154600000000001 0.467797 0.08789229976580797 0.467797 0.07672129976580797 0.469453 0.06306789929742389 0.485187 0.054379400468384076 0.495953 0.04817329976580796 0.505062 0.05686180093676815 0.530734 0.055620599531615925 0.544
78 0.149859 0.602547 0.148899 0.608344 0.15276299999999998 0.610281 0.164379 0.610938 0.17983600000000002 0.610938 0.183724 0.605766 0.178876 0.602547 0.17597200000000002 0.596094 0.174052 0.590281 0.15470699999999998 0.5909220000000001 0.15470699999999998 0.596734 0.149859 0.602547
78 0.735597 0.441266 0.724426 0.441266 0.7231850000000001 0.448719 0.719461 0.460313 0.7231850000000001 0.466937 0.7157380000000001 0.46859400000000007 0.734356 0.471078 0.744286 0.471906 0.736838 0.466109 0.744286 0.46445299999999995 0.7405619999999999 0.44954700000000003 0.735597 0.441266
78 0.862201 0.42175 0.868946 0.433453 0.86356 0.443344 0.8540979999999999 0.46224999999999994 0.860843 0.47575 0.86356 0.48925 0.887822 0.490156 0.90267 0.486547 0.906721 0.46224999999999994 0.916159 0.446953 0.90267 0.43525 0.90808 0.424453 0.9040279999999999 0.424453 0.887822 0.424453 0.862201 0.42175
78 0.595012 0.457578 0.597307 0.467641 0.6037 0.471312 0.6037 0.478641 0.6197189999999999 0.477719 0.6183839999999999 0.457984 0.616066 0.45729699999999995 0.614895 0.455078 0.609016 0.454437 0.602342 0.453609 0.602342 0.457578 0.595012 0.457578
36 0.17526899999999998 0.700453 0.10599499999999999 0.726703 0.09423889929742388 0.753734 0.10304400000000001 0.771375 0.214028 0.769406 0.238103 0.723578 0.203466 0.703203 0.17526899999999998 0.700453
36 0.588759 0.599609 0.581733 0.607266 0.565785 0.6132340000000001 0.565152 0.6191880000000001 0.56897 0.6208910000000001 0.574075 0.622594 0.574731 0.623875 0.581101 0.628562 0.591311 0.629406 0.607916 0.6323909999999999 0.6123649999999999 0.632812 0.6213110000000001 0.626 0.632787 0.623453 0.648735 0.616641 0.653841 0.611109 0.648735 0.607703 0.644918 0.596203 0.6468379999999999 0.590672 0.647471 0.5859840000000001 0.648103 0.5778909999999999 0.648735 0.568953 0.6391800000000001 0.565125 0.632155 0.580453 0.6129979999999999 0.580875 0.595785 0.595344 0.588759 0.599609
12 0.08932080093676815 0.5015780000000001 0.08838410070257612 0.511688 0.09482440046838407 0.511688 0.09847780093676815 0.514437 0.113162 0.514437 0.160398 0.511062 0.165902 0.493016 0.12416899999999999 0.49790599999999996 0.123255 0.491484 0.09573770023419204 0.500047 0.09526929976580796 0.49882799999999994 0.08932080093676815 0.5015780000000001
12 0.134941 0.602781 0.10445 0.5989530000000001 0.09449650117096019 0.6025780000000001 0.08393440046838409 0.602984 0.07850119906323186 0.603391 0.06943789929742389 0.603594 0.05735359953161592 0.607625 0.05704919906323185 0.6102339999999999 0.05735359953161592 0.6108439999999999 0.09962529976580796 0.6138589999999999 0.134941 0.602781
36 0.645269 0.6381249999999999 0.644262 0.641125 0.644262 0.644984 0.6457609999999999 0.6461560000000001 0.650281 0.647984 0.659063 0.648828 0.683138 0.648328 0.706206 0.645984 0.729789 0.642141 0.7292970000000001 0.638953 0.7290399999999999 0.635109 0.728548 0.632094 0.725269 0.628078 0.724028 0.627406 0.722014 0.622891 0.721265 0.619203 0.718759 0.614516 0.712225 0.6115160000000001 0.700445 0.612016 0.691663 0.6125160000000001 0.676628 0.612344 0.6683370000000001 0.612344 0.658314 0.612187 0.65178 0.613016 0.649789 0.615031 0.6465110000000001 0.620047 0.6450119999999999 0.625734 0.6462760000000001 0.631766 0.645269 0.6381249999999999
22 0.7932549999999999 0.895344 0.801171 0.890938 0.8077749999999999 0.88125 0.8117329999999999 0.875078 0.822295 0.878594 0.8658549999999999 0.8847659999999999 0.8790629999999999 0.883891 0.88171 0.880359 0.8790629999999999 0.8706720000000001 0.8751049999999999 0.8697969999999999 0.864543 0.8697969999999999 0.8473769999999999 0.8706720000000001 0.8341689999999999 0.868906 0.8209839999999999 0.865391 0.818337 0.8627499999999999 0.818337 0.8504060000000001 0.814379 0.839844 0.813044 0.824859 0.814379 0.8125310000000001 0.818337 0.8107659999999999 0.8288989999999999 0.817812 0.8394609999999999 0.8283910000000001 0.857939 0.832797 0.88171 0.8442500000000001 0.88171 0.835437 0.897564 0.732375 0.8605849999999999 0.742063 0.79192 0.764969 0.786651 0.774656 0.781358 0.793156 0.778735 0.8107659999999999 0.784005 0.8266249999999999 0.785316 0.840719 0.79192 0.8662660000000001 0.7774 0.88125 0.7932549999999999 0.895344
36 0.236042 0.717313 0.23264600000000002 0.721187 0.22634700000000002 0.7618750000000001 0.231686 0.7635 0.267986 0.768344 0.273794 0.773187 0.287354 0.7773909999999999 0.32803299999999996 0.772547 0.38126499999999997 0.764141 0.409344 0.741203 0.409344 0.728297 0.414192 0.709562 0.414684 0.702125 0.40016399999999996 0.6940470000000001 0.39967199999999997 0.682109 0.392412 0.669187 0.38175600000000004 0.665312 0.347869 0.6640159999999999 0.32318500000000006 0.6640159999999999 0.312037 0.663687 0.25637 0.680813 0.24911 0.685016 0.24330200000000002 0.688562 0.239906 0.694375 0.239906 0.706656 0.236042 0.717313