52 0.781813 0.56972 0.783307 0.56296 0.77544 0.55876 0.778453 0.5551 0.78144 0.545 0.787813 0.54302 0.8042929999999999 0.54218 0.808773 0.53432 0.8012800000000001 0.5317799999999999 0.803547 0.52224 0.790053 0.52758 0.7919200000000001 0.51522 0.78144 0.52112 0.775813 0.52252 0.7720799999999999 0.53038 0.759707 0.53066 0.764587 0.54472 0.76984 0.55004 0.770587 0.561 0.759707 0.56044 0.752213 0.5638200000000001 0.7496 0.5649400000000001 0.7488530000000001 0.57028 0.75448 0.5775800000000001 0.77544 0.57786 0.781813 0.56972
76 0.09645330133333332 0.3836 0.08512 0.38998 0.08938669866666667 0.44632 0.12624000000000002 0.45058 0.13616 0.5271 0.154587 0.5366799999999999 0.18575999999999998 0.53242 0.184347 0.51754 0.201333 0.51648 0.207013 0.5271 0.258027 0.51966 0.259467 0.49948000000000004 0.31048000000000003 0.48884 0.30056 0.37510000000000004 0.09645330133333332 0.3836
22 0.46429299999999996 0.78104 0.472 0.7717999999999999 0.461227 0.7371599999999999 0.45042699999999997 0.7290800000000001 0.448907 0.6944199999999999 0.455067 0.6863400000000001 0.455067 0.68172 0.425787 0.67826 0.35496000000000005 0.70598 0.294907 0.6863400000000001 0.265653 0.69674 0.25024 0.64708 0.25949300000000003 0.63552 0.254853 0.62974 0.15632 0.6517000000000001 0.153227 0.59394 0.13322699999999998 0.56508 0.11936 0.55814 0.103947 0.55006 0.07930669866666666 0.52464 0.01464 0.50156 0.0007733333333333332 0.50502 0.005413330666666667 0.7464 0.0038666693333333337 0.8064600000000001 0.060826698666666665 0.81108 0.09933330133333333 0.81684 0.17016 0.84456 0.19018700000000002 0.85034 0.20712 0.84802 0.21176 0.9127000000000001 0.224133 0.92564 0.44253299999999995 0.8265 0.449173 0.82432 0.467387 0.88614 0.47661299999999995 0.88498 0.46429299999999996 0.78104
24 0.222827 0.9997 0.21248000000000003 0.92734 0.446773 0.82484 0.470907 0.89376 0.478933 0.8705 0.458267 0.7904 0.47434699999999996 0.77488 0.46056 0.73612 0.442187 0.69736 0.46170700000000003 0.6775599999999999 0.43416 0.6784199999999999 0.35490700000000003 0.70426 0.3216 0.6913400000000001 0.29288 0.68616 0.259573 0.6982200000000001 0.25154699999999997 0.6474 0.26416 0.6310399999999999 0.22626700000000002 0.6310399999999999 0.18952 0.6387999999999999 0.156213 0.65946 0.140133 0.5785 0.11832 0.55352 0.09189329866666666 0.5294 0.04365330133333333 0.51044 0 0.49666000000000005 0.0011733306666666665 0.77816 0.003466669333333333 0.90392 0.172293 0.93578 0.190667 0.99522 0.222827 0.9997
9 0.990107 0.6117 0.968373 0.6524800000000001 0.965653 0.65452 0.976507 0.65452 0.988747 0.6637000000000001 0.975173 0.67798 0.9738129999999999 0.71876 0.968373 0.7248600000000001 0.9670130000000001 0.7340399999999999 0.971093 0.73812 0.9574929999999999 0.77278 0.938453 0.76462 0.927573 0.7697200000000001 0.873227 0.8461799999999999 0.8718670000000001 0.8625 0.8922399999999999 0.86454 0.87592 0.8787999999999999 0.8772800000000001 0.87472 0.8460270000000001 0.8512799999999999 0.8433069999999999 0.77788 0.851467 0.7360800000000001 0.8433069999999999 0.66472 0.858267 0.6626799999999999 0.873227 0.6637000000000001 0.8868 0.65962 0.8936000000000001 0.6372000000000001 0.8868 0.6249600000000001 0.865067 0.61578 0.840587 0.60968 0.8011729999999999 0.60662 0.7590399999999999 0.61578 0.7454400000000001 0.63618 0.7549600000000001 0.6565599999999999 0.778053 0.66574 0.8079729999999999 0.66472 0.8174929999999999 0.66574 0.8269869999999999 0.69836 0.805253 0.69224 0.798453 0.7014199999999999 0.7834929999999999 0.68308 0.75632 0.67798 0.73456 0.68816 0.7209869999999999 0.70958 0.7101069999999999 0.75036 0.7101069999999999 0.80132 0.6897070000000001 0.81764 0.685627 0.82682 0.691067 0.84108 0.6897070000000001 0.84414 0.6965070000000001 0.85026 0.711467 0.86046 0.7101069999999999 0.8787999999999999 0.718267 0.91042 0.73728 0.9511799999999999 0.76312 0.9572999999999999 0.7753329999999999 0.95526 0.782133 0.9991 0.998267 0.9991 0.9955470000000001 0.84414 0.998267 0.7697200000000001 0.998267 0.6015199999999999 0.990107 0.6117
12 0.65032 0.5866 0.651413 0.59154 0.7342399999999999 0.59772 0.7408270000000001 0.59484 0.748507 0.594 0.758933 0.5804199999999999 0.757307 0.5804199999999999 0.672267 0.5755 0.65032 0.5866
12 0.7611469999999999 0.55326 0.739733 0.55262 0.74008 0.5568200000000001 0.7740799999999999 0.55696 0.7776529999999999 0.55338 0.7774669999999999 0.5492999999999999 0.7679469999999999 0.5495599999999999 0.7611469999999999 0.55326
54 0.681787 0.6430800000000001 0.6913069999999999 0.63432 0.6259469999999999 0.62588 0.6108 0.6301 0.611227 0.634 0.681787 0.6430800000000001
54 0.5783469999999999 0.6472 0.65296 0.6524800000000001 0.6567200000000001 0.64508 0.654827 0.6397999999999999 0.646373 0.63664 0.5797599999999999 0.63276 0.570827 0.64544 0.5783469999999999 0.6472
54 0.638987 0.6205 0.637467 0.62162 0.634773 0.62522 0.634773 0.63106 0.68752 0.63578 0.6997869999999999 0.63398 0.702187 0.62926 0.6997869999999999 0.6254400000000001 0.6890130000000001 0.62206 0.650373 0.6211599999999999 0.638987 0.6205
12 0.631653 0.72286 0.63072 0.70658 0.54864 0.6949 0.527893 0.70128 0.528827 0.73878 0.592987 0.74478 0.631653 0.72286
12 0.6672 0.69184 0.67168 0.69334 0.685547 0.68334 0.683867 0.68034 0.665013 0.6842 0.66336 0.68384 0.664693 0.69222 0.6672 0.69184
12 0.633173 0.68346 0.60816 0.67834 0.600827 0.6777 0.597813 0.6792 0.59432 0.69172 0.64568 0.69822 0.65168 0.69746 0.65152 0.68758 0.650027 0.6862 0.633173 0.68346
12 0.49922700000000003 0.43706 0.501387 0.39096 0.494907 0.38836000000000004 0.477147 0.38966 0.47975999999999996 0.40038 0.49144 0.40558 0.490133 0.43901999999999997 0.49922700000000003 0.43706
12 0.454827 0.44239999999999996 0.46559999999999996 0.44177999999999995 0.46768 0.44022 0.464773 0.40232 0.452773 0.40108 0.454827 0.44239999999999996