10 0.469203 0.6155809999999999 0.472875 0.6236929999999999 0.47898399999999997 0.624108 0.482344 0.618008 0.472266 0.608278 0.469203 0.6155809999999999
10 0.711656 0.526141 0.714109 0.528589 0.719328 0.52778 0.722703 0.524917 0.722703 0.518008 0.718703 0.518817 0.717781 0.5208510000000001 0.715031 0.524108 0.711031 0.525747 0.704281 0.521266 0.7045939999999999 0.52166 0.704906 0.524523 0.707656 0.526971 0.710734 0.526141 0.711656 0.526141
10 0.657062 0.5190870000000001 0.660172 0.520581 0.661859 0.523195 0.664687 0.524336 0.664687 0.521328 0.662141 0.515705 0.659609 0.5149590000000001 0.656781 0.5149590000000001 0.654531 0.516826 0.653672 0.5190870000000001 0.652266 0.521328 0.65 0.524336 0.65 0.5280710000000001 0.652547 0.52471 0.655375 0.519461 0.657062 0.5190870000000001
10 0.524031 0.514398 0.520797 0.510104 0.515969 0.516535 0.514359 0.518672 0.509516 0.518672 0.519187 0.525104 0.524031 0.514398
10 0.496641 0.527344 0.49885900000000005 0.527884 0.5004839999999999 0.523568 0.496641 0.522759 0.49704699999999996 0.526535 0.496641 0.527344
10 0.691828 0.5666800000000001 0.6925 0.561017 0.692891 0.558693 0.699172 0.557469 0.698109 0.556037 0.690094 0.556037 0.6882189999999999 0.560643 0.6870160000000001 0.5588799999999999 0.6856880000000001 0.553734 0.683141 0.553921 0.682203 0.557095 0.683938 0.559066 0.683281 0.56029 0.6809999999999999 0.557469 0.678328 0.557469 0.677672 0.558693 0.681813 0.561183 0.681937 0.564191 0.684609 0.567739 0.686484 0.568465 0.6868909999999999 0.570581 0.685547 0.572531 0.687281 0.572884 0.686484 0.572718 0.69075 0.572365 0.691828 0.5666800000000001
10 0.727547 0.5673649999999999 0.7288439999999999 0.567531 0.729781 0.567531 0.730016 0.567531 0.730375 0.567531 0.7306090000000001 0.56722 0.730844 0.566743 0.730844 0.5662659999999999 0.730844 0.5661200000000001 0.730844 0.565166 0.730969 0.5642320000000001 0.731094 0.562822 0.731094 0.561888 0.732031 0.5617219999999999 0.7325 0.5611 0.7325 0.560311 0.733328 0.559378 0.733688 0.559378 0.734281 0.560311 0.7349840000000001 0.5607880000000001 0.736281 0.5607880000000001 0.7365160000000001 0.56 0.737703 0.559834 0.737937 0.559046 0.738641 0.5582779999999999 0.739 0.5582779999999999 0.7399530000000001 0.5582779999999999 0.741359 0.557946 0.741719 0.5576350000000001 0.7407809999999999 0.5562239999999999 0.739 0.555768 0.738641 0.554668 0.737937 0.55388 0.736281 0.553714 0.734391 0.55388 0.733094 0.554025 0.7319060000000001 0.554357 0.730844 0.554979 0.729313 0.555602 0.727656 0.556535 0.727422 0.557801 0.727422 0.5582779999999999 0.726953 0.559046 0.7255309999999999 0.5589 0.723531 0.5587340000000001 0.721984 0.5587340000000001 0.720688 0.559212 0.720453 0.560456 0.720453 0.562344 0.7209220000000001 0.563133 0.721391 0.5639209999999999 0.722453 0.564544 0.723172 0.564544 0.7249380000000001 0.564544 0.726 0.564544 0.726719 0.5653320000000001 0.726719 0.5668880000000001 0.727547 0.5673649999999999
10 0.777688 0.572905 0.776297 0.574772 0.7730159999999999 0.574772 0.768813 0.574772 0.766016 0.576017 0.767875 0.5791080000000001 0.768813 0.5815980000000001 0.772547 0.5834649999999999 0.774891 0.5834649999999999 0.775359 0.5815980000000001 0.777219 0.5778840000000001 0.7800309999999999 0.572282 0.777688 0.572905
10 0.709344 0.583195 0.710391 0.578797 0.715562 0.579232 0.716453 0.5738800000000001 0.707562 0.57334 0.710797 0.570021 0.708375 0.5676559999999999 0.700781 0.578797 0.699656 0.587158 0.701109 0.586411 0.7045 0.582552 0.709344 0.583195
10 0.739938 0.520539 0.742438 0.51888 0.743938 0.517884 0.747672 0.517884 0.749422 0.521867 0.752672 0.521867 0.7551720000000001 0.522531 0.757422 0.521867 0.759922 0.521535 0.761672 0.521535 0.762172 0.51888 0.759422 0.518216 0.755422 0.515228 0.7521720000000001 0.514232 0.7489220000000001 0.5139 0.743687 0.512241 0.739687 0.515892 0.735187 0.523195 0.739938 0.520539
10 0.494328 0.592718 0.496469 0.592718 0.49704699999999996 0.59556 0.498406 0.600187 0.506344 0.5989 0.5065470000000001 0.597365 0.502672 0.5960789999999999 0.506344 0.587324 0.505375 0.584751 0.499953 0.594274 0.496266 0.588859 0.494328 0.592718
10 0.510516 0.582842 0.512281 0.583714 0.5153749999999999 0.586639 0.517359 0.58751 0.520656 0.58722 0.518672 0.584295 0.515594 0.58166 0.515594 0.580207 0.516906 0.5781540000000001 0.515813 0.5766800000000001 0.513172 0.5775730000000001 0.511188 0.574336 0.5078750000000001 0.569959 0.506328 0.567905 0.505672 0.569066 0.505891 0.573174 0.507219 0.5761000000000001 0.50875 0.580498 0.510516 0.582842
10 0.537531 0.575041 0.542859 0.575041 0.547531 0.575477 0.551859 0.582116 0.547531 0.572822 0.553859 0.562199 0.552859 0.562199 0.541188 0.571058 0.535187 0.572822 0.534516 0.58168 0.538188 0.575477 0.537531 0.575041
37 0.21054699999999998 0.612905 0.200828 0.615062 0.191109 0.625809 0.19921899999999998 0.630104 0.197594 0.6494610000000001 0.21217199999999997 0.658071 0.21217199999999997 0.6430079999999999 0.21379700000000001 0.630104 0.221891 0.634398 0.221891 0.6494610000000001 0.221891 0.662365 0.22835899999999998 0.658071 0.22835899999999998 0.647303 0.234844 0.636556 0.23646899999999998 0.655913 0.239703 0.655913 0.239703 0.645166 0.239703 0.638714 0.241328 0.634398 0.251047 0.6279669999999999 0.254281 0.623651 0.244563 0.60861 0.234844 0.606452 0.233219 0.6171989999999999 0.233219 0.634398 0.223516 0.634398 0.220266 0.6215149999999999 0.21379700000000001 0.6171989999999999 0.205687 0.6215149999999999 0.194359 0.625809 0.21054699999999998 0.612905
50 0.220203 0.58751 0.219781 0.5897509999999999 0.216812 0.596784 0.21554700000000002 0.5998760000000001 0.21532800000000002 0.604917 0.217234 0.609979 0.21914099999999997 0.613071 0.218938 0.6158710000000001 0.222312 0.618693 0.224641 0.624025 0.225906 0.6274069999999999 0.23035899999999998 0.632178 0.233109 0.633859 0.23732799999999998 0.63471 0.23628100000000002 0.631058 0.23732799999999998 0.623174 0.234375 0.6150410000000001 0.231203 0.6102700000000001 0.22907799999999998 0.606328 0.228031 0.598465 0.226328 0.592573 0.22696900000000003 0.58722 0.227188 0.583299 0.224859 0.5807680000000001 0.22379699999999997 0.581328 0.220625 0.5838589999999999 0.220203 0.58751
50 0.575828 0.568485 0.571688 0.5736929999999999 0.572375 0.5789000000000001 0.577219 0.5819500000000001 0.575609 0.585934 0.5822809999999999 0.592054 0.5809059999999999 0.5990869999999999 0.583672 0.600913 0.588047 0.598776 0.588047 0.587759 0.584125 0.584087 0.581828 0.579813 0.582984 0.575519 0.580453 0.570892 0.579906 0.567178 0.579906 0.5627179999999999 0.576828 0.560124 0.57675 0.559917 0.574453 0.5639 0.575828 0.568485
50 0.866125 0.5580080000000001 0.865875 0.5619919999999999 0.865625 0.568963 0.865875 0.57029 0.8723750000000001 0.575249 0.875625 0.579564 0.8778750000000001 0.58388 0.8801249999999999 0.5842120000000001 0.8788750000000001 0.573921 0.8778750000000001 0.565975 0.8778750000000001 0.56166 0.875625 0.549378 0.875625 0.549046 0.873625 0.549046 0.8711249999999999 0.550705 0.868625 0.554357 0.866125 0.5580080000000001
50 0.6415 0.5736100000000001 0.639516 0.570083 0.638172 0.567427 0.636344 0.562137 0.634359 0.5630080000000001 0.633687 0.5676559999999999 0.6311880000000001 0.569855 0.6305310000000001 0.578921 0.633516 0.585104 0.639016 0.587967 0.6415 0.593714 0.6445000000000001 0.593714 0.6415 0.5736100000000001
37 0.561906 0.616224 0.563406 0.61556 0.567375 0.6082989999999999 0.569625 0.615892 0.571359 0.615892 0.572109 0.6139209999999999 0.568875 0.610622 0.568375 0.6043360000000001 0.582547 0.602033 0.5832970000000001 0.6076349999999999 0.5832970000000001 0.6129249999999999 0.5845469999999999 0.61722 0.585781 0.613257 0.586781 0.603008 0.589766 0.599378 0.590266 0.59444 0.591266 0.586183 0.593 0.579564 0.59375 0.5769289999999999 0.59225 0.574295 0.587031 0.5752700000000001 0.584797 0.579564 0.585531 0.585519 0.586031 0.5927800000000001 0.581813 0.593112 0.578828 0.5901449999999999 0.575844 0.585519 0.573344 0.5838589999999999 0.568875 0.585519 0.562156 0.590788 0.558172 0.599378 0.555438 0.604668 0.559422 0.6007049999999999 0.563406 0.598071 0.5658909999999999 0.601037 0.566391 0.604668 0.5614060000000001 0.614253 0.561906 0.616224
37 0.8704219999999999 0.585456 0.872547 0.588859 0.8717029999999999 0.59056 0.868078 0.592261 0.8691409999999999 0.596805 0.872547 0.5970749999999999 0.876828 0.5911200000000001 0.8772500000000001 0.584315 0.8798130000000001 0.582054 0.878109 0.577801 0.8785310000000001 0.573548 0.880875 0.573548 0.881953 0.571846 0.8815160000000001 0.567324 0.8774689999999999 0.558257 0.8772500000000001 0.563071 0.876609 0.5698759999999999 0.874047 0.570145 0.8663589999999999 0.569585 0.8629530000000001 0.565622 0.858469 0.572137 0.858672 0.57583 0.8533440000000001 0.583755 0.8529220000000001 0.591701 0.855469 0.589419 0.8595309999999999 0.581494 0.8612339999999999 0.59027 0.863594 0.598506 0.867 0.596805 0.8646559999999999 0.588299 0.869563 0.585747 0.8704219999999999 0.585456
37 0.648516 0.579046 0.648516 0.575187 0.6460779999999999 0.5745439999999999 0.642672 0.57583 0.642672 0.578402 0.6431560000000001 0.5809960000000001 0.6431560000000001 0.582925 0.6441410000000001 0.589378 0.643656 0.593257 0.642188 0.5939 0.636359 0.584855 0.632953 0.584855 0.624203 0.585498 0.620812 0.590664 0.619344 0.599066 0.614969 0.606162 0.621781 0.604876 0.62275 0.6029249999999999 0.625188 0.609378 0.625672 0.618423 0.627125 0.6177800000000001 0.627125 0.612614 0.629063 0.606162 0.633922 0.6029249999999999 0.642188 0.602282 0.641219 0.6119709999999999 0.64025 0.617137 0.644625 0.617137 0.643656 0.606805 0.6431560000000001 0.601639 0.643656 0.595187 0.6470469999999999 0.588734 0.649969 0.588734 0.649484 0.582282 0.648516 0.579046
37 0.0507656 0.671224 0.0558438 0.659979 0.0558438 0.668983 0.0744688 0.668983 0.07784379999999999 0.657739 0.0913906 0.6757259999999999 0.10154700000000001 0.6757259999999999 0.10154700000000001 0.655498 0.0930781 0.639772 0.103234 0.633029 0.10154700000000001 0.6150410000000001 0.0761563 0.610539 0.0541562 0.621784 0.030468699999999998 0.633029 0.025390600000000003 0.662241 0.030468699999999998 0.668983 0.0473906 0.653237 0.044 0.671224 0.0507656 0.671224
37 0.817156 0.571017 0.8142189999999999 0.576784 0.8105779999999999 0.5819920000000001 0.808906 0.585145 0.807781 0.587365 0.807781 0.589046 0.80975 0.5877389999999999 0.812125 0.586805 0.8136559999999999 0.585519 0.8143589999999999 0.583278 0.815203 0.582531 0.8168749999999999 0.5834649999999999 0.8175779999999999 0.587552 0.820375 0.597033 0.8223280000000001 0.601846 0.823734 0.601846 0.8238749999999999 0.60056 0.8227499999999999 0.594046 0.8215 0.591639 0.8227499999999999 0.589959 0.824437 0.587552 0.826812 0.586805 0.8291869999999999 0.5884849999999999 0.830859 0.590892 0.830453 0.592573 0.8284840000000001 0.593506 0.828203 0.5944189999999999 0.8301719999999999 0.5966600000000001 0.8314220000000001 0.597407 0.831984 0.594232 0.833109 0.590519 0.8328279999999999 0.5842120000000001 0.8332499999999999 0.578257 0.833391 0.5745439999999999 0.8359059999999999 0.5734440000000001 0.8372970000000001 0.5734440000000001 0.837016 0.570643 0.836328 0.565643 0.835625 0.563402 0.8336560000000001 0.562116 0.8310000000000001 0.563589 0.8284840000000001 0.5674899999999999 0.826672 0.5701039999999999 0.822891 0.5713900000000001 0.821766 0.569544 0.8215 0.56861 0.819812 0.5702699999999999 0.817156 0.571017
10 0.771938 0.559191 0.774047 0.560124 0.774609 0.558091 0.773062 0.5562239999999999 0.773766 0.551577 0.7727809999999999 0.54917 0.7727809999999999 0.542303 0.7691410000000001 0.5434019999999999 0.770266 0.5478630000000001 0.770406 0.551203 0.768719 0.548797 0.766766 0.54861 0.766766 0.5495439999999999 0.768031 0.551763 0.768594 0.552884 0.767047 0.5540039999999999 0.766062 0.555477 0.765656 0.556971 0.763969 0.557158 0.763547 0.5582779999999999 0.764391 0.5595640000000001 0.765922 0.560871 0.770125 0.558465 0.771938 0.559191
50 0.8305 0.550934 0.8303280000000001 0.550934 0.8272030000000001 0.5518460000000001 0.826859 0.555539 0.822688 0.556929 0.8214689999999999 0.5606220000000001 0.816609 0.559689 0.817484 0.564295 0.815563 0.5636099999999999 0.8098280000000001 0.5626969999999999 0.8098280000000001 0.567531 0.816609 0.5682159999999999 0.821641 0.567531 0.822344 0.570539 0.8350310000000001 0.576079 0.837453 0.5726140000000001 0.8365940000000001 0.561763 0.8305 0.559232 0.831031 0.555083 0.8305 0.550934
50 0.0713437 0.631037 0.0682813 0.6244190000000001 0.0690469 0.6213690000000001 0.0717187 0.617822 0.0724844 0.614772 0.0701875 0.6096889999999999 0.0690469 0.603071 0.0709531 0.595954 0.0713437 0.5924069999999999 0.0678906 0.5883200000000001 0.0655937 0.5883200000000001 0.0625313 0.589855 0.0617656 0.596971 0.0594688 0.598506 0.05832810000000001 0.605622 0.0564063 0.624938 0.0602344 0.6315350000000001 0.0663594 0.635602 0.0690469 0.650353 0.0701875 0.652386 0.072875 0.6483199999999999 0.0713437 0.631037