13 0.66602 0.240948 0.66338 0.23556599999999997 0.66206 0.21275199999999997 0.65636 0.21275199999999997 0.65636 0.23156 0.6533 0.24296600000000002 0.65416 0.278532 0.65944 0.279878 0.6567999999999999 0.279205 0.66426 0.279205 0.66602 0.240948
13 0.67614 0.202752 0.6769400000000001 0.23486200000000002 0.67896 0.283028 0.70038 0.281162 0.69674 0.209541 0.6935 0.19039799999999998 0.6922999999999999 0.18235500000000002 0.69068 0.18235500000000002 0.68704 0.181743 0.67614 0.202752
13 0.70192 0.206758 0.70052 0.213211 0.6991 0.286483 0.71884 0.286483 0.71884 0.193823 0.70896 0.193823 0.70192 0.206758
13 0.71884 0.276453 0.72004 0.281376 0.72812 0.28015300000000004 0.74226 0.28263 0.74226 0.262875 0.74146 0.24617700000000003 0.73984 0.238165 0.7394400000000001 0.22828700000000002 0.7410399999999999 0.20789 0.73984 0.198624 0.7362000000000001 0.19183499999999998 0.73458 0.185046 0.73378 0.17578 0.72852 0.175168 0.72852 0.177034 0.72772 0.186911 0.72448 0.19553500000000001 0.7208600000000001 0.207278 0.71964 0.22333300000000003 0.72126 0.233211 0.71924 0.240642 0.71964 0.277676 0.71884 0.276453
13 0.7411599999999999 0.24620799999999998 0.74394 0.28308900000000004 0.76344 0.28168200000000004 0.7587999999999999 0.19798200000000002 0.75138 0.180948 0.74394 0.18945 0.74024 0.21214100000000002 0.74394 0.277431 0.7411599999999999 0.24620799999999998
13 0.76214 0.271284 0.76642 0.28156000000000003 0.78662 0.286239 0.78416 0.266606 0.78416 0.251621 0.7854 0.206697 0.7817200000000001 0.191713 0.7811 0.180489 0.7756000000000001 0.171101 0.76458 0.171101 0.76948 0.19076500000000002 0.76152 0.202936 0.7596799999999999 0.21510700000000002 0.7609 0.24975499999999998 0.7639600000000001 0.270336 0.76214 0.271284
13 0.77676 0.44229399999999996 0.776 0.43189600000000006 0.77526 0.424954 0.77224 0.420336 0.7699600000000001 0.420336 0.76922 0.422661 0.7669400000000001 0.426116 0.7639199999999999 0.44113100000000005 0.76166 0.45152899999999996 0.76166 0.46308900000000003 0.76166 0.47578000000000004 0.7639199999999999 0.479235 0.77374 0.47810400000000003 0.7745 0.466544 0.77676 0.44574899999999995 0.77526 0.44345599999999996 0.77676 0.44229399999999996
13 0.784 0.24886899999999998 0.78814 0.281315 0.80264 0.282875 0.80212 0.214862 0.7969400000000001 0.189572 0.78918 0.189572 0.78608 0.202202 0.784 0.24886899999999998
13 0.79028 0.481407 0.78884 0.45003099999999996 0.7869400000000001 0.42816499999999996 0.77836 0.43107 0.7788200000000001 0.477034 0.79028 0.481407
13 0.8021 0.43984700000000004 0.80138 0.45908299999999996 0.80138 0.47666700000000006 0.8015599999999999 0.47749199999999997 0.81062 0.479174 0.8137000000000001 0.47862400000000005 0.81478 0.453547 0.81424 0.44522899999999993 0.8123400000000001 0.438318 0.8117000000000001 0.433333 0.8120599999999999 0.429174 0.81052 0.428073 0.8024600000000001 0.43000000000000005 0.80318 0.433884 0.8021 0.43984700000000004
3 0.42163999999999996 0.9882259999999999 0.44933999999999996 0.9670639999999999 0.48166000000000003 0.929419 0.49857999999999997 0.8705809999999999 0.4878 0.8611619999999999 0.45396 0.8611619999999999 0.42010000000000003 0.882355 0.36469999999999997 0.927064 0.30313999999999997 0.976483 0.42163999999999996 0.9882259999999999
3 0.31545999999999996 0.9475229999999999 0.32776 0.923976 0.3447 0.88633 0.35086 0.867523 0.36932 0.848685 0.38624 0.8251679999999999 0.4001 0.81104 0.41548 0.785168 0.42163999999999996 0.747523 0.41856 0.73104 0.41548 0.7263299999999999 0.39702 0.73104 0.37086 0.7428130000000001 0.34624 0.756942 0.33238 0.77104 0.3093 0.794587 0.29546 0.832232 0.28622000000000003 0.855749 0.27698 0.8839760000000001 0.27083999999999997 0.912232 0.26468 0.942813 0.26314 0.961621 0.26314 0.980459 0.32316 0.961621 0.317 0.959266 0.31545999999999996 0.9475229999999999
3 0.40748 0.698563 0.42248 0.727278 0.4591 0.760275 0.5004 0.777492 0.53324 0.783242 0.5764199999999999 0.783242 0.61678 0.781804 0.63086 0.7559939999999999 0.6365 0.728716 0.6336799999999999 0.717217 0.62242 0.702875 0.61022 0.702875 0.5295 0.697125 0.48162 0.678471 0.44877999999999996 0.656942 0.41028 0.654067 0.4056 0.662691 0.40184 0.671315 0.40748 0.698563
3 0.5478200000000001 0.841957 0.5970599999999999 0.8984399999999999 0.7293999999999999 0.987829 0.83096 0.987829 0.84482 0.98315 0.82174 0.93844 0.75248 0.867829 0.72016 0.8513759999999999 0.66016 0.8184400000000001 0.5862999999999999 0.797248 0.55398 0.811376 0.5478200000000001 0.841957
3 0.61712 0.7802749999999999 0.6081799999999999 0.785229 0.59842 0.785229 0.585 0.787095 0.5841799999999999 0.79208 0.5915 0.8007949999999999 0.60004 0.8063910000000001 0.61184 0.80948 0.6293200000000001 0.815076 0.6582 0.8213149999999999 0.66186 0.820673 0.66144 0.807615 0.6582 0.797064 0.6480199999999999 0.780887 0.6309400000000001 0.7572479999999999 0.61712 0.7802749999999999
1 0.55706 0.889419 0.53244 0.891774 0.50012 0.901162 0.48934 0.934128 0.48625999999999997 0.974128 0.48625999999999997 0.983517 0.5924400000000001 0.9882259999999999 0.5924400000000001 0.981162 0.58168 0.9317739999999999 0.55706 0.889419
1 0.45777999999999996 0.8451989999999999 0.47468 0.833914 0.48206 0.8258409999999999 0.49262 0.8145260000000001 0.49474 0.8032420000000001 0.49368 0.7822319999999999 0.48734 0.7660859999999999 0.47468 0.759633 0.45356 0.745107 0.43982 0.737034 0.4335 0.740275 0.42716000000000004 0.75156 0.42081999999999997 0.767706 0.41554 0.7967580000000001 0.42610000000000003 0.812905 0.45038 0.853272 0.45777999999999996 0.8451989999999999
1 0.36542 0.9309480000000001 0.39752 0.903272 0.43618 0.881896 0.43864 0.8755959999999999 0.43864 0.8630279999999999 0.43206 0.815229 0.40327999999999997 0.798869 0.38024 0.8172780000000001 0.3679 0.8374010000000001 0.34158 0.8864829999999999 0.35556 0.932997 0.36542 0.9309480000000001
1 0.69862 0.846269 0.73556 0.8624160000000001 0.73556 0.8591740000000001 0.7323999999999999 0.841437 0.71762 0.817217 0.68172 0.802661 0.66272 0.8155959999999999 0.69862 0.846269
50 0.85396 0.999939 0.8729 0.999939 0.97 0.997523 0.96526 0.9854430000000001 0.96762 0.964924 0.96684 0.940795 0.97472 0.9311309999999999 0.97472 0.902171 0.9810399999999999 0.8888990000000001 0.98262 0.87682 0.9771 0.858716 0.9810399999999999 0.8237309999999999 0.99762 0.8249240000000001 0.9992000000000001 0.738012 0.9992000000000001 0.707859 1 0.501468 0.99998 0.42058100000000004 0.98894 0.39767600000000003 0.96604 0.378349 0.94236 0.366269 0.92184 0.361468 0.92184 0.351804 0.9178999999999999 0.343364 0.9123600000000001 0.342141 0.9044800000000001 0.319205 0.9123600000000001 0.292661 0.90922 0.286636 0.91 0.273333 0.90922 0.257645 0.90606 0.23712499999999997 0.8918400000000001 0.208165 0.87764 0.19972499999999999 0.85948 0.197309 0.8460599999999999 0.202141 0.83028 0.208165 0.8184400000000001 0.225076 0.80108 0.25522900000000004 0.80186 0.276972 0.8058 0.29385300000000003 0.81292 0.309541 0.81764 0.32284399999999996 0.81764 0.345749 0.8231799999999999 0.348165 0.82948 0.371101 0.8468600000000001 0.385596 0.8579 0.386789 0.85948 0.394037 0.8452799999999999 0.422997 0.85554 0.443517 0.84696 0.49211 0.84402 0.521407 0.84696 0.5506730000000001 0.84548 0.620489 0.84402 0.6452600000000001 0.8410599999999999 0.688073 0.8351799999999999 0.708349 0.84402 0.7331190000000001 0.8337 0.75789 0.82928 0.800673 0.81898 0.906544 0.8263400000000001 0.944832 0.85396 0.999939
50 0.71866 0.669664 0.73484 0.671896 0.73778 0.647187 0.73924 0.591009 0.73484 0.546055 0.72896 0.523609 0.72748 0.505627 0.7319 0.487645 0.73336 0.462936 0.7319 0.435963 0.73336 0.417982 0.7319 0.4 0.72748 0.377523 0.71572 0.373028 0.70544 0.35055 0.69516 0.348318 0.69074 0.35055 0.68046 0.355046 0.6687 0.375291 0.66282 0.382018 0.6584 0.40449500000000005 0.65988 0.426972 0.65546 0.438196 0.6584 0.44495399999999996 0.66134 0.44945000000000007 0.66282 0.465168 0.6687 0.469664 0.6584 0.485382 0.64078 0.49437300000000006 0.62314 0.505627 0.6011 0.489878 0.56876 0.467401 0.56288 0.45844000000000007 0.55406 0.44718700000000006 0.5518 0.438012 0.52688 0.445474 0.52742 0.452936 0.53772 0.452936 0.54368 0.451284 0.53988 0.460398 0.54746 0.464526 0.55234 0.470336 0.61192 0.539908 0.64118 0.533272 0.64606 0.537401 0.64172 0.546514 0.63954 0.554801 0.63846 0.56474 0.63954 0.573853 0.64226 0.582141 0.64334 0.585443 0.6206 0.582966 0.61842 0.589602 0.61788 0.595382 0.6168 0.599541 0.6141 0.60367 0.61626 0.60948 0.62004 0.616086 0.62384 0.617737 0.62926 0.62107 0.63576 0.625199 0.639 0.628532 0.63576 0.644251 0.6493 0.643425 0.6558 0.655841 0.66664 0.678226 0.6850599999999999 0.695596 0.6856 0.703058 0.68234 0.707187 0.67856 0.703884 0.67314 0.702232 0.66934 0.703884 0.66772 0.708043 0.67096 0.711346 0.6801800000000001 0.71052 0.68396 0.71052 0.69156 0.712997 0.73218 0.738685 0.7319 0.737064 0.71866 0.669664
50 0.16166 0.973028 0.17636000000000002 0.8336999999999999 0.17930000000000001 0.759541 0.27336 0.898869 0.291 0.847187 0.25278 0.813486 0.21752000000000002 0.721346 0.194 0.631468 0.1984 0.582018 0.2322 0.555046 0.27042 0.474159 0.28512 0.4 0.23956 0.31911300000000004 0.17636000000000002 0.298869 0.1455 0.343823 0.11758 0.375291 0.10876000000000001 0.411223 0.06172 0.431468 0 0.469664 0.00146 0.898869 0.02204 0.9707950000000001 0.1161 0.961804 0.11170000000000001 0.9820180000000001 0.15725999999999998 0.986514 0.16166 0.973028
50 0.35276 0.49896 0.36148 0.478196 0.36536 0.429266 0.36634 0.384801 0.33336 0.368502 0.313 0.396667 0.32368 0.45449500000000004 0.31106 0.479694 0.313 0.478196 0.31106 0.485627 0.31106 0.518226 0.29944 0.538991 0.32368 0.537492 0.37798 0.570122 0.36924 0.51526 0.35276 0.49896
50 0.34306 0.639817 0.33434 0.648716 0.34306 0.688746 0.36828 0.681315 0.37216 0.657584 0.40512 0.65315 0.38476 0.630917 0.39154 0.607187 0.36828 0.605719 0.3518 0.629419 0.34306 0.639817
50 0.30872 0.737248 0.3292 0.645535 0.33652 0.607492 0.36284 0.618685 0.41552 0.629878 0.41552 0.56948 0.43454 0.502355 0.43014 0.466544 0.3965 0.4688069999999999 0.39504 0.48893000000000003 0.38332 0.518012 0.36724 0.56052 0.35992 0.558287 0.3292 0.538135 0.30724 0.53367 0.30872 0.513547 0.31018 0.4732720000000001 0.30724 0.424037 0.29554 0.401682 0.26628 0.415107 0.26628 0.4688069999999999 0.25018 0.504587 0.2341 0.549327 0.21068 0.576177 0.18728 0.585138 0.1902 0.638807 0.2063 0.701468 0.2414 0.790948 0.27944 0.8491129999999999 0.30432 0.795413 0.30872 0.737248
50 0.22238 0.8212540000000002 0.19752 0.7832110000000001 0.1785 0.767554 0.17118 0.789939 0.16386 0.870459 0.16386 0.9308559999999999 0.17118 0.982324 0.17996 0.9811009999999999 0.24288 0.973364 0.27068 0.9442810000000001 0.27214 0.904006 0.26774 0.8838840000000001 0.25312 0.865994 0.22238 0.8212540000000002
13 0.7916799999999999 0.47795099999999996 0.801 0.47749199999999997 0.8012999999999999 0.452966 0.8012999999999999 0.429786 0.78964 0.428012 0.78818 0.44718700000000006 0.7911 0.47749199999999997 0.7916799999999999 0.47795099999999996
13 0.67004 0.234281 0.6662 0.244557 0.666 0.278379 0.6746599999999999 0.282202 0.6794600000000001 0.280459 0.6758 0.211927 0.67562 0.21104 0.6702400000000001 0.21104 0.67004 0.234281
1 0.61454 0.9049849999999999 0.61158 0.9029659999999999 0.60434 0.8984399999999999 0.5958 0.8939140000000001 0.58592 0.8878900000000001 0.5856 0.886881 0.58066 0.882355 0.5803400000000001 0.882355 0.5708 0.8773390000000001 0.5675 0.8707949999999999 0.56028 0.86526 0.55172 0.8853820000000001 0.55304 0.8899079999999999 0.56586 0.89896 0.57968 0.9150459999999999 0.58592 0.9311309999999999 0.5948 0.9296329999999999 0.61486 0.9074920000000001 0.61454 0.9049849999999999
1 0.49557999999999996 0.8674620000000001 0.49263999999999997 0.907951 0.49901999999999996 0.9004589999999999 0.52304 0.888471 0.51962 0.870459 0.5005 0.840459 0.47204 0.8359629999999999 0.45194 0.847217 0.44704 0.856208 0.44654000000000005 0.859205 0.44116000000000005 0.873456 0.45977999999999997 0.862232 0.47548 0.862966 0.49557999999999996 0.862966 0.49557999999999996 0.8674620000000001
13 0.7346 0.40571899999999994 0.74076 0.40345600000000004 0.74076 0.37844 0.73864 0.370979 0.73778 0.355076 0.7312000000000001 0.357034 0.731 0.366116 0.72972 0.373914 0.7346 0.40571899999999994