77 0.0803281 0.188763 0.0587812 0.208996 0.0862031 0.23595 0.31740599999999997 0.229211 0.319359 0.25168500000000005 0.319359 0.292133 0.33503099999999997 0.296631 0.352672 0.292133 0.352672 0.226971 0.5799369999999999 0.226971 0.6014999999999999 0.19999999999999998 0.585828 0.175287 0.513328 0.10112900000000001 0.36442199999999997 0.06068099999999999 0.344828 0.026971299283154122 0.29976600000000003 0.07865589964157706 0.207687 0.09213260035842294 0.0940469 0.188763 0.0803281 0.188763
50 0.41679700000000003 0.654785 0.423297 0.6473300000000001 0.415078 0.637903 0.410969 0.632007 0.41200000000000003 0.631219 0.411313 0.6210220000000001 0.406516 0.602957 0.404812 0.598638 0.404469 0.5943189999999999 0.408922 0.5813619999999999 0.40823400000000004 0.561326 0.408922 0.556237 0.40823400000000004 0.48437299999999994 0.40823400000000004 0.463566 0.412687 0.412903 0.408578 0.40779600000000005 0.40343799999999996 0.396022 0.38357800000000003 0.382276 0.34695299999999996 0.37129 0.346609 0.358333 0.347641 0.357545 0.353453 0.339875 0.350375 0.331237 0.350375 0.32141600000000004 0.345234 0.301004 0.329828 0.29 0.312031 0.287258 0.294906 0.299821 0.286687 0.319444 0.282594 0.331237 0.282594 0.350466 0.279156 0.359892 0.282594 0.37206100000000003 0.289438 0.37521499999999997 0.293891 0.379928 0.29182800000000003 0.383065 0.27676599999999996 0.396022 0.25621900000000003 0.41055600000000003 0.249031 0.43371 0.23876599999999998 0.476523 0.227813 0.496935 0.200766 0.558584 0.169609 0.613548 0.156938 0.615914 0.128531 0.617097 0.127844 0.620627 0.126469 0.6261289999999999 0.144953 0.642222 0.135375 0.652832 0.128531 0.674427 0.133313 0.6830649999999999 0.139484 0.673638 0.141187 0.674032 0.13810899999999998 0.683835 0.14325000000000002 0.686201 0.14940599999999998 0.681487 0.150781 0.686201 0.157281 0.685806 0.167219 0.672849 0.17132799999999998 0.6787460000000001 0.177484 0.677957 0.18562499999999998 0.6519349999999999 0.18562499999999998 0.644409 0.197922 0.6256090000000001 0.242188 0.5719890000000001 0.263516 0.531559 0.279906 0.508047 0.271719 0.569176 0.268437 0.592688 0.26187499999999997 0.655699 0.258594 0.7205729999999999 0.243828 0.738459 0.252031 0.746918 0.256141 0.765717 0.253672 0.771362 0.256953 0.8127420000000001 0.262688 0.843781 0.266797 0.855054 0.280734 0.9368820000000001 0.265969 0.9679030000000001 0.250391 0.973548 0.246297 0.9810749999999999 0.249578 0.9998920000000001 0.324187 1 0.320906 0.9810749999999999 0.315172 0.9594439999999999 0.312703 0.938763 0.315172 0.880448 0.315172 0.851308 0.326641 0.842832 0.339766 0.794875 0.342219 0.808978 0.340578 0.8419 0.34796900000000003 0.842832 0.38321900000000003 0.84095 0.397156 0.8832800000000001 0.419297 0.9378139999999999 0.419297 0.9481539999999999 0.41273400000000005 0.982025 0.414375 0.9998920000000001 0.457828 0.998011 0.461109 0.969785 0.457016 0.953799 0.45209400000000005 0.9472220000000001 0.444719 0.933118 0.445531 0.880448 0.433234 0.833441 0.429953 0.8259139999999999 0.43159400000000003 0.807097 0.438969 0.798638 0.42750000000000005 0.7732439999999999 0.419297 0.737509 0.428312 0.7083510000000001 0.41684400000000005 0.6613439999999999 0.41679700000000003 0.654785
50 0.06704689999999999 0.362832 0.06717189999999999 0.35953399999999996 0.0677188 0.354821 0.0678594 0.351541 0.06676560000000001 0.349337 0.0658125 0.34620100000000004 0.0641719 0.343369 0.0630781 0.341022 0.0615625 0.340699 0.060875 0.342115 0.05992189999999999 0.344785 0.059375 0.34698900000000005 0.0592344 0.350591 0.059656299999999995 0.354821 0.0606094 0.359857 0.061984399999999995 0.364086 0.0615625 0.368799 0.0615625 0.373351 0.0642969 0.376953 0.06676560000000001 0.376487 0.0677188 0.37491 0.06717189999999999 0.367849 0.06704689999999999 0.362832
50 0.138141 0.35007200000000005 0.137125 0.346541 0.137125 0.339086 0.127531 0.337509 0.12548399999999998 0.344982 0.127188 0.358728 0.126156 0.371685 0.14089100000000002 0.366971 0.14020300000000002 0.354785 0.138141 0.35007200000000005
50 0.5621267046875 0.6524910555555555 0.586719 0.661183 0.562109 0.517652 0.545687 0.569409 0.559280359375 0.647359724014337 0.5621267046875 0.6524910555555555
50 0.531328 0.651756 0.539531 0.672939 0.525172 0.701183 0.541594 0.70353 0.56825 0.66353 0.5621267046875 0.6524910555555555 0.560047 0.651756 0.559280359375 0.647359724014337 0.539531 0.611756 0.531328 0.651756
50 0.0095625 0.33672 0.0063750000000000005 0.33489199999999997 0.003875 0.33672 0.0052343796875000004 0.34272400000000003 0.0059218796875 0.34951600000000005 0.0059218796875 0.356057 0.010484400000000001 0.356846 0.0134375 0.355538 0.0134375 0.351362 0.014124999999999999 0.34638 0.0097968796875 0.338029 0.0095625 0.33672
50 0.0220781 0.35625399999999996 0.0215 0.35491 0.0202344 0.353369 0.018468699999999998 0.35306499999999996 0.0172187 0.353835 0.016875 0.356452 0.0148594 0.361057 0.0236875 0.361541 0.0235938 0.357688 0.0220781 0.35625399999999996
77 0.7994060000000001 0.31908600000000004 0.791734 0.356756 0.7974840000000001 0.359785 0.812359 0.355108 0.7994060000000001 0.31908600000000004
77 0.734375 0.34862 0.739437 0.34802900000000003 0.740953 0.339337 0.759656 0.336434 0.761672 0.332384 0.748031 0.324265 0.735891 0.3231 0.714156 0.328315 0.732859 0.33759900000000004 0.734375 0.34862
77 0.770328 0.369462 0.762172 0.360591 0.753594 0.355681 0.743719 0.35371 0.732141 0.356667 0.726562 0.362563 0.736422 0.367975 0.744141 0.368477 0.760016 0.369462 0.770328 0.369462
77 0.576438 0.349857 0.5919380000000001 0.35093199999999997 0.594172 0.345358 0.5919380000000001 0.340215 0.580734 0.335305 0.5702659999999999 0.34193500000000004 0.567656 0.34879899999999997 0.571391 0.349642 0.576438 0.35007200000000005 0.576438 0.349857
77 0.544312 0.347491 0.537969 0.342133 0.5305 0.34404999999999997 0.519281 0.349409 0.517047 0.353047 0.526391 0.355197 0.541891 0.352401 0.544312 0.347491
77 0.525734 0.328351 0.530469 0.327993 0.5341090000000001 0.325806 0.535062 0.32326200000000005 0.534266 0.322724 0.533469 0.322186 0.529516 0.320556 0.515453 0.31946199999999997 0.514031 0.321452 0.506437 0.32345900000000005 0.506437 0.325269 0.515297 0.326541 0.521609 0.328351 0.525734 0.328351
77 0.710672 0.3481 0.700922 0.3481 0.693766 0.354821 0.717187 0.356308 0.710672 0.3481
77 0.788828 0.361147 0.790656 0.353925 0.786 0.353925 0.773203 0.354158 0.762859 0.356953 0.7655000000000001 0.363692 0.775234 0.363692 0.786609 0.362527 0.788828 0.361147
77 0.801422 0.359283 0.804875 0.361541 0.830359 0.363996 0.829703 0.351362 0.827562 0.349283 0.8209839999999999 0.349659 0.8117810000000001 0.35211499999999996 0.8119529999999999 0.355502 0.801594 0.359086 0.801422 0.359283
77 0.126578 0.34607499999999997 0.122125 0.342509 0.11456200000000001 0.33842300000000003 0.109531 0.33672 0.105078 0.33485699999999996 0.101234 0.335197 0.0967812 0.33672 0.0927813 0.340466 0.0921875 0.34387100000000004 0.11323399999999999 0.345896 0.126578 0.34607499999999997
77 0.419297 0.344588 0.415922 0.34173800000000004 0.409859 0.342258 0.40020300000000003 0.34406800000000004 0.389641 0.34767000000000003 0.390094 0.35000000000000003 0.423344 0.355394 0.419297 0.344588
77 0.635125 0.34922899999999996 0.638234 0.349498 0.6427970000000001 0.349498 0.645906 0.351416 0.648313 0.348118 0.634406 0.339875 0.631281 0.339875 0.6300939999999999 0.340968 0.625781 0.343996 0.619062 0.34620100000000004 0.635125 0.34922899999999996
50 0.441609 0.387581 0.419484 0.394247 0.4125 0.415609 0.409016 0.499731 0.4125 0.541129 0.426469 0.559821 0.422984 0.5958600000000001 0.430828 0.634301 0.42956300000000003 0.6705909999999999 0.442219 0.775054 0.45232799999999995 0.792473 0.45865600000000006 0.917258 0.45232799999999995 0.95353 0.453594 0.9840139999999999 0.48775 0.9941580000000001 0.489016 0.8577600000000001 0.511797 0.9999640000000001 0.528234 0.998513 0.534563 0.991254 0.515594 0.859211 0.514328 0.777957 0.515594 0.702509 0.5307660000000001 0.6720430000000001 0.537094 0.622706 0.533297 0.603835 0.5446869999999999 0.590771 0.540891 0.5632079999999999 0.548484 0.5254840000000001 0.5623910000000001 0.510968 0.5623910000000001 0.47469500000000003 0.537094 0.40215100000000004 0.489016 0.377473 0.489016 0.362975 0.481438 0.323799 0.496609 0.299122 0.485219 0.275914 0.473844 0.281703 0.448531 0.27010799999999996 0.41310900000000006 0.29767 0.419438 0.31799299999999997 0.416906 0.335394 0.435891 0.37457 0.44979699999999995 0.376022 0.439687 0.390538 0.441609 0.387581
50 0.211937 0.36562700000000004 0.21118800000000001 0.356559 0.212703 0.35224 0.21118800000000001 0.34663099999999997 0.207437 0.345341 0.205922 0.35181 0.202922 0.352688 0.201781 0.363907 0.201781 0.369946 0.204047 0.373817 0.20442200000000002 0.392384 0.207437 0.393674 0.21043699999999999 0.392814 0.211563 0.392384 0.211563 0.37770600000000004 0.211937 0.36562700000000004