13 0.45302 0.9891469999999999 0.4614 0.980187 0.46476 0.955573 0.46476 0.910827 0.45806 0.8571469999999999 0.44630000000000003 0.82136 0.44295999999999996 0.783307 0.40604 0.7631729999999999 0.39262 0.7922669999999999 0.3943 0.8437330000000001 0.38926 0.9331999999999999 0.45302 0.9891469999999999
22 0.02656 0.5236270000000001 0.029920000000000002 0.534827 0.07858 0.516933 0.10542 0.507973 0.11912 0.510293 0.13926 0.521467 0.151 0.519227 0.15603999999999998 0.528187 0.1661 0.521467 0.16441999999999998 0.387253 0.16276 0.308933 0.151 0.28656 0.13422 0.282107 0.046979999999999994 0.306693 0.025160000000000002 0.317893 0.01678 0.34026700000000004 0.02684 0.53488 0.02656 0.5236270000000001
22 0.0016799999999999999 0.99888 0.10642 0.996613 0.09459999999999999 0.875013 0.09628 0.8141870000000001 0.10136 0.728613 0.09628 0.69256 0.11148000000000001 0.640773 0.11656 0.600213 0.13682 0.539413 0.14864 0.521387 0.10642 0.507893 0 0.555173 0.0016799999999999999 0.98536 0.0016799999999999999 0.99888
27 0.67752 0.579413 0.6573 0.586133 0.65562 0.5884 0.6606799999999999 0.597387 0.76348 0.64456 0.63202 0.7479469999999999 0.63202 0.7884 0.52922 0.882773 0.59494 0.8648 0.62528 0.8648 0.6421399999999999 0.876027 0.6691 0.977147 0.6623600000000001 1 0.98258 0.99512 1 0.9726670000000001 0.99606 0.7928799999999999 0.9 0.9299729999999999 0.87978 0.934453 0.8578600000000001 0.8962669999999999 0.82584 0.860293 0.81404 0.8221069999999999 0.82416 0.774907 0.84776 0.7726670000000001 0.8393200000000001 0.752427 0.7820199999999999 0.732213 0.79044 0.7187199999999999 0.81068 0.6985070000000001 0.8494400000000001 0.660293 0.8663 0.653547 0.89158 0.6648000000000001 0.94044 0.671547 0.95898 0.673787 1 0.673787 0.72134 0.556933 0.67752 0.579413
50 0.39882 0.297093 0.41376 0.30872 0.44676 0.32864 0.45982 0.385093 0.45796 0.40002699999999997 0.43554000000000004 0.429093 0.43118 0.468107 0.43742000000000003 0.5029600000000001 0.4536 0.5320269999999999 0.46854 0.562747 0.46978 0.596773 0.448 0.63744 0.43118 0.666507 0.42994 0.698053 0.43554000000000004 0.7221069999999999 0.48348 0.689733 0.51898 0.663173 0.51586 0.647413 0.5388999999999999 0.62416 0.55508 0.624987 0.5669 0.63744 0.59056 0.605893 0.60364 0.620853 0.6235599999999999 0.603413 0.62294 0.599253 0.6497200000000001 0.594293 0.65034 0.571867 0.64722 0.559413 0.6372599999999999 0.528693 0.63912 0.521227 0.66092 0.48968 0.65532 0.46645299999999995 0.63414 0.41 0.62418 0.39256 0.6136 0.34192 0.5930599999999999 0.302907 0.5694 0.28632 0.5812200000000001 0.282987 0.58746 0.26472 0.57438 0.261413 0.57002 0.25808 0.5775 0.23151999999999998 0.58496 0.204133 0.5843400000000001 0.170933 0.57562 0.132747 0.53828 0.09373330133333334 0.50402 0.08957329866666666 0.47726 0.10783999999999999 0.45982 0.14602700000000002 0.448 0.21493299999999999 0.44364 0.23069299999999998 0.448 0.252267 0.43554000000000004 0.277173 0.42184 0.28216 0.39383999999999997 0.296267 0.39882 0.297093
29 0.5225 0.82584 0.53814 0.81472 0.54128 0.7952800000000001 0.53606 0.775813 0.52042 0.7688530000000001 0.49748000000000003 0.7702399999999999 0.48184 0.786933 0.47454 0.8091729999999999 0.47558 0.827253 0.4933 0.8328 0.5152 0.831413 0.5225 0.82584
22 0.39024000000000003 0.701467 0.36860000000000004 0.72888 0.35158 0.780053 0.4243 0.734267 0.39862000000000003 0.718773 0.3905 0.7000270000000001 0.39024000000000003 0.701467
22 0 0.29018700000000003 0.01914 0.284 0.0157 0.253813 0.00762 0.228213 0 0.22175999999999998 0 0.29018700000000003
50 0.32254 1 0.3707 0.9434929999999999 0.38982 0.908827 0.35694 0.8945599999999999 0.33554 0.8843730000000001 0.34624 0.832373 0.346 0.800347 0.35306 0.771413 0.36416000000000004 0.7653599999999999 0.42014 0.728373 0.404 0.718293 0.39442 0.6981069999999999 0.39744 0.6954130000000001 0.41408 0.673227 0.43174 0.653067 0.43627999999999995 0.62616 0.44586000000000003 0.615387 0.45796 0.605307 0.47512 0.58312 0.46806 0.5454399999999999 0.46352 0.527973 0.44939999999999997 0.51384 0.4388 0.494347 0.42972000000000005 0.474827 0.43022000000000005 0.44389300000000004 0.45292 0.400853 0.4615 0.38336 0.45292 0.34234699999999996 0.38736000000000004 0.28314700000000004 0.35054 0.26567999999999997 0.31624 0.26768 0.29907999999999996 0.27576 0.27336 0.302 0.23654 0.388747 0.21938 0.427093 0.18458000000000002 0.49904 0.16844 0.5118130000000001 0.15028 0.52528 0.13463999999999998 0.542747 0.12254000000000001 0.562933 0.11498 0.608667 0.09731999999999999 0.6765869999999999 0.10086 0.736453 0.10034 0.807067 0.09831999999999999 0.8231999999999999 0.09781999999999999 0.84808 0.10186 0.915333 0.10488 0.949653 0.10488 1 0.12146 1 0.32254 1
27 0.1268 0.30752 0.11866 0.312933 0.12273999999999999 0.3465599999999999 0.14714 0.337893 0.14388 0.311867 0.1268 0.30752
27 0.05848 0.274987 0.0479 0.274987 0.00236 0.29016 0.00316 0.38344 0.01536 0.38127999999999995 0.01536 0.353067 0.02106 0.331387 0.0357 0.314027 0.08044 0.301013 0.10566 0.293413 0.05848 0.274987
27 0.0357 0.3433069999999999 0.0357 0.35850699999999996 0.03488 0.37368 0.0666 0.360667 0.06416 0.328133 0.05116 0.329227 0.04058 0.3368 0.0357 0.3433069999999999
29 0.4535 0.837787 0.4575 0.854187 0.4615 0.866027 0.4658 0.868293 0.4741 0.85992 0.4761 0.850747 0.4741 0.83856 0.47637999999999997 0.8274929999999999 0.46866 0.82368 0.46264 0.81832 0.4615 0.8145070000000001 0.45808 0.811093 0.45577999999999996 0.81032 0.45177999999999996 0.81032 0.4512 0.813387 0.4515 0.8129869999999999 0.45206 0.82368 0.4535 0.837787
22 0.28368 0.21749300000000002 0.35946 0.19157300000000002 0.35946 0.134587 0.2798 0.155307 0.28368 0.21749300000000002
22 0.011779999999999999 0.116027 0.0183 0.145307 0.04432 0.14749299999999999 0.07198 0.157253 0.0736 0.149653 0.0728 0.13122699999999998 0.07198 0.12037300000000001 0.06548000000000001 0.104107 0.06466 0.09650670133333333 0.04758 0.09650670133333333 0.02318 0.101947 0.02398 0.103013 0.011779999999999999 0.116027