50 0.660631 0.9021089999999999 0.656682 0.8994690000000001 0.644813 0.8809530000000001 0.640864 0.9074059999999999 0.636893 0.920641 0.644813 0.9285780000000001 0.6487620000000001 0.9285780000000001 0.6487620000000001 0.9312189999999999 0.652734 0.9365159999999999 0.6606178271028038 0.9365159999999999 0.664579 0.933859 0.664579 0.920641 0.660631 0.9153439999999999 0.660631 0.9021089999999999
50 0.431869 0.890953 0.431519 0.894109 0.43715 0.89375 0.43715 0.891203 0.43771 0.886937 0.43771 0.885969 0.43698600000000004 0.883656 0.434603 0.8834059999999999 0.43315400000000004 0.8837659999999999 0.43261700000000003 0.8845000000000001 0.43261700000000003 0.885469 0.431869 0.890953
50 0.5622900000000001 0.900281 0.5622900000000001 0.898125 0.561893 0.897047 0.561495 0.893266 0.561893 0.889484 0.563107 0.887594 0.571589 0.888937 0.568364 0.886234 0.56472 0.884891 0.563902 0.884891 0.56028 0.8824529999999999 0.56028 0.881109 0.559463 0.878406 0.5546260000000001 0.876781 0.553014 0.878141 0.552593 0.881375 0.550187 0.8827339999999999 0.549766 0.8878590000000001 0.5505840000000001 0.8916410000000001 0.552593 0.894344 0.553014 0.8986560000000001 0.5622900000000001 0.900281
50 0.244579 0.8772970000000001 0.241098 0.879609 0.23072399999999998 0.888875 0.23245300000000002 0.8958130000000001 0.239369 0.898125 0.235911 0.9027499999999999 0.241098 0.918969 0.241098 0.930531 0.23764 0.945578 0.24282700000000002 0.951375 0.26014000000000004 0.951375 0.272266 0.944422 0.27053699999999997 0.931688 0.267079 0.9085470000000001 0.261869 0.898125 0.261869 0.885391 0.256682 0.880766 0.256682 0.873812 0.246308 0.869188 0.244579 0.878453 0.244579 0.8772970000000001
50 0.28257 0.8850939999999999 0.284042 0.8837809999999999 0.287734 0.880984 0.283551 0.879172 0.282827 0.8754060000000001 0.28207899999999997 0.871297 0.279136 0.8701409999999999 0.275444 0.871297 0.27472 0.873922 0.273738 0.8772030000000001 0.27249999999999996 0.879344 0.272757 0.882625 0.275444 0.884609 0.280117 0.884938 0.28158900000000003 0.884938 0.28257 0.8850939999999999
50 0.301869 0.87575 0.300023 0.871141 0.295444 0.8662340000000001 0.290397 0.8671559999999999 0.28901899999999997 0.87575 0.290864 0.881875 0.295444 0.884641 0.303692 0.8825 0.303692 0.8739060000000001 0.301869 0.87575
50 0.344603 0.8798590000000001 0.345257 0.883531 0.348154 0.883625 0.348271 0.888266 0.351682 0.888266 0.35128499999999996 0.8780939999999999 0.352079 0.87775 0.35182199999999997 0.8750310000000001 0.355234 0.874422 0.35483600000000004 0.871969 0.349065 0.871094 0.348925 0.869328 0.350888 0.8680160000000001 0.349579 0.8672340000000001 0.343154 0.8669689999999999 0.3425 0.8685470000000001 0.34264 0.874938 0.3425 0.874687 0.34303700000000004 0.880031 0.344603 0.8798590000000001
50 0.37876200000000004 0.868609 0.38105100000000003 0.8684839999999999 0.381822 0.865547 0.37378500000000003 0.865797 0.373224 0.8683590000000001 0.37093499999999996 0.869516 0.370748 0.8781869999999999 0.366729 0.8812659999999999 0.37093499999999996 0.8815160000000001 0.37168199999999996 0.893016 0.375327 0.894031 0.375888 0.893266 0.37436899999999995 0.8913589999999999 0.37551399999999996 0.8853440000000001 0.377804 0.891094 0.37972 0.8919840000000001 0.38086400000000004 0.885984 0.382009 0.873594 0.377033 0.8710470000000001 0.37876200000000004 0.868609
50 0.409883 0.8742190000000001 0.407453 0.871516 0.40465 0.8750159999999999 0.401028 0.8793279999999999 0.403037 0.886609 0.40383199999999997 0.892813 0.409486 0.892813 0.41109799999999996 0.887141 0.41432199999999997 0.8820309999999999 0.409883 0.8760939999999999 0.409883 0.8742190000000001
50 0.45016399999999995 0.8697969999999999 0.44965 0.8715310000000001 0.45170599999999994 0.873203 0.452243 0.87425 0.45025699999999996 0.8748910000000001 0.449907 0.8833909999999999 0.45317799999999997 0.883672 0.45025699999999996 0.885125 0.453458 0.8920619999999999 0.45394900000000005 0.8997339999999999 0.458551 0.9005940000000001 0.46135499999999996 0.8997339999999999 0.46032700000000004 0.8900159999999999 0.46114499999999997 0.887391 0.463224 0.886688 0.461262 0.884313 0.459696 0.8755470000000001 0.45642499999999997 0.874328 0.456145 0.873359 0.459159 0.8732659999999999 0.458785 0.8695 0.457593 0.868188 0.45301400000000003 0.868516 0.45317799999999997 0.868172 0.45016399999999995 0.8697969999999999
50 0.533154 0.9005940000000001 0.5368459999999999 0.8991250000000001 0.53757 0.894844 0.538061 0.8876250000000001 0.527757 0.881547 0.522336 0.879562 0.518668 0.8820309999999999 0.516449 0.8851559999999999 0.52972 0.8996090000000001 0.533154 0.9005940000000001
40 0.786752 0.630938 0.815164 0.644094 0.819883 0.643656 0.818364 0.640609 0.799019 0.6340939999999999 0.793808 0.630375 0.789089 0.6287969999999999 0.787921 0.623281 0.778224 0.625078 0.778224 0.630938 0.786752 0.630938
40 0.624766 0.745781 0.627617 0.746328 0.63715 0.754063 0.640117 0.753609 0.637009 0.751687 0.636449 0.7484219999999999 0.629673 0.745703 0.6280370000000001 0.742969 0.626402 0.741422 0.6220559999999999 0.741797 0.621519 0.743969 0.624766 0.745781
40 0.5568690000000001 0.797469 0.550164 0.797844 0.5500229999999999 0.8022030000000001 0.5573359999999999 0.804078 0.5568690000000001 0.797469
40 0.439042 0.752031 0.43722 0.752891 0.43577099999999996 0.755563 0.438318 0.7565470000000001 0.441776 0.758859 0.44523399999999996 0.762625 0.44979 0.767125 0.454883 0.767984 0.45507 0.766156 0.453972 0.764578 0.44743000000000005 0.7592190000000001 0.45016399999999995 0.755328 0.448692 0.7541089999999999 0.445794 0.753375 0.44306100000000004 0.752891 0.439042 0.752031
40 0.195561 0.6653439999999999 0.203154 0.662734 0.19925199999999998 0.659547 0.189042 0.654609 0.177336 0.655188 0.184065 0.656641 0.196005 0.664766 0.195561 0.6653439999999999
40 0.110888 0.782406 0.116729 0.7828280000000001 0.120187 0.786594 0.124953 0.787469 0.132079 0.7849999999999999 0.132944 0.782406 0.132079 0.780375 0.12820099999999998 0.7800779999999999 0.125818 0.781828 0.121916 0.781234 0.11911200000000001 0.779359 0.118014 0.778062 0.117804 0.778062 0.11499999999999999 0.777047 0.110234 0.77675 0.10743000000000001 0.780516 0.110888 0.782406
40 0.893598 0.738812 0.895 0.741078 0.901332 0.739328 0.913107 0.728141 0.9052100000000001 0.722344 0.909393 0.720172 0.9096960000000001 0.713953 0.898248 0.712516 0.897313 0.7159220000000001 0.896379 0.7192339999999999 0.902266 0.720484 0.906916 0.727938 0.896706 0.738187 0.893598 0.738812
40 0.9267759999999999 0.760813 0.929836 0.765094 0.9345559999999999 0.766016 0.934836 0.758031 0.933995 0.755984 0.933995 0.7545 0.923995 0.7515310000000001 0.922897 0.750781 0.921776 0.757281 0.9267759999999999 0.760813
40 0.941589 0.504094 0.938551 0.5081559999999999 0.937477 0.512641 0.940514 0.518719 0.948949 0.5245 0.956098 0.525516 0.962593 0.524078 0.9612850000000001 0.520172 0.956308 0.519156 0.94528 0.515969 0.945047 0.513656 0.946565 0.506563 0.9480839999999999 0.500625 0.9480839999999999 0.498313 0.946565 0.494406 0.9368219999999999 0.494406 0.937477 0.49946900000000005 0.9417989999999999 0.5015 0.941589 0.504094
40 0.41986 0.733953 0.42135500000000004 0.734641 0.424486 0.7350939999999999 0.428925 0.736031 0.431659 0.738063 0.43315400000000004 0.740828 0.436659 0.740641 0.437593 0.739766 0.430421 0.7354689999999999 0.430327 0.733641 0.427407 0.731812 0.42287399999999997 0.730734 0.42107500000000003 0.733063 0.41986 0.733953
40 0.181519 0.597156 0.185935 0.596953 0.190023 0.5965309999999999 0.190023 0.592516 0.181519 0.592734 0.18215 0.596734 0.181519 0.597156
40 0.7526400000000001 0.49932800000000005 0.747336 0.497938 0.7449770000000001 0.499516 0.738505 0.497938 0.733201 0.5010939999999999 0.726121 0.501484 0.726402 0.5064219999999999 0.733201 0.512922 0.74528 0.522578 0.755888 0.527313 0.755888 0.525344 0.743201 0.519031 0.734065 0.509172 0.734369 0.507203 0.7387849999999999 0.508391 0.741729 0.506609 0.747336 0.506609 0.7520560000000001 0.5048440000000001 0.755584 0.5048440000000001 0.756472 0.5054369999999999 0.756472 0.499125 0.7526400000000001 0.49932800000000005
50 0.166472 0.938703 0.174883 0.939719 0.183294 0.938703 0.189416 0.9356249999999999 0.192477 0.9376720000000001 0.20014 0.9376720000000001 0.203949 0.932563 0.203201 0.925391 0.20014 0.9110630000000001 0.20243 0.904406 0.206262 0.892141 0.20778 0.892141 0.209322 0.887016 0.21007 0.8798590000000001 0.201659 0.871672 0.198598 0.868078 0.196308 0.859891 0.190187 0.8588749999999999 0.184836 0.8609220000000001 0.184836 0.867578 0.17411200000000002 0.870125 0.167243 0.878313 0.15729 0.894688 0.164182 0.89725 0.172593 0.887016 0.167991 0.904406 0.167991 0.9166869999999999 0.16953300000000002 0.927437 0.167991 0.9361409999999999 0.166472 0.938703
40 0.938738 0.495906 0.938738 0.500047 0.942967 0.502281 0.9490190000000001 0.49945300000000004 0.946893 0.49450000000000005 0.938738 0.495906
50 0.740047 0.907 0.741659 0.9044840000000001 0.7424769999999999 0.907 0.7432709999999999 0.9095000000000001 0.7451639999999999 0.909141 0.7456780000000001 0.9066409999999999 0.744089 0.899281 0.744089 0.8928280000000001 0.743808 0.889422 0.741402 0.8876250000000001 0.740047 0.884406 0.738715 0.883328 0.736028 0.8820779999999999 0.733364 0.882797 0.734696 0.8862030000000001 0.7349530000000001 0.8887029999999999 0.7344390000000001 0.890328 0.7349530000000001 0.8921089999999999 0.736028 0.895875 0.7349530000000001 0.9003590000000001 0.7349530000000001 0.901078 0.735234 0.904125 0.735234 0.9073589999999999 0.736846 0.909328 0.740047 0.907