22 0 0.8472919999999999 0.012593799999999999 0.871354 0.0286406 0.8900830000000001 0.0406719 1 0.06675 0.986333 0.0507031 0.8873960000000001 0.026640599999999997 0.852646 0.024625 0.825917 0.09281249999999999 0.863333 0.12890600000000002 0.914146 0.138937 0.999708 0.173031 1 0.171016 0.997021 0.161 0.8927499999999999 0.122891 0.83125 0.0426875 0.788479 0 0.785792 0 0.8472919999999999
22 0.774875 0.993271 0.828813 0.995521 0.886109 1 0.9366720000000001 0.6472079999999999 0.9080159999999999 0.658438 0.9046559999999999 0.6876460000000001 0.827125 0.750583 0.788359 0.885396 0.7715 1 0.774875 0.993271
22 0.948453 0.572354 0.9506560000000001 0.586063 0.958719 0.620292 0.9640470000000001 0.6539370000000001 0.992703 0.47191700000000003 0.982578 0.465167 0.9775309999999999 0.47639600000000004 0.9455 0.489896 0.9352499999999999 0.522479 0.941844 0.546937 0.948453 0.572354
27 0.5452969999999999 0.743146 0.543625 0.651417 0.555375 0.564187 0.585578 0.50825 0.548656 0.44112500000000004 0.451344 0.492583 0.330531 0.5776039999999999 0.384234 0.586542 0.384234 0.615625 0.360734 0.660375 0.37918799999999997 0.758813 0.33725 0.897521 0.43959400000000004 0.948958 0.48154700000000006 0.957917 0.464766 0.798875 0.555375 0.740708 0.5452969999999999 0.743146
50 0.363234 0.480083 0.364906 0.50475 0.36828099999999997 0.518208 0.36995300000000003 0.509229 0.371641 0.493542 0.38004699999999997 0.49129199999999995 0.378359 0.511479 0.386766 0.515958 0.388453 0.538375 0.400219 0.545104 0.40862499999999996 0.536146 0.41200000000000003 0.524917 0.43890599999999996 0.518208 0.464125 0.509229 0.459078 0.46662499999999996 0.47926599999999997 0.464396 0.49776600000000004 0.453167 0.5044839999999999 0.448688 0.519625 0.44645799999999997 0.536438 0.448688 0.526344 0.415063 0.511203 0.36572899999999997 0.49439099999999997 0.352271 0.49607799999999996 0.332104 0.489344 0.309688 0.492719 0.273813 0.474219 0.253625 0.43890599999999996 0.235687 0.423766 0.249146 0.40862499999999996 0.27829200000000004 0.40862499999999996 0.298458 0.41367200000000004 0.350042 0.35985900000000004 0.392646 0.364906 0.48904200000000003 0.363234 0.480083
50 0.943672 0.9151670000000001 0.981984 0.8886040000000001 0.9988279999999999 0.757875 0.9528589999999999 0.567875 0.871656 0.36970800000000004 0.808844 0.355396 0.776656 0.322729 0.7598130000000001 0.243042 0.703109 0.183792 0.643359 0.214458 0.643359 0.257354 0.7153590000000001 0.410562 0.837938 0.6209790000000001 0.860938 0.723125 0.879312 0.864083 0.9115 0.878375 0.943672 0.9151670000000001
50 0.403719 1 0.386828 0.943688 0.376688 0.925667 0.353047 0.9211670000000001 0.337844 0.903146 0.320953 0.889646 0.30575 0.860354 0.300672 0.835583 0.298984 0.824333 0.334453 0.844604 0.358109 0.806312 0.380063 0.75225 0.366547 0.707208 0.35979700000000003 0.657667 0.369937 0.635125 0.388516 0.617125 0.39020299999999997 0.605854 0.380063 0.585583 0.364859 0.585583 0.33953099999999997 0.596854 0.332766 0.614875 0.32770299999999997 0.630625 0.314188 0.576583 0.29729700000000003 0.5045 0.271953 0.448208 0.258453 0.430188 0.246625 0.416667 0.22973400000000002 0.41441700000000004 0.22296900000000003 0.405396 0.21115599999999998 0.367125 0.21115599999999998 0.304062 0.204391 0.270271 0.18075000000000002 0.229729 0.128375 0.204958 0.09459379999999999 0.21620799999999998 0.0726406 0.231979 0.0354688 0.319812 0.0168906 0.362604 0 0.394146 0.0016875000000000002 1 0.388516 1 0.403719 1
50 0.23932799999999999 0.420229 0.25618799999999997 0.431458 0.27303099999999997 0.45841699999999996 0.286516 0.494375 0.301687 0.5415829999999999 0.313484 0.5887709999999999 0.330344 0.5932499999999999 0.340453 0.5617920000000001 0.332016 0.519104 0.332016 0.478646 0.328656 0.460667 0.306734 0.44045799999999996 0.298312 0.422479 0.303375 0.41572899999999996 0.30842200000000003 0.41122899999999996 0.32528100000000004 0.38427100000000003 0.313484 0.298875 0.305063 0.28764599999999996 0.288203 0.260667 0.27640600000000004 0.260667 0.25618799999999997 0.258417 0.24270299999999997 0.265167 0.230906 0.283146 0.22078099999999998 0.298875 0.217422 0.32583300000000004 0.217422 0.348312 0.217422 0.35954200000000003 0.22246899999999997 0.373042 0.229219 0.386521 0.237641 0.39775 0.23932799999999999 0.420229
26 0.478672 0.520583 0.454406 0.515687 0.436031 0.513729 0.418391 0.518625 0.429422 0.651958 0.47353100000000004 0.640188 0.477938 0.521563 0.478672 0.520583
14 0.48843800000000004 0.5702079999999999 0.497094 0.573667 0.523953 0.575979 0.549937 0.560979 0.545609 0.519375 0.545609 0.5205420000000001 0.523953 0.505521 0.49882799999999994 0.504375 0.497094 0.505521 0.46590600000000004 0.514771 0.47976599999999997 0.537875 0.48409399999999997 0.567896 0.48843800000000004 0.5702079999999999
50 0.851875 0.728563 0.846609 0.684063 0.8307970000000001 0.6184999999999999 0.771078 0.517792 0.741219 0.475646 0.735953 0.4405 0.672719 0.307021 0.632313 0.239104 0.570844 0.260188 0.555031 0.288292 0.540984 0.381958 0.539234 0.398354 0.562063 0.47095800000000004 0.595437 0.517792 0.569094 0.545896 0.539234 0.592729 0.553281 0.7707080000000001 0.553281 0.817562 0.514641 0.787104 0.484781 0.8035 0.476 0.826917 0.49531200000000003 0.983833 0.779859 0.983833 0.800938 0.843313 0.851875 0.728563
50 0.776969 0.341729 0.819094 0.350708 0.8814529999999999 0.36868799999999996 0.896625 0.42262500000000003 0.940453 0.52375 0.957297 0.47656200000000004 0.95225 0.406896 0.934469 0.358187 0.8797969999999999 0.313458 0.8530939999999999 0.196687 0.8052659999999999 0.194187 0.773578 0.212417 0.759297 0.238083 0.776969 0.341729
26 0.46628100000000006 0.514479 0.466797 0.514146 0.48187499999999994 0.506854 0.50475 0.503042 0.502156 0.45556199999999997 0.486562 0.455208 0.458484 0.459375 0.46628100000000006 0.514479
26 0.385891 0.511417 0.385516 0.511417 0.38287499999999997 0.511417 0.376078 0.510896 0.369672 0.509896 0.362125 0.509896 0.348938 0.510896 0.341391 0.511417 0.328562 0.514917 0.328937 0.522979 0.328937 0.5516249999999999 0.327813 0.570229 0.325922 0.609458 0.328562 0.6039169999999999 0.334594 0.5983959999999999 0.341391 0.5928749999999999 0.34629699999999997 0.588333 0.353828 0.588333 0.358359 0.588333 0.36289099999999996 0.587333 0.367781 0.5858329999999999 0.37457799999999997 0.586333 0.37457799999999997 0.594375 0.382109 0.5983959999999999 0.384375 0.6049380000000001 0.38287499999999997 0.613479 0.378719 0.622021 0.380234 0.633083 0.386641 0.6300830000000001 0.387391 0.513417 0.385891 0.511417
26 0.550719 0.581812 0.559141 0.5643119999999999 0.570281 0.547792 0.586141 0.526667 0.596047 0.512458 0.5858909999999999 0.500896 0.575234 0.49033299999999996 0.567812 0.49033299999999996 0.561125 0.49033299999999996 0.554437 0.491 0.5477339999999999 0.491646 0.542547 0.49495799999999995 0.550719 0.581812
32 0.526953 0.634208 0.530328 0.63075 0.516031 0.633521 0.491078 0.643208 0.476 0.6407919999999999 0.481203 0.6456459999999999 0.49809400000000004 0.642875 0.49574999999999997 0.64425 0.513172 0.6397499999999999 0.526953 0.634208
50 0.0014531203124999999 0.391604 0.013265599999999999 0.37256300000000003 0.01575 0.357646 0.014499999999999999 0.34025 0.0163594 0.33197899999999997 0.0213281 0.32866700000000004 0.027546900000000003 0.336938 0.030656299999999997 0.327 0.0430781 0.294708 0.057359400000000005 0.269021 0.0629531 0.25577099999999997 0.0685469 0.240042 0.075375 0.22927099999999997 0.07723440000000001 0.223479 0.0672969 0.22762500000000002 0.044937500000000005 0.233417 0.035625000000000004 0.23756300000000002 0.0300312 0.24418700000000002 0.0225781 0.263229 0.0213281 0.274833 0.0194687 0.29056299999999996 0.01575 0.307958 0.011390599999999999 0.314583 0.0014531203124999999 0.319542 0.0014531203124999999 0.391604
26 0.5287189999999999 0.451625 0.5069060000000001 0.45758299999999996 0.509703 0.502354 0.543266 0.500104 0.5455 0.456854 0.5287189999999999 0.451625
26 0.545 0.45608299999999996 0.5435 0.490229 0.548312 0.489438 0.567906 0.489833 0.569719 0.483812 0.563984 0.474562 0.559172 0.462104 0.556156 0.452063 0.5543440000000001 0.44725000000000004 0.55375 0.44202100000000005 0.5440940000000001 0.44 0.537469 0.440417 0.5341560000000001 0.44202100000000005 0.532641 0.443625 0.5323439999999999 0.452063 0.545 0.45608299999999996
51 0.479563 0.6785 0.497828 0.675917 0.515359 0.6755829999999999 0.536797 0.668438 0.527531 0.662271 0.521938 0.6548130000000001 0.515125 0.653833 0.511953 0.651896 0.503422 0.651896 0.49978100000000003 0.648646 0.494422 0.645396 0.48589099999999996 0.645396 0.48200000000000004 0.645396 0.479563 0.648646 0.47932800000000003 0.651896 0.473719 0.651896 0.470313 0.655125 0.46982799999999997 0.6583749999999999 0.472016 0.659021 0.47396900000000003 0.6752710000000001 0.479563 0.6785
22 0.325547 0.484354 0.330453 0.484354 0.33467199999999997 0.484354 0.33467199999999997 0.484813 0.33431299999999997 0.486688 0.33290600000000004 0.489021 0.33081299999999997 0.492771 0.330453 0.49697899999999995 0.330109 0.502125 0.329406 0.505396 0.32625000000000004 0.505854 0.32625000000000004 0.5227080000000001 0.328344 0.529729 0.33081299999999997 0.525979 0.32975 0.5222289999999999 0.32975 0.517083 0.33290600000000004 0.512875 0.337125 0.511 0.336766 0.503521 0.336766 0.497438 0.337469 0.493708 0.343438 0.490417 0.350813 0.488083 0.357828 0.48620800000000003 0.362391 0.484354 0.360984 0.463292 0.326594 0.47312499999999996 0.325547 0.484354