50 0.686312 0.9820180000000001 0.689859 0.943828 0.705234 0.820237 0.705234 0.7348370000000001 0.6922189999999999 0.651691 0.670922 0.620237 0.648438 0.597745 0.624781 0.611246 0.603469 0.626973 0.585734 0.687626 0.560875 0.705608 0.521828 0.6449550000000001 0.498156 0.5820179999999999 0.461484 0.507864 0.44846899999999995 0.469674 0.45320299999999997 0.4427 0.440188 0.40899100000000005 0.427172 0.373027 0.414156 0.40899100000000005 0.388125 0.435964 0.390484 0.494392 0.43307799999999996 0.56181 0.447281 0.624718 0.45910900000000004 0.68089 0.48514099999999993 0.7573000000000001 0.500531 0.8179820000000001 0.5455 0.885401 0.560875 0.8966169999999999 0.577438 0.9235909999999999 0.567984 0.9865280000000001 0.686312 0.9820180000000001
50 0.939781 0.983561 0.9445159999999999 0.965638 0.9445159999999999 0.9432050000000001 0.9445159999999999 0.9050739999999999 0.9445159999999999 0.8893770000000001 0.9291560000000001 0.8804150000000001 0.918531 0.8490209999999999 0.9350630000000001 0.817656 0.9303440000000001 0.750386 0.854781 0.750386 0.8311719999999999 0.790742 0.8193590000000001 0.864718 0.8217190000000001 0.909555 0.8240780000000001 0.938724 0.854781 0.9544210000000001 0.858328 0.981306 0.939781 0.983561
40 0.382844 0.5011869999999999 0.337 0.378813 0.320891 0.38353099999999996 0.29859399999999997 0.465875 0.332047 0.682344 0.382844 0.5011869999999999
40 0.70125 0.590593 0.721078 0.334125 0.691344 0.265875 0.674 0.272938 0.643031 0.390593 0.70125 0.590593
40 0.8995 0.223531 0.95525 0.40940699999999997 0.957719 0.924718 0.993656 0.905875 0.968875 0.43059299999999995 0.98375 0.157656 0.9292339999999999 0.07528189910979229 0.924266 0.08 0.9007339999999999 0.218813 0.8995 0.223531
40 0.224281 0.9261419999999999 0.226734 0.921484 0.21284399999999998 0.8982199999999999 0.207109 0.8221359999999999 0.215297 0.798843 0.19731300000000002 0.747626 0.194031 0.705727 0.204656 0.697953 0.191578 0.635846 0.190766 0.603264 0.220187 0.438694 0.226734 0.41077199999999997 0.200578 0.34092 0.193219 0.33314499999999997 0.190766 0.334688 0.18668800000000002 0.33626100000000003 0.17768699999999998 0.347122 0.173594 0.356439 0.16706300000000002 0.373501 0.15970299999999998 0.387478 0.150719 0.41543 0.149891 0.42008900000000005 0.180953 0.60635 0.18259399999999998 0.614125 0.173594 0.6187830000000001 0.171156 0.6234419999999999 0.18259399999999998 0.642077 0.18668800000000002 0.662255 0.185859 0.705727 0.184234 0.730564 0.171156 0.722789 0.165422 0.725905 0.165422 0.73365 0.17196899999999998 0.7398520000000001 0.173594 0.749169 0.176875 0.7538279999999999 0.180141 0.774006 0.176875 0.890445 0.17196899999999998 0.893561 0.176047 0.902849 0.19240600000000002 0.957181 0.227547 0.9664990000000001 0.227547 0.949436 0.224281 0.9261419999999999
40 0.617219 0.63089 0.645781 0.409199 0.586172 0.312493 0.556375 0.418635 0.617219 0.63089
40 0.219281 0.45290800000000003 0.233172 0.57089 0.24379699999999999 0.656261 0.23071899999999998 0.6547179999999999 0.231547 0.6795549999999999 0.242984 0.695074 0.238078 0.792878 0.22173400000000001 0.8596139999999999 0.226641 0.898427 0.226641 0.966736 0.269969 0.971395 0.29367200000000004 0.9512170000000001 0.280594 0.9294660000000001 0.27404700000000004 0.912404 0.26423399999999997 0.822374 0.261781 0.744748 0.260969 0.719911 0.280594 0.7074779999999999 0.278953 0.693501 0.261781 0.676439 0.25360900000000003 0.614332 0.265875 0.47928800000000005 0.270781 0.43427299999999996 0.23645299999999997 0.350445 0.229094 0.347329 0.220922 0.38305600000000006 0.220797 0.400504 0.22878099999999998 0.415638 0.219281 0.45290800000000003
40 0.0922813 0.320356 0.08775 0.334688 0.123188 0.49934700000000004 0.12168699999999999 0.536588 0.106609 0.519377 0.11489100000000001 0.552315 0.12362500000000001 0.559763 0.12362500000000001 0.602047 0.11200000000000002 0.636944 0.102328 0.635104 0.11200000000000002 0.66635 0.11296900000000001 0.677389 0.11587499999999999 0.710475 0.113937 0.728843 0.111047 0.7619290000000001 0.12265600000000002 0.798665 0.12459400000000001 0.8464389999999999 0.13523400000000002 0.848279 0.132328 0.7784570000000001 0.138141 0.710475 0.146844 0.686558 0.13620300000000002 0.662671 0.140063 0.611217 0.140063 0.57816 0.143937 0.559763 0.13620300000000002 0.5450740000000001 0.13523400000000002 0.484421 0.12942199999999998 0.444006 0.133297 0.375994 0.12554700000000002 0.34109799999999996 0.107172 0.297003 0.103297 0.282285 0.09303120000000001 0.277418 0.0922813 0.294599 0.0922813 0.320356
40 1 0.190119 0.9992190000000001 0.160475 0.9999840000000001 0.07089019881305639 0.995406 0.08388719881305638 0.982094 0.12724 0.982859 0.141691 0.984563 0.15074200000000001 1 0.190119
40 0.385062 0.460148 0.375375 0.481484 0.378688 0.509585 0.371031 0.541068 0.371031 0.550742 0.379703 0.538635 0.38378100000000004 0.509585 0.387875 0.519733 0.40037500000000004 0.50908 0.385062 0.460148
40 0.809547 0.522967 0.836125 0.264362 0.789625 0.183917 0.751437 0.32899100000000003 0.799594 0.530831 0.809547 0.522967