18 0.178656 0.532583 0.136516 0.5775209999999998 0.129781 0.680896 0.176969 0.6876459999999999 0.193812 0.608979 0.17985870578618557 0.5328506821437864 0.175281 0.507875 0.178656 0.532583
18 0.291578 0.692125 0.296625 0.548312 0.291578 0.514604 0.323594 0.485396 0.316859 0.485396 0.22415599999999997 0.478646 0.208984 0.539333 0.22078100000000003 0.640458 0.22246899999999997 0.674167 0.291578 0.692125
18 0.030828100000000004 0.5936039999999999 0.056499999999999995 0.579917 0.0650625 0.561646 0.0958906 0.545667 0.10103100000000001 0.552521 0.121578 0.557083 0.13184400000000002 0.541104 0.130141 0.525104 0.126719 0.5137079999999999 0.10445299999999999 0.495438 0.0941719 0.48172899999999996 0.0685 0.46575 0.0051406296875 0.470313 0.0085625 0.570771 0.0034218796874999997 0.53425 0.0034218796874999997 0.575333 0.0205469 0.573063 0.030828100000000004 0.5936039999999999
18 0.408891 0.452729 0.40654700000000005 0.45979200000000003 0.405656 0.47 0.41271899999999995 0.475896 0.43128099999999997 0.48179200000000005 0.439813 0.482583 0.44482799999999995 0.486896 0.447766 0.483354 0.448656 0.455875 0.44629700000000005 0.440958 0.41478099999999996 0.439375 0.408891 0.452729
18 0.44203099999999995 0.432667 0.450781 0.440271 0.454703 0.449542 0.45720299999999997 0.457396 0.464516 0.457625 0.470219 0.459542 0.472187 0.449063 0.475031 0.452396 0.47342199999999995 0.435521 0.46362500000000006 0.426708 0.44435900000000006 0.425521 0.44025 0.43433299999999997 0.44203099999999995 0.432667
18 0.215781 0.477125 0.22967199999999996 0.471375 0.230234 0.463042 0.228141 0.459521 0.218547 0.449687 0.212438 0.448583 0.211609 0.449333 0.212578 0.479167 0.215781 0.477125
18 0.164625 0.459146 0.155031 0.478042 0.155172 0.494917 0.154891 0.519 0.158094 0.519375 0.156844 0.481563 0.167828 0.480646 0.169484 0.491396 0.169344 0.502875 0.170609 0.509917 0.172687 0.517521 0.174766 0.521792 0.175469 0.524375 0.17825 0.521417 0.179078 0.520125 0.178109 0.45525 0.177687 0.455438 0.164625 0.459146
18 0.223672 0.455125 0.230031 0.46406200000000003 0.22939099999999998 0.47060399999999997 0.248672 0.470375 0.258469 0.470375 0.281344 0.47060399999999997 0.28250000000000003 0.46645800000000004 0.280375 0.458833 0.283141 0.457312 0.283969 0.45383300000000004 0.277594 0.452521 0.270234 0.440542 0.250797 0.441625 0.229219 0.445333 0.223172 0.454917 0.223672 0.455125
50 0.48915600000000004 0.44022900000000004 0.489938 0.435604 0.491672 0.443062 0.49398400000000003 0.439979 0.492641 0.43122900000000003 0.491672 0.427625 0.489938 0.421958 0.49146900000000004 0.417583 0.48587499999999995 0.417854 0.484719 0.41914599999999996 0.484328 0.42325 0.48164100000000004 0.424021 0.481438 0.425313 0.482219 0.433812 0.484328 0.441792 0.484328 0.44949999999999996 0.48915600000000004 0.451562 0.48915600000000004 0.44022900000000004
18 0.299922 0.43154200000000004 0.278906 0.46610399999999996 0.34090600000000004 0.48270799999999997 0.36165600000000003 0.474062 0.37487499999999996 0.481667 0.38940600000000003 0.490312 0.392781 0.507958 0.396406 0.506583 0.396922 0.499312 0.39510900000000004 0.475792 0.375922 0.43983300000000003 0.29965600000000003 0.43118799999999996 0.299922 0.43154200000000004
18 0.449953 0.460187 0.44932800000000006 0.48260400000000003 0.451844 0.48233299999999996 0.455844 0.472521 0.453734 0.448417 0.45121900000000004 0.439729 0.44701599999999997 0.436375 0.425984 0.433854 0.421781 0.434688 0.42262500000000003 0.439729 0.42262500000000003 0.43916700000000003 0.44721900000000003 0.44225 0.449953 0.460187
18 0.403813 0.42924999999999996 0.404141 0.44368799999999997 0.406594 0.448729 0.410375 0.444562 0.41085900000000003 0.44149999999999995 0.421859 0.438875 0.423172 0.43581200000000003 0.422844 0.427729 0.419078 0.423125 0.407094 0.42356299999999997 0.406266 0.428604 0.403813 0.42924999999999996
18 0.368906 0.443437 0.369281 0.443937 0.371703 0.444687 0.37245300000000003 0.444687 0.373391 0.443187 0.375641 0.441188 0.377141 0.440437 0.379953 0.43993699999999997 0.396797 0.437938 0.396984 0.436438 0.39623400000000003 0.43245799999999995 0.393984 0.431208 0.391188 0.429208 0.389313 0.426708 0.387437 0.426708 0.383875 0.426708 0.37639100000000003 0.426708 0.375266 0.430458 0.367031 0.431458 0.367406 0.438437 0.368906 0.443437
7 0.567969 0.573521 0.543391 0.676354 0.5549999999999999 0.7 0.560453 0.731854 0.574797 0.7355 0.5850310000000001 0.730042 0.600047 0.669979 0.625984 0.497979 0.617109 0.491604 0.595266 0.481604 0.585719 0.479771 0.582984 0.485229 0.578203 0.519813 0.565234 0.565312 0.567969 0.573521