13 0.365588 0.924085 0.363448 0.988595 0.468824 0.984297 0.468824 0.919788 0.447304 0.900425 0.43225499999999994 0.698284 0.412908 0.689673 0.406454 0.674624 0.397843 0.698284 0.374199 0.7068789999999999 0.374199 0.906879 0.365588 0.924085
13 0.617206 0.9806370000000001 0.6258009999999999 0.9892479999999999 0.6021569999999999 0.860212 0.574199 0.71183 0.548382 0.731176 0.550539 0.8236600000000001 0.537631 0.855915 0.5290360000000001 0.9849510000000001 0.617206 0.9806370000000001
22 0.07156859967320262 0.47382399999999997 0.105474 0.5041990000000001 0.13130699999999998 0.54165 0.171797 0.586209 0.182435 0.59835 0.20825200000000002 0.6383500000000001 0.23102899999999998 0.666193 0.238627 0.589755 0.200654 0.538105 0.15104599999999999 0.482418 0.12168299999999999 0.439902 0.08776140032679738 0.43230399999999997 0.053333300653594776 0.4475 0.07156859967320262 0.47382399999999997
27 0.977533 0.98165 0.98652 0.667042 0.746062 0.682778 0.431454 0.6602939999999999 0.146062 0.678284 0.0067483692810457515 0.9704079999999999 0.977533 0.98165
50 0.24719000000000002 0.620229 0.296634 0.629216 0.350556 0.622467 0.375278 0.633709 0.404493 0.644951 0.45393799999999995 0.6404580000000001 0.514608 0.633709 0.617974 0.64719 0.665163 0.653938 0.701127 0.658431 0.7438239999999999 0.665163 0.784265 0.676405 0.84719 0.665163 0.8786440000000001 0.595507 0.788758 0.377533 0.768546 0.32585 0.7438239999999999 0.298873 0.624722 0.28539200000000003 0.6157349999999999 0.25617599999999996 0.6404580000000001 0.220229 0.6404580000000001 0.141569 0.644951 0.06965690032679739 0.631454 0.038202599673202615 0.606748 0.004493460784313725 0.45393799999999995 0.008986929738562091 0.41797399999999996 0.026960800653594772 0.41348 0.08764709967320261 0.415735 0.11910100000000001 0.41797399999999996 0.17977100000000001 0.422467 0.224722 0.424722 0.25617599999999996 0.44719 0.28539200000000003 0.440458 0.292141 0.346062 0.323595 0.307859 0.348317 0.269657 0.406748 0.25617599999999996 0.49663399999999996 0.238203 0.624722 0.24719000000000002 0.620229
26 0.249444 0.648758 0.24269600000000002 0.713922 0.30112700000000003 0.738644 0.310114 0.761111 0.310114 0.819542 0.321356 0.837516 0.32585 0.873464 0.373039 0.8554900000000001 0.373039 0.846503 0.377533 0.633023 0.346062 0.621781 0.278644 0.621781 0.24719000000000002 0.637516 0.249444 0.648758
62 0.793725 0.883742 0.8039540000000001 0.871127 0.804199 0.8632839999999999 0.799918 0.857565 0.791585 0.859003 0.766144 0.9006210000000001 0.751144 0.9265519999999999 0.731176 0.960556 0.723562 0.974363 0.70335 0.997663 0.7126140000000001 0.9995750000000001 0.722843 0.9905229999999999 0.729984 0.986961 0.753056 0.953186 0.775882 0.914412 0.793725 0.883742
14 0.834085 1 0.834461 0.972663 0.834837 0.965523 0.8307030000000001 0.962516 0.814542 0.951242 0.787859 0.940343 0.7641830000000001 0.9358329999999999 0.76268 0.933954 0.7333660000000001 0.984314 0.717206 0.993333 0.7078099999999999 0.9967159999999999 0.707435 0.994461 0.716454 0.98732 0.72585 0.970033 0.7495259999999999 0.9305720000000001 0.726977 0.932075 0.692402 0.9343300000000001 0.665343 0.9429740000000001 0.640899 0.962892 0.637516 0.979804 0.637516 0.99634 0.6416499999999999 1 0.834085 1
14 0.44096399999999997 0.8900489999999999 0.45465700000000003 0.902761 0.461503 0.929183 0.466405 0.954608 0.474232 0.9829740000000001 0.529003 0.9819930000000001 0.527042 0.942876 0.525082 0.921356 0.5231370000000001 0.8949349999999999 0.5231370000000001 0.877337 0.502598 0.8743949999999999 0.46542500000000003 0.877337 0.44096399999999997 0.8900489999999999
26 0.304657 0.820408 0.293039 0.850882 0.25676499999999997 0.868301 0.20018 0.8770100000000001 0.162451 0.8770100000000001 0.13488599999999998 0.868301 0.12183000000000001 0.855245 0.108758 0.8813559999999999 0.117467 0.9118299999999999 0.129085 0.998889 0.129085 1 0.333676 0.988742 0.31191199999999997 0.818971 0.304657 0.820408
14 0.329395 0.932369 0.32511399999999996 0.9141830000000001 0.302647 0.943056 0.260931 0.9591010000000001 0.22029400000000002 0.969265 0.186601 0.969265 0.150229 0.961242 0.126699 0.949477 0.12509800000000001 0.951618 0.128301 0.9671240000000001 0.150229 0.979967 0.166275 0.98531 0.179118 0.9874510000000001 0.203186 0.9911929999999999 0.218693 0.9890519999999999 0.23794099999999999 0.98531 0.26040800000000003 0.981029 0.274314 0.9772879999999999 0.278595 0.976748 0.326716 0.943595 0.329395 0.932369
79 0.293252 0.326699 0.296176 0.32281 0.296503 0.319886 0.29683 0.313399 0.295196 0.311111 0.292925 0.303971 0.292925 0.298137 0.292598 0.289363 0.294232 0.278644 0.303971 0.273464 0.310784 0.270212 0.311111 0.267614 0.310784 0.264363 0.286765 0.263709 0.280588 0.265343 0.281569 0.269559 0.275719 0.273464 0.275719 0.274755 0.277337 0.279624 0.279297 0.299428 0.279297 0.311765 0.283513 0.316307 0.282206 0.32183 0.286438 0.325735 0.29 0.33384 0.29098 0.330278 0.293252 0.326699
79 0.298676 0.323529 0.295735 0.32549 0.29328400000000004 0.333807 0.29524500000000004 0.341144 0.297696 0.349967 0.301618 0.349967 0.326095 0.333317 0.348611 0.325 0.342729 0.32107800000000003 0.34469 0.318137 0.34616 0.279461 0.337843 0.27310500000000004 0.333922 0.26526099999999997 0.303072 0.267222 0.302582 0.269183 0.303072 0.27359500000000003 0.299657 0.27457499999999996 0.294755 0.2775 0.291814 0.283873 0.293775 0.302467 0.297696 0.318627 0.298676 0.323529