18 0.47034 0.48528 0.43107999999999996 0.58705 0.41324 0.58531 0.40728 0.615133 0.418 0.637965 0.40134 0.7520060000000001 0.41086 0.8502949999999999 0.41086 0.9573450000000001 0.46082 0.9661059999999999 0.48582 0.90118 0.6857000000000001 0.8976700000000001 0.71188 0.9485549999999999 0.77612 0.913481 0.80468 0.7953100000000001 0.7749400000000001 0.616313 0.7130599999999999 0.47941 0.48938 0.47767 0.47034 0.48528
18 0.91944 0.547375 0.9217799999999999 0.5866669999999999 0.99776 0.569322 0.9969600000000001 0.50233 0.95938 0.505811 0.92804 0.53236 0.91944 0.547375
75 0.0183 0.45094399999999996 0.00428 0.525398 0.00428 0.6494690000000001 0.06458 0.707375 0.07018 0.732183 0.0828 0.765251 0.09822 0.759056 0.10242 0.7383780000000001 0.10382 0.711504 0.17252 0.7032149999999999 0.16832 0.7301179999999999 0.18234 0.775605 0.20478 0.7797350000000001 0.2216 0.7797350000000001 0.2314 0.759056 0.23282 0.7032149999999999 0.27346 0.717699 0.26366 0.744572 0.26786 0.77767 0.28608 0.77767 0.2959 0.7569910000000001 0.2973 0.723894 0.3004 0.71764 0.29802 0.630088 0.29564 0.600324 0.2909 0.561799 0.27546 0.544277 0.2636 0.456755 0.21966 0.428732 0.046340000000000006 0.428732 0.0183 0.45094399999999996
73 0.3102 0.17235999999999999 0.30756 0.06135689970501475 0.27388 0.06135689970501475 0.2752 0.170413 0.30954000000000004 0.171386 0.3102 0.17235999999999999
73 0.66298 0.408319 0.6598999999999999 0.32634199999999997 0.6306 0.32634199999999997 0.6306 0.405074 0.66298 0.408319
50 0.55938 0.551209 0.54914 0.5449849999999999 0.54222 0.5441 0.5314 0.547198 0.52538 0.5614159999999999 0.5296000000000001 0.5796169999999999 0.5326000000000001 0.583156 0.55938 0.585369 0.56238 0.580944 0.5642 0.5587610000000001 0.55938 0.551209
73 0.66484 0.390855 0.6676 0.386814 0.67622 0.384366 0.6775 0.363805 0.6659400000000001 0.361091 0.66742 0.35731599999999997 0.6767799999999999 0.35324500000000003 0.6766 0.342684 0.6677799999999999 0.342419 0.6666799999999999 0.33023600000000003 0.6646599999999999 0.33023600000000003 0.6632 0.331858 0.6628200000000001 0.38949900000000004 0.66484 0.390855
73 0.8520599999999999 0.44247800000000004 0.86656 0.44486699999999996 0.86776 0.443068 0.86534 0.390826 0.8508600000000001 0.392006 0.85166 0.437729 0.8520599999999999 0.44247800000000004
31 0.9438200000000001 0.656047 0.9438200000000001 0.669587 0.9421799999999999 0.67236 0.93698 0.674454 0.93204 0.682773 0.93228 0.687994 0.9351 0.693894 0.94076 0.695634 0.9475800000000001 0.699115 0.9454600000000001 0.7480829999999999 0.9442999999999999 0.752271 0.94076 0.7599119999999999 0.94052 0.763717 0.97114 0.7616519999999999 0.97208 0.758525 0.97162 0.7505310000000001 0.96902 0.675841 0.96548 0.6591739999999999 0.9602999999999999 0.650826 0.94524 0.653599 0.9438200000000001 0.656047
50 0.77336 0.590442 0.77336 0.5955159999999999 0.77388 0.600206 0.77522 0.600619 0.776 0.633451 0.7754800000000001 0.643599 0.77866 0.652979 0.7807799999999999 0.653392 0.78236 0.650649 0.78476 0.6275809999999999 0.78608 0.6471089999999999 0.78634 0.651416 0.78846 0.652212 0.79138 0.651416 0.79218 0.648289 0.7943 0.629528 0.7964199999999999 0.615457 0.798 0.603333 0.8006599999999999 0.588083 0.8006599999999999 0.577935 0.7988 0.568555 0.79774 0.561121 0.7953600000000001 0.558378 0.79138 0.5541 0.79138 0.5486139999999999 0.7874 0.538466 0.78342 0.536903 0.77998 0.54354 0.77998 0.54823 0.77812 0.5552509999999999 0.7754800000000001 0.5623009999999999 0.77388 0.5705009999999999 0.7725599999999999 0.580265 0.77336 0.590442
18 0 0.62823 0.0032 0.84236 0.0319 0.8752800000000001 0.05264 0.88236 0.06222 0.83059 0.05902 0.7129500000000001 0.00478 0.6705899999999999 0.0351 0.64 0.027120000000000002 0.61882 0 0.61882 0 0.62823
18 0.37968 0.604248 0.37942000000000004 0.612625 0.38586000000000004 0.613717 0.38956 0.614454 0.39080000000000004 0.6053390000000001 0.39302 0.599882 0.39352 0.593687 0.39030000000000004 0.588938 0.38733999999999996 0.581652 0.38633999999999996 0.580914 0.37522000000000005 0.582743 0.3782 0.590767 0.37968 0.604248
18 0.39086000000000004 0.603894 0.394 0.606696 0.3963 0.607316 0.3986 0.609469 0.4051 0.604218 0.40614 0.591858 0.40238 0.586637 0.4005 0.58292 0.3963 0.5792039999999999 0.39024000000000003 0.5792039999999999 0.39004 0.582301 0.39004 0.584779 0.39024000000000003 0.590649 0.39086000000000004 0.603894
73 0.9281 0.300413 0.92634 0.134956 0.92344 0.132389 0.863 0.134956 0.86068 0.14182899999999998 0.86126 0.237847 0.86242 0.250708 0.8566 0.259263 0.8548600000000001 0.272124 0.8571799999999999 0.28241900000000003 0.86358 0.289263 0.863 0.307286 0.87056 0.308142 0.86998 0.309853 0.9246 0.305546 0.9281 0.300413
18 0.767 0.563097 0.76634 0.566372 0.7659 0.571888 0.7758399999999999 0.559528 0.767 0.563097
18 0.76104 0.564749 0.7562 0.570265 0.75532 0.573835 0.75752 0.583953 0.76216 0.584602 0.76238 0.580029 0.76104 0.578407 0.76304 0.573835 0.76326 0.563746 0.76104 0.564749