21 0.67498 0.44237300000000007 0.6608 0.44237300000000007 0.65992 0.446507 0.65482 0.45063999999999993 0.65018 0.463627 0.6528400000000001 0.47072 0.6597 0.47485299999999997 0.67232 0.481067 0.68738 0.484 0.68518 0.47544 0.6741 0.45978700000000006 0.67366 0.45712 0.67898 0.45269299999999996 0.68274 0.454773 0.69314 0.461867 0.69846 0.450347 0.68518 0.445307 0.67498 0.44237300000000007
21 0.73258 0.49197299999999994 0.7270399999999999 0.50408 0.7319 0.506747 0.73988 0.508213 0.74364 0.505573 0.75008 0.48016000000000003 0.7472 0.477227 0.74564 0.47928 0.74098 0.48312 0.735 0.477227 0.73434 0.48312 0.73258 0.49197299999999994
50 0.77944 0.8281069999999999 0.77504 0.783093 0.78532 0.773307 0.78386 0.72632 0.77944 0.704773 0.7912 0.69696 0.82202 0.7126129999999999 0.8396399999999999 0.6949869999999999 0.8646 0.691067 0.86754 0.67736 0.83378 0.667573 0.8088200000000001 0.661707 0.77944 0.6519199999999999 0.76476 0.640187 0.77798 0.602987 0.72926 0.5540269999999999 0.73262 0.502347 0.7511599999999999 0.484373 0.73938 0.452907 0.7343200000000001 0.434933 0.71408 0.39224000000000003 0.70398 0.36528 0.68038 0.35629299999999997 0.64162 0.376507 0.61656 0.389227 0.6052000000000001 0.42448 0.6096 0.46864 0.61634 0.502347 0.59442 0.578747 0.58262 0.652907 0.58768 0.677627 0.60454 0.7068530000000001 0.64498 0.684373 0.66352 0.758533 0.69892 0.787733 0.69386 0.8776269999999999 0.6787000000000001 1 0.736 0.996747 0.731 0.99648 0.7633 0.871173 0.77944 0.8281069999999999
50 0.92076 1 0.92234 0.993413 0.91604 0.887733 0.95436 0.894027 0.9837400000000001 0.88144 0.98742 0.8520530000000001 0.9827 0.842267 0.97692 0.822667 0.97954 0.7904800000000001 0.97534 0.7373069999999999 0.96486 0.719093 0.9575 0.68272 0.94438 0.65824 0.94438 0.64424 0.9317799999999999 0.603653 0.9171 0.5966400000000001 0.89452 0.579867 0.87354 0.55536 0.88824 0.5364800000000001 0.89086 0.514773 0.89086 0.488187 0.8819400000000001 0.455307 0.8641 0.4308 0.83628 0.429413 0.80952 0.4476 0.80164 0.48050699999999996 0.80426 0.53856 0.78328 0.532987 0.7649 0.529467 0.7223999999999999 0.53088 0.73184 0.554667 0.73498 0.56096 0.78012 0.60224 0.76332 0.642133 0.788 0.6547200000000001 0.86724 0.676427 0.86462 0.6918129999999999 0.84258 0.6981069999999999 0.82264 0.7121069999999999 0.80006 0.69952 0.7754 0.7051200000000001 0.78118 0.755493 0.77224 0.775787 0.77278 0.838053 0.75966 0.883547 0.75178 0.938133 0.75178 1 0.84992 1 0.92076 1
50 0.1028 0.42248 0.07751999999999999 0.45392 0.0337 0.5213599999999999 0.01686 0.6382129999999999 0.02022 0.7168530000000001 0.00674 0.8876529999999999 0.0354 0.9348270000000001 0.13146000000000002 0.984267 0.16348 0.92136 0.18034 0.815733 0.17696 0.662933 0.17696 0.5528000000000001 0.24944 0.5662929999999999 0.29325999999999997 0.543813 0.29158 0.492133 0.26798 0.440453 0.22922 0.37527999999999995 0.21068 0.35056000000000004 0.18034 0.337067 0.1382 0.33258699999999997 0.10786 0.34832 0.1028 0.42248
50 0.40014 0.95056 0.39948 0.9748530000000001 0.4015 0.9937600000000001 0.43457999999999997 0.999173 0.44876 0.984747 0.46022 0.9856529999999999 0.4663 0.973067 0.442 0.953253 0.43998000000000004 0.93256 0.42716000000000004 0.892053 0.43256 0.8677600000000001 0.45280000000000004 0.822747 0.4555 0.773253 0.45348 0.748933 0.4609 0.712933 0.45956 0.6121329999999999 0.46158 0.595013 0.46226 0.575227 0.46022 0.564427 0.43051999999999996 0.568027 0.42446 0.584213 0.42446 0.590533 0.42716000000000004 0.6049329999999999 0.42512 0.61752 0.4177 0.62112 0.41162 0.632827 0.40892 0.650827 0.40826 0.6760269999999999 0.40826 0.6814399999999999 0.40758 0.7201329999999999 0.4015 0.748027 0.40352 0.766053 0.41028 0.8551469999999999 0.41028 0.858747 0.4015 0.892053 0.3988 0.91184 0.39812000000000003 0.938853 0.40014 0.95056
50 0.55736 0.6304 0.553 0.618747 0.5515399999999999 0.601947 0.53554 0.595467 0.52922 0.59936 0.52826 0.61616 0.52922 0.6381600000000001 0.53214 0.6524 0.5205 0.673093 0.51564 0.695067 0.51806 0.704133 0.53166 0.685387 0.53796 0.671787 0.55008 0.693147 0.56076 0.695733 0.56852 0.681493 0.5767599999999999 0.6653330000000001 0.5782200000000001 0.649813 0.56998 0.636853 0.55736 0.6304
50 0.29816000000000004 0.7786930000000001 0.29962 0.755973 0.29552 0.75088 0.2914 0.7352 0.29374 0.714053 0.29904000000000003 0.703467 0.30138 0.69368 0.29786 0.68664 0.29374 0.6784 0.29286 0.665467 0.28964 0.658827 0.2861 0.657253 0.28228 0.658827 0.28024 0.670187 0.27934 0.67448 0.27846 0.67488 0.272 0.679573 0.26994 0.6834929999999999 0.26966 0.69016 0.26877999999999996 0.7160270000000001 0.26936 0.730907 0.2717 0.73912 0.27348 0.745387 0.2767 0.75832 0.28052 0.779493 0.28346 0.78184 0.2908 0.78184 0.29874 0.7798670000000001 0.29816000000000004 0.7786930000000001
36 0.71768 0.814053 0.6190399999999999 0.678 0.62586 0.614507 0.60034 0.55328 0.5714199999999999 0.641733 0.5578200000000001 0.623573 0.49319999999999997 0.739227 0.42857999999999996 0.8775470000000001 0.42857999999999996 0.8979469999999999 0.4796 0.9863999999999999 0.65306 0.9886670000000001 0.71428 0.8571469999999999 0.71768 0.814053
50 0.5162599999999999 0.708587 0.5131 0.692587 0.51246 0.682747 0.51078 0.68192 0.50636 0.678267 0.50214 0.675733 0.5032 0.6732 0.50446 0.671227 0.50404 0.667307 0.5032 0.66224 0.50278 0.6572 0.50172 0.655227 0.49772000000000005 0.655227 0.49307999999999996 0.656053 0.4914 0.65944 0.4914 0.6658930000000001 0.49345999999999995 0.6678930000000001 0.49428 0.670427 0.49536 0.67656 0.49212 0.676907 0.48669999999999997 0.67872 0.4813 0.683413 0.4794 0.692427 0.4794 0.7017869999999999 0.4813 0.71296 0.48669999999999997 0.71728 0.48669999999999997 0.723413 0.48482 0.7403730000000001 0.48482 0.765227 0.5162599999999999 0.708587
50 0.2233 0.7561329999999999 0.22741999999999998 0.767093 0.22824 0.780213 0.23194 0.78352 0.23728 0.784053 0.23562 0.7741870000000001 0.23646 0.769813 0.2344 0.7484529999999999 0.23686000000000001 0.71504 0.24547999999999998 0.695333 0.23686000000000001 0.679467 0.22906 0.677253 0.23028 0.664667 0.22741999999999998 0.66192 0.22290000000000001 0.660827 0.22002000000000002 0.670693 0.22247999999999998 0.67672 0.22824 0.6854669999999999 0.22618000000000002 0.6903999999999999 0.20976 0.70904 0.20976 0.72216 0.21058000000000002 0.74736 0.20646 0.7692800000000001 0.20606 0.7764 0.2077 0.77968 0.21468 0.77912 0.22002000000000002 0.7539469999999999 0.22247999999999998 0.746827 0.2233 0.7561329999999999
21 0.81786 0.6971729999999999 0.81786 0.7037869999999999 0.8256 0.7079200000000001 0.82468 0.71496 0.83398 0.7083470000000001 0.83212 0.6909869999999999 0.8113400000000001 0.6728000000000001 0.80484 0.68272 0.81786 0.6971729999999999
36 0.7863 0.800373 0.78564 0.8356 0.78564 0.8752530000000001 0.7889400000000001 0.91136 0.8028200000000001 0.930747 0.89862 0.9157869999999999 0.90324 0.9104800000000001 0.90588 0.8972800000000001 0.91116 0.8638129999999999 0.90918 0.8268 0.8979600000000001 0.783627 0.8735 0.7572 0.8702000000000001 0.7721870000000001 0.8285800000000001 0.8030130000000001 0.7915800000000001 0.7994929999999999 0.7863 0.800373
50 0.20524 0.652827 0.20626 0.649413 0.21496 0.643253 0.21547999999999998 0.633707 0.20984 0.621413 0.20163999999999999 0.614587 0.18884 0.615253 0.17604 0.605707 0.17552 0.635733 0.16632 0.7108530000000001 0.15862 0.927307 0.16426 0.92936 0.17859999999999998 0.923227 0.18525999999999998 0.9102399999999999 0.19396000000000002 0.9116000000000001 0.2042 0.90272 0.20012 0.8884 0.195 0.8549329999999999 0.22008000000000003 0.8433329999999999 0.21394 0.82216 0.19294 0.7313329999999999 0.20676 0.7094929999999999 0.22572 0.6842130000000001 0.20728 0.65896 0.20524 0.652827
18 0.31177999999999995 0.733173 0.3128 0.72848 0.31574 0.7243999999999999 0.31588 0.7011729999999999 0.31792000000000004 0.672507 0.31486000000000003 0.672507 0.31045999999999996 0.6742400000000001 0.30842 0.678933 0.30710000000000004 0.68304 0.30622000000000005 0.706453 0.30256 0.70704 0.3014 0.7152270000000001 0.30184 0.721867 0.30607999999999996 0.7224269999999999 0.30563999999999997 0.727893 0.30666000000000004 0.7353069999999999 0.30886 0.739013 0.31222000000000005 0.7380530000000001 0.31177999999999995 0.733173
50 0.47742 0.7783730000000001 0.48078 0.76344 0.47293999999999997 0.759733 0.47293999999999997 0.736587 0.48134 0.7060270000000001 0.47798 0.690347 0.47966000000000003 0.6828799999999999 0.48358 0.667227 0.48246 0.65752 0.46904 0.65456 0.464 0.662747 0.46512 0.673947 0.4612 0.68736 0.46008 0.726907 0.45952 0.7448 0.46176 0.77464 0.46288 0.7888000000000001 0.46512 0.79104 0.47574 0.782107 0.47742 0.7783730000000001
21 0.2032 0.38432 0.18662 0.363387 0.18008000000000002 0.372693 0.1997 0.39592 0.20494 0.391867 0.2032 0.38432