27 1 0.698829 0.88225 0.689415 0.821031 0.757658 0.827313 0.7694150000000001 0.846156 0.9058780000000001 0.8618439999999999 0.903536 0.8932499999999999 0.7952929999999999 0.907375 0.7952929999999999 0.919937 0.903536 0.937203 0.910585 0.926219 0.8 1 0.809415 1 0.698829
27 0.689172 0.914895 0.670328 0.933724 0.656203 0.9478449999999999 0.609109 0.9666739999999999 0.565141 0.9666739999999999 0.315547 0.9172600000000001 0.24960900000000003 0.903138 0.23234400000000002 0.884309 0.222922 0.8866740000000001 0.216641 0.891382 0.21035900000000002 0.903138 0.22762500000000002 0.950187 0.263734 0.980773 0.995281 0.9878450000000001 1 0.926674 0.689172 0.896089 0.689172 0.914895
44 0.0885312 0.6415930000000001 0.11523399999999999 0.6830910000000001 0.141953 0.736464 0.15876600000000002 0.714239 0.164703 0.669766 0.15975 0.663817 0.13503099999999998 0.637143 0.143922 0.611944 0.15975 0.601546 0.15975 0.591171 0.16075 0.582272 0.17360899999999999 0.582272 0.181516 0.573396 0.1835 0.562998 0.169641 0.555597 0.15579700000000002 0.552623 0.166672 0.525948 0.17854699999999998 0.522974 0.185469 0.525948 0.198328 0.5155740000000001 0.181516 0.44885200000000003 0.169641 0.44440300000000005 0.14985900000000002 0.45330200000000004 0.13503099999999998 0.43847800000000003 0.117219 0.44440300000000005 0.11623399999999999 0.383607 0.107328 0.376206 0.103375 0.36433299999999996 0.0905156 0.356932 0.0964531 0.325785 0.0994219 0.30800900000000003 0.107328 0.291686 0.109312 0.276862 0.0994219 0.259087 0.08754690000000001 0.259087 0.0766719 0.273911 0.0835937 0.29911 0.0816094 0.313934 0.0756719 0.351007 0.0410469 0.333208 0.0400625 0.345059 0.0766719 0.37768100000000004 0.0786406 0.37915699999999997 0.103375 0.431054 0.102375 0.432529 0.09446879999999999 0.44885200000000003 0.0845781 0.442927 0.079625 0.466628 0.06281250000000001 0.481475 0.047984399999999997 0.530398 0.0558906 0.557073 0.0558906 0.58377 0.0529219 0.58822 0.0885312 0.6415930000000001
50 0.78175 0.5642389999999999 0.780141 0.58466 0.776938 0.6002810000000001 0.774531 0.611101 0.789766 0.612295 0.8033910000000001 0.601499 0.807391 0.589485 0.8089999999999999 0.573864 0.8186249999999999 0.555831 0.8282339999999999 0.557026 0.831453 0.5642389999999999 0.8266410000000001 0.581077 0.820219 0.6002810000000001 0.830641 0.602693 0.8418749999999999 0.6063000000000001 0.8739380000000001 0.6074940000000001 0.917219 0.6074940000000001 0.914813 0.593091 0.912406 0.577471 0.9084059999999999 0.543817 0.9084059999999999 0.477728 0.9076090000000001 0.459719 0.903594 0.445293 0.902797 0.39962499999999995 0.8955780000000001 0.384005 0.889969 0.358782 0.88275 0.34557400000000005 0.8835470000000001 0.33594799999999997 0.889969 0.31672100000000003 0.8963749999999999 0.304707 0.891578 0.28547999999999996 0.877938 0.283091 0.869125 0.28428600000000004 0.857094 0.290304 0.8490780000000001 0.299906 0.841062 0.314333 0.8346560000000001 0.33234199999999997 0.8290469999999999 0.35517600000000005 0.8186249999999999 0.362389 0.809797 0.369602 0.8017810000000001 0.391218 0.8089999999999999 0.42007 0.812203 0.447705 0.817812 0.471733 0.8114060000000001 0.520984 0.783344 0.566651 0.78175 0.5642389999999999
50 0.685937 0.377283 0.689063 0.508431 0.69375 0.588056 0.725 0.590398 0.75 0.562295 0.735938 0.442857 0.729688 0.41475399999999996 0.739062 0.365574 0.732812 0.34918 0.710938 0.356206 0.69375 0.36089 0.682813 0.335129 0.675 0.370258 0.685937 0.377283
50 0.0863281 0.353162 0.089375 0.361171 0.0950781 0.361733 0.100797 0.361171 0.10003100000000001 0.341756 0.0954688 0.319485 0.0988906 0.304637 0.10803100000000002 0.291499 0.109563 0.277799 0.104984 0.265808 0.0954688 0.260679 0.0855625 0.261241 0.0783281 0.274379 0.0775625 0.293794 0.0699375 0.30348900000000006 0.0642344 0.318923 0.0630938 0.319485 0.06042190000000001 0.342881 0.074125 0.35487099999999994 0.081375 0.35089 0.0863281 0.353162
50 0.06042190000000001 0.358314 0.06042190000000001 0.399415 0.060031299999999996 0.447939 0.0619375 0.478782 0.0748906 0.47192 0.0859375 0.467916 0.0802344 0.461639 0.0851719 0.450234 0.0931719 0.44452 0.098125 0.449649 0.10574999999999998 0.438244 0.103844 0.417119 0.101172 0.38229500000000005 0.0908906 0.377728 0.0794688 0.369157 0.0684219 0.361733 0.0615625 0.357166 0.06042190000000001 0.358314
50 0.378625 0.354941 0.38681299999999996 0.339953 0.390453 0.304473 0.389547 0.263536 0.371344 0.252623 0.331281 0.24854800000000002 0.300344 0.284005 0.303078 0.335855 0.29032800000000003 0.36178000000000005 0.378625 0.354941
77 0.201953 0.227799 0.222891 0.189696 0.240844 0.19191999999999998 0.240844 0.23452 0.323125 0.236768 0.42932800000000004 0.272646 0.421859 0.33543300000000004 0.42932800000000004 0.337658 0.43681200000000003 0.28161600000000003 0.505625 0.310773 0.531062 0.286089 0.727031 0.362342 0.7554529999999999 0.272646 0.6746719999999999 0.09103040046838408 0.583422 0.003583140515222482 0.21242200000000003 0.003583140515222482 0.0882656 0.12465999999999999 0.09425 0.147096 0.0957344 0.20538599999999999 0.201953 0.227799
65 0.196406 0.87192 0.464781 0.95281 0.629703 0.968548 0.631203 0.968548 0.685172 0.9303279999999999 0.685172 0.36405200000000004 0.614719 0.35056200000000004 0.604219 0.35056200000000004 0.5127659999999999 0.361803 0.51875 0.332576 0.39731299999999997 0.321358 0.379328 0.34831399999999996 0.260875 0.34606600000000004 0.21590600000000001 0.375269 0.196406 0.87192
50 0 0.565738 0.0026718703125 1 0.256969 0.9986179999999999 0.224281 0.930539 0.18795299999999998 0.869297 0.18068800000000002 0.854309 0.163422 0.813489 0.147984 0.745433 0.11529700000000001 0.6800940000000001 0.07170309999999999 0.616112 0.00540625 0.563021 0 0.565738
50 0.955703 0.35374700000000003 0.942891 0.38695599999999997 0.954547 0.44459000000000004 0.9277340000000001 0.549415 0.92075 0.596581 0.9265779999999999 0.607073 0.941719 0.6088290000000001 0.9615309999999999 0.565152 0.9778589999999999 0.51274 1 0.5773769999999999 0.9988440000000001 0.497002 0.997672 0.369485 0.997672 0.320562 0.9615309999999999 0.33454300000000003 0.955703 0.35374700000000003
77 0.9593909999999999 0 0.9029999999999999 0.0023653395784543328 0.875328 0.062623 0.865422 0.0735831007025761 0.8612339999999999 0.07512880093676816 0.8445309999999999 0.110351 0.8434839999999999 0.139297 0.83775 0.16356 0.8320000000000001 0.176862 0.827313 0.199555 0.827313 0.219906 0.8387969999999999 0.252763 0.9270160000000001 0.30674500000000005 0.9614839999999999 0.325527 1 0.32241200000000003 1 0.280141 1 0.136956 1 0 0.9593909999999999 0