50 0.521406 0.697688 0.550312 0.709542 0.545875 0.6754370000000001 0.528078 0.596875 0.505844 0.476771 0.500281 0.410063 0.493609 0.33147899999999997 0.461359 0.28108299999999997 0.419109 0.316667 0.423562 0.365583 0.45246899999999995 0.39375 0.476938 0.43970800000000004 0.478047 0.499021 0.49139099999999997 0.601313 0.518078 0.6695209999999999 0.521406 0.697688
50 0.9 0.6808960000000001 0.862922 0.710104 0.8393280000000001 0.734833 0.810672 0.766292 0.8072969999999999 0.8157289999999999 0.797187 0.876396 0.797187 0.889896 0.7904530000000001 0.946063 0.7904530000000001 0.986521 1 1 0.9977499999999999 0.710104 0.960672 0.6876460000000001 0.9 0.6808960000000001
17 0.317563 0.7004579999999999 0.398656 0.772521 0.516891 0.7342289999999999 0.466219 0.43918799999999997 0.383453 0.434688 0.329391 0.702708 0.317563 0.7004579999999999
50 0.7904530000000001 0.7129169999999999 0.771906 0.746625 0.7634839999999999 0.780333 0.765172 0.789333 0.800563 0.8275210000000001 0.8140470000000001 0.760104 0.898312 0.6814579999999999 0.953937 0.685958 0.9977499999999999 0.7061879999999999 1 0.411792 0.967422 0.34437500000000004 0.9286559999999999 0.330896 0.8814529999999999 0.378083 0.8814529999999999 0.382583 0.8528119999999999 0.378083 0.841016 0.38708299999999995 0.817422 0.378083 0.8022500000000001 0.396063 0.780344 0.389333 0.7179840000000001 0.434271 0.7129220000000001 0.458979 0.728094 0.501687 0.785391 0.515167 0.798875 0.508417 0.819094 0.494937 0.824156 0.501687 0.8140470000000001 0.5578749999999999 0.798875 0.692688 0.7904530000000001 0.7129169999999999
50 0.7778590000000001 0.674292 0.800484 0.6813330000000001 0.812172 0.5687080000000001 0.803125 0.573729 0.797844 0.57925 0.796344 0.5893130000000001 0.789547 0.624 0.778984 0.6370830000000001 0.752969 0.663229 0.7778590000000001 0.674292
79 0.5646720000000001 0.718688 0.565125 0.764146 0.572266 0.774896 0.574344 0.8145209999999999 0.568594 0.8228120000000001 0.565828 0.826792 0.564906 0.8307920000000001 0.564906 0.836021 0.5692809999999999 0.838479 0.582875 0.8363130000000001 0.589547 0.8353959999999999 0.591156 0.824333 0.5881719999999999 0.817896 0.579406 0.812979 0.578719 0.790563 0.5835619999999999 0.7831880000000001 0.5881719999999999 0.738042 0.5881719999999999 0.7208330000000001 0.5856250000000001 0.7125419999999999 0.5752659999999999 0.711625 0.567438 0.7137709999999999 0.5646720000000001 0.718688
79 0.600203 0.789687 0.5966560000000001 0.807958 0.5819219999999999 0.8154170000000001 0.5865 0.819479 0.596141 0.8201459999999999 0.610875 0.818792 0.606812 0.807958 0.605797 0.798479 0.604781 0.788333 0.604781 0.774104 0.605281 0.761229 0.611891 0.7341460000000001 0.612406 0.7144999999999999 0.606297 0.702313 0.5991869999999999 0.700958 0.592594 0.7016249999999999 0.588016 0.7104370000000001 0.5865 0.728729 0.587516 0.749042 0.590562 0.77275 0.600203 0.789687
14 0.612313 0.79975 0.6184999999999999 0.8008120000000001 0.6411089999999999 0.7954380000000001 0.664531 0.7850210000000001 0.666141 0.782167 0.673953 0.758479 0.668828 0.749146 0.6424529999999999 0.7408750000000001 0.5974999999999999 0.740167 0.5886250000000001 0.7498539999999999 0.593469 0.773188 0.605031 0.792917 0.612313 0.79975
14 0.259063 0.933708 0.26114099999999996 0.9299999999999999 0.268781 0.931854 0.272594 0.932771 0.275719 0.931396 0.302781 0.921208 0.310766 0.913813 0.31006300000000003 0.905021 0.31006300000000003 0.8966879999999999 0.31528100000000003 0.887896 0.31875 0.87725 0.320484 0.870313 0.321172 0.8624580000000001 0.322562 0.850875 0.311797 0.8416250000000001 0.304859 0.8379169999999999 0.293406 0.833771 0.282656 0.8314579999999999 0.27120299999999997 0.8314579999999999 0.261484 0.832833 0.246906 0.833771 0.235812 0.833771 0.22678099999999998 0.836083 0.220891 0.837 0.216031 0.837458 0.209437 0.8402499999999999 0.20249999999999999 0.8425619999999999 0.196938 0.84625 0.193812 0.8495 0.193125 0.855042 0.192078 0.85875 0.19173400000000002 0.863833 0.191391 0.8689169999999999 0.192781 0.876333 0.194516 0.880958 0.195203 0.884188 0.196594 0.890208 0.196594 0.893917 0.199016 0.8985420000000001 0.20006200000000002 0.901771 0.20110899999999998 0.906875 0.202141 0.910104 0.202141 0.9165829999999999 0.20909399999999997 0.923979 0.217062 0.929083 0.228859 0.932771 0.235109 0.935083 0.251078 0.936021 0.259063 0.933708
17 0.657234 0.722 0.654734 0.713313 0.646219 0.7119789999999999 0.639703 0.722 0.639703 0.735354 0.649219 0.7366879999999999 0.657234 0.7453749999999999 0.66475 0.743354 0.67475 0.746708 0.681266 0.748708 0.6867810000000001 0.758729 0.7012970000000001 0.7567079999999999 0.706797 0.7507079999999999 0.711313 0.752708 0.730844 0.753375 0.734344 0.758729 0.734344 0.780083 0.739844 0.7840830000000001 0.743359 0.772729 0.7478589999999999 0.7747499999999999 0.755375 0.782083 0.764891 0.772729 0.763891 0.757375 0.769891 0.752708 0.775906 0.758729 0.786922 0.727333 0.794438 0.713979 0.799937 0.6812710000000001 0.7318439999999999 0.658583 0.661234 0.6812710000000001 0.6607339999999999 0.722 0.657234 0.722
27 0.7266250000000001 0.984417 0.746109 0.9428540000000001 0.7967500000000001 0.9038959999999999 0.8103910000000001 0.851958 0.779219 0.758437 0.804547 0.683125 0.746109 0.6597500000000001 0.668187 0.680521 0.6565000000000001 0.716875 0.6311720000000001 0.7220829999999999 0.598047 0.7220829999999999 0.584422 0.7246670000000001 0.574672 0.748042 0.5610310000000001 0.7636459999999999 0.551297 0.7558539999999999 0.514281 0.7324579999999999 0.508437 0.703896 0.49481200000000003 0.672729 0.492859 0.649354 0.48506299999999997 0.6 0.48310899999999996 0.571438 0.48117200000000004 0.532458 0.471422 0.519479 0.467531 0.462333 0.461688 0.423375 0.43635900000000005 0.392208 0.40714100000000003 0.405188 0.387656 0.438958 0.38571900000000003 0.501292 0.379875 0.532458 0.372078 0.581812 0.362344 0.6129789999999999 0.358438 0.6701250000000001 0.33896899999999996 0.688312 0.331172 0.703896 0.311688 0.727271 0.303891 0.761042 0.294156 0.810396 0.105187 0.867542 0.10325 0.987021 0.7266250000000001 0.984417
50 0.578578 0.709083 0.605844 0.7065 0.615578 0.74025 0.652594 0.716875 0.629219 0.638958 0.6077969999999999 0.581812 0.644813 0.574021 0.640906 0.498708 0.623375 0.462333 0.596109 0.444146 0.609734 0.381812 0.596109 0.363646 0.570781 0.358438 0.551297 0.371437 0.5493439999999999 0.376625 0.5357190000000001 0.43635399999999996 0.49481200000000003 0.44675 0.545453 0.7065 0.520125 0.709083 0.514281 0.737667 0.539609 0.750646 0.574672 0.745458 0.578578 0.709083
50 0.714828 0.528687 0.703859 0.523813 0.691891 0.52825 0.682578 0.541104 0.683906 0.5530830000000001 0.686578 0.567708 0.684578 0.572583 0.683906 0.5801040000000001 0.6908909999999999 0.585875 0.686234 0.591187 0.6832499999999999 0.598271 0.673609 0.603604 0.6662969999999999 0.609354 0.661312 0.628854 0.659984 0.640833 0.657312 0.6523540000000001 0.652672 0.6638750000000001 0.650344 0.6727500000000001 0.654984 0.679396 0.664297 0.684708 0.668625 0.6771670000000001 0.681578 0.6736249999999999 0.721812 0.6621039999999999 0.7337659999999999 0.658104 0.743078 0.6638750000000001 0.747734 0.654563 0.745734 0.636396 0.738766 0.6111249999999999 0.7337659999999999 0.604479 0.725797 0.598271 0.7234689999999999 0.594729 0.725469 0.583646 0.729125 0.581 0.729125 0.573458 0.7247969999999999 0.567708 0.729125 0.5615 0.724125 0.5459790000000001 0.714828 0.528687
27 0 0.999375 0.03075 0.999979 0.032625 0.9918750000000001 0.026531199999999998 0.960021 0.032625 0.958167 0.0967656 0.9550420000000001 0.0972344 0.881354 0.100984 0.8670000000000001 0.11971899999999999 0.852646 0.21617199999999998 0.834542 0.296719 0.812063 0.29578099999999996 0.762104 0.3 0.749625 0.314516 0.75275 0.305625 0.7390000000000001 0.30468799999999996 0.7290209999999999 0.314047 0.7277710000000001 0.322469 0.713417 0.33325 0.697167 0.344484 0.682813 0.358063 0.670333 0.35853100000000004 0.657833 0.349641 0.645354 0.343547 0.639104 0.351516 0.635354 0.346359 0.6241249999999999 0.339797 0.6103959999999999 0.348703 0.607896 0.358063 0.631625 0.360875 0.6141249999999999 0.363219 0.606021 0.360875 0.601646 0.359 0.589167 0.36556299999999997 0.586667 0.359469 0.577292 0.354312 0.584792 0.34823400000000004 0.577917 0.335594 0.577917 0.305156 0.5841670000000001 0.289234 0.587292 0.282203 0.5673119999999999 0.273312 0.5953959999999999 0.268156 0.6097710000000001 0.259734 0.61475 0.247078 0.640979 0.23912499999999998 0.642229 0.236313 0.6322500000000001 0.203063 0.606021 0.192297 0.612896 0.149219 0.645354 0.138453 0.657833 0.104266 0.6522290000000001 0.091625 0.655958 0.08225 0.6590830000000001 0.07757810000000001 0.650979 0.0003125 0.608521 0.00125 0.757104 0 0.999375