27 0.0149792 0.9636720000000001 0.985771 0.988391 1 0.8131090000000001 0.737083 0.503 0.152812 0.514234 0.0149792 0.9636720000000001
50 0.20075 0.334984 0.20375 0.391156 0.230708 0.429359 0.281646 0.44059400000000004 0.33858299999999997 0.47206200000000004 0.3925 0.47654699999999994 0.425458 0.474313 0.5333330000000001 0.48329700000000003 0.5752710000000001 0.445094 0.590271 0.355203 0.587271 0.409141 0.6591670000000001 0.451828 0.737083 0.442844 0.737083 0.42037500000000005 0.734083 0.296781 0.6621670000000001 0.10351600000000001 0.60525 0.0787969 0.5333330000000001 0.0271094 0.455438 0.0046406296875 0.3985 0.0046406296875 0.308604 0.047343800000000005 0.311604 0.20914100000000002 0.209729 0.26981299999999997 0.20075 0.334984
50 0.842396 0.2895 0.8353959999999999 0.308797 0.851771 0.331609 0.856437 0.331609 0.891542 0.329859 0.8962289999999999 0.349172 0.912604 0.354438 0.926646 0.354438 0.9359999999999999 0.349172 0.940687 0.328109 0.919625 0.28775 0.921958 0.254406 0.940687 0.231594 0.9570620000000001 0.212281 0.9757709999999999 0.19473400000000002 0.945708 0.165375 0.91175 0.172313 0.894771 0.198953 0.887042 0.22442199999999998 0.870062 0.236 0.848458 0.259156 0.842396 0.2895
50 0.040208299999999995 0.20854699999999998 0.15212499999999998 0.20618799999999998 0.12847899999999998 0.165984 0.10877099999999999 0.155938 0.122958 0.131703 0.117438 0.122828 0.0922292 0.111594 0.0740833 0.10923400000000001 0.064625 0.120469 0.06699999999999999 0.131703 0.0709375 0.14943800000000002 0.0394167 0.16717200000000002 0.0457083 0.196719 0.040208299999999995 0.20854699999999998
26 0.392813 0.6065159999999999 0.363875 0.590766 0.327542 0.584797 0.27814599999999995 0.585234 0.22762500000000002 0.5962970000000001 0.20093799999999998 0.609922 0.191292 0.622703 0.195833 0.645266 0.178229 0.644844 0.154958 0.650375 0.148396 0.6561410000000001 0.13818699999999998 0.665937 0.135333 0.6782809999999999 0.140458 0.702547 0.150104 0.720016 0.169396 0.727672 0.19154200000000002 0.730234 0.207437 0.72725 0.2205 0.725125 0.236396 0.729797 0.239792 0.7344839999999999 0.24377100000000002 0.760891 0.253979 0.766891 0.26875 0.773703 0.284646 0.775844 0.307917 0.773281 0.31643699999999997 0.769031 0.318708 0.762219 0.325521 0.757531 0.331188 0.754547 0.34141699999999997 0.75625 0.349354 0.7541249999999999 0.37377099999999996 0.746031 0.37464600000000003 0.745984 0.399063 0.619109 0.392813 0.6065159999999999
29 0.709396 0.652078 0.678396 0.643844 0.6241249999999999 0.649172 0.567292 0.673891 0.535625 0.713609 0.5317500000000001 0.746078 0.5453119999999999 0.774172 0.584083 0.797906 0.637042 0.802266 0.702292 0.790156 0.7429790000000001 0.761578 0.761062 0.728141 0.7662289999999999 0.706344 0.763 0.688906 0.740396 0.668562 0.709396 0.652078
29 0.530229 0.5519529999999999 0.5379579999999999 0.5364690000000001 0.5371039999999999 0.524203 0.522479 0.514516 0.502687 0.509359 0.486333 0.504188 0.464833 0.504188 0.443312 0.511937 0.433 0.5248440000000001 0.43127099999999996 0.546141 0.43987499999999996 0.555828 0.459667 0.560984 0.480313 0.563562 0.4915 0.564219 0.511292 0.561625 0.530229 0.5519529999999999
29 0.456729 0.367937 0.456729 0.353234 0.454125 0.338531 0.438437 0.32970299999999997 0.424063 0.328719 0.399229 0.324797 0.386146 0.324797 0.361313 0.333625 0.349562 0.337547 0.339104 0.343438 0.333875 0.354219 0.32993700000000004 0.370875 0.34039600000000003 0.376766 0.35216699999999995 0.378719 0.350854 0.386563 0.349562 0.394406 0.360021 0.39637500000000003 0.363937 0.395391 0.375688 0.398328 0.37831200000000004 0.40617200000000003 0.39137500000000003 0.411078 0.39791699999999997 0.413031 0.416208 0.411078 0.426667 0.40715599999999996 0.469812 0.388531 0.456729 0.367937
17 0.600979 0.855859 0.565812 0.783047 0.455354 0.736594 0.348229 0.747891 0.28629200000000005 0.784297 0.261188 0.840797 0.247792 0.9048130000000001 0.30302100000000004 0.968844 0.364958 0.998969 0.498875 1 0.49385399999999996 0.992688 0.5892499999999999 0.9462339999999999 0.600979 0.855859
36 0.8143119999999999 0.328766 0.803687 0.328766 0.793063 0.348703 0.772542 0.373766 0.752042 0.40225 0.7505210000000001 0.421609 0.774833 0.43756300000000004 0.812042 0.44496900000000006 0.854583 0.44725000000000004 0.8652080000000001 0.43585900000000005 0.8507709999999999 0.42446900000000004 0.842417 0.40225 0.844708 0.37318799999999996 0.858375 0.36179700000000004 0.875083 0.35268700000000003 0.8811669999999999 0.343578 0.867479 0.33275 0.867479 0.315656 0.842417 0.302562 0.8264790000000001 0.31907800000000003 0.8143119999999999 0.328766
26 0.22675 0.593813 0.26395799999999997 0.5866089999999999 0.339563 0.5785 0.337146 0.44349999999999995 0.283146 0.433594 0.225542 0.44349999999999995 0.211146 0.453391 0.20875000000000002 0.4525 0.215938 0.5245 0.22675 0.593813
29 0.788792 0.78825 0.815646 0.801156 0.854187 0.792375 0.911312 0.793922 0.940229 0.763984 0.9367920000000001 0.7448750000000001 0.958125 0.739203 0.956063 0.729391 0.939542 0.7159690000000001 0.947104 0.702547 0.942979 0.6979059999999999 0.929896 0.6999690000000001 0.918208 0.692734 0.910625 0.6746719999999999 0.895479 0.671578 0.8748330000000001 0.663828 0.859687 0.655563 0.841104 0.6627970000000001 0.8142499999999999 0.657625 0.8025629999999999 0.665891 0.7695209999999999 0.6627970000000001 0.757125 0.676219 0.761938 0.6849999999999999 0.7646879999999999 0.690156 0.767458 0.703578 0.7695209999999999 0.712875 0.767458 0.723719 0.7633120000000001 0.737656 0.756437 0.7510779999999999 0.747479 0.767594 0.741979 0.77225 0.777083 0.791859 0.788792 0.78825
22 0.946229 0.403562 0.951021 0.439562 0.921021 0.538578 0.9234380000000001 0.5520780000000001 0.9306249999999999 0.5493750000000001 0.953437 0.491766 0.991833 0.503469 0.9726250000000001 0.603375 0.979833 0.6042810000000001 0.988229 0.6015780000000001 1 0.535875 0.997833 0.321656 0.994229 0.32075 0.9810420000000001 0.317156 0.943833 0.319859 0.946229 0.403562
50 1 0.170172 0.995104 0.170922 0.980958 0.18837500000000001 0.966792 0.206578 0.964771 0.221 0.954646 0.236172 0.943521 0.24300000000000002 0.933396 0.254391 0.924292 0.277906 0.925312 0.302937 0.9344169999999999 0.312812 0.937458 0.315078 1 0.318875 1 0.170172
29 0.580167 0.556016 0.6031460000000001 0.5580160000000001 0.6432289999999999 0.548 0.64375 0.537188 0.639479 0.523562 0.609021 0.515547 0.5855 0.521547 0.573229 0.526359 0.566812 0.5319689999999999 0.570021 0.55 0.580167 0.556016
17 0.6199169999999999 0.555844 0.647625 0.5376559999999999 0.626833 0.5194840000000001 0.581812 0.511688 0.5645 0.535062 0.585292 0.558437 0.6199169999999999 0.555844
22 0 0.384109 0.0798542 0.386719 0.09722919999999999 0.49348400000000003 0.131937 0.488281 0.11110400000000001 0.43098400000000003 0.09722919999999999 0.326828 0.09722919999999999 0.277344 0.0798542 0.256516 0.0763958 0.256516 0.0034791708333333335 0.264328 0 0.384109
22 0.819812 0.279719 0.812958 0.319141 0.81525 0.317422 0.842667 0.293438 0.838104 0.283156 0.835812 0.279719 0.819812 0.279719
22 0.880771 0.329406 0.877208 0.322453 0.878625 0.308016 0.881479 0.303734 0.875792 0.298922 0.872938 0.298391 0.867229 0.299469 0.853667 0.305344 0.850833 0.334766 0.841562 0.330484 0.840833 0.332625 0.843688 0.344391 0.851542 0.350266 0.856521 0.354547 0.863667 0.344922 0.870083 0.3385 0.880771 0.329406
22 0.8116040000000001 0.456297 0.808042 0.471812 0.820167 0.47823399999999994 0.826583 0.476625 0.826583 0.47074999999999995 0.825146 0.453094 0.813042 0.45148399999999994 0.810896 0.453625 0.8116040000000001 0.456297
22 0.849396 0.536516 0.85725 0.539734 0.865792 0.538125 0.868646 0.534391 0.885771 0.45790600000000004 0.865792 0.45898399999999995 0.867229 0.460047 0.850104 0.527969 0.849396 0.536516