10 0.702813 0.1684 0.704609 0.170047 0.705375 0.170047 0.707328 0.168753 0.707937 0.167482 0.708016 0.1656 0.708172 0.162565 0.708172 0.163718 0.709187 0.166071 0.710578 0.166188 0.712531 0.165718 0.713313 0.164541 0.713 0.161506 0.713 0.160565 0.713 0.157176 0.712766 0.153553 0.711828 0.152141 0.710438 0.152612 0.709891 0.153318 0.708875 0.156 0.708562 0.156471 0.706625 0.15658800000000003 0.704906 0.157412 0.703672 0.158824 0.702813 0.160918 0.703437 0.158824 0.702813 0.159624 0.702734 0.164541 0.702813 0.1684
10 0.692875 0.153906 0.692875 0.153553 0.692328 0.150965 0.692094 0.150165 0.691156 0.149341 0.689688 0.149459 0.688047 0.149694 0.687125 0.150165 0.686813 0.15155299999999997 0.686656 0.156118 0.686656 0.156706 0.686188 0.157176 0.685406 0.157294 0.685328 0.160094 0.685016 0.162565 0.686031 0.163835 0.6865 0.16442399999999996 0.686891 0.16442399999999996 0.686891 0.164894 0.687359 0.168282 0.687437 0.170518 0.687437 0.172965 0.687578 0.174612 0.688125 0.17484699999999997 0.68875 0.173906 0.689297 0.171459 0.689453 0.170635 0.691547 0.168988 0.692328 0.167129 0.692328 0.164894 0.692953 0.165012 0.693875 0.16477600000000003 0.694187 0.164188 0.694344 0.1636 0.694422 0.162212 0.694969 0.158941 0.695125 0.157529 0.694969 0.156 0.692875 0.153906
9 0.41406200000000004 0.42835300000000004 0.446094 0.452471 0.518641 0.466659 0.534656 0.486518 0.674109 0.517741 0.775859 0.526235 0.791875 0.49503499999999995 0.75325 0.466659 0.686359 0.439694 0.660906 0.44110599999999994 0.620406 0.44110599999999994 0.5902499999999999 0.435435 0.534656 0.42835300000000004 0.48095299999999996 0.409906 0.454578 0.40847100000000003 0.408406 0.40847100000000003 0.41406200000000004 0.42835300000000004
9 0.541516 0.424024 0.661219 0.42618799999999996 0.719641 0.421882 0.726766 0.411153 0.708234 0.396141 0.635563 0.372541 0.544359 0.359647 0.460281 0.366094 0.454578 0.37682399999999994 0.481656 0.402565 0.541516 0.424024
44 0.392469 0.6764000000000001 0.3865 0.7235999999999999 0.370078 0.674165 0.341734 0.584259 0.329797 0.539318 0.322328 0.47865899999999995 0.376047 0.496635 0.42082800000000004 0.5078590000000001 0.42529700000000004 0.47865899999999995 0.3865 0.442706 0.353672 0.44494100000000003 0.288016 0.391012 0.24175 0.364047 0.231297 0.4 0.210406 0.422471 0.207422 0.47865899999999995 0.229813 0.5528 0.219359 0.566282 0.189516 0.620235 0.173109 0.626965 0.15967199999999998 0.656188 0.156688 0.6764000000000001 0.14625 0.694376 0.131312 0.746071 0.126844 0.773035 0.125344 0.8112469999999999 0.131312 0.8472 0.17160899999999998 0.871906 0.196984 0.865176 0.219359 0.8472 0.256672 0.7910119999999999 0.26114099999999996 0.768541 0.268609 0.7707759999999999 0.276078 0.8067529999999999 0.285031 0.831459 0.334266 0.8696710000000001 0.347703 0.849435 0.350687 0.831459 0.390969 0.8472 0.41187500000000005 0.849435 0.408891 0.903365 0.43425 0.885388 0.47156200000000004 0.8943760000000001 0.5969059999999999 0.885388 0.619297 0.8831530000000001 0.6521250000000001 0.820235 0.656594 0.808988 0.664062 0.7168469999999999 0.6431720000000001 0.653929 0.598406 0.633718 0.5207970000000001 0.591012 0.486484 0.568541 0.458125 0.561788 0.43574999999999997 0.568541 0.396937 0.629224 0.392469 0.6764000000000001
10 0.43425 0.143812 0.43425 0.13258799999999998 0.42231199999999997 0.13258799999999998 0.42082800000000004 0.1528 0.43574999999999997 0.1528 0.43425 0.143812
10 0.47839099999999996 0.150306 0.481391 0.15456499999999998 0.486437 0.150306 0.4885 0.148871 0.48992199999999997 0.142447 0.490078 0.132447 0.48881199999999997 0.126518 0.483766 0.125553 0.481078 0.125082 0.47704700000000005 0.12917599999999999 0.47704700000000005 0.139553 0.47839099999999996 0.150306
9 0.44737499999999997 0.485224 0.43821899999999997 0.502965 0.446078 0.514776 0.490531 0.522659 0.575547 0.552188 0.6056250000000001 0.577788 0.646172 0.6014349999999999 0.660547 0.627035 0.705016 0.650659 0.7664839999999999 0.652635 0.786109 0.6014349999999999 0.763875 0.560071 0.688016 0.536424 0.657937 0.544306 0.506234 0.500988 0.46831300000000003 0.49901199999999996 0.46699999999999997 0.49112900000000004 0.44737499999999997 0.485224
10 0.30525 0.12211799999999999 0.310141 0.124447 0.313141 0.128635 0.31425000000000003 0.127976 0.31625000000000003 0.124447 0.31625000000000003 0.12178800000000001 0.315578 0.11691800000000001 0.31457799999999997 0.114588 0.314141 0.110565 0.313359 0.10955300000000001 0.312031 0.107882 0.30924999999999997 0.106047 0.305578 0.107059 0.304578 0.10974099999999999 0.30392199999999997 0.11240000000000001 0.303812 0.116094 0.30392199999999997 0.120118 0.30525 0.12211799999999999
10 0.9258279999999999 0.14894100000000002 0.9281409999999999 0.149506 0.928922 0.14894100000000002 0.929688 0.147765 0.9308439999999999 0.146612 0.933156 0.143129 0.9335470000000001 0.138471 0.932391 0.136729 0.9335470000000001 0.132071 0.9335470000000001 0.130329 0.930453 0.12976500000000002 0.926984 0.130918 0.9250619999999999 0.1344 0.923516 0.141953 0.923125 0.147765 0.9258279999999999 0.14894100000000002
10 0.27615599999999996 0.12056499999999999 0.279094 0.12449400000000001 0.28367200000000004 0.12842399999999998 0.285625 0.13877599999999998 0.286281 0.148118 0.291188 0.151059 0.293469 0.142212 0.29445299999999996 0.132871 0.294125 0.12204699999999999 0.30425 0.12400000000000001 0.30098400000000003 0.1176 0.28825 0.115647 0.283016 0.1176 0.278109 0.109247 0.274516 0.11367100000000001 0.27615599999999996 0.12056499999999999
10 0.286625 0.10538800000000001 0.286625 0.110141 0.287516 0.113412 0.291938 0.112071 0.29459399999999997 0.10880000000000001 0.2945 0.10628199999999999 0.292625 0.101247 0.292625 0.0999059011764706 0.291734 0.09562349882352941 0.289875 0.0954588 0.288594 0.09576469882352942 0.28829699999999997 0.09887059999999999 0.286813 0.100941 0.286625 0.10538800000000001
10 0.697047 0.184165 0.6996089999999999 0.176447 0.6996089999999999 0.17084700000000003 0.693625 0.17084700000000003 0.691344 0.173647 0.690625 0.177506 0.690906 0.179882 0.693047 0.1844 0.697047 0.184165