26 0.370625 0.107778 0.333547 0.125425 0.319984 0.131721 0.319984 0.161983 0.348922 0.37634 0.35525 0.390218 0.360687 0.405338 0.386 0.414161 0.440266 0.390218 0.444781 0.131721 0.433031 0.114074 0.403188 0.102723 0.370625 0.107778
26 0.538297 0.301133 0.541516 0.301133 0.560859 0.07191720043572986 0.546359 0.05394340087145969 0.538297 0.07416120043572985 0.520563 0.08089320043572984 0.531844 0.049433599128540305 0.517344 0.04494549891067538 0.47221900000000006 0.03819169934640523 0.446422 0.05394340087145969 0.44804700000000003 0.07864920043572986 0.464156 0.265163 0.462547 0.305621 0.46900000000000003 0.305621 0.507672 0.31686299999999995 0.538297 0.301133
62 0 0.638932 0 0.677734 0.011875 0.673856 0.0341406 0.658976 0.0652344 0.638279 0.110219 0.607887 0.159391 0.580065 0.142234 0.580719 0.131094 0.584597 0.0837813 0.604662 0 0.638932
62 0.196031 0.556144 0.217375 0.54061 0.22665600000000002 0.530915 0.232687 0.527037 0.251703 0.532222 0.27025 0.532854 0.281859 0.521852 0.295312 0.516035 0.310609 0.516035 0.318969 0.517974 0.327781 0.512157 0.331484 0.503747 0.327313 0.495338 0.315719 0.484989 0.305047 0.479826 0.281859 0.474641 0.261437 0.474641 0.24567199999999997 0.478519 0.234547 0.484989 0.224328 0.495338 0.219234 0.505686 0.214594 0.522505 0.198359 0.539978 0.173766 0.556144 0.15475 0.568431 0.175625 0.57037 0.196031 0.556144
62 0.243547 0.5586490000000001 0.210625 0.5652069999999999 0.170656 0.570131 0.108734 0.5679299999999999 0.037406299999999996 0.569586 0.0170313 0.573399 0.0099843796875 0.5821350000000001 0.0182031 0.588148 0.029968699999999997 0.587603 0.0789531 0.5854250000000001 0.147922 0.58159 0.170266 0.58159 0.205922 0.574488 0.234531 0.573399 0.24668800000000002 0.564118 0.26275 0.553181 0.272937 0.544989 0.293719 0.553181 0.318406 0.560283 0.380719 0.573943 0.386984 0.57122 0.386594 0.564118 0.383062 0.5591940000000001 0.374844 0.552636 0.347797 0.5324180000000001 0.31918799999999997 0.520392 0.301547 0.516035 0.281953 0.521481 0.26314099999999996 0.538976 0.243547 0.5586490000000001
62 0.0839219 0.542723 0.0684687 0.536928 0.048875 0.533617 0.0340156 0.541895 0.0274844 0.560109 0.0310469 0.570065 0.155797 0.56756 0.174797 0.558453 0.126688 0.55183 0.106484 0.546863 0.0839219 0.542723
62 0.258562 0.566732 0.262125 0.565904 0.268656 0.576688 0.275188 0.586623 0.281719 0.592418 0.301328 0.603181 0.313797 0.604009 0.335188 0.609804 0.348844 0.610632 0.361906 0.60732 0.373203 0.606492 0.383891 0.5982140000000001 0.386859 0.584967 0.377953 0.575861 0.378547 0.573377 0.353 0.569237 0.317953 0.561765 0.273406 0.546035 0.249641 0.565904 0.215781 0.5783439999999999 0.228859 0.575033 0.242516 0.572549 0.258562 0.566732
26 0.42837500000000006 0.109434 0.44218799999999997 0.123442 0.44846899999999995 0.179477 0.44470299999999996 0.20224399999999998 0.445969 0.235512 0.45599999999999996 0.23725500000000002 0.459781 0.223246 0.449734 0.06566450108932462 0.463547 0.03941179956427015 0.46982799999999997 0.027146 0.473594 0.004379080610021786 0.471078 0.002636169934640523 0.378156 0.0008932461873638344 0.370609 0.011394300653594772 0.38443700000000003 0.09542479956427015 0.42837500000000006 0.109434
17 0.693297 0.6953159999999999 0.696609 0.713813 0.709859 0.7172769999999999 0.714 0.725359 0.727266 0.74268 0.743 0.743834 0.7537659999999999 0.7484529999999999 0.769516 0.7472979999999999 0.772828 0.738061 0.791875 0.736906 0.8009999999999999 0.727669 0.8051410000000001 0.725359 0.819219 0.720741 0.821703 0.606383 0.81425 0.575185 0.8059689999999999 0.565948 0.7993439999999999 0.55671 0.798516 0.5555559999999999 0.774484 0.541678 0.773656 0.541678 0.754594 0.542832 0.7537659999999999 0.542832 0.722281 0.5555559999999999 0.706547 0.583268 0.689156 0.6676030000000001 0.693297 0.6953159999999999
17 0.539656 0.6574289999999999 0.542172 0.671438 0.564766 0.6889540000000001 0.587375 0.690697 0.6062190000000001 0.695948 0.6300779999999999 0.694205 0.638859 0.690697 0.655188 0.683704 0.671516 0.6696949999999999 0.672766 0.650436 0.671516 0.63817 0.669 0.6311760000000001 0.666484 0.571634 0.658953 0.510349 0.642625 0.49984700000000004 0.618766 0.494597 0.598672 0.49634 0.569797 0.5050979999999999 0.557234 0.522614 0.540906 0.641678 0.539656 0.6574289999999999
17 0.6690159999999999 0.571394 0.674813 0.592179 0.690547 0.601416 0.7005 0.6072110000000001 0.725344 0.558693 0.736109 0.542505 0.7535160000000001 0.540196 0.7750619999999999 0.539041 0.785828 0.542505 0.787484 0.547124 0.789141 0.47204799999999997 0.784172 0.446623 0.773406 0.435076 0.7551720000000001 0.423529 0.7386090000000001 0.41660100000000005 0.711266 0.418911 0.697172 0.423529 0.692203 0.429303 0.689719 0.43854 0.688891 0.446623 0.685578 0.446623 0.664875 0.539041 0.6690159999999999 0.571394
17 0.587234 0.36878 0.590812 0.397015 0.608672 0.405316 0.625344 0.420261 0.624156 0.421917 0.593187 0.406972 0.576516 0.40366 0.550312 0.40366 0.527672 0.415272 0.520531 0.451808 0.511 0.563094 0.53125 0.5780389999999999 0.547922 0.588017 0.564609 0.516601 0.594375 0.493333 0.625344 0.493333 0.634875 0.499978 0.6345650109963825 0.49772050847920696 0.637266 0.509956 0.663469 0.509956 0.707547 0.423595 0.692047 0.34054499999999993 0.668234 0.323943 0.651563 0.318954 0.631313 0.328911 0.615828 0.332244 0.606297 0.34054499999999993 0.587234 0.36878
17 0.724219 0.418606 0.755188 0.42525099999999993 0.771859 0.441852 0.788531 0.466776 0.788531 0.508279 0.809984 0.506623 0.8227575811128155 0.5010560604915482 0.8331615741510845 0.4569251668265036 0.8333544743621278 0.4561069368766946 0.8349840000000001 0.440196 0.832609 0.345534 0.796875 0.327255 0.779016 0.327255 0.763516 0.327255 0.730172 0.34719 0.726594 0.39037 0.7246999111532627 0.4128885232321981 0.724219 0.418606
17 0.813547 0.538192 0.8379444951270937 0.5566134142755107 0.842598812356156 0.5306640693639896 0.8457190000000001 0.513268 0.873109 0.483377 0.8751235240785944 0.48313186806783415 0.9004999999999999 0.480044 0.9140151198216989 0.48664274534185187 0.9147969999999999 0.486688 0.918992812415959 0.4890730993640787 0.948156 0.503312 0.9490064539817243 0.511915864648606 0.9508351521228722 0.5304164203843683 0.9552970000000001 0.533203 0.952922 0.400327 0.9004999999999999 0.370436 0.8540469999999999 0.37708099999999994 0.8457190000000001 0.40366 0.8333544743621278 0.4561069368766946 0.8332641161847383 0.4569892079028903 0.829031 0.498322 0.8227575811128155 0.5010560604915482 0.818312 0.519913 0.813547 0.538192
17 0.873109 0.6743790000000001 0.912422 0.684336 0.9600630000000001 0.664401 0.966016 0.632854 0.962438 0.6478 0.9508351521228722 0.5304164203843683 0.9193764704376471 0.5107693764840008 0.849770412406345 0.5288057581830835 0.842141 0.559782 0.8379444951270937 0.5566134142755107 0.823078 0.639499 0.873109 0.6743790000000001
27 0.219188 0.507865 0.248188 0.478649 0.291703 0.47640499999999997 0.327172 0.465163 0.383578 0.433704 0.427094 0.411242 0.452875 0.395512 0.507672 0.35281 0.638219 0.292135 0.638219 0.289891 0.639828 0.253943 0.655938 0.217974 0.667219 0.16854 0.684953 0.141569 0.680125 0.125839 0.657562 0.103377 0.659172 0.0943791 0.675281 0.0629194 0.694625 0.0449455 0.710734 0.0337037 0.752641 0.0247277 0.805828 0.0359477 0.8283910000000001 0.0629194 0.847734 0.0808932 0.8590160000000001 0.107865 0.8428910000000001 0.137081 0.804219 0.150566 0.728469 0.159542 0.73975 0.173028 0.765531 0.19100199999999998 0.796156 0.197756 0.8557970000000001 0.2 0.918641 0.211242 0.994391 0.233704 1 0.00448802 0.562469 0.00899782 0.541516 0.0516776 0.557641 0.0674074 0.546359 0.233704 0.543125 0.296623 0.525406 0.305621 0.496391 0.312353 0.47221900000000006 0.289891 0.4577030000000001 0.229216 0.433531 0.24719000000000002 0.430312 0.310109 0.436766 0.36854 0.430312 0.38427 0.40774999999999995 0.4 0.365844 0.397756 0.336844 0.262919 0.322328 0.249434 0.301375 0.280893 0.306219 0.323595 0.293328 0.332593 0.277203 0.289891 0.273984 0.305621 0.254641 0.305621 0.22562500000000002 0.301133 0.20145299999999997 0.296623 0.177281 0.283137 0.162781 0.312353 0.153109 0.312353 0.140219 0.296623 0.140219 0.278649 0.120875 0.260675 0.106375 0.258431 0.0870313 0.251678 0.07575 0.226972 0.0644687 0.193268 0.0531875 0.170784 0.0419062 0.155054 0.00645312 0.150566 0.0225625 0.134837 0.027390599999999998 0.132593 0.0370625 0.134837 0.0515781 0.146057 0.0709063 0.164052 0.0886406 0.18427 0.0983125 0.197756 0.11926600000000001 0.202244 0.11120299999999998 0.175272 0.11765600000000001 0.141569 0.122484 0.12359500000000001 0.135375 0.0966231 0.114422 0.0966231 0.0805781 0.0966231 0.061250000000000006 0.0876471 0.0789688 0.0719172 0.0934688 0.0606754 0.124094 0.0471895 0.156328 0.0449455 0.240141 0.0314597 0.262703 0.0314597 0.288484 0.0292157 0.3175 0.0471895 0.294937 0.0674074 0.298156 0.0764052 0.307828 0.0921351 0.335219 0.125839 0.356172 0.116863 0.373906 0.105621 0.380344 0.0898911 0.375516 0.006732029999999999 0.00482812 0.00448802 0.00645312 0.604488 0.0338437 0.5685400000000002 0.0531875 0.539325 0.0950938 0.541569 0.141828 0.559542 0.185344 0.541569 0.219188 0.507865
27 0.11604699999999998 0.608998 0.0821875 0.629216 0.00482812 0.674161 0.012890599999999999 0.757298 0.025781199999999997 0.764052 0.0531875 0.786514 0.061250000000000006 0.797756 0.045125 0.8157299999999998 0.0032187500000000003 0.824728 0.0032187500000000003 0.986514 0.602766 0.979782 0.4577030000000001 0.806732 0.356172 0.716863 0.333609 0.741569 0.340062 0.75281 0.354563 0.75281 0.352953 0.761808 0.314266 0.7752720000000001 0.304609 0.811242 0.311047 0.808998 0.3465 0.804488 0.383578 0.84719 0.365844 0.84719 0.349734 0.853943 0.365844 0.869673 0.41903100000000004 0.9213509999999999 0.412578 0.9213509999999999 0.361016 0.905621 0.309437 0.865163 0.319109 0.901133 0.306219 0.966296 0.296547 0.96854 0.291703 0.887647 0.286875 0.892135 0.211125 0.9528099999999999 0.198234 0.957298 0.20951599999999998 0.932593 0.22562500000000002 0.8966229999999998 0.24335899999999996 0.865163 0.270766 0.822462 0.254641 0.8202179999999999 0.22240599999999996 0.811242 0.207906 0.817974 0.183734 0.851678 0.149891 0.8719169999999999 0.156328 0.829216 0.175672 0.7752720000000001 0.140219 0.761808 0.188563 0.746057 0.1805 0.7393249999999999 0.136984 0.714597 0.0950938 0.689891 0.11120299999999998 0.689891 0.172453 0.721351 0.203063 0.730327 0.199844 0.712353 0.198234 0.597756 0.190172 0.597756 0.146656 0.604488 0.11604699999999998 0.608998
62 0.19545300000000002 0.5616559999999999 0.20623399999999997 0.5616559999999999 0.20950000000000002 0.558932 0.224187 0.547996 0.231047 0.547996 0.23725000000000002 0.5530069999999999 0.24378099999999997 0.550283 0.255859 0.546187 0.263031 0.5398040000000001 0.257156 0.534793 0.235937 0.5302399999999999 0.217984 0.541634 0.191219 0.5616559999999999 0.19545300000000002 0.5616559999999999