13 0.39704 0.889813 0.39992 0.889387 0.40214 0.8885599999999999 0.39864 0.8728530000000001 0.40054 0.827947 0.39164 0.827093 0.38784 0.8716 0.38242 0.8834669999999999 0.38052 0.89744 0.38814 0.8923730000000001 0.39704 0.889813
13 0.396 0.94888 0.4003 0.936347 0.37642 0.94 0.3776 0.9473069999999999 0.396 0.94888
23 0.64876 0.576693 0.64876 0.57152 0.64606 0.566373 0.63986 0.56352 0.6350399999999999 0.566613 0.63426 0.573333 0.63464 0.57848 0.63716 0.582347 0.6429600000000001 0.58416 0.64258 0.583653 0.64626 0.581333 0.64876 0.576693
24 0.66612 1 0.70694 1 0.70492 0.961147 0.68728 0.951067 0.67368 0.9214929999999999 0.6767 0.8791729999999999 0.65622 0.850747 0.642 0.848907 0.62988 0.88912 0.6174 0.925627 0.61498 0.95704 0.6384 0.944347 0.65956 0.967867 0.66612 1
24 0.46226 0.746187 0.43818 0.7436529999999999 0.43532 0.767493 0.4427 0.780827 0.47512 0.7779729999999999 0.4861 0.777333 0.49706 0.78752 0.50708 0.782747 0.50946 0.77512 0.51304 0.771307 0.48776 0.757627 0.46226 0.746187
24 0.0752 0.766427 0.09744 0.73856 0.09032 0.7308529999999999 0.05608 0.74152 0.04184 0.7646669999999999 0.04274 0.797867 0.05874 0.815067 0.06764 0.81448 0.06986 0.848293 0.08988 0.7966930000000001 0.08988 0.7877869999999999 0.0761 0.77592 0.0752 0.766427
24 0.38658 0.81336 0.37556 0.807227 0.378 0.794587 0.37494 0.7884800000000001 0.37066 0.769307 0.37096 0.750533 0.3673 0.742773 0.36914 0.737893 0.37006 0.73096 0.34864 0.7260529999999998 0.34404 0.7228 0.35506 0.73912 0.36056 0.766027 0.35384 0.785627 0.35506 0.811733 0.3575 0.824373 0.35934 0.84232 0.36118 0.846 0.36486 0.856587 0.36944 0.857413 0.37586 0.869253 0.38382 0.852107 0.38994 0.8476269999999999 0.39576 0.812533 0.38658 0.81336
24 0.58104 0.873013 0.5726 0.8848530000000001 0.57526 0.900293 0.5717 0.915707 0.58104 0.937067 0.5813347544481454 0.937414006373044 0.60018 0.9596 0.6113 0.95664 0.61086 0.932907 0.6171234491000765 0.9057648007677305 0.6193 0.90384 0.6375692155355379 0.8512019420512905 0.63844 0.848693 0.59618 0.8445330000000001 0.57928 0.854613 0.58104 0.865893 0.58104 0.873013
24 0.20072 0.937333 0.19406 0.9260800000000001 0.19406 0.908293 0.1856 0.902347 0.15846 0.955147 0.1558 0.962853 0.20162 1 0.20072 0.937333
50 0.13513999999999998 0.98536 0.15034 0.9696 0.18918000000000001 0.9087729999999999 0.19256 0.915547 0.2027 0.9876 0.32432 0.98312 0.3272 0.892987 0.3296 0.859973 0.3336 0.858907 0.3336 0.84504 0.3344 0.8365330000000001 0.3352 0.8248 0.3384 0.79072 0.34077999999999997 0.7672800000000001 0.3376 0.7555470000000001 0.3344 0.7406400000000001 0.34318 0.701227 0.35916000000000003 0.677787 0.36556 0.685253 0.37594 0.704427 0.39112 0.7193329999999999 0.4151 0.708667 0.4175 0.69056 0.43748000000000004 0.651147 0.44626 0.62984 0.45026 0.608533 0.44945999999999997 0.578693 0.45106 0.5105069999999999 0.43188 0.46896000000000004 0.4111 0.44127999999999995 0.38314 0.40824 0.38233999999999996 0.389067 0.38233999999999996 0.37202699999999994 0.37754000000000004 0.362427 0.37754000000000004 0.348587 0.39192 0.304907 0.39512 0.258027 0.39032 0.23992 0.37914 0.22392 0.35675999999999997 0.217547 0.3392 0.217547 0.31522 0.229253 0.30163999999999996 0.245227 0.28886 0.28146699999999997 0.28406 0.28146699999999997 0.27926 0.284667 0.27846 0.293173 0.28086 0.304907 0.28806 0.31024 0.28806 0.32088 0.28886 0.34752 0.28886 0.359227 0.26182 0.34797300000000003 0.24324 0.341227 0.18412 0.35021299999999994 0.14358 0.36373300000000003 0.09628 0.38176 0.06926 0.404267 0.06588 0.433547 0.0777 0.458347 0.10642 0.48986700000000005 0.11318 0.510133 0.12332 0.5416799999999999 0.13006 0.568693 0.16554 0.582213 0.14696 0.620507 0.09459999999999999 0.715093 0.09459999999999999 0.73536 0.08952 0.746613 0.07432 0.7691469999999999 0.08278 0.7826670000000001 0.08784 0.798427 0.07601999999999999 0.818693 0.05068 0.886267 0.0456 0.929067 0.03548 0.9808530000000001 0.13513999999999998 0.98536
50 0.75674 0.548453 0.7263999999999999 0.7125070000000001 0.7146 0.7282399999999999 0.66404 0.7507199999999999 0.6236 0.7507199999999999 0.6050599999999999 0.7507199999999999 0.5882000000000001 0.7529600000000001 0.57978 0.7552 0.52078 0.7529600000000001 0.5140399999999999 0.7552 0.50056 0.85184 0.54606 0.8765599999999999 0.7820199999999999 0.77544 0.7382000000000001 0.9844269999999999 1 0.970933 0.99776 0.85184 0.99438 0.732747 0.9994400000000001 0.62936 1 0.537227 0.99606 0.38216 0.9859600000000001 0.34845299999999996 0.96236 0.32149300000000003 0.95562 0.272053 0.9472 0.22936 0.96068 0.15744 0.94044 0.10128 0.9134800000000001 0.04733329866666667 0.90338 0.04509329866666667 0.88652 0.04733329866666667 0.8376399999999999 0.06981329866666666 0.7736000000000001 0.134987 0.84102 0.36194699999999996 0.8393200000000001 0.38442699999999996 0.82248 0.40240000000000004 0.7617999999999999 0.42935999999999996 0.75674 0.548453
50 0.77364 0.42792 0.79392 0.418907 0.81756 0.39864000000000005 0.83278 0.389627 0.83278 0.37837300000000007 0.81926 0.3536000000000001 0.7973 0.34008 0.77534 0.331093 0.74662 0.335573 0.7280399999999999 0.36711999999999995 0.72128 0.39864000000000005 0.7331 0.42568 0.74662 0.445947 0.75 0.44818699999999995 0.75844 0.445947 0.77364 0.42792
50 0.7280399999999999 0.835573 0.68918 0.858107 0.65878 0.86712 0.6875 0.907653 0.70608 0.94144 0.69594 0.923413 0.70608 0.961707 0.7348 0.9842399999999999 0.76014 0.846853 0.7669 0.8062929999999999 0.75676 0.817573 0.7280399999999999 0.835573
54 0.7477 0.492133 0.7433 0.500773 0.74182 0.509387 0.7436 0.51448 0.73684 0.52152 0.7359600000000001 0.52544 0.74124 0.528587 0.74888 0.52152 0.75212 0.523493 0.76122 0.523093 0.7609199999999999 0.5195730000000001 0.74976 0.492533 0.7477 0.492133
54 0.36524 0.485147 0.3635 0.47085299999999997 0.359 0.45976 0.3507 0.457467 0.34446 0.46208 0.3455 0.479147 0.34792 0.48008 0.3545 0.48008 0.36524 0.485147
54 0.33962 0.539173 0.33962 0.547013 0.33338 0.563627 0.34134 0.568267 0.35036 0.570107 0.35382 0.564107 0.3455 0.55256 0.34482 0.540107 0.34412 0.529467 0.33962 0.52624 0.33684 0.52808 0.33962 0.539173
54 0.55982 0.7207199999999999 0.55468 0.70624 0.52952 0.711573 0.52266 0.718427 0.52438 0.72832 0.52952 0.764907 0.55924 0.78016 0.56554 0.761093 0.55982 0.7207199999999999
54 0.57182 0.85408 0.55468 0.863227 0.54266 0.8708529999999999 0.54152 0.8716 0.54552 0.895227 0.55524 0.899813 0.55924 0.912 0.55868 0.912 0.57124 0.914293 0.57524 0.90896 0.57524 0.901333 0.57354 0.89144 0.58096 0.879227 0.58096 0.866267 0.5764 0.83656 0.57296 0.845707 0.57182 0.85408
12 0.67518 0.48850699999999997 0.68396 0.443493 0.64142 0.42821299999999995 0.6333200000000001 0.47770700000000005 0.6745 0.49119999999999997 0.67518 0.48850699999999997
12 0.5882000000000001 0.47416 0.57472 0.47192 0.57472 0.4764 0.5696599999999999 0.48090700000000003 0.5713400000000001 0.49888000000000005 0.56798 0.5213599999999999 0.55786 0.591013 0.55956 0.59776 0.57978 0.60224 0.5865199999999999 0.60224 0.59494 0.60224 0.61854 0.50336 0.6236 0.48090700000000003 0.6151599999999999 0.48090700000000003 0.58988 0.47192 0.5882000000000001 0.47416
50 0.5672 1 0.56352 0.9721329999999999 0.5514199999999999 0.93776 0.55036 0.92304 0.5487799999999999 0.910427 0.5451 0.9026930000000001 0.533 0.897093 0.533 0.883067 0.52932 0.8760530000000001 0.51618 0.8655470000000001 0.5125 0.852213 0.50566 0.8311729999999999 0.50514 0.819253 0.50146 0.80664 0.50828 0.7946930000000001 0.50986 0.7834929999999999 0.49882 0.7848799999999999 0.48568 0.7799729999999999 0.46148 0.778587 0.44254000000000004 0.778587 0.4357 0.77016 0.4378 0.751227 0.4378 0.7393069999999999 0.43518 0.721067 0.42886 0.70704 0.41462 0.6902130000000001 0.41198 0.7014400000000001 0.40042 0.711253 0.39252 0.711947 0.38254000000000005 0.70984 0.37674 0.699333 0.37306 0.7077330000000001 0.37306 0.720373 0.36886 0.732293 0.36676 0.740693 0.36938 0.7645599999999999 0.36938 0.778587 0.37622000000000005 0.793307 0.37674 0.8059200000000001 0.3778 0.812933 0.38726 0.811547 0.39826 0.8136000000000001 0.40277999999999997 0.8223999999999999 0.40104 0.836747 0.4 0.8654400000000001 0.4007 0.887707 0.39376 0.890027 0.38508 0.889547 0.38022 0.891413 0.38333999999999996 0.88216 0.38648000000000005 0.8701329999999999 0.38716 0.859493 0.38889999999999997 0.8446670000000001 0.38126 0.85856 0.37918 0.8692 0.37848000000000004 0.871227 0.38072 0.885493 0.37904000000000004 0.8920799999999999 0.37598000000000004 0.8944 0.37107999999999997 0.89792 0.37107999999999997 0.90192 0.37145999999999996 0.9124800000000001 0.37145999999999996 0.91552 0.3692 0.9170130000000001 0.36769999999999997 0.924053 0.3692 0.9285869999999999 0.36769999999999997 0.934107 0.3707 0.942667 0.37862 0.956747 0.39182 0.966293 0.4054 0.98992 0.41106 1 0.4235 1 0.5672 1
54 0.17044 0.544987 0.16604 0.544987 0.17154 0.572053 0.18196 0.572053 0.17812 0.55816 0.17044 0.544987
54 0.2165 0.580827 0.21813999999999997 0.565467 0.2143 0.54792 0.18854 0.539147 0.18744 0.5428 0.19128 0.559627 0.19402 0.57424 0.2143 0.58448 0.2165 0.580827
12 0.63576 0.68016 0.62502 0.725387 0.63302 0.728773 0.64228 0.681867 0.63576 0.680453 0.63576 0.68016
12 0.5911000000000001 0.46584 0.5973200000000001 0.47 0.6091599999999999 0.41770700000000005 0.59794 0.411893 0.58674 0.4592 0.5911000000000001 0.46584
12 0.6707799999999999 0.5484 0.677 0.505227 0.6315599999999999 0.49194699999999997 0.62658 0.5351199999999999 0.6707799999999999 0.5484
12 0.59612 0.403093 0.60346 0.36261299999999996 0.59946 0.35994699999999996 0.5924400000000001 0.400853 0.59612 0.403093
12 0.62098 0.413893 0.62776 0.416907 0.6390800000000001 0.369653 0.6300399999999999 0.36461299999999996 0.62136 0.411893 0.62098 0.413893
12 0.625 0.663787 0.63234 0.61992 0.62148 0.6135470000000001 0.61414 0.66208 0.625 0.663787
12 0.5704400000000001 0.65168 0.5793400000000001 0.6036 0.5695399999999999 0.600027 0.5624199999999999 0.646933 0.5704400000000001 0.65168
12 0.62578 0.6765329999999999 0.62158 0.675573 0.61694 0.675573 0.60564 0.72 0.6177999999999999 0.725787 0.62562 0.680213 0.62578 0.6765329999999999
23 0.84156 0.561627 0.84614 0.557813 0.849 0.55096 0.849 0.544853 0.84842 0.53952 0.845 0.53496 0.841 0.531147 0.83528 0.530373 0.829 0.531147 0.82384 0.535707 0.81928 0.54104 0.81698 0.547147 0.8227000000000001 0.55704 0.82784 0.5631470000000001 0.83128 0.564667 0.8387 0.564667 0.84156 0.561627
12 0.69572 0.38562700000000005 0.6915 0.38384 0.68686 0.383547 0.68662 0.386213 0.67932 0.426533 0.6882999999999999 0.428907 0.69572 0.38562700000000005
12 0.6647000000000001 0.42496000000000006 0.66946 0.42496000000000006 0.6779400000000001 0.38376 0.67352 0.381947 0.6647000000000001 0.42496000000000006
12 0.66634 0.379707 0.6595599999999999 0.374853 0.65254 0.421387 0.65278 0.42072000000000004 0.65908 0.422027 0.66634 0.379707