50 0.762203 0.8054330000000001 0.756328 0.795667 0.756328 0.7878449999999999 0.755672 0.7829510000000001 0.7491559999999999 0.783934 0.7458910000000001 0.7937 0.749812 0.801522 0.755031 0.8093680000000001 0.762203 0.8054330000000001
50 0.765188 0.447705 0.768703 0.459977 0.775703 0.459977 0.7873910000000001 0.48098399999999997 0.800234 0.49149899999999996 0.825937 0.5055040000000001 0.843469 0.514262 0.849297 0.528267 0.859812 0.558033 0.879672 0.540515 0.862156 0.508993 0.862156 0.479227 0.8656560000000001 0.442459 0.8656560000000001 0.416206 0.8738279999999999 0.38644 0.900703 0.379438 0.915891 0.36016400000000004 0.920562 0.347916 0.9345779999999999 0.3374 0.93925 0.321639 0.949766 0.309391 0.953266 0.309391 0.971969 0.284871 0.967297 0.27786900000000003 0.974297 0.25510499999999997 0.953266 0.27437900000000004 0.93575 0.29363 0.924063 0.311148 0.9170619999999999 0.325152 0.9100469999999999 0.3374 0.9018750000000001 0.347916 0.8785000000000001 0.351405 0.850469 0.33915700000000004 0.8376250000000001 0.325152 0.843469 0.272623 0.831781 0.25686200000000003 0.81075 0.25510499999999997 0.800234 0.260375 0.792063 0.283138 0.793234 0.297143 0.797906 0.321639 0.794391 0.3374 0.788563 0.347916 0.775703 0.374169 0.7698590000000001 0.400445 0.766359 0.431967 0.761688 0.452974 0.765188 0.447705
50 0.691922 0.31065600000000004 0.693297 0.331335 0.689156 0.354098 0.694672 0.35822 0.696063 0.35822 0.693297 0.376838 0.687781 0.387166 0.664328 0.40784499999999996 0.661562 0.430609 0.660187 0.44508200000000003 0.660187 0.490562 0.6657029999999999 0.513326 0.682266 0.513326 0.669844 0.560867 0.680875 0.560867 0.707094 0.560867 0.7126089999999999 0.5526 0.7126089999999999 0.53192 0.7222660000000001 0.517447 0.742969 0.494707 0.763656 0.48023400000000005 0.763656 0.403724 0.754 0.391311 0.734687 0.383044 0.727781 0.352014 0.745719 0.323068 0.730547 0.318946 0.723641 0.285855 0.696063 0.292061 0.691922 0.31065600000000004
50 0.496109 0.521827 0.501141 0.5258079999999999 0.505297 0.528923 0.506766 0.5258079999999999 0.508547 0.515152 0.510922 0.503607 0.512984 0.496956 0.520984 0.490749 0.5283909999999999 0.4863 0.536391 0.48142899999999994 0.531641 0.469883 0.5283909999999999 0.465012 0.515953 0.454356 0.512406 0.445925 0.515953 0.445925 0.515656 0.44281 0.515359 0.433489 0.515359 0.42505899999999996 0.5174369999999999 0.422389 0.523359 0.41618299999999997 0.5257189999999999 0.407752 0.5221720000000001 0.40330200000000005 0.51625 0.401522 0.512984 0.39754100000000003 0.5088440000000001 0.392646 0.501734 0.387775 0.491672 0.392201 0.483375 0.399321 0.47923400000000005 0.407307 0.478937 0.41751799999999994 0.477453 0.42728299999999997 0.470937 0.435714 0.46798400000000007 0.44325499999999995 0.475672 0.448126 0.483375 0.448126 0.486047 0.46145200000000003 0.487531 0.469883 0.49492200000000003 0.471663 0.49521899999999996 0.48009399999999997 0.494328 0.48719 0.486047 0.514262 0.496109 0.521827
50 0.43292200000000003 0.548103 0.466078 0.504848 0.45015599999999995 0.493232 0.452297 0.48807999999999996 0.46349999999999997 0.48227200000000003 0.46565599999999996 0.47388800000000003 0.459187 0.47388800000000003 0.455312 0.46808 0.45187499999999997 0.458384 0.444984 0.44548 0.438953 0.44224800000000003 0.430344 0.44548 0.425609 0.455176 0.42259399999999997 0.464192 0.416141 0.47128800000000004 0.412687 0.48227200000000003 0.412687 0.485504 0.415703 0.49452 0.42129700000000003 0.49452 0.426469 0.497119 0.421734 0.508735 0.40278099999999994 0.526159 0.398484 0.548735 0.43292200000000003 0.548103
50 0.776797 0.806745 0.786984 0.8048949999999999 0.787906 0.803044 0.787906 0.800258 0.786672 0.796557 0.787906 0.791007 0.787906 0.783138 0.782047 0.7789699999999999 0.778953 0.7812880000000001 0.778656 0.791475 0.777406 0.796089 0.775563 0.8053629999999999 0.776797 0.806745
50 0.839453 0.800796 0.8440939999999999 0.799813 0.841 0.7925289999999999 0.841219 0.789204 0.839453 0.78459 0.835469 0.78459 0.8341559999999999 0.789204 0.8339219999999999 0.793841 0.834812 0.79815 0.837688 0.79815 0.839453 0.800796
50 0.7043280000000001 0.811546 0.719391 0.8109130000000001 0.718125 0.798384 0.714156 0.7955500000000001 0.714156 0.788033 0.711437 0.783021 0.7066250000000001 0.78459 0.705797 0.7892739999999999 0.707875 0.797752 0.704125 0.7939809999999999 0.702656 0.7930440000000001 0.701187 0.798993 0.701813 0.802763 0.7072499999999999 0.802763 0.705375 0.8109130000000001 0.7043280000000001 0.811546
50 0.539578 0.8287819999999999 0.550578 0.828033 0.550578 0.8274940000000001 0.549719 0.8259949999999999 0.548859 0.824895 0.548484 0.823232 0.549219 0.821007 0.549844 0.8178449999999999 0.549469 0.813958 0.54725 0.812295 0.544641 0.813396 0.543906 0.815808 0.543656 0.8185950000000001 0.543906 0.8221080000000001 0.543906 0.8256439999999999 0.539453 0.826745 0.539578 0.8287819999999999
73 0.137703 0.43552700000000005 0.13481300000000002 0.43552700000000005 0.129297 0.449297 0.124313 0.451265 0.12562500000000001 0.467002 0.121156 0.485105 0.123781 0.48707300000000003 0.130344 0.48826699999999995 0.13481300000000002 0.496136 0.13953100000000002 0.480773 0.148719 0.477237 0.151609 0.465035 0.142687 0.448103 0.146094 0.435129 0.137703 0.43552700000000005
50 0.682984 0.814028 0.693344 0.814028 0.690922 0.803794 0.686063 0.795527 0.682547 0.798501 0.6836409999999999 0.807096 0.6823279999999999 0.813372 0.682984 0.814028
50 0.651891 0.817354 0.662594 0.819719 0.664187 0.816159 0.657844 0.803091 0.6530940000000001 0.8001170000000001 0.649922 0.8119909999999999 0.651891 0.817354
74 0.134937 0.90719 0.130438 0.952131 0.146937 0.976838 0.383813 0.963349 0.407813 0.936393 0.422797 0.934145 0.422797 0.954379 0.842609 0.936393 0.8620939999999999 0.909415 0.884578 0.8577520000000001 0.8770939999999999 0.767845 0.857594 0.731897 0.39731299999999997 0.7925760000000001 0.409312 0.828525 0.355328 0.842014 0.278875 0.837518 0.21739099999999997 0.859977 0.191906 0.8667210000000001 0.143937 0.86897 0.131937 0.902693 0.134937 0.90719
37 0.1475 0.666581 0.168563 0.659578 0.162719 0.684145 0.169734 0.72274 0.180281 0.724496 0.188469 0.689415 0.203688 0.6490399999999998 0.193156 0.624473 0.193156 0.617447 0.202516 0.615691 0.20485899999999999 0.615691 0.215406 0.606932 0.216578 0.566557 0.234141 0.522693 0.2435 0.522693 0.252875 0.543747 0.273938 0.541991 0.270437 0.501639 0.264578 0.48934399999999995 0.258719 0.43845400000000007 0.252875 0.434941 0.2435 0.436698 0.203688 0.475316 0.154516 0.54726 0.142813 0.545504 0.133438 0.666581 0.1475 0.666581
37 0.060859399999999994 0.633255 0.0643594 0.631499 0.0643594 0.661335 0.0479687 0.691171 0.0491406 0.717494 0.0667031 0.715738 0.067875 0.705199 0.08075 0.680632 0.0912969 0.661335 0.108859 0.659578 0.12525 0.654309 0.0749062 0.57534 0.06201559999999999 0.587611 0.05968749999999999 0.612201 0.060859399999999994 0.633255
50 0.648344 0.800047 0.646781 0.800047 0.645484 0.801897 0.6448590000000001 0.8048949999999999 0.645047 0.80815 0.645047 0.813372 0.645047 0.815972 0.646094 0.8185950000000001 0.646344 0.8185950000000001 0.651578 0.8185950000000001 0.652875 0.8185950000000001 0.651391 0.815714 0.6500779999999999 0.812717 0.650266 0.810492 0.650453 0.808806 0.650453 0.807494 0.6493909999999999 0.8007029999999999 0.648344 0.800047
50 0.526359 0.8310299999999999 0.526578 0.828548 0.526359 0.823607 0.5261560000000001 0.820539 0.525328 0.817447 0.523281 0.815293 0.5220469999999999 0.8128099999999999 0.521016 0.807869 0.519984 0.8057139999999999 0.517516 0.8057139999999999 0.514625 0.806019 0.513594 0.808173 0.513594 0.810351 0.5137970000000001 0.813747 0.5137970000000001 0.815902 0.514016 0.818993 0.516062 0.819602 0.5158590000000001 0.820843 0.514625 0.822693 0.513594 0.826089 0.513594 0.830703 0.526359 0.8310299999999999