13 0.205625 0.377521 0.1955 0.28089600000000003 0.165172 0.15731299999999998 0.15 0.0516875 0.13989100000000002 0.0045000000000000005 0.0016875000000000002 0.0045000000000000005 0.0033750000000000004 0.352812 0.028656300000000003 0.43820800000000004 0.0572969 0.462917 0.11123400000000001 0.451688 0.166859 0.417979 0.205625 0.377521
27 0.148234 0.051041699999999995 0.197641 0.371042 0.142937 0.436937 0.045875 0.45575 0.0035312499999999997 0.359271 0.0052968796875000005 0.97575 0.997062 0.9828119999999999 1 0.0651667 0.144703 0.041625 0.148234 0.051041699999999995
14 0.0842656 0.689896 0.0842656 0.7213539999999999 0.0859531 0.7573120000000001 0.0960625 0.7685420000000001 0.094375 0.775271 0.0910156 0.8157289999999999 0.0994375 0.835958 0.136516 0.835958 0.168547 0.8494379999999999 0.182016 0.851688 0.21909399999999998 0.865167 0.234266 0.869667 0.24270299999999997 0.869667 0.259547 0.856188 0.281453 0.847187 0.28482799999999997 0.8449380000000001 0.296625 0.838208 0.313484 0.8112290000000001 0.313484 0.8 0.340453 0.761792 0.35225 0.737083 0.35729700000000003 0.716854 0.347187 0.689896 0.34550000000000003 0.6876460000000001 0.340453 0.586521 0.25618799999999997 0.6089789999999999 0.246062 0.6089789999999999 0.244375 0.60675 0.244375 0.6 0.198875 0.591021 0.197188 0.5887709999999999 0.185391 0.5954999999999999 0.180344 0.6 0.171906 0.613479 0.170219 0.615729 0.151688 0.633708 0.146625 0.667417 0.0842656 0.689896
14 1 0.606854 0.973812 0.6051040000000001 0.934594 0.620792 0.89275 0.592917 0.8679220000000001 0.606854 0.8587659999999999 0.63475 0.850922 0.6608959999999999 0.836547 0.669604 0.835234 0.676583 0.843078 0.723646 0.8522339999999999 0.7759370000000001 0.8757659999999999 0.8212499999999999 0.929359 0.8648330000000001 0.965969 0.884 0.971203 0.884 1 0.877042 1 0.606854
17 0.83675 0.5809580000000001 0.863531 0.560771 0.885656 0.549896 0.8996409999999999 0.5374789999999999 0.9124380000000001 0.487813 0.8938119999999999 0.42725 0.851891 0.371354 0.818125 0.358937 0.7995 0.351187 0.75175 0.379125 0.713328 0.41793800000000003 0.6993590000000001 0.422604 0.700516 0.458313 0.708672 0.484708 0.705172 0.481583 0.819297 0.5918329999999999 0.83675 0.5809580000000001
17 0.286734 0.578937 0.310094 0.604146 0.317875 0.5952500000000001 0.339 0.583375 0.351234 0.567083 0.373469 0.553729 0.397937 0.527042 0.397937 0.48702100000000004 0.37457799999999997 0.401021 0.339 0.375812 0.32454700000000003 0.372854 0.24893700000000002 0.408438 0.245594 0.415854 0.24004699999999998 0.43066699999999997 0.24004699999999998 0.45143700000000003 0.24670299999999998 0.500354 0.2645 0.5463129999999999 0.286734 0.578937
17 0.682875 0.212563 0.687219 0.174479 0.670453 0.134708 0.624484 0.11566699999999999 0.592187 0.136375 0.580375 0.157083 0.581 0.203458 0.589078 0.21837499999999999 0.593422 0.213396 0.658641 0.234937 0.682875 0.212563
17 0.775281 0.8629169999999999 0.792141 0.775271 0.776969 0.7213539999999999 0.739891 0.6966249999999999 0.726406 0.6943750000000001 0.6707810000000001 0.732583 0.653937 0.788771 0.6707810000000001 0.905625 0.7634839999999999 0.874167 0.775281 0.8629169999999999
17 0.266813 0.224167 0.28282799999999997 0.236979 0.31165600000000004 0.261542 0.324469 0.25833300000000003 0.364516 0.246604 0.363703 0.238042 0.354906 0.16116699999999998 0.347688 0.14941700000000002 0.328469 0.136604 0.28682799999999997 0.13874999999999998 0.262797 0.16331199999999998 0.262 0.192146 0.266813 0.225229 0.266813 0.224167
17 0.389078 0.0995208 0.39220299999999997 0.0939792 0.400875 0.0851875 0.408859 0.0898125 0.42446900000000004 0.09258330000000001 0.43142199999999997 0.07545829999999999 0.431766 0.0592708 0.42932800000000004 0.0555625 0.424125 0.056020799999999996 0.419266 0.061125 0.41440599999999994 0.0513958 0.40607800000000005 0.044916700000000004 0.399844 0.0435417 0.39879699999999996 0.0490833 0.394281 0.049562499999999995 0.38839100000000004 0.049562499999999995 0.383531 0.049562499999999995 0.385266 0.0463125 0.387344 0.0375208 0.385266 0.0370625 0.382828 0.039375 0.381797 0.043083300000000005 0.381797 0.048625 0.376938 0.04725 0.37415600000000004 0.0477083 0.369297 0.0500208 0.366172 0.0500208 0.358187 0.048625 0.35229699999999997 0.0509375 0.347438 0.0574167 0.346047 0.0648125 0.341891 0.0643542 0.336687 0.0638958 0.331828 0.06666670000000001 0.331469 0.0726875 0.332172 0.0791667 0.34223400000000004 0.0976667 0.35229699999999997 0.119875 0.356813 0.123583 0.366516 0.1245 0.366516 0.12127099999999999 0.372422 0.114333 0.380406 0.10925 0.38978100000000004 0.12127099999999999 0.389078 0.0995208
17 0.5294380000000001 0.0956042 0.514469 0.0965 0.48817199999999994 0.09960419999999999 0.470531 0.104479 0.47087500000000004 0.11825 0.469203 0.145313 0.47485900000000003 0.155063 0.507812 0.161271 0.5177970000000001 0.166604 0.5321089999999999 0.16881300000000002 0.5400940000000001 0.165708 0.5430780000000001 0.152396 0.545078 0.132875 0.543422 0.104479 0.5294380000000001 0.0956042
17 0.435078 0.472937 0.442844 0.5050209999999999 0.461469 0.539188 0.469234 0.5495420000000001 0.48398399999999997 0.55575 0.4995 0.556771 0.51425 0.542292 0.522016 0.522625 0.508047 0.434646 0.500281 0.414979 0.48553100000000005 0.405667 0.472344 0.40775 0.452156 0.420167 0.442844 0.434646 0.43585900000000005 0.466729 0.435078 0.472937
17 0.5211560000000001 0.42104199999999997 0.527844 0.44779199999999997 0.527328 0.466333 0.528359 0.497896 0.536078 0.5185 0.5566720000000001 0.520563 0.591672 0.510271 0.61175 0.486917 0.610719 0.453979 0.606609 0.40387500000000004 0.594766 0.373667 0.578812 0.3675 0.5633589999999999 0.369562 0.536078 0.390833 0.5211560000000001 0.42104199999999997