16 1 0.130339 0.496234 0.316867 0.497578 0.478642 0.470688 0.501123 0.470688 0.58201 0.46529699999999996 0.608982 0.497578 0.6269710000000001 0.527156 0.591018 0.71275 0.6269710000000001 0.740984 0.6876500000000001 0.82975 0.710104 0.820328 0.631462 1 0.6854049999999999 1 0.130339
18 0.0387188 0.578825 0.0410469 0.600836 0.0526563 0.595013 0.11187499999999999 0.588538 0.12426600000000002 0.597598 0.12851600000000002 0.588538 0.12851600000000002 0.56201 0.123484 0.534856 0.11923399999999999 0.518695 0.112656 0.496684 0.107625 0.49023500000000003 0.10684400000000001 0.49023500000000003 0.0658125 0.49409899999999995 0.054203100000000004 0.496684 0.051500000000000004 0.498642 0.0425937 0.530313 0.0387188 0.578825
18 0.296422 0.572037 0.303359 0.56953 0.30981200000000003 0.5587730000000001 0.325172 0.557937 0.325672 0.571201 0.334594 0.56953 0.334594 0.559608 0.349453 0.5604439999999999 0.351938 0.573681 0.360359 0.570366 0.363344 0.543864 0.360359 0.49749299999999996 0.34550000000000003 0.47678899999999996 0.312281 0.470992 0.289984 0.48174900000000004 0.283047 0.509922 0.270656 0.529791 0.27114099999999997 0.54718 0.274125 0.5670499999999999 0.282047 0.561253 0.29245299999999996 0.5587730000000001 0.296422 0.572037
18 0.246875 0.484465 0.244359 0.486423 0.244016 0.48699699999999996 0.242672 0.48953 0.241156 0.491201 0.23946900000000002 0.49402100000000004 0.23778100000000002 0.498251 0.236266 0.5030290000000001 0.233906 0.509791 0.23137500000000003 0.512324 0.229359 0.517389 0.225828 0.521332 0.227 0.5247 0.22749999999999998 0.530914 0.226328 0.539922 0.227 0.546397 0.228016 0.551462 0.23204699999999998 0.5503389999999999 0.233906 0.54752 0.234578 0.54188 0.237453 0.540183 0.24300000000000002 0.54329 0.242 0.549217 0.24300000000000002 0.554282 0.244516 0.554543 0.248234 0.553133 0.251594 0.553133 0.252266 0.549478 0.251422 0.543864 0.255984 0.5407569999999999 0.25951599999999997 0.54047 0.266937 0.541593 0.270297 0.541593 0.270641 0.539922 0.270641 0.5337080000000001 0.272484 0.528094 0.275516 0.523864 0.279562 0.515692 0.281922 0.5120370000000001 0.28343799999999997 0.505849 0.28343799999999997 0.502742 0.28512499999999996 0.492898 0.28815599999999997 0.486136 0.28596900000000003 0.480522 0.283109 0.478825 0.280578 0.48107 0.278219 0.483316 0.27434400000000003 0.483316 0.268453 0.483055 0.263063 0.481906 0.259344 0.480522 0.25817199999999996 0.477128 0.252109 0.479661 0.249234 0.48219300000000004 0.24704700000000002 0.48417800000000005 0.246875 0.484465
18 0.149141 0.487232 0.147203 0.49689300000000003 0.14604699999999998 0.527885 0.151844 0.527232 0.15879700000000002 0.527232 0.16999999999999998 0.531749 0.17578100000000002 0.525953 0.17578100000000002 0.5253 0.17578100000000002 0.520131 0.17578100000000002 0.507232 0.185828 0.49044399999999994 0.185828 0.48658 0.185828 0.480757 0.182359 0.47624 0.15995299999999998 0.47689299999999996 0.158016 0.47689299999999996 0.156094 0.479478 0.149531 0.491749 0.149141 0.487232
18 0.147453 0.49577 0.149234 0.48812 0.148984 0.492794 0.15687500000000001 0.47576999999999997 0.15254700000000002 0.471097 0.135469 0.474491 0.12884400000000001 0.496632 0.127062 0.510261 0.130625 0.514517 0.133187 0.517493 0.134703 0.517493 0.137516 0.5123759999999999 0.145672 0.513238 0.147453 0.49577
18 0.13374999999999998 0.473655 0.148125 0.47201 0.147625 0.467023 0.143156 0.462898 0.130281 0.466214 0.125312 0.48028699999999996 0.12234400000000001 0.496031 0.127797 0.505144 0.13374999999999998 0.473655
64 0.540234 0.427102 0.532266 0.43483000000000005 0.527234 0.441828 0.5247189999999999 0.45093999999999995 0.524297 0.471279 0.531844 0.493029 0.543594 0.482507 0.548219 0.47618800000000006 0.541922 0.436919 0.540234 0.427102
18 0.205891 0.5085379999999999 0.20442200000000002 0.540522 0.207359 0.539295 0.212281 0.53765 0.21325 0.543003 0.21914099999999997 0.543003 0.221109 0.537258 0.225781 0.5360309999999999 0.22871899999999998 0.517154 0.234375 0.50812 0.245906 0.48514399999999996 0.245656 0.48268900000000003 0.21817199999999998 0.48268900000000003 0.205891 0.5085379999999999
18 0.181031 0.498982 0.175359 0.5077809999999999 0.175359 0.5300779999999999 0.179 0.535483 0.182234 0.529399 0.182641 0.5348040000000001 0.1875 0.536162 0.18992199999999998 0.5300779999999999 0.20448400000000003 0.529399 0.204891 0.51047 0.213781 0.485483 0.18831199999999998 0.48276800000000003 0.181031 0.498982
18 0.134344 0.46154 0.133219 0.46099199999999996 0.130297 0.460731 0.12673399999999999 0.460731 0.118469 0.460731 0.111187 0.46235 0.111187 0.481828 0.113125 0.492663 0.11701600000000001 0.49483 0.121719 0.48939900000000003 0.131922 0.465587 0.134344 0.46154
18 0.0960156 0.49180199999999996 0.0955781 0.488538 0.0973125 0.477676 0.093625 0.47477800000000003 0.09146879999999999 0.46537900000000004 0.08582809999999999 0.460287 0.0797656 0.46101800000000004 0.0726094 0.46248 0.0719687 0.466815 0.07175000000000001 0.47624 0.0706563 0.478042 0.0706563 0.481671 0.0702344 0.493238 0.0960156 0.49180199999999996
18 0.096625 0.48430799999999996 0.09801560000000001 0.48396900000000004 0.0983281 0.47859 0.10795300000000001 0.47950400000000004 0.10751599999999999 0.48271499999999995 0.109656 0.483055 0.109656 0.47984299999999996 0.111281 0.479634 0.111281 0.460366 0.0960625 0.46201 0.0950781 0.464465 0.0948281 0.472663 0.0970469 0.481697 0.096625 0.48430799999999996
18 0.0960156 0.42595299999999997 0.0912813 0.41804199999999997 0.0845156 0.420287 0.0845156 0.438381 0.0912813 0.438381 0.0960156 0.42595299999999997
18 0.0749375 0.415248 0.07673440000000001 0.41673600000000005 0.0803281 0.41953 0.082375 0.420157 0.0827656 0.41953 0.08289060000000001 0.409869 0.0813438 0.40817200000000003 0.0796875 0.40624 0.0769844 0.40710199999999996 0.0752031 0.408799 0.0745625 0.414804 0.0749375 0.415248
16 0.0738906 0.442585 0.0738125 0.439843 0.0768906 0.439582 0.0768906 0.44221900000000003 0.08226560000000001 0.441619 0.0828438 0.42044400000000004 0.0791875 0.41973900000000003 0.0791875 0.417441 0.07009370000000001 0.416136 0.0706719 0.419478 0.0667344 0.419478 0.0667344 0.43924299999999994 0.0677344 0.44282000000000005 0.0738906 0.442585