24 0.537281 0.729645 0.534438 0.75974 0.525906 0.774799 0.521641 0.8371630000000001 0.537281 0.817825 0.7618590000000001 0.8350120000000001 0.766125 0.860827 0.774641 0.923191 0.807344 0.925343 0.815859 0.878038 0.842875 0.8651300000000001 0.855672 0.852222 0.8741410000000001 0.819953 0.898312 0.761891 0.90825 0.6930729999999999 0.9210470000000001 0.6694330000000001 0.929578 0.622104 0.911094 0.572648 0.8897809999999999 0.546856 0.8641880000000001 0.5425530000000001 0.8442970000000001 0.546856 0.753328 0.5661940000000001 0.668047 0.555437 0.6054999999999999 0.555437 0.598391 0.592009 0.588453 0.555437 0.565703 0.5640430000000001 0.533016 0.617825 0.520219 0.654374 0.537281 0.686619 0.542969 0.7188890000000001 0.537281 0.729645
24 0.394563 0.9234990000000001 0.474344 0.860993 0.43729699999999994 0.83513 0.427328 0.7898820000000001 0.410234 0.785556 0.393141 0.7381559999999999 0.393141 0.697187 0.378906 0.65409 0.357531 0.628227 0.3205 0.5980610000000001 0.296281 0.589433 0.290578 0.6152960000000001 0.28203100000000003 0.641158 0.274922 0.578652 0.260672 0.576501 0.222219 0.5700470000000001 0.195141 0.602364 0.160969 0.6152960000000001 0.141016 0.610993 0.101141 0.589433 0.0769219 0.604515 0.0797656 0.639007 0.10682799999999999 0.7489129999999999 0.10682799999999999 0.781253 0.135328 0.966596 0.243578 0.9903069999999999 0.36181199999999997 0.975225 0.394563 0.9234990000000001
78 0.46784400000000004 0.6534279999999999 0.46864100000000003 0.6666899999999999 0.47342199999999995 0.673901 0.48775 0.6726949999999999 0.494906 0.665485 0.493313 0.6426 0.49171899999999996 0.613688 0.48296900000000004 0.606478 0.471031 0.608889 0.46864100000000003 0.606478 0.46864100000000003 0.6365719999999999 0.46784400000000004 0.6534279999999999
37 0.0830937 0.314232 0.0908281 0.351442 0.0978437 0.380142 0.0978437 0.40884200000000004 0.090125 0.47156 0.10206200000000001 0.474752 0.109094 0.472624 0.11399999999999999 0.43860499999999997 0.11610899999999999 0.46198599999999995 0.11681299999999999 0.473688 0.12314099999999999 0.476879 0.129469 0.465177 0.13087500000000002 0.43860499999999997 0.11962500000000001 0.403522 0.11540600000000001 0.37056700000000004 0.13999999999999999 0.380142 0.151953 0.373759 0.160375 0.403522 0.163187 0.341868 0.152641 0.352506 0.125953 0.33867600000000003 0.114703 0.325934 0.102766 0.269598 0.11120300000000001 0.248322 0.0908281 0.217494 0.0781719 0.227069 0.06975 0.217494 0.064125 0.21643 0.052890599999999996 0.250449 0.0521875 0.281277 0.0556875 0.313168 0.0648281 0.32061500000000004 0.0795781 0.31104 0.0830937 0.314232
12 0.40170300000000003 0.690024 0.4375 0.688771 0.437641 0.683522 0.402109 0.682884 0.40170300000000003 0.690024
12 0.398062 0.6959810000000001 0.397484 0.6986519999999999 0.40365599999999996 0.703097 0.44423399999999996 0.699527 0.44423399999999996 0.694184 0.441 0.692411 0.40571900000000005 0.6986519999999999 0.403953 0.692411 0.398656 0.69331 0.398062 0.6959810000000001
12 0.393984 0.703735 0.392172 0.713924 0.399953 0.7186290000000001 0.449406 0.714303 0.44992200000000004 0.7041130000000001 0.44759399999999994 0.702955 0.403578 0.70766 0.399688 0.702175 0.393984 0.703735
12 0.429781 0.68305 0.429531 0.669338 0.40959399999999996 0.66896 0.408547 0.6838529999999999 0.429781 0.68305
22 0.36446900000000004 0.998061 0.372391 0.968936 0.36559400000000003 0.958652 0.366734 0.9415129999999999 0.475453 0.864397 0.474328 0.8387 0.43695300000000004 0.833546 0.43695300000000004 0.7992910000000001 0.39843799999999996 0.761584 0.401844 0.7135929999999999 0.416563 0.6741839999999999 0.38937499999999997 0.650189 0.324828 0.591939 0.294234 0.585083 0.280656 0.63305 0.276125 0.574799 0.22174999999999997 0.569645 0.185516 0.598794 0.14360900000000001 0.607352 0.10170300000000002 0.586785 0.07225000000000001 0.60565 0.0711094 0.6399050000000001 0.09264059999999999 0.670757 0.10735900000000001 0.735887 0.103969 0.76844 0.134547 0.9449409999999999 0.132281 0.994634 0.36446900000000004 0.998061
22 0.8667659999999999 0.8148939999999999 0.8615470000000001 0.8194089999999999 0.857812 0.8634040000000001 0.834719 0.864515 0.825766 0.870165 0.8138439999999999 0.891584 0.8056409999999999 0.931064 0.8056409999999999 0.954728 0.820547 0.9953190000000001 0.825766 1 0.9971880000000001 0.999835 0.998687 0.658156 0.999422 0.643499 0.9822810000000001 0.654775 0.971109 0.668298 0.951719 0.6570210000000001 0.9397970000000001 0.661537 0.9345779999999999 0.672813 0.929359 0.679574 0.9219060000000001 0.6874699999999999 0.923406 0.708913 0.924156 0.7483690000000001 0.920422 0.761915 0.921172 0.7585109999999999 0.884641 0.8115129999999999 0.8667659999999999 0.8148939999999999
26 0.599688 0.886643 0.6022339999999999 0.850544 0.610609 0.823522 0.594031 0.8224110000000001 0.573453 0.822979 0.563609 0.822979 0.561234 0.823239 0.575094 0.8880140000000001 0.599688 0.886643
27 0.7209380000000001 0.9787 0.745469 0.9490069999999999 0.753641 0.976217 0.765094 0.971277 0.7667189999999999 0.842624 0.5476409999999999 0.800567 0.36615600000000004 0.9539479999999999 0.372703 0.9836410000000001 0.7209380000000001 0.9787
12 0.404422 0.689929 0.405516 0.698676 0.437516 0.692931 0.439313 0.691844 0.437516 0.689645 0.428297 0.688842 0.404969 0.690473 0.404422 0.689929
14 0.570312 0.8916780000000001 0.599406 0.8901650000000001 0.600875 0.864066 0.612219 0.823783 0.601375 0.819314 0.586578 0.8185580000000001 0.569828 0.817825 0.557984 0.8163360000000001 0.556016 0.8275180000000001 0.557 0.831986 0.564406 0.84766 0.570312 0.8916780000000001