50 0.98026 0.117722 0.9792799999999999 0.135516 0.97864 0.136655 0.978 0.151566 0.9818600000000001 0.160142 0.9821799999999999 0.168754 0.96962 0.183096 0.96382 0.19053399999999998 0.9635 0.20430600000000002 0.96328 0.22597899999999999 0.9584 0.269431 0.9546399999999999 0.295516 0.94826 0.32427 0.9366 0.357722 0.93284 0.381103 0.92796 0.435267 0.9257000000000001 0.46135200000000004 0.92044 0.49412799999999996 0.92044 0.511495 0.92044 0.5215299999999999 0.92496 0.534911 0.93398 0.540925 0.93962 0.510819 0.946 0.46736700000000003 0.9475 0.439964 0.9527599999999999 0.410534 0.95502 0.391139 0.95878 0.389822 0.95652 0.40117400000000003 0.95502 0.42726 0.95802 0.437295 0.94864 0.472064 0.94638 0.496797 0.94262 0.5081490000000001 0.94262 0.540925 0.94074 0.551637 0.94224 0.563665 0.95164 0.572349 0.95878 0.564342 0.95728 0.527544 0.97568 0.478754 0.9839600000000001 0.436619 0.99448 0.389822 0.99974 0.361068 0.99974 0.33629899999999996 1 0.222633 0.99974 0.203238 1 0.09651250177935942 0.9912000000000001 0.101103 0.98026 0.117722
3 0.18102000000000001 0.868043 0.20258 0.856833 0.22466 0.823132 0.23414 0.822206 0.25202 0.817509 0.27674 0.802562 0.27252 0.789466 0.26780000000000004 0.766975 0.25148 0.716441 0.2294 0.6893239999999999 0.21572 0.664057 0.19152000000000002 0.672456 0.18206 0.6584340000000001 0.17418 0.654698 0.15682 0.6584340000000001 0.14314 0.66968 0.12841999999999998 0.679964 0.11316 0.6911740000000001 0.1179 0.7174020000000001 0.13368 0.766975 0.15366 0.78758 0.15734 0.848399 0.18102000000000001 0.868043
3 0.1655 0.902527 0.17068 0.9178999999999999 0.16378 0.916868 0.14248 0.9158719999999999 0.12752 0.934306 0.13212000000000002 0.9568329999999999 0.14765999999999999 0.9793590000000001 0.14248 0.996762 0.18334 1 0.17874 0.989609 0.1799 0.980391 0.2035 0.9957300000000001 0.234 1 0.24436000000000002 0.983452 0.2622 1 0.28464 0.968078 0.35372000000000003 0.8738790000000001 0.36119999999999997 0.859537 0.35602 0.85032 0.34106000000000003 0.839039 0.32377999999999996 0.844164 0.32954 0.8144480000000001 0.31054000000000004 0.805231 0.2789 0.801139 0.2576 0.8175439999999999 0.22766 0.8175439999999999 0.20636000000000002 0.844164 0.20406 0.867722 0.19888 0.882064 0.1845 0.8666900000000001 0.1724 0.867722 0.16378 0.881032 0.1653 0.898826 0.1655 0.902527
2 0.92596 0.295907 0.94696 0.263915 0.94696 0.24483999999999997 0.93068 0.203701 0.9208200000000001 0.20217100000000002 0.91012 0.205231 0.90498 0.154164 0.89726 0.15491100000000002 0.89342 0.211317 0.8887 0.232669 0.8925599999999999 0.25779399999999997 0.9165399999999999 0.294377 0.92596 0.295907
3 0.0945 1 0.09072 0.9116730000000001 0.07812000000000001 0.7771170000000001 0.05292 0.779359 0.0378 0.7860849999999999 0.03528 0.779359 0.01764 0.790569 0 0.779359 0.00252 1 0.0945 1
3 0.14408 0.8980779999999999 0.14706 0.876762 0.15603999999999998 0.865053 0.15663999999999997 0.854377 0.15663999999999997 0.813915 0.15366 0.786192 0.1303 0.760641 0.12072 0.747865 0.10456 0.748897 0.11474 0.906584 0.11952 0.931103 0.12072 0.928968 0.14168 0.919359 0.14408 0.8980779999999999
3 0.5029399999999999 0.585872 0.51528 0.617473 0.516 0.642669 0.5044 0.674911 0.51238 0.685907 0.52108 0.680747 0.52796 0.671032 0.53232 0.654911 0.53086 0.626512 0.52942 0.6161920000000001 0.52616 0.601993 0.51418 0.5749110000000001 0.5029399999999999 0.585872
50 0.8900800000000001 0.504342 0.8979400000000001 0.468114 0.91684 0.389751 0.9277000000000001 0.329431 0.93516 0.306477 0.92498 0.372883 0.9229400000000001 0.392171 0.93312 0.387367 0.9399 0.342705 0.94736 0.302883 0.9643200000000001 0.197865 0.95482 0.170107 0.94532 0.154413 0.946 0.139929 0.9521000000000001 0.129075 0.9616 0.108541 0.9582200000000001 0.07957299999999999 0.94532 0.07234880071174378 0.92972 0.08441280071174377 0.92226 0.11822099999999999 0.9242999999999999 0.142349 0.92022 0.14715299999999998 0.91142 0.14957299999999998 0.9039400000000001 0.153203 0.91074 0.202705 0.92498 0.20391499999999999 0.9405800000000001 0.224413 0.94872 0.25096100000000005 0.92634 0.29320300000000005 0.9182 0.296833 0.89648 0.266655 0.89038 0.24131700000000003 0.89378 0.226833 0.8978400000000001 0.158043 0.88902 0.164057 0.84766 0.324591 0.8462999999999999 0.342705 0.85172 0.346335 0.86122 0.331851 0.86122 0.307687 0.8673200000000001 0.288399 0.88564 0.244947 0.8876799999999999 0.24854099999999998 0.86326 0.354769 0.85354 0.404235 0.85178 0.444093 0.84958 0.49597900000000006 0.8422200000000001 0.522527 0.8429 0.5382210000000001 0.8585 0.537011 0.86122 0.518897 0.8673200000000001 0.509253 0.87206 0.509253 0.8686799999999999 0.530996 0.8869400000000001 0.531246 0.8900800000000001 0.504342
50 0.09345999999999999 0.510249 0.09094 0.537224 0.21974000000000002 0.46305999999999997 0.2046 0.370925 0.19069999999999998 0.36868300000000004 0.16796 0.231601 0.16040000000000001 0.134982 0.17176 0.119253 0.18818000000000001 0.119253 0.23616 0.34847 0.22858 0.36195700000000003 0.22102000000000002 0.38665499999999997 0.22732 0.46305999999999997 0.24374 0.451851 0.24374 0.409146 0.25384 0.393416 0.30562 0.30128099999999997 0.31068 0.258577 0.23996 0.137224 0.2008 0.103523 0.2046 0.027117398576512457 0.19322 0.00014234875444839857 0.1023 0.00014234875444839857 0.1023 0.013629900355871886 0.1225 0.03384339857651245 0.1364 0.09451960142348755 0.12124 0.117011 0.06694 0.184413 0.08081999999999999 0.32149500000000003 0.1225 0.3979 0.11114 0.501281 0.09345999999999999 0.510249
50 0.9576399999999999 0.167438 0.9579 0.150142 0.9481799999999999 0.14968 0.9481799999999999 0.161352 0.9605199999999999 0.188968 0.9621000000000001 0.179146 0.9576399999999999 0.167438
2 1 0.244555 0.99326 0.24359400000000003 0.9777 0.25505300000000003 0.95302 0.26651199999999997 0.94926 0.301815 0.97556 0.320925 1 0.305658 1 0.244555
3 0.4085 0.578648 0.40734 0.604377 0.4082 0.6121 0.41254 0.612598 0.41688 0.610036 0.41948 0.604875 0.42122000000000004 0.598221 0.42208 0.5642699999999999 0.41544 0.5349470000000001 0.40734 0.515409 0.40098 0.511281 0.3955 0.509751 0.3926 0.521566 0.40502 0.548327 0.4085 0.578648
3 0.00408 0.684235 0.00062 0.7164060000000001 0.00062 0.7423489999999999 0.00062 0.77573 0.0054800000000000005 0.7831670000000001 0.0166 0.7831670000000001 0.02632 0.780676 0.039520000000000007 0.773274 0.0416 0.778221 0.051340000000000004 0.779466 0.06592 0.77573 0.07218000000000001 0.764626 0.07218000000000001 0.749786 0.0687 0.743594 0.05898 0.741139 0.06662 0.737402 0.0687 0.725053 0.06662 0.708968 0.06731999999999999 0.6916730000000001 0.05482 0.660747 0.0291 0.678078 0.00408 0.684235