31 0.5055879999999999 0.9867969999999999 0.733775 0.9845590000000001 0.729314 0.7160949999999999 0.736013 0.58634 0.727075 0.414085 0.673382 0.387239 0.61969 0.360392 0.543627 0.382761 0.48769599999999996 0.40290800000000004 0.474281 0.41184600000000005 0.472042 0.456585 0.516781 0.481193 0.532435 0.595294 0.5458660000000001 0.9241499999999999 0.48097999999999996 0.977843 0.5055879999999999 0.9867969999999999
31 0.314608 0.7644120000000001 0.319428 0.777239 0.35630700000000004 0.786863 0.38518 0.786863 0.396405 0.786863 0.404428 0.490131 0.38357800000000003 0.466078 0.37877500000000003 0.417958 0.37877500000000003 0.39228799999999997 0.345082 0.39228799999999997 0.31620899999999996 0.40351299999999996 0.303382 0.413137 0.24883999999999998 0.41634 0.261683 0.43880700000000006 0.27451000000000003 0.445212 0.308186 0.45163400000000004 0.333856 0.461258 0.35630700000000004 0.47088199999999997 0.35630700000000004 0.520605 0.35630700000000004 0.565523 0.351503 0.613644 0.348301 0.660147 0.348301 0.69384 0.348301 0.716291 0.341879 0.724314 0.341879 0.730719 0.327435 0.741961 0.314608 0.7644120000000001
73 0.164673 0.368464 0.157467 0.36774500000000004 0.15529400000000002 0.377843 0.16719 0.381814 0.164673 0.368464
73 0.156863 0.406405 0.158693 0.40542500000000004 0.159428 0.399428 0.157958 0.397843 0.155882 0.397222 0.154052 0.39710799999999996 0.152451 0.397467 0.15147100000000002 0.398203 0.150752 0.399314 0.150752 0.400523 0.151111 0.402729 0.151601 0.403578 0.15184599999999998 0.404314 0.15171600000000002 0.403824 0.15441200000000002 0.40567 0.156863 0.406405
73 0.08933009967320261 0.397239 0.09080069934640524 0.400016 0.09117650000000001 0.402598 0.09320259967320262 0.40351299999999996 0.09616009967320262 0.40351299999999996 0.0994770996732026 0.403333 0.10058800000000001 0.40240200000000004 0.100392 0.39761399999999997 0.100033 0.395212 0.09818630065359477 0.391895 0.09357840032679739 0.39171599999999995 0.0896895 0.393546 0.08933009967320261 0.397239
50 0.246912 0.444248 0.25098 0.443562 0.252353 0.43862700000000004 0.25166700000000003 0.426716 0.254739 0.423317 0.255408 0.406471 0.25269600000000003 0.405114 0.25370899999999996 0.40290800000000004 0.25201 0.399837 0.246569 0.39813699999999996 0.24434599999999998 0.40171599999999996 0.243154 0.405801 0.241291 0.40732 0.239085 0.41328400000000004 0.23890499999999998 0.42382400000000003 0.242141 0.42893800000000004 0.24571900000000002 0.42910099999999995 0.24571900000000002 0.443219 0.246912 0.444248
50 0.11442800000000002 0.44031 0.118039 0.430997 0.11959199999999999 0.418072 0.11624199999999998 0.412141 0.11624199999999998 0.40490200000000004 0.112876 0.402059 0.107696 0.401275 0.10616 0.404641 0.102794 0.41317 0.10201 0.42893800000000004 0.10305600000000001 0.43333299999999997 0.106667 0.434624 0.10848 0.445212 0.113137 0.447026 0.11442800000000002 0.44031
50 0.162614 0.419918 0.162614 0.41518 0.160719 0.40951 0.156209 0.409265 0.15219000000000002 0.412827 0.151944 0.41565399999999997 0.153137 0.42111099999999996 0.15219000000000002 0.42513100000000004 0.15076799999999999 0.430572 0.150523 0.43531 0.15219000000000002 0.442647 0.154085 0.444542 0.155033 0.44124199999999997 0.15550699999999998 0.435784 0.156209 0.435556 0.156209 0.439575 0.15692799999999998 0.44501599999999997 0.159052 0.444314 0.159526 0.44029399999999996 0.161193 0.436258 0.16307200000000002 0.430343 0.16236899999999999 0.424183 0.162614 0.419918
50 0.169461 0.444641 0.172941 0.44423199999999996 0.174771 0.442386 0.17539200000000002 0.44014699999999995 0.17599700000000001 0.43423199999999995 0.174771 0.428301 0.173954 0.420964 0.173137 0.41585 0.17253300000000002 0.411977 0.169869 0.407288 0.16558799999999999 0.40565399999999996 0.163546 0.408088 0.162941 0.41238600000000003 0.16232 0.415441 0.162124 0.42034299999999997 0.161716 0.42442799999999997 0.161716 0.42933 0.163137 0.436667 0.164771 0.442386 0.169461 0.444641
50 0.191046 0.44469000000000003 0.196683 0.44268 0.198971 0.416879 0.194673 0.405196 0.191176 0.404248 0.18701 0.419036 0.18942799999999999 0.44334999999999997 0.191046 0.44469000000000003
50 0.234052 0.43230399999999997 0.234052 0.430458 0.23527800000000001 0.419379 0.238056 0.42030999999999996 0.238056 0.41815399999999997 0.23683 0.411683 0.234052 0.408301 0.233742 0.405523 0.23098 0.400294 0.227288 0.405523 0.22666699999999998 0.408905 0.222042 0.411993 0.219281 0.41969 0.222663 0.42184600000000005 0.22451 0.415686 0.22451 0.418464 0.22482000000000002 0.42616 0.22666699999999998 0.431699 0.22697699999999998 0.43601299999999993 0.228203 0.444624 0.232206 0.444314 0.232516 0.43601299999999993 0.234052 0.43230399999999997
50 0.049558800653594776 0.407059 0.0479575 0.41828400000000004 0.05197709967320262 0.42789200000000005 0.05197709967320262 0.451127 0.06398690032679738 0.45192799999999994 0.06638890032679738 0.429493 0.07039219934640523 0.42469 0.06879080065359477 0.412663 0.06799019934640523 0.402255 0.0671895 0.39905199999999996 0.059983699346405225 0.39183 0.05197709967320262 0.39343100000000003 0.05437909967320261 0.40145400000000003 0.049558800653594776 0.407059
50 0.09416669934640523 0.444036 0.09517969934640522 0.44302299999999994 0.09517969934640522 0.437941 0.09681369934640523 0.44179700000000005 0.09924840032679738 0.444036 0.10067 0.435703 0.10129099999999999 0.43183000000000005 0.102108 0.427761 0.101895 0.42530999999999997 0.101078 0.423676 0.09946080065359478 0.42165 0.09924840032679738 0.418791 0.09761440032679738 0.41491799999999995 0.09619280065359477 0.413497 0.09130719934640523 0.41941199999999995 0.08947709967320261 0.421438 0.08866009967320262 0.424902 0.09008169934640524 0.42530999999999997 0.09334969934640522 0.42836599999999997 0.09272880065359476 0.43019599999999997 0.09191180065359478 0.43325199999999997 0.09111109967320262 0.442418 0.09416669934640523 0.444036
50 0.21645400000000004 0.419722 0.21645400000000004 0.410882 0.213137 0.405343 0.207598 0.40490200000000004 0.204722 0.414199 0.20516299999999998 0.42614399999999997 0.207598 0.43189500000000003 0.20826799999999998 0.444297 0.21202600000000002 0.44451 0.214902 0.427026 0.21645400000000004 0.419722
31 0.41604599999999997 0.8516830000000001 0.424641 0.86152 0.444314 0.8738070000000001 0.46397099999999997 0.8738070000000001 0.48854600000000004 0.8775 0.52049 0.8775 0.53768 0.8738070000000001 0.53768 0.8602939999999999 0.53768 0.8443139999999999 0.540147 0.8209799999999999 0.534003 0.609641 0.521716 0.480637 0.47870899999999994 0.46098 0.46764700000000003 0.441324 0.47379099999999996 0.420441 0.483627 0.404461 0.49344800000000005 0.395866 0.449216 0.388497 0.43202599999999997 0.388497 0.420964 0.398317 0.401307 0.398317 0.395163 0.397092 0.396389 0.410605 0.38902000000000003 0.421667 0.38902000000000003 0.44624199999999997 0.391471 0.46835 0.401307 0.479412 0.42219000000000007 0.48800699999999997 0.41604599999999997 0.836944 0.41604599999999997 0.8516830000000001