15 0.389062 0.258824 0.346875 0.371765 0.371875 0.42823500000000003 0.40156200000000003 0.437647 0.451562 0.45176499999999997 0.4625 0.458824 0.528125 0.45411799999999997 0.545312 0.409412 0.565625 0.341176 0.55625 0.270588 0.554688 0.18117599999999998 0.5375 0.150588 0.485938 0.136471 0.453125 0.150588 0.42968799999999996 0.169412 0.42656299999999997 0.188235 0.415625 0.216471 0.389062 0.258824
15 0.409969 0.8077409999999999 0.434922 0.8077409999999999 0.467656 0.788965 0.491031 0.7631530000000001 0.487922 0.720894 0.47389099999999995 0.6856709999999999 0.44893700000000003 0.655153 0.419328 0.669247 0.40373400000000004 0.678635 0.37723399999999996 0.683341 0.356969 0.645765 0.333594 0.6176 0.28215599999999996 0.598824 0.285266 0.655153 0.294625 0.7373179999999999 0.341391 0.800706 0.371 0.803059 0.388156 0.7560939999999999 0.394391 0.800706 0.409969 0.8077409999999999
15 0.8152659999999999 0.880518 0.840203 0.831224 0.865156 0.7396710000000001 0.833969 0.711506 0.7794220000000001 0.690376 0.740437 0.7373179999999999 0.7794220000000001 0.8429650000000001 0.8152659999999999 0.880518
15 0.290969 0.337812 0.29812500000000003 0.387388 0.343922 0.441247 0.353938 0.48865899999999995 0.376828 0.540376 0.431219 0.594259 0.46270300000000003 0.605035 0.477016 0.598565 0.47414100000000003 0.561929 0.446953 0.516682 0.398297 0.48004699999999995 0.391141 0.464965 0.349641 0.374447 0.345359 0.337812 0.338203 0.316259 0.302422 0.324871 0.290969 0.337812
41 0.9998279999999999 0.591012 1 0.521341 0.9983280000000001 0.43145900000000004 0.9595309999999999 0.370776 0.923719 0.337082 0.8520939999999999 0.289882 0.690922 0.188753 0.641672 0.1236 0.474547 0.0314588 0.404406 0.0247294 0.349187 0.05169410117647059 0.341734 0.105624 0.499906 0.168541 0.607359 0.208988 0.665562 0.258424 0.701375 0.328094 0.774484 0.43821200000000005 0.8968590000000001 0.48089400000000004 0.9834059999999999 0.539318 0.9998279999999999 0.591012
15 0.147844 0.329906 0.14150000000000001 0.338447 0.1405 0.356047 0.140828 0.36912900000000004 0.141844 0.379694 0.136156 0.389247 0.1375 0.402306 0.1405 0.405835 0.147516 0.401294 0.162547 0.384212 0.18290599999999999 0.384706 0.187578 0.379694 0.195938 0.350024 0.20560900000000001 0.336447 0.21629700000000002 0.306282 0.208953 0.291694 0.200937 0.289176 0.18525 0.295718 0.18725 0.275106 0.180578 0.287671 0.180578 0.29872899999999997 0.170219 0.299224 0.163547 0.265035 0.156203 0.262518 0.151188 0.276612 0.147187 0.31381200000000004 0.147844 0.329906
15 0.554172 0.449106 0.581844 0.449106 0.604484 0.449106 0.610781 0.447224 0.6384529999999999 0.420706 0.6384529999999999 0.4188 0.632172 0.396071 0.630906 0.350612 0.625875 0.30136500000000005 0.617063 0.269153 0.590656 0.269153 0.5655 0.269153 0.561719 0.284306 0.5566880000000001 0.331671 0.542859 0.41310600000000003 0.547891 0.42449400000000004 0.554172 0.449106
15 0.799797 0.23559999999999998 0.801937 0.239482 0.8057969999999999 0.245271 0.809219 0.246565 0.8126559999999999 0.248494 0.8152189999999999 0.251082 0.8152189999999999 0.24978799999999998 0.8160780000000001 0.240753 0.816938 0.238824 0.8160780000000001 0.230447 0.815656 0.223976 0.8135 0.21882400000000002 0.811359 0.20978799999999997 0.8126559999999999 0.207859 0.8160780000000001 0.20527099999999998 0.818656 0.207859 0.820797 0.204612 0.8203590000000001 0.19816499999999998 0.8139369999999999 0.194941 0.8152189999999999 0.1872 0.8160780000000001 0.1788 0.813078 0.173647 0.8105 0.17494099999999999 0.8083589999999999 0.17623499999999998 0.804937 0.178165 0.802797 0.17557599999999998 0.800656 0.170424 0.792516 0.168494 0.789516 0.16654100000000002 0.785656 0.162024 0.780938 0.174282 0.7800779999999999 0.174282 0.776656 0.178165 0.771938 0.17752900000000002 0.767219 0.1788 0.764219 0.180094 0.762937 0.18590600000000002 0.7637970000000001 0.189129 0.767219 0.191718 0.770656 0.192353 0.771516 0.196235 0.770656 0.20009400000000002 0.774937 0.20527099999999998 0.777937 0.20849399999999998 0.784359 0.21108200000000002 0.792078 0.214941 0.797656 0.218165 0.799359 0.225929 0.798516 0.236235 0.799797 0.23559999999999998
15 0.371578 0.815741 0.36560899999999996 0.939318 0.401422 0.9213410000000001 0.432766 0.910118 0.45067199999999996 0.885388 0.419328 0.8359530000000001 0.37754699999999997 0.8044939999999999 0.371578 0.815741
15 0.23374999999999999 0.322071 0.243453 0.330118 0.253172 0.33962400000000004 0.26725 0.346941 0.260453 0.311106 0.261906 0.290635 0.27501600000000004 0.278212 0.285703 0.254094 0.29929700000000004 0.270165 0.305609 0.289176 0.309969 0.320612 0.315797 0.303788 0.32307800000000003 0.297224 0.324531 0.28771800000000003 0.307063 0.273812 0.30462500000000003 0.255553 0.32307800000000003 0.248235 0.32404700000000003 0.233624 0.31725 0.21607099999999999 0.310937 0.203647 0.296375 0.199247 0.275984 0.228494 0.263844 0.227765 0.248797 0.248235 0.238125 0.26357600000000003 0.235203 0.282588 0.23568699999999998 0.312565 0.23374999999999999 0.322071
32 0.415109 0.995176 0.39775 0.928588 0.32984399999999997 0.7883060000000001 0.27775 0.6384940000000001 0.271422 0.598071 0.271422 0.574306 0.271422 0.526753 0.265109 0.46729400000000004 0.231953 0.357929 0.214578 0.315129 0.203531 0.376941 0.198797 0.360306 0.19248400000000002 0.386471 0.179844 0.376941 0.179844 0.384094 0.179844 0.41974100000000003 0.16406199999999999 0.3936 0.148266 0.388847 0.145109 0.3936 0.145109 0.426894 0.168797 0.526753 0.183 0.574306 0.195641 0.602847 0.214578 0.6313650000000001 0.314063 1 0.415109 0.995176
14 0.861391 1 0.9111560000000001 0.927906 0.995234 0.734094 0.995234 0.731506 0.998672 0.21729400000000001 0.897422 0 0.0840781 0.0028235294117647056 0 0.186306 0.0034375000000000005 0.754776 0.07893750000000001 0.907224 0.157859 1 0.861391 1
19 0.543547 0.5188240000000001 0.544234 0.5308 0.556391 0.567741 0.562234 0.5670350000000001 0.572516 0.5660000000000001 0.5582659999999999 0.523412 0.547984 0.514965 0.543547 0.5188240000000001