21 0.654 0.8244529999999999 0.686208 0.8168279999999999 0.751771 0.79225 0.796417 0.770203 0.8320209999999999 0.764266 0.839354 0.771906 0.844437 0.771469 0.847833 0.755375 0.829187 0.735875 0.7896249999999999 0.735016 0.7641880000000001 0.7434999999999999 0.719542 0.773594 0.6873330000000001 0.8002969999999999 0.654 0.822766 0.654 0.8244529999999999
50 0.140833 0.426969 0.128833 0.505625 0.008979170833333333 0.550563 0.003 0.979781 0.60225 0.988766 0.6951250000000001 0.941578 0.728083 0.9235939999999999 0.829958 0.835953 0.829958 0.784266 0.8119789999999999 0.7438119999999999 0.701125 0.811234 0.6471870000000001 0.7797810000000001 0.6441870000000001 0.6966249999999999 0.638208 0.575281 0.641208 0.5370779999999999 0.59625 0.47865599999999997 0.626208 0.406734 0.629208 0.343812 0.584271 0.2045 0.5333330000000001 0.166297 0.329583 0.12359400000000001 0.248688 0.164047 0.131833 0.215734 0.116854 0.337078 0.134833 0.453937 0.140833 0.426969
50 0.755208 0.612469 0.755208 0.637531 0.7590210000000001 0.644359 0.753687 0.691062 0.751417 0.7070000000000001 0.7696459999999999 0.708141 0.774958 0.7013130000000001 0.776479 0.641516 0.784833 0.668844 0.7810210000000001 0.6899219999999999 0.77875 0.6956089999999999 0.800021 0.697328 0.804562 0.669422 0.797729 0.627281 0.790146 0.590266 0.79925 0.572609 0.801542 0.557797 0.796979 0.549266 0.792417 0.548125 0.800021 0.535594 0.793937 0.529328 0.790146 0.527047 0.776479 0.528766 0.776479 0.5372969999999999 0.7696459999999999 0.5469839999999999 0.7696459999999999 0.55325 0.766604 0.5583750000000001 0.762042 0.582297 0.755208 0.612469
50 0.729104 0.611828 0.723292 0.634188 0.7342080000000001 0.638 0.7334790000000001 0.663078 0.729833 0.6756249999999999 0.7320209999999999 0.685984 0.7312919999999999 0.693063 0.722562 0.697984 0.722562 0.703422 0.73275 0.7028909999999999 0.7494580000000001 0.6996089999999999 0.753104 0.696891 0.753104 0.678344 0.753104 0.654219 0.753104 0.641141 0.756 0.637328 0.753833 0.614422 0.764 0.5626249999999999 0.764 0.556625 0.7647290000000001 0.541906 0.757458 0.531547 0.742917 0.5277339999999999 0.737104 0.539187 0.738563 0.554453 0.723292 0.5582659999999999 0.7174790000000001 0.572984 0.7211040000000001 0.5778909999999999 0.7203959999999999 0.5975159999999999 0.7349169999999999 0.6046090000000001 0.729104 0.611828
50 0.689688 0.687859 0.689688 0.671203 0.6785829999999999 0.626312 0.6785829999999999 0.622625 0.682896 0.602719 0.689688 0.579125 0.685354 0.563391 0.671792 0.546734 0.660062 0.534703 0.655125 0.525453 0.6446459999999999 0.516656 0.6329170000000001 0.521281 0.6323120000000001 0.5300779999999999 0.63725 0.5360940000000001 0.6465 0.545813 0.6582290000000001 0.562 0.669333 0.584219 0.665625 0.600875 0.655125 0.6105940000000001 0.6538959999999999 0.6235470000000001 0.6538959999999999 0.639281 0.664354 0.684078 0.6526879999999999 0.697734 0.664354 0.7042970000000001 0.683292 0.703203 0.689688 0.687859
50 0.8116249999999999 0.569547 0.838979 0.558141 0.8359380000000001 0.5193909999999999 0.8323959999999999 0.5193909999999999 0.823792 0.5330619999999999 0.82175 0.548266 0.7989580000000001 0.558141 0.795417 0.577141 0.8116249999999999 0.569547
50 0.7907080000000001 0.582531 0.7991670000000001 0.648531 0.800875 0.713266 0.807646 0.733578 0.8313330000000001 0.742469 0.863479 0.750078 0.917646 0.7564219999999999 0.941333 0.771656 0.9481040000000001 0.785625 0.9481040000000001 0.808469 0.9548749999999999 0.837656 0.998875 0.8300470000000001 1 0.767844 0.997188 0.6625 0.9734999999999999 0.6637660000000001 0.9684170000000001 0.586344 0.926104 0.564766 0.944729 0.531766 0.9328749999999999 0.49621899999999997 0.907479 0.486078 0.868563 0.492422 0.855021 0.515266 0.844875 0.5520780000000001 0.7907080000000001 0.582531
50 0.8882709999999999 0.44071899999999997 0.877396 0.460531 0.846333 0.485 0.837 0.510625 0.838562 0.522281 0.840104 0.552562 0.846333 0.5618909999999999 0.847875 0.542078 0.872729 0.49315600000000004 0.894479 0.489656 0.931771 0.494313 0.942646 0.530438 0.928667 0.566547 0.973708 0.589859 0.975271 0.660922 0.995458 0.6574220000000001 0.987687 0.6317969999999999 0.987687 0.6108279999999999 0.9985630000000001 0.587516 1 0.560719 0.9985630000000001 0.529266 0.983021 0.49896900000000005 0.970604 0.473344 0.961292 0.46518800000000005 0.94575 0.454703 0.9488540000000001 0.44421900000000003 0.9566250000000001 0.427906 0.9566250000000001 0.408094 0.944187 0.395281 0.906917 0.394109 0.8929379999999999 0.399938 0.889813 0.41974999999999996 0.896042 0.43721899999999997 0.8882709999999999 0.44071899999999997
50 0.7270629999999999 0.681266 0.7270629999999999 0.6793910000000001 0.725396 0.67 0.719542 0.659984 0.719542 0.6493439999999999 0.725396 0.634953 0.726229 0.626188 0.728729 0.612422 0.720375 0.598656 0.720375 0.591766 0.7237290000000001 0.573609 0.705354 0.567984 0.695354 0.577375 0.7011869999999999 0.583 0.697854 0.5892660000000001 0.697021 0.625563 0.697021 0.6493439999999999 0.6986880000000001 0.66625 0.702021 0.681891 0.7070209999999999 0.683156 0.720375 0.6793910000000001 0.718708 0.681891 0.7270629999999999 0.681266
50 0.632167 0.537875 0.6312289999999999 0.5347500000000001 0.635417 0.528844 0.633083 0.520859 0.623375 0.517031 0.6136459999999999 0.519813 0.611792 0.5274530000000001 0.611333 0.538563 0.598354 0.546563 0.611333 0.552469 0.625687 0.564266 0.6312289999999999 0.596922 0.635417 0.603875 0.642354 0.651453 0.63725 0.704609 0.6539370000000001 0.704609 0.6594789999999999 0.662578 0.655792 0.652844 0.654854 0.622969 0.658104 0.606656 0.6706040000000001 0.586156 0.654396 0.556984 0.641417 0.542734 0.632167 0.537875
50 0.69875 0.574484 0.7043750000000001 0.5686410000000001 0.7178129999999999 0.571562 0.7230000000000001 0.559875 0.7320829999999999 0.556625 0.731229 0.5540309999999999 0.7260209999999999 0.545266 0.7182289999999999 0.543641 0.703958 0.548844 0.700917 0.5524060000000001 0.7000620000000001 0.560203 0.706542 0.56475 0.69875 0.568 0.69875 0.574484