27 0.0016799999999999999 0.97304 0.37922 0.964053 0.48876 0.835947 0.51236 0.74608 0.53596 0.620213 0.5865199999999999 0.462933 0.6691 0.458427 0.75842 0.57752 0.79044 0.764053 0.8663 0.8337070000000001 0.89158 0.7303470000000001 0.91516 0.593253 0.86966 0.5528000000000001 0.77528 0.37751999999999997 0.29325999999999997 0.4 0.03202 0.408987 0.0016799999999999999 0.97304
17 0.20674 0.534427 0.2676 0.5055999999999999 0.27962 0.49173300000000003 0.29164 0.47143999999999997 0.28922000000000003 0.445813 0.28282 0.420187 0.27082 0.408427 0.21234 0.38493299999999997 0.18832 0.39029299999999995 0.1691 0.39136 0.14428 0.413787 0.11223999999999999 0.44367999999999996 0.10744 0.45754700000000004 0.11144 0.48103999999999997 0.11544 0.516293 0.14268 0.532293 0.17872 0.5376270000000001 0.1707 0.532293 0.19312 0.542987 0.20674 0.534427
50 0.5646 0.415733 0.5764 0.415733 0.65562 0.42248 0.7179800000000001 0.415733 0.74494 0.42472000000000004 0.74494 0.483147 0.7483200000000001 0.50112 0.7938200000000001 0.492133 0.78034 0.43146700000000004 0.76012 0.30112 0.75506 0.204507 0.71124 0.137067 0.71966 0.09437329866666666 0.73652 0.06517330133333334 0.74662 0.029226701333333334 0.74494 0 0.5764 0.004506669333333334 0.5764 0.020213298666666667 0.56124 0.053919999999999996 0.55956 0.155067 0.53426 0.18650699999999998 0.5258400000000001 0.267413 0.51742 0.337067 0.53764 0.40674699999999997 0.5646 0.415733
50 1 0.31461300000000003 0.96574 0.319093 0.92528 0.3236 0.9 0.38202699999999995 0.89832 0.413493 0.90338 0.492133 0.91012 0.557307 0.9337000000000001 0.606747 0.91686 0.6359469999999999 0.9016799999999999 0.6764 0.89158 0.7236 0.88146 0.761787 0.88314 0.831467 0.91686 0.9280799999999999 0.9572999999999999 0.9348270000000001 0.99102 0.961787 1 0.31461300000000003
50 0.56124 0.1528 0.55956 0.06517330133333334 0.5561799999999999 0.03146669866666667 0.53596 0.026959999999999998 0.50562 0.02472 0.49044 0.00224 0.38932 0.008986669333333332 0.36068 0.053919999999999996 0.3573 0.107867 0.4163 0.193253 0.43988 0.238213 0.45338 0.24944000000000002 0.46516 0.27416 0.5073 0.2472 0.48034 0.280907 0.5039399999999999 0.27640000000000003 0.49213999999999997 0.310107 0.5191 0.292133 0.52248 0.29888 0.5308999999999999 0.193253 0.56124 0.1528
50 0.85888 0.160613 0.84534 0.16904 0.7974600000000001 0.181067 0.7785 0.243707 0.76044 0.315947 0.75864 0.320773 0.7640399999999999 0.368933 0.7803 0.46527999999999997 0.79476 0.48575999999999997 0.84714 0.51464 0.9049400000000001 0.558 0.8977200000000001 0.42311999999999994 0.8968200000000001 0.388213 0.8923 0.36170700000000006 0.8977200000000001 0.34125300000000003 0.9221 0.30992 0.92392 0.30992 0.93656 0.25936000000000003 0.9185 0.20034700000000003 0.86702 0.165413 0.85888 0.160613
50 0.3053 0.15824000000000002 0.28942 0.18175999999999998 0.28942 0.214693 0.29648 0.25234700000000004 0.30176 0.30648000000000003 0.3 0.339413 0.31057999999999997 0.374693 0.31412 0.41 0.31942000000000004 0.43589300000000003 0.37588 0.42410699999999996 0.43236 0.41941300000000004 0.4853 0.417067 0.5347000000000001 0.42175999999999997 0.5329400000000001 0.388827 0.52412 0.33 0.50824 0.308827 0.46764 0.259413 0.45 0.257067 0.4253 0.240587 0.42175999999999997 0.19351999999999997 0.39706 0.151173 0.35824 0.11824000000000001 0.33176 0.125307 0.3053 0.15824000000000002
50 0.18636000000000003 0.393813 0.19772 0.39192 0.24603999999999998 0.393813 0.2716 0.407093 0.30569999999999997 0.42034699999999997 0.30854000000000004 0.41088 0.30854000000000004 0.39218699999999995 0.30428 0.378933 0.30002 0.36 0.29860000000000003 0.32968 0.29860000000000003 0.308853 0.29860000000000003 0.26528 0.29434 0.243973 0.28724 0.223147 0.28298 0.19663999999999998 0.31138 0.15072000000000002 0.3185 0.12229300000000001 0.30995999999999996 0.09010669866666667 0.28866 0.06357329866666667 0.2645 0.05410669866666667 0.22756 0.09298670133333334 0.21336000000000002 0.121387 0.21478 0.182 0.22188 0.25967999999999997 0.19346000000000002 0.27671999999999997 0.18352000000000002 0.316507 0.18352000000000002 0.39416 0.18636000000000003 0.393813
50 0 0.449573 0.019600000000000003 0.45167999999999997 0.05168 0.440453 0.07114 0.398373 0.08376 0.36050699999999997 0.0985 0.305093 0.09165999999999999 0.2532 0.0906 0.230053 0.0843 0.185173 0.058 0.11925300000000001 0.0317 0.103813 0.023280000000000002 0.06805329866666666 0.00276 0.017546698666666666 0 0.023866698666666665 0.00066 0.094 0 0.449573
50 0.36394 0.9863999999999999 0.90646 0.9863999999999999 0.9183600000000001 0.968267 0.90476 0.886613 0.87074 0.8299200000000001 0.81972 0.7959200000000001 0.81972 0.76872 0.81632 0.73016 0.80952 0.696133 0.77892 0.6576 0.7567999999999999 0.5623469999999999 0.7091799999999999 0.498853 0.6938799999999999 0.469387 0.6615599999999999 0.46258699999999997 0.6020399999999999 0.47165300000000004 0.5544199999999999 0.48978700000000003 0.54422 0.521547 0.5204 0.57144 0.5051 0.634933 0.5 0.693867 0.49319999999999997 0.741493 0.5102 0.7959200000000001 0.46598 0.83448 0.35544 0.9773329999999999 0.36394 0.9863999999999999
50 0.84458 0 0.81232 0.015706701333333333 0.79232 0.04685329866666667 0.78342 0.06613330133333332 0.7723 0.10320000000000001 0.7678400000000001 0.143227 0.77118 0.190667 0.77674 0.22624 0.78676 0.224747 0.79564 0.20104 0.8145399999999999 0.18770699999999998 0.8557 0.1788 0.87014 0.1788 0.8890399999999999 0.18472 0.90462 0.19808 0.92574 0.214373 0.92908 0.24255999999999997 0.92686 0.281093 0.9424199999999999 0.310747 0.97134 0.31224 0.99802 0.31224 1 0 0.97356 0 0.84458 0
50 0 0 0 0.00408 0.00046 0.024319999999999998 0.00846 0.042426698666666665 0.02364 0.08824000000000001 0.06998 0.12978699999999999 0.10434 0.223547 0.10914 0.278933 0.12946000000000002 0.293547 0.1376 0.2984 0.15752000000000002 0.31165299999999996 0.1738 0.31165299999999996 0.18106 0.308053 0.18830000000000002 0.28071999999999997 0.19372 0.27226700000000004 0.21906 0.25296 0.21816 0.152773 0.21725999999999998 0.13466699999999998 0.22722 0.09362669866666666 0.25889999999999996 0.06949329866666666 0.26886 0.059840000000000004 0.2779 0.061040000000000004 0.29692 0.08157329866666667 0.30960000000000004 0.09605329866666666 0.31412 0.11416000000000001 0.31412 0.13589299999999999 0.33404 0.13466699999999998 0.35575999999999997 0.11296 0.35848 0.09122669866666666 0.36028 0.06949329866666666 0.36842 0.03810669866666667 0.38472 0.017599999999999998 0.38562 0 0.32045999999999997 0 0.00366 0 0 0
1 0.2994 0.629973 0.31060000000000004 0.6232530000000001 0.30892000000000003 0.620987 0.30163999999999996 0.619493 0.29154 0.624 0.28986 0.617253 0.2792 0.612773 0.25844 0.614267 0.24834 0.6247469999999999 0.24891999999999997 0.6382129999999999 0.25284 0.644933 0.26238 0.64792 0.27472 0.642693 0.28032 0.6359469999999999 0.2994 0.629973
1 0.31706 0.670853 0.3018 0.679573 0.29656 0.69352 0.30442 0.7034130000000001 0.32272 0.7028270000000001 0.3371 0.692933 0.3371 0.6888799999999999 0.3358 0.67376 0.31706 0.670853
17 0.41016 0.611227 0.41968 0.6149600000000001 0.43589999999999995 0.615707 0.44374 0.611973 0.44932 0.6037870000000001 0.45380000000000004 0.59184 0.45156 0.5866129999999999 0.44262 0.579173 0.43422000000000005 0.576933 0.40738 0.58216 0.39786 0.5828800000000001 0.39898 0.5896 0.39898 0.5866129999999999 0.4029 0.601547 0.41016 0.611227
17 0.35124 0.553947 0.3227 0.6382129999999999 0.50564 0.6598670000000001 0.52074 0.584533 0.54648 0.506933 0.58172 0.47488 0.6152799999999999 0.46368 0.6566799999999999 0.47264 0.70536 0.488293 0.7182200000000001 0.515893 0.74452 0.5382669999999999 0.7411599999999999 0.452507 0.5918 0.43832 0.39822 0.43010699999999996 0.34788 0.562133 0.35124 0.553947
1 0.4299 0.8348270000000001 0.43672000000000005 0.8348270000000001 0.44639999999999996 0.8333069999999999 0.45294 0.824587 0.45124000000000003 0.813947 0.4427 0.8097869999999999 0.42818 0.81168 0.42136 0.824187 0.42562 0.83368 0.4299 0.8348270000000001
1 0.15086000000000002 0.86408 0.14443999999999999 0.86408 0.1352 0.86568 0.1288 0.870507 0.1288 0.8806670000000001 0.13440000000000002 0.886 0.14404 0.8854669999999999 0.15366 0.871573 0.15086000000000002 0.86408