40 0.42598 0.040959999999999996 0.43363999999999997 0.038426701333333334 0.42726 0.02096 0.42246 0.0017866693333333332 0.37138 0.00136 0.35286 0.020106701333333334 0.35828 0.045226701333333334 0.36338 0.07077329866666666 0.40234 0.07077329866666666 0.40586 0.06056 0.41256 0.040106701333333335 0.42598 0.040959999999999996
40 0.35831999999999997 0.14928 0.30174 0.166053 0.29716000000000004 0.188907 0.32004000000000005 0.201867 0.3389 0.182053 0.35831999999999997 0.14928
40 0.4402 0.150053 0.45164 0.139867 0.46182 0.126747 0.46786 0.11570699999999999 0.47866000000000003 0.09706670133333334 0.48724 0.07714670133333333 0.4863 0.06061330133333333 0.47676 0.06274670133333334 0.45832 0.06952 0.45832 0.07290670133333334 0.45832 0.08477329866666666 0.4491 0.125467 0.44624 0.135627 0.4402 0.13352 0.43510000000000004 0.133093 0.42812 0.136907 0.42716000000000004 0.144533 0.42812 0.16106700000000002 0.4402 0.150053
40 0.62538 0.0012799999999999999 0.5454199999999999 0.0012799999999999999 0.5557000000000001 0.012026701333333332 0.5806399999999999 0.043333298666666666 0.62538 0.0012799999999999999
40 0.75074 0.005413330666666667 0.72304 0.015173298666666668 0.7228 0.01944 0.7248600000000001 0.01976 0.7386 0.01488 0.7500399999999999 0.0112 0.74524 0.01456 0.7271599999999999 0.023119999999999998 0.7253200000000001 0.023733298666666666 0.7243999999999999 0.028906701333333337 0.7267 0.029226701333333334 0.73242 0.02648 0.7392799999999999 0.024640000000000002 0.7518400000000001 0.015253298666666667 0.7652 0.007546669333333334 0.77366 0.0010133306666666665 0.76164 0 0.75074 0.005413330666666667
40 0.9775 0.12904 0.96892 0.13112000000000001 0.95228 0.135627 0.94552 0.142907 0.9411 0.15501299999999998 0.9426599999999999 0.167493 0.94916 0.172 0.9603400000000001 0.17269299999999999 0.96268 0.165413 0.96788 0.15848 0.9837400000000001 0.16056 0.99152 0.159173 0.9951599999999999 0.14776 0.9775 0.128 0.9775 0.12904
40 0.25806 0.05037330133333333 0.27594 0.035626698666666665 0.277 0.028613301333333334 0.2854 0.017413298666666667 0.28278 0.015306698666666667 0.25016 0.02792 0.27962 0.0188 0.27542 0.02512 0.25122 0.03984 0.25806 0.05037330133333333
50 0.24326 0.492747 0.23388 0.501493 0.23294 0.51648 0.23106000000000002 0.521493 0.23762 0.5264800000000001 0.23482 0.550213 0.20202 0.561467 0.18702000000000002 0.57272 0.19075999999999999 0.5327200000000001 0.19075999999999999 0.50648 0.1739 0.507733 0.16826 0.55272 0.1664 0.623973 0.17952 0.6327200000000001 0.19075999999999999 0.627707 0.19075999999999999 0.657707 0.18325999999999998 0.6977070000000001 0.19452 0.703947 0.18137999999999999 0.7526930000000001 0.17296 0.866427 0.17576 0.921413 0.17013999999999999 0.963893 0.15702000000000002 0.968907 0.15702000000000002 0.9876529999999999 0.19263999999999998 0.993893 0.20576 0.9851469999999999 0.20482 0.931413 0.22356 0.798933 0.23482 0.808933 0.24606 0.85768 0.24606 0.8951729999999999 0.24231999999999998 0.931413 0.2367 0.95264 0.26574000000000003 0.9701329999999999 0.28074 0.967653 0.28636 0.868907 0.28074 0.76768 0.2845 0.72768 0.27794 0.696453 0.27512000000000003 0.657707 0.28824 0.647707 0.29386 0.58896 0.27044 0.555227 0.26574000000000003 0.547733 0.28168 0.517733 0.2845 0.488987 0.2695 0.47648 0.25732 0.471493 0.247 0.474 0.24044 0.481493 0.24326 0.492747
50 0.60848 0.539013 0.60338 0.534907 0.5951799999999999 0.54856 0.58904 0.562213 0.58904 0.57312 0.59826 0.579947 0.59826 0.59904 0.59622 0.62224 0.60542 0.6290399999999999 0.60848 0.539013
50 0.50112 0.55296 0.49968 0.554267 0.49822 0.558133 0.49532 0.56136 0.49194 0.56072 0.49 0.560053 0.48806 0.560053 0.48516 0.565867 0.48032 0.576187 0.47984 0.583947 0.48806 0.59104 0.49726 0.587173 0.49726 0.605893 0.4958 0.632987 0.49386 0.647173 0.48758 0.673653 0.49095999999999995 0.699467 0.4958 0.729787 0.49048 0.7356 0.5122600000000002 0.7345330000000001 0.5113 0.70936 0.50888 0.686133 0.50888 0.677733 0.51032 0.668053 0.51032 0.666773 0.51372 0.666773 0.51806 0.667413 0.52532 0.628053 0.52532 0.619013 0.52484 0.615147 0.52388 0.6132 0.5229 0.609333 0.52146 0.606747 0.51952 0.605467 0.51274 0.605467 0.5108 0.608693 0.50838 0.615147 0.505 0.613867 0.50404 0.608053 0.50404 0.60352 0.50354 0.599013 0.50838 0.59384 0.5229 0.580293 0.52436 0.575787 0.5234 0.565467 0.52098 0.55256 0.51904 0.546747 0.51806 0.54352 0.51516 0.542213 0.51178 0.54352 0.50112 0.55296
50 0.51602 0.589867 0.50722 0.594267 0.50392 0.597947 0.50392 0.606 0.50888 0.61112 0.50998 0.609653 0.5132599999999999 0.606 0.51932 0.6001329999999999 0.5209600000000001 0.599413 0.52262 0.598667 0.5258999999999999 0.6037870000000001 0.527 0.6104 0.5281 0.6140530000000001 0.5275599999999999 0.62432 0.52426 0.644107 0.51712 0.676347 0.52042 0.6939200000000001 0.52262 0.715893 0.52262 0.72984 0.52206 0.7371469999999999 0.5209600000000001 0.7415470000000001 0.51822 0.746693 0.51052 0.7496 0.51106 0.7598670000000001 0.51436 0.7664529999999999 0.52316 0.76792 0.52646 0.7672 0.5468 0.7628 0.54844 0.7598670000000001 0.54184 0.745227 0.5413 0.7364269999999999 0.53744 0.714453 0.53854 0.691733 0.5462400000000001 0.705653 0.55944 0.7181069999999999 0.5621799999999999 0.7217600000000001 0.56548 0.728373 0.56602 0.738613 0.56548 0.743013 0.56492 0.7437600000000001 0.55228 0.756933 0.5621799999999999 0.760613 0.56438 0.760613 0.5682200000000001 0.7584 0.5891000000000001 0.751813 0.5891000000000001 0.73936 0.5891000000000001 0.734213 0.5797599999999999 0.720293 0.57482 0.704187 0.56328 0.67488 0.56438 0.671947 0.56492 0.662427 0.56492 0.639707 0.56548 0.622107 0.56548 0.608933 0.56712 0.594267 0.5638200000000001 0.57816 0.5638200000000001 0.563493 0.56328 0.54664 0.56328 0.5371199999999999 0.55944 0.534187 0.55614 0.529067 0.55284 0.521733 0.55228 0.516613 0.55668 0.508533 0.55668 0.50488 0.55668 0.492427 0.5555800000000001 0.48656000000000005 0.55064 0.480693 0.54788 0.47703999999999996 0.5402 0.47776 0.53526 0.485093 0.5336000000000001 0.499013 0.53416 0.512933 0.5368999999999999 0.5202669999999999 0.53744 0.529787 0.5258999999999999 0.534933 0.52426 0.544453 0.52316 0.5554399999999999 0.52646 0.573013 0.51602 0.589867
50 0.8234 0.616853 0.82774 0.614907 0.82774 0.603947 0.82678 0.57232 0.83404 0.566507 0.83258 0.531013 0.8292 0.5252 0.8292 0.51488 0.8234 0.512933 0.8175800000000001 0.5168 0.8180599999999999 0.531013 0.80596 0.53552 0.7992 0.5368269999999999 0.79726 0.54392 0.8079 0.547147 0.81322 0.549733 0.80984 0.614267 0.80888 0.614907 0.81952 0.614267 0.8234 0.616853
50 0.87262 0.489093 0.8600599999999999 0.48832000000000003 0.85434 0.494427 0.85776 0.511173 0.8572000000000001 0.5195730000000001 0.84404 0.5028 0.8343200000000001 0.50432 0.83376 0.516533 0.83548 0.5272 0.83376 0.537093 0.84404 0.54472 0.84348 0.572907 0.84348 0.582827 0.84234 0.60568 0.83548 0.6156 0.8429 0.6315999999999999 0.8429 0.652933 0.84234 0.6636270000000001 0.85834 0.672 0.87262 0.669707 0.87948 0.66208 0.8640599999999999 0.62016 0.8640599999999999 0.603413 0.8686200000000001 0.58968 0.87206 0.581307 0.87206 0.571387 0.87662 0.55616 0.87834 0.56912 0.88634 0.572907 0.8869199999999999 0.55768 0.88462 0.542427 0.87948 0.523387 0.88006 0.498987 0.87262 0.489093
50 0.9778 0.534107 0.9798 0.501707 0.98712 0.490187 0.99012 0.471093 0.98978 0.45111999999999997 0.98878 0.4436 0.97646 0.44136 0.96882 0.442693 0.96316 0.45469299999999996 0.95784 0.46445299999999995 0.95816 0.476427 0.96216 0.487067 0.96182 0.49728 0.95716 0.504827 0.95184 0.52256 0.94984 0.5522929999999999 0.9451799999999999 0.5492 0.9305399999999999 0.54032 0.92522 0.54608 0.92688 0.55808 0.9382 0.566933 0.9471799999999999 0.571387 0.9471799999999999 0.574053 0.9471799999999999 0.604667 0.93986 0.62064 0.9372 0.638827 0.9352 0.693387 0.94052 0.698267 0.94752 0.698267 0.94884 0.710693 0.95184 0.7386670000000001 0.94884 0.75152 0.93686 0.7568530000000001 0.93388 0.75952 0.93388 0.7644 0.93786 0.7732800000000001 0.9432 0.77416 0.95716 0.77416 0.96482 0.7679469999999999 0.96848 0.7604 0.96748 0.72136 0.97414 0.704933 0.97814 0.693387 0.9828 0.677867 0.98512 0.636613 0.99576 0.600213 0.99478 0.600213 0.98212 0.60112 0.97646 0.576693 0.97448 0.5412 0.9778 0.534107
50 0.3545 0.64008 0.36260000000000003 0.584453 0.36074 0.571173 0.36448 0.55872 0.35638 0.5388000000000001 0.34392 0.5388000000000001 0.33583999999999997 0.551253 0.33458 0.561227 0.3352 0.56288 0.33583999999999997 0.5637070000000001 0.33333999999999997 0.572827 0.3265 0.574507 0.30968 0.561227 0.30345999999999995 0.5819730000000001 0.31466000000000005 0.5944269999999999 0.32152 0.6035470000000001 0.32152 0.6442129999999999 0.32712 0.672453 0.32898 0.700667 0.35762 0.7181069999999999 0.3545 0.64008
50 0.8294199999999999 0.524293 0.83038 0.527253 0.83262 0.53152 0.83386 0.565787 0.8273400000000001 0.5722929999999999 0.8273400000000001 0.57432 0.82788 0.589333 0.83858 0.589893 0.83846 0.5676530000000001 0.84026 0.564693 0.84054 0.5432 0.83804 0.54152 0.834 0.535947 0.83568 0.526693 0.83414 0.5228 0.82984 0.522613 0.8294199999999999 0.524293
50 0.7540800000000001 0.5259199999999999 0.75774 0.5259199999999999 0.7540800000000001 0.51224 0.7496799999999999 0.510267 0.7496799999999999 0.515173 0.74748 0.522987 0.75114 0.528853 0.75114 0.546453 0.75554 0.5474399999999999 0.7540800000000001 0.5259199999999999
50 0.68036 0.598213 0.68224 0.587147 0.6845 0.575573 0.68488 0.551947 0.68412 0.54392 0.68148 0.53336 0.67318 0.53888 0.67244 0.544907 0.6698 0.551947 0.6686599999999999 0.556987 0.6686599999999999 0.562507 0.66904 0.56904 0.6694199999999999 0.577093 0.6678999999999999 0.589173 0.6686599999999999 0.5952 0.6686599999999999 0.6017330000000001 0.6686599999999999 0.60576 0.67318 0.602747 0.67318 0.606773 0.6784600000000001 0.60576 0.68036 0.598213
40 0.46996 0.22058699999999998 0.4724 0.22381299999999998 0.47631999999999997 0.22408 0.47502 0.228053 0.47594 0.23104 0.47874 0.2308 0.48268 0.2268 0.48660000000000003 0.22306700000000002 0.48901999999999995 0.21984 0.49518 0.21461300000000003 0.49836 0.209867 0.49594 0.20514700000000002 0.49482 0.20688 0.49256 0.20887999999999998 0.48957999999999996 0.21312 0.48360000000000003 0.216853 0.46996 0.218347 0.46996 0.22058699999999998
40 0.1694 0.33469299999999996 0.17204 0.33440000000000003 0.1736 0.331467 0.17382 0.32704 0.17116 0.31584 0.1621 0.31584 0.15436000000000002 0.314373 0.1495 0.3176 0.14881999999999998 0.327333 0.14994 0.334107 0.15280000000000002 0.334107 0.16032 0.334107 0.16696 0.33469299999999996 0.1694 0.33469299999999996
50 0.64652 0.53288 0.64624 0.540667 0.64944 0.5404800000000001 0.64986 0.531787 0.6497200000000001 0.524933 0.64888 0.514187 0.64666 0.5147200000000001 0.6454 0.518987 0.6454 0.532693 0.64708 0.53288 0.64652 0.53288
40 0.16812 0.37413299999999994 0.16546 0.36735999999999996 0.16197999999999999 0.362987 0.15369999999999998 0.3624 0.14904 0.36311999999999994 0.1465 0.370747 0.14702 0.375413 0.15042 0.37922700000000004 0.15434 0.379653 0.15816 0.37978700000000004 0.1608 0.38093299999999997 0.1659 0.377253 0.16812 0.37413299999999994
40 0.7997799999999999 0.26496 0.80334 0.265093 0.8094600000000001 0.265413 0.81268 0.25888 0.81268 0.25384 0.8108 0.25205299999999997 0.80902 0.252507 0.8059 0.252507 0.80424 0.25592 0.80302 0.25784 0.80012 0.261547 0.7997799999999999 0.26496
40 0.48116000000000003 0 0.4578 0.0025866693333333334 0.46364 0.023386698666666664 0.5026 0 0.48116000000000003 0
50 0.6625 0.551467 0.6652 0.543867 0.6658 0.529467 0.6631 0.517467 0.6595 0.5178670000000001 0.6565 0.5242669999999999 0.6565 0.5322669999999999 0.6604 0.549067 0.6592 0.547867 0.6625 0.551467