63 0.84304 0.461275 0.84688 0.455978 0.85266 0.44751599999999997 0.8517 0.43586800000000003 0.84592 0.425297 0.83148 0.41578 0.818 0.41683499999999996 0.81126 0.427407 0.81126 0.44540700000000005 0.81896 0.459165 0.8334 0.46444 0.84304 0.461275
50 0.8393 0.158242 0.85072 0.17079100000000003 0.84958 0.179582 0.84388 0.179582 0.83588 0.177077 0.82216 0.173297 0.81646 0.18083499999999997 0.81188 0.197165 0.8096 0.219758 0.81074 0.239846 0.81302 0.271231 0.81188 0.301363 0.81074 0.328967 0.80846 0.352835 0.80388 0.37918699999999994 0.81416 0.416857 0.82102 0.413077 0.83016 0.413077 0.84616 0.420615 0.85416 0.443209 0.85186 0.455758 0.8313 0.469582 0.83588 0.484637 0.84388 0.511011 0.84958 0.544901 0.89186 0.546154 0.88842 0.531099 0.88156 0.514769 0.87928 0.494681 0.869 0.483385 0.86444 0.46705500000000005 0.861 0.439451 0.8473 0.40177999999999997 0.84844 0.37918699999999994 0.87128 0.372923 0.87014 0.381692 0.86786 0.398022 0.86786 0.419363 0.88386 0.425648 0.89414 0.425648 0.89984 0.40556 0.8987 0.385473 0.9067 0.38044 0.94668 0.392989 0.9444 0.41433 0.93184 0.462044 0.90214 0.48589 0.89984 0.494681 0.91128 0.514769 0.92498 0.526066 0.92726 0.543648 0.94668 0.544901 0.95582 0.543648 0.95582 0.517275 0.95812 0.480879 0.99124 0.403033 0.9981 0.352835 0.99124 0.344044 0.97638 0.33650500000000005 0.9444 0.33901100000000006 0.95012 0.328967 0.95126 0.301363 0.94898 0.272484 0.94668 0.24610999999999997 0.9227 0.200923 0.89642 0.195912 0.89642 0.174571 0.901 0.168286 0.9067 0.154484 0.90328 0.134396 0.90556 0.133143 0.84388 0.136901 0.84044 0.148198 0.8393 0.158242
50 0.31768 0.721846 0.34228 0.753385 0.36278 0.77589 0.38942 0.81644 0.4263 0.866 0.45704 0.908791 0.46934 0.95833 0.4755 0.976352 0.50418 0.976352 0.54928 0.978593 0.58412 0.978593 0.61282 0.969604 0.61076 0.9560879999999999 0.59028 0.940308 0.54518 0.89978 0.52878 0.884 0.48574 0.832198 0.45089999999999997 0.771407 0.44066000000000005 0.730857 0.4099 0.681297 0.38736000000000004 0.656527 0.35458 0.620505 0.32588 0.555187 0.31972 0.537165 0.34022 0.514637 0.34022 0.49211000000000005 0.35458 0.471846 0.38122 0.496615 0.40786 0.512396 0.42016000000000003 0.503385 0.4591 0.451582 0.48369999999999996 0.440308 0.51854 0.43356 0.54108 0.415538 0.5349400000000001 0.393011 0.51034 0.384 0.50624 0.377253 0.49394 0.356989 0.48369999999999996 0.338967 0.45089999999999997 0.32094500000000004 0.38532 0.305187 0.33408 0.298418 0.32588 0.282659 0.33202 0.266901 0.35458 0.264637 0.37095999999999996 0.251121 0.37095999999999996 0.237604 0.34228 0.22184600000000002 0.34022 0.203824 0.33202 0.163297 0.29514 0.14527500000000002 0.25824 0.143011 0.2316 0.15202200000000002 0.1906 0.20158199999999998 0.1988 0.255626 0.17832 0.282659 0.18036000000000002 0.31644 0.18036000000000002 0.38175800000000004 0.18446 0.496615 0.18446 0.537165 0.18446 0.591209 0.21725999999999998 0.6362639999999999 0.23364 0.681297 0.2316 0.7443740000000001 0.20496 0.7669009999999999 0.12912 0.818703 0.032799999999999996 0.847978 0.02664 0.859231 0.02664 0.8817579999999999 0.038939999999999995 0.913297 0.05124 0.9493189999999999 0.06354 0.9830990000000001 0.09222 0.978593 0.09222 0.935802 0.11272 0.906527 0.15986 0.879495 0.25004 0.8344619999999999 0.28488 0.814198 0.30744 0.787165 0.30948000000000003 0.719604 0.31768 0.721846
50 0.18244 0.43164800000000003 0.18368 0.41936300000000004 0.1576 0.390725 0.10174 0.40162600000000004 0.12532 0.37844 0.15636000000000003 0.377077 0.17748 0.375714 0.1874 0.351165 0.15636000000000003 0.306132 0.11788 0.273385 0.1092 0.254286 0.09056 0.231099 0.08436 0.231099 0.08436 0.20244 0.06698 0.176527 0.0496 0.176527 0.0285 0.18197799999999997 0.026019999999999998 0.19017599999999998 0.016079999999999997 0.201077 0.02352 0.22292299999999998 0.014839999999999999 0.22973600000000002 0.0198 0.25019800000000003 0.004900000000000001 0.25019800000000003 0.00366 0.563978 0.00864 0.5776260000000001 0.00242 0.629473 0.06326 0.634923 0.04464 0.591275 0.0347 0.5707909999999999 0.03098 0.518967 0.03718 0.48485700000000004 0.07692 0.467121 0.0856 0.458923 0.09802 0.482132 0.11912 0.49030799999999997 0.14892 0.47938499999999995 0.15884 0.5776260000000001 0.18368 0.578989 0.19362000000000001 0.5394289999999999 0.19112 0.52578 0.19112 0.493033 0.18244 0.43164800000000003
4 0.53554 0.43307700000000005 0.67932 0.5182640000000001 0.69766 0.513626 0.7032999999999999 0.47644000000000003 0.661 0.460945 0.5468200000000001 0.405187 0.53554 0.43307700000000005
5 0.7005399999999999 0.28857099999999997 0.71792 0.29850499999999996 0.74224 0.303846 0.75406 0.299275 0.76866 0.27788999999999997 0.76866 0.26033 0.76518 0.24580200000000002 0.75822 0.23589 0.73668 0.230527 0.7165199999999999 0.237407 0.69498 0.26795599999999997 0.7005399999999999 0.28857099999999997
18 0.34134 0.0118242 0.12088 0.0221319 0.00676 0.0753846 0.13808 0.0633626 0.25066 0.150989 0.2741 0.149275 0.30382 0.152703 0.33664 0.188791 0.4289 0.187077 0.44922 0.16989 0.43202 0.149275 0.43358 0.125209 0.48048 0.101165 0.5055 0.135516 0.49456 0.181912 0.52426 0.187077 0.52582 0.041033 0.49612 0.029011 0.34134 0.0118242
8 0.74998 0.230967 0.75714 0.241473 0.7667 0.246725 0.77386 0.251978 0.77386 0.262462 0.77386 0.291341 0.79774 0.31496700000000005 0.8073 0.31233 0.81446 0.225714 0.74998 0.230967
8 0.36544 0.304462 0.53502 0.39633 0.52068 0.238835 0.35826 0.259846 0.36544 0.304462
8 0.58278 0.425187 0.59712 0.425187 0.61144 0.425187 0.62578 0.425187 0.621 0.372703 0.56606 0.375319 0.55412 0.367451 0.5565 0.372703 0.56368 0.37795599999999996 0.56368 0.38582399999999994 0.56368 0.39369200000000004 0.56368 0.414703 0.57322 0.419956 0.58278 0.425187
8 0.89132 0.547758 0.89922 0.546505 0.90036 0.546505 0.92408 0.547758 0.92408 0.546505 0.92634 0.536571 0.92746 0.535341 0.9286 0.532857 0.92182 0.516703 0.91956 0.515473 0.91278 0.511736 0.90374 0.500571 0.90374 0.490637 0.92294 0.475736 0.92182 0.417385 0.92294 0.4087029999999999 0.92408 0.39380200000000004 0.92294 0.382615 0.92182 0.382615 0.90826 0.382615 0.90486 0.382615 0.90374 0.391319 0.90374 0.39380200000000004 0.90374 0.40373599999999993 0.89922 0.412418 0.89584 0.41367 0.8868 0.418637 0.88114 0.421121 0.87324 0.416154 0.86758 0.411187 0.87662 0.367736 0.85402 0.386352 0.8608 0.436022 0.8608 0.45338500000000004 0.86306 0.480703 0.86984 0.486923 0.87662 0.498088 0.88228 0.522923 0.89132 0.547758
8 0.8416 0.501802 0.83822 0.500571 0.83708 0.490637 0.83708 0.48567 0.83822 0.483187 0.83596 0.473253 0.8337 0.473253 0.83256 0.47202199999999994 0.82692 0.4682859999999999 0.82014 0.550242 0.85402 0.550242 0.84498 0.516703 0.8416 0.501802
77 0.19636 0.226 0.20062 0.213516 0.2134 0.17450500000000002 0.24466 0.146418 0.2475 0.141736 0.20062 0.09178019999999999 0.12536 0.0621318989010989 0.03588 0.0621318989010989 0.06854 0.12767 0.16938 0.254088 0.1992 0.27125299999999997 0.19636 0.226
50 0.56964 0.21298899999999998 0.58854 0.228571 0.62636 0.366242 0.6429 0.412989 0.63346 0.5740219999999999 0.6949 0.553253 0.68072 0.472725 0.69964 0.381824 0.6901799999999999 0.355846 0.7658200000000001 0.26233 0.71854 0.2 0.70672 0.114286 0.676 0.0909010989010989 0.6831 0.0285714 0.6665399999999999 0.002593410989010989 0.6287200000000001 0.012989 0.62164 0.0727253010989011 0.60036 0.0883076989010989 0.56964 0.15844 0.56964 0.21298899999999998