77 0.6904170000000001 0.377062 0.719812 0.39571900000000004 0.787062 0.43598400000000004 0.8469580000000001 0.466078 0.895563 0.503375 0.9085629999999999 0.498281 0.906875 0.47751599999999994 0.9000830000000001 0.45887500000000003 0.894437 0.416062 0.8836879999999999 0.388937 0.8243539999999999 0.319844 0.774062 0.265594 0.72375 0.23379699999999998 0.727146 0.22871899999999998 0.720375 0.218547 0.711896 0.21726600000000001 0.6943750000000001 0.215156 0.621479 0.177422 0.5547920000000001 0.155391 0.493188 0.132078 0.476792 0.12443800000000001 0.453062 0.126984 0.362063 0.136313 0.354729 0.134609 0.341729 0.134609 0.33833300000000005 0.137578 0.342292 0.145641 0.34116700000000005 0.154531 0.36150000000000004 0.164703 0.373938 0.169375 0.373938 0.174453 0.39145800000000003 0.177844 0.403333 0.18801600000000002 0.41010399999999997 0.199469 0.422542 0.20243699999999998 0.43214600000000003 0.21048399999999998 0.449667 0.22023399999999999 0.458708 0.23040600000000003 0.516354 0.27025 0.5847289999999999 0.321969 0.632771 0.352484 0.666687 0.369437 0.6904170000000001 0.377062
50 0.21525 0.952922 0.24812499999999998 0.968609 0.4305 0.984313 0.457396 0.8991089999999999 0.520188 0.8901410000000001 0.5082289999999999 0.831844 0.457396 0.6973130000000001 0.585958 0.713 0.603896 0.8071719999999999 0.6188330000000001 0.854266 0.753354 0.726453 0.920771 0.692828 0.908813 0.5 0.7683129999999999 0.421531 0.633792 0.349781 0.556063 0.30045299999999997 0.46637500000000004 0.22645300000000002 0.490292 0.327359 0.46637500000000004 0.349781 0.463375 0.39237500000000003 0.44843700000000003 0.41928099999999996 0.490292 0.49776600000000004 0.478333 0.515688 0.46637500000000004 0.5695 0.331833 0.573984 0.287 0.596406 0.301938 0.64125 0.310917 0.721969 0.334833 0.917047 0.23916700000000002 0.923766 0.21525 0.952922
50 0.09533330000000001 0.027250000000000003 0.09533330000000001 0.0325781 0.098375 0.0409375 0.10545800000000001 0.0485469 0.12675 0.06451559999999999 0.141958 0.0751563 0.158188 0.0880781 0.158188 0.12001599999999998 0.14804199999999998 0.130672 0.141958 0.133703 0.134875 0.13674999999999998 0.12066700000000001 0.138266 0.109521 0.142828 0.1085 0.145875 0.1085 0.147391 0.1085 0.151953 0.1085 0.155 0.121687 0.15576600000000002 0.176437 0.154234 0.197729 0.152719 0.197729 0.151953 0.197729 0.140547 0.199771 0.135984 0.20281200000000002 0.130672 0.23322900000000002 0.110141 0.23118699999999998 0.10024999999999999 0.227146 0.10024999999999999 0.211938 0.0941719 0.203813 0.08732809999999999 0.189625 0.0690781 0.183542 0.0599531 0.179479 0.0515781 0.183542 0.0348594 0.194688 0.0021562499999999997 0.108542 0.00228125 0.09533330000000001 0.027250000000000003
50 0.5722919999999999 0.0293594 0.554312 0.0383594 0.539333 0.0473438 0.533333 0.0518281 0.539333 0.06082810000000001 0.551312 0.0855469 0.5722919999999999 0.101266 0.5782709999999999 0.0900312 0.5782709999999999 0.0585781 0.617229 0.015875 0.665167 0.00464063 0.60825 0.00464063 0.5722919999999999 0.0293594
50 0.677146 0.0630781 0.674167 0.0743125 0.674167 0.0855469 0.674167 0.101266 0.6951249999999999 0.0990313 0.713104 0.10351599999999998 0.725083 0.10351599999999998 0.737083 0.0922813 0.713104 0.0675625 0.710104 0.0361094 0.725083 0.0113906 0.725083 0.00689063 0.725083 0.00464063 0.677146 0.00914062 0.677146 0.0338594 0.677146 0.0630781
50 0.923292 0.08737500000000001 0.911208 0.056984400000000004 0.909188 0.0429062 0.913229 0.0429062 0.919917 0.01525 0.922604 0.0021718703125 0.8770209999999999 0.000171875 0.874333 0.0052031296875 0.8723329999999999 0.023296900000000002 0.859583 0.056484400000000004 0.8568960000000001 0.08615629999999999 0.923292 0.08737500000000001
50 0.193229 0 0.18637499999999999 0.013500000000000002 0.184667 0.027000000000000003 0.180396 0.0417656 0.178667 0.0565469 0.18637499999999999 0.07003129999999999 0.197521 0.0803125 0.210375 0.0886719 0.218938 0.09701560000000001 0.2275 0.0983125 0.244625 0.0976562 0.24206200000000003 0.09509379999999999 0.234354 0.0854531 0.22235400000000002 0.0674687 0.224937 0.054625 0.23349999999999999 0.0334219 0.237771 0.0205625 0.244625 0.0038593796875 0.2275 0.0006562499999999999 0.20352099999999998 0 0.193229 0
36 0.470938 0.581406 0.483438 0.589844 0.5459999999999999 0.583281 0.583521 0.583281 0.5997920000000001 0.519469 0.515958 0.543875 0.499708 0.516656 0.499708 0.501641 0.494688 0.499766 0.46341699999999997 0.5410470000000001 0.470938 0.581406
21 0.544333 0.296375 0.545917 0.299109 0.550604 0.292844 0.541208 0.286969 0.505687 0.30225 0.497333 0.306953 0.498375 0.309297 0.507771 0.304203 0.513 0.303812 0.520312 0.304203 0.527104 0.300672 0.540687 0.295578 0.544333 0.296375
50 0.8524999999999999 0.0273594 0.855083 0.0202813 0.848208 0.0144844 0.8318960000000001 0.008687499999999999 0.82075 0.0016093796875 0.810438 0.0016093796875 0.7915620000000001 0.0016093796875 0.7743749999999999 0.0003125 0.764938 0.0041718796874999995 0.766667 0.0073906296875 0.7692289999999999 0.00996875 0.776958 0.0144844 0.7881250000000001 0.021562500000000002 0.7967080000000001 0.0299375 0.8027080000000001 0.0350781 0.8035829999999999 0.047968699999999996 0.800146 0.056984400000000004 0.805292 0.057625 0.816458 0.057625 0.82675 0.0544063 0.833625 0.045390599999999996 0.842208 0.0382969 0.851646 0.028000000000000004 0.8524999999999999 0.0273594
50 0.363792 0.00265625 0.330687 0.0742812 0.415771 0.0863281 0.416729 0.081375 0.388354 0.0629375 0.405375 0.0260625 0.4205 0.00125 0.364729 0.00053125 0.363792 0.00265625
50 0.497083 0.0884687 0.549083 0.0643594 0.512208 0.0551406 0.492354 0.0175469 0.486688 0 0.482896 0.00265625 0.438479 0.0019531199999999998 0.465896 0.053000000000000005 0.497083 0.0884687
50 0.998271 0.0780781 0.997625 0.0732031 0.993083 0.0678438 0.990479 0.0634531 0.9898330000000001 0.0541875 0.9898330000000001 0.0454062 0.991125 0.0302812 0.999583 0.00053125 0.964458 0 0.965125 0.0024843796875 0.965125 0.0063906203125 0.9625210000000001 0.0156563 0.959917 0.023953099999999998 0.958604 0.0327188 0.957313 0.0405313 0.956021 0.0419844 0.9540620000000001 0.0458906 0.9521040000000001 0.0507656 0.9495 0.0536875 0.9482079999999999 0.0605156 0.9469169999999999 0.0615 0.9436669999999999 0.0668594 0.9404170000000001 0.0751563 0.9469169999999999 0.0756406 0.956021 0.0756406 0.9605619999999999 0.0775937 0.964458 0.07856250000000001 0.971625 0.08051559999999999 0.9735619999999999 0.0795469 0.993729 0.0790469 0.998271 0.0780781
50 0.506875 0.0018906199999999998 0.486917 0.000484375 0.487667 0.00217187 0.488042 0.006125 0.503104 0.0383437 0.508375 0.036375 0.506875 0.0018906199999999998
50 0.445875 0.016875 0.44475 0.019125 0.44475 0.0408906 0.439854 0.0423125 0.427792 0.0431563 0.425917 0.053046899999999994 0.463583 0.053046899999999994 0.465479 0.05078119999999999 0.445875 0.015171899999999999 0.445875 0.016875
8 0.928146 0.644156 0.931604 0.690906 0.7688330000000001 0.737656 0.692646 0.779219 0.987021 0.784422 0.9973960000000001 0.644156 0.928146 0.644156