50 0.13174999999999998 0.793917 0.202703 0.7668959999999999 0.309125 0.7376039999999999 0.38175 0.701583 0.391891 0.6407710000000001 0.380063 0.5754579999999999 0.388516 0.570937 0.385141 0.485354 0.366547 0.43131200000000003 0.349656 0.393021 0.302359 0.291667 0.3125 0.264646 0.304047 0.228604 0.304047 0.174542 0.30575 0.10697899999999999 0.27703099999999997 0.0371667 0.22804700000000003 0.0213958 0.185812 0.050666699999999995 0.163844 0.12050000000000001 0.18075000000000002 0.181313 0.1875 0.24437499999999998 0.10642199999999999 0.29616699999999996 0.0777031 0.347979 0.05575 0.354729 0.0439219 0.384 0.038843699999999995 0.458333 0.0422344 0.47185400000000005 0.0726406 0.514646 0.09459379999999999 0.525896 0.11317200000000001 0.6745420000000001 0.136828 0.717333 0.11825000000000001 0.748875 0.13174999999999998 0.791667 0.13174999999999998 0.793917
14 0.886656 0.45829200000000003 0.899281 0.450563 0.9035 0.435146 0.909281 0.430937 0.9050779999999999 0.42391700000000004 0.8929690000000001 0.419021 0.888234 0.414104 0.8735160000000001 0.402188 0.8677339999999999 0.386042 0.849312 0.390958 0.8356410000000001 0.39306199999999997 0.82775 0.397271 0.820922 0.390958 0.8098750000000001 0.380438 0.8009219999999999 0.395167 0.8025 0.40147900000000003 0.815656 0.42391700000000004 0.817234 0.43162500000000004 0.8235469999999999 0.442146 0.831969 0.455479 0.830906 0.461083 0.842484 0.46460399999999996 0.865625 0.467396 0.8782500000000001 0.465292 0.886656 0.45829200000000003
50 0.997594 0.723688 0.964859 0.708667 0.950531 0.7141249999999999 0.9157500000000001 0.775521 0.9362030000000001 0.8109999999999999 0.974062 0.839646 0.9761089999999999 0.827375 0.9996409999999999 0.8219169999999999 0.997594 0.723688
13 0.493813 0.379417 0.49531200000000003 0.417271 0.489328 0.437188 0.468406 0.463104 0.463938 0.471063 0.468406 0.6204999999999999 0.471406 0.8296880000000001 0.471406 0.8476250000000001 0.49679700000000004 0.853604 0.513234 0.8775 0.556578 0.8496039999999999 0.558063 0.7679170000000001 0.558063 0.576667 0.558063 0.469083 0.535656 0.42525 0.528188 0.353521 0.531172 0.29175 0.531172 0.275812 0.531172 0.24593800000000002 0.501281 0.247917 0.489328 0.247917 0.489328 0.249917 0.493813 0.29575 0.493813 0.379417
13 0.61575 0.428771 0.600797 0.40275 0.600141 0.303021 0.574781 0.30475 0.572828 0.307354 0.572172 0.399292 0.561766 0.420958 0.568281 0.433979 0.571531 0.551917 0.618359 0.554521 0.61575 0.428771
13 0.604906 0.669063 0.6115 0.661625 0.615047 0.591354 0.569937 0.585271 0.564359 0.663646 0.604906 0.669063
13 0.657031 0.542042 0.660578 0.418375 0.649937 0.40825 0.646375 0.392708 0.648406 0.306896 0.625094 0.304854 0.622563 0.307563 0.6175 0.399458 0.605328 0.410958 0.614453 0.4265 0.614969 0.45622899999999994 0.611922 0.5555420000000001 0.633719 0.5515 0.638781 0.548792 0.643344 0.558938 0.646375 0.563667 0.656516 0.563667 0.657031 0.542042
13 0.648219 0.40306200000000003 0.658031 0.42400000000000004 0.657047 0.556146 0.681578 0.574458 0.6855 0.370354 0.677656 0.354667 0.676672 0.246083 0.6521410000000001 0.24737499999999998 0.653125 0.362521 0.645281 0.378208 0.648219 0.40306200000000003
13 0.684484 0.36754200000000004 0.683063 0.497604 0.682359 0.579583 0.713453 0.580542 0.717703 0.377917 0.709219 0.354354 0.712047 0.252563 0.685891 0.24972899999999998 0.687312 0.288375 0.683766 0.35245800000000005 0.684484 0.36754200000000004
13 0.37681200000000004 0.272208 0.375766 0.296896 0.372625 0.304812 0.372625 0.328563 0.372625 0.367688 0.390094 0.368625 0.388703 0.330896 0.388703 0.309938 0.383813 0.29875 0.383453 0.272667 0.37681200000000004 0.272208
13 0.356516 0.300271 0.355281 0.311771 0.355891 0.37181200000000003 0.371625 0.36974999999999997 0.37378100000000003 0.343854 0.372547 0.315062 0.372547 0.305188 0.369766 0.29862500000000003 0.369453 0.298208 0.367 0.294917 0.366687 0.264896 0.359906 0.266125 0.360516 0.294917 0.356516 0.300271
13 0.349672 0.302854 0.345359 0.294646 0.345062 0.265937 0.34106200000000003 0.26429199999999997 0.33614099999999997 0.265937 0.336438 0.29302100000000003 0.332141 0.30081199999999997 0.33151600000000003 0.34962499999999996 0.33675 0.37014600000000003 0.348141 0.37014600000000003 0.349672 0.302854
13 0.312609 0.30760400000000004 0.330594 0.345313 0.329922 0.3045 0.32825000000000004 0.29916699999999996 0.324594 0.29385399999999995 0.325594 0.28097900000000003 0.319937 0.283188 0.31860900000000003 0.29072899999999996 0.315937 0.295167 0.31360899999999997 0.300937 0.31360899999999997 0.30760400000000004 0.312609 0.30760400000000004
13 0.906391 0.411375 0.9128909999999999 0.415708 0.9305160000000001 0.411375 0.9323750000000001 0.341437 0.9277340000000001 0.327833 0.9282030000000001 0.29564599999999996 0.9184530000000001 0.296271 0.917984 0.328437 0.910094 0.342688 0.906391 0.40952099999999997 0.906391 0.411375
13 0.725141 0.5811879999999999 0.728375 0.574271 0.728375 0.45775 0.7238439999999999 0.43962500000000004 0.722328 0.396354 0.7292029999999999 0.353542 0.707031 0.356604 0.714687 0.377 0.717734 0.42489600000000005 0.711625 0.5757709999999999 0.725141 0.5811879999999999
76 0 0.052916700000000004 0.010109400000000001 0.051416699999999996 0.09459379999999999 0.0639792 0.0896875 0.006666670833333333 0 0.000625 0 0.052916700000000004
76 0.779969 0.247396 0.8287660000000001 0.256896 0.8265779999999999 0.324167 0.872094 0.321229 0.879219 0.211583 0.783266 0.189646 0.779969 0.247396
53 0.792484 0.477854 0.818 0.45660399999999995 0.815609 0.436396 0.802047 0.403458 0.808422 0.3875 0.823578 0.394937 0.827562 0.251437 0.732688 0.249312 0.732688 0.257812 0.708781 0.261 0.705578 0.34391700000000003 0.7239220000000001 0.359875 0.724719 0.417271 0.7518279999999999 0.427896 0.774141 0.47360399999999997 0.792484 0.477854
13 0.530375 0.306375 0.529766 0.342854 0.530984 0.39958299999999997 0.532203 0.418229 0.548 0.44985400000000003 0.5577340000000001 0.467688 0.552875 0.558458 0.553469 0.584396 0.552875 0.6913959999999999 0.558953 0.688979 0.5692809999999999 0.6824790000000001 0.568063 0.664646 0.5705 0.530896 0.5679369999999999 0.43485399999999996 0.5629839999999999 0.427708 0.547937 0.41204199999999996 0.548063 0.388729 0.550719 0.38520800000000005 0.5487339999999999 0.330583 0.550047 0.330583 0.550047 0.322667 0.549391 0.306813 0.534188 0.305917 0.530375 0.306375
79 0.335062 0.890917 0.33896899999999996 0.851958 0.327266 0.7662289999999999 0.323375 0.750646 0.290266 0.737667 0.270781 0.737667 0.23960900000000002 0.758437 0.222078 0.7558539999999999 0.210391 0.7766249999999999 0.210391 0.8181879999999999 0.214281 0.901292 0.237656 0.919479 0.251297 0.927271 0.259094 0.95325 0.264937 0.981812 0.294156 0.984417 0.298047 0.9298749999999999 0.335062 0.890917
79 0.652281 0.584 0.6443749999999999 0.61475 0.648328 0.6455 0.651625 0.6683330000000001 0.659531 0.683271 0.668766 0.694688 0.674687 0.715792 0.674031 0.747417 0.668766 0.749167 0.664141 0.749167 0.6443749999999999 0.7562080000000001 0.6457029999999999 0.773771 0.650969 0.781687 0.6713910000000001 0.7931039999999999 0.696438 0.789583 0.7102809999999999 0.779917 0.712906 0.7720210000000001 0.710938 0.764979 0.703031 0.758833 0.693141 0.7562289999999999 0.693141 0.7553540000000001 0.689844 0.712292 0.691828 0.700875 0.7089529999999999 0.680667 0.720812 0.6543119999999999 0.7221409999999999 0.610375 0.7175309999999999 0.593688 0.709609 0.586646 0.681937 0.5761040000000001 0.652281 0.5875210000000001 0.652281 0.584
27 0.9935 0.36622899999999997 0.970125 0.319479 0.9603910000000001 0.314292 0.942859 0.28570799999999996 0.9136409999999999 0.311688 0.9136409999999999 0.384417 0.898047 0.415583 0.874672 0.415583 0.8551880000000001 0.392208 0.814281 0.4 0.822078 0.444146 0.794813 0.462333 0.763641 0.483125 0.7422030000000001 0.420771 0.722734 0.418187 0.718828 0.355854 0.707141 0.29091700000000004 0.709094 0.249354 0.644813 0.241563 0.638969 0.309083 0.623375 0.31687499999999996 0.5863590000000001 0.309083 0.529875 0.309083 0.525969 0.249354 0.49675 0.254542 0.504547 0.425979 0.490906 0.454542 0.47532800000000003 0.477917 0.473375 0.672729 0.305844 0.737667 0.25325000000000003 0.745458 0.227922 0.771437 0.0097343703125 0.841562 0.0097343703125 0.984417 0.997406 0.987021 1 0.387021 0.9935 0.36622899999999997