74 0.0012656296875 0.7363789999999999 0.0983281 0.73415 0.179 0.686964 0.179 0.635265 0.245797 0.617298 0.252109 0.567855 0.224375 0.522897 0.354203 0.5094150000000001 0.35924999999999996 0.408301 0.41093799999999997 0.410557 0.42606299999999997 0.53415 0.6680780000000001 0.621783 0.872297 0.63078 0.8975 0.554373 0.860938 0.433008 0.665562 0.367855 0.6567339999999999 0.406045 0.0025156296875 0.25548699999999996 0.0012656296875 0.7363789999999999
50 0.36075 0.5450419999999999 0.379297 0.538412 0.376047 0.52273 0.383 0.514457 0.388109 0.464039 0.390422 0.459081 0.391359 0.44504200000000005 0.390422 0.440919 0.384859 0.435961 0.37743699999999997 0.44339799999999996 0.366312 0.45 0.36075 0.46735400000000005 0.36075 0.5450419999999999
50 0.424266 0.593593 0.429828 0.604429 0.44045300000000004 0.609833 0.4445 0.600808 0.431844 0.579164 0.428312 0.566518 0.424266 0.551198 0.425266 0.538552 0.421734 0.52234 0.417172 0.5214209999999999 0.408063 0.549387 0.4025 0.543983 0.393906 0.532256 0.379734 0.516017 0.376188 0.525042 0.37821899999999997 0.5394709999999999 0.387828 0.561114 0.394406 0.5737329999999999 0.394406 0.588189 0.391375 0.601699 0.385297 0.649526 0.39237500000000003 0.661253 0.397437 0.664847 0.404531 0.6513369999999999 0.41210899999999995 0.650418 0.41565599999999997 0.642312 0.42071899999999995 0.640501 0.420219 0.618858 0.42275 0.594485 0.424266 0.593593
65 0.549203 0.7236210000000001 0.551797 0.701448 0.549719 0.670919 0.549203 0.6487189999999999 0.546609 0.642228 0.53 0.642228 0.5237809999999999 0.644095 0.522219 0.6431749999999999 0.520141 0.7189969999999999 0.549203 0.7236210000000001
65 0.471422 0.56532 0.478313 0.56922 0.4805 0.587967 0.478313 0.618997 0.49318799999999996 0.6170749999999999 0.495375 0.609944 0.49428099999999997 0.5640390000000001 0.48992199999999997 0.553677 0.468516 0.554318 0.467797 0.558858 0.467438 0.558217 0.467797 0.559499 0.471422 0.56532
65 0.37548400000000004 0.760919 0.379516 0.758217 0.386594 0.757326 0.388609 0.751922 0.383562 0.651114 0.374469 0.6439 0.361344 0.647521 0.352766 0.650195 0.34720300000000004 0.660111 0.362359 0.67 0.36385900000000004 0.750111 0.37548400000000004 0.760919
50 0.889203 0.52312 0.8887660000000001 0.52312 0.890531 0.528189 0.8918440000000001 0.5289969999999999 0.890312 0.528189 0.888109 0.529387 0.888109 0.532117 0.889875 0.5387740000000001 0.891188 0.541532 0.8933909999999999 0.543482 0.892953 0.547019 0.892281 0.548969 0.8909689999999999 0.5520889999999999 0.886141 0.557577 0.885469 0.563064 0.883281 0.5673819999999999 0.8815160000000001 0.575599 0.8773440000000001 0.581086 0.874047 0.583844 0.876688 0.587744 0.879766 0.587744 0.881297 0.585014 0.884813 0.582256 0.8883279999999999 0.578747 0.892953 0.563064 0.894266 0.563844 0.894703 0.5654319999999999 0.898875 0.564624 0.902172 0.562674 0.903719 0.557967 0.9043749999999999 0.5450419999999999 0.9041560000000001 0.531337 0.902172 0.527019 0.901516 0.5238999999999999 0.898875 0.522702 0.8969060000000001 0.52312 0.895141 0.528189 0.8920619999999999 0.52624 0.890094 0.52312 0.889437 0.52429 0.889203 0.52312
65 0.431766 0.73961 0.430063 0.658468 0.428937 0.6534260000000001 0.415937 0.6539280000000001 0.41310900000000006 0.647382 0.40773400000000004 0.6498889999999999 0.406891 0.6534260000000001 0.398406 0.657465 0.397281 0.660474 0.398406 0.7481619999999999 0.431766 0.73961
65 0.35018699999999997 0.764735 0.352438 0.7611699999999999 0.357406 0.762061 0.358906 0.7580779999999999 0.360656 0.7558499999999999 0.362391 0.75273 0.36289099999999996 0.739861 0.35965600000000003 0.666184 0.356672 0.660418 0.347453 0.661309 0.343719 0.6595260000000001 0.33799999999999997 0.660864 0.325297 0.660864 0.323062 0.6697489999999999 0.323062 0.689276 0.32454700000000003 0.7580779999999999 0.32654700000000003 0.7607240000000001 0.330281 0.7571869999999999 0.345719 0.7580779999999999 0.34695299999999996 0.764735 0.35018699999999997 0.766936 0.35018699999999997 0.764735
65 0.45067199999999996 0.70532 0.460016 0.703148 0.466313 0.703148 0.470172 0.708217 0.472 0.7161839999999999 0.472625 0.7335649999999999 0.47851600000000005 0.7317549999999999 0.48156299999999996 0.7288580000000001 0.48156299999999996 0.7263229999999999 0.481359 0.656407 0.47993800000000003 0.647354 0.47098399999999996 0.644819 0.45392200000000005 0.644819 0.449859 0.6459050000000001 0.44843700000000003 0.6513369999999999 0.448031 0.70532 0.45067199999999996 0.70532
65 0.397328 0.67585 0.392047 0.668384 0.387656 0.667994 0.385672 0.671922 0.388313 0.742841 0.390297 0.7506689999999999 0.397766 0.7377440000000001 0.397328 0.67585
65 0.4305 0.668106 0.431687 0.712368 0.448172 0.706407 0.449125 0.674067 0.449125 0.6659609999999999 0.430969 0.66766 0.4305 0.668106
18 0.974969 0.614903 0.976453 0.606602 0.976453 0.599053 0.97625 0.5952919999999999 0.974969 0.589248 0.970313 0.573008 0.967562 0.571114 0.955078 0.5737599999999999 0.9559219999999999 0.577911 0.9597340000000001 0.586212 0.958891 0.6039549999999999 0.968828 0.605097 0.9694689999999999 0.615292 0.9741250000000001 0.614903 0.974969 0.614903
2 0.716812 0.762786 0.707562 0.735348 0.702562 0.7332869999999999 0.691781 0.736713 0.6809999999999999 0.755237 0.676766 0.772396 0.674844 0.782702 0.676766 0.798496 0.685234 0.822507 0.717969 0.815655 0.717969 0.8122280000000001 0.720266 0.7930079999999999 0.716812 0.762786
2 0.7162810000000001 0.800947 0.717156 0.8096939999999999 0.717406 0.81688 0.735563 0.8157659999999999 0.7484219999999999 0.814206 0.7484219999999999 0.799805 0.7484219999999999 0.771281 0.747656 0.763398 0.7484219999999999 0.760028 0.748672 0.7382449999999999 0.747406 0.731727 0.737828 0.7306130000000001 0.733922 0.7332869999999999 0.7319060000000001 0.7411700000000001 0.731406 0.745209 0.725484 0.7607240000000001 0.722328 0.7640950000000001 0.721187 0.765655 0.720313 0.769471 0.718422 0.7750969999999999 0.7162810000000001 0.800947
65 0.482078 0.689331 0.481453 0.727549 0.47790600000000005 0.7319500000000001 0.495031 0.735237 0.498422 0.732228 0.498578 0.7247910000000001 0.497656 0.704735 0.49718799999999996 0.697298 0.494109 0.6915319999999999 0.48346900000000004 0.687688 0.482078 0.689331
65 0.6079220000000001 0.5759610000000001 0.608109 0.618301 0.610687 0.618997 0.626516 0.618301 0.628703 0.611588 0.626719 0.578774 0.6100939999999999 0.575237 0.6079220000000001 0.5759610000000001
65 0.6085309999999999 0.606212 0.606891 0.575376 0.600344 0.5703900000000001 0.591703 0.5737329999999999 0.596375 0.58039 0.596844 0.617465 0.609 0.617047 0.6085309999999999 0.606212
65 0.555297 0.5864900000000001 0.556281 0.590724 0.560047 0.596017 0.560047 0.617549 0.573906 0.61649 0.574094 0.585794 0.555297 0.5864900000000001
18 0.921937 0.617326 0.9317500000000001 0.618858 0.936359 0.6142340000000001 0.942141 0.62195 0.9597340000000001 0.617326 0.9614689999999999 0.6101110000000001 0.960313 0.579777 0.955688 0.5684680000000001 0.955688 0.54429 0.916453 0.54273 0.914438 0.559721 0.9132809999999999 0.591616 0.910688 0.6157659999999999 0.9167500000000001 0.623482 0.921078 0.612173 0.921937 0.617326
2 0.432656 0.7380220000000001 0.437156 0.7412529999999999 0.442312 0.7424510000000001 0.454453 0.742841 0.463453 0.741643 0.471547 0.739248 0.472 0.736435 0.472 0.723203 0.470188 0.71078 0.465703 0.705181 0.45378100000000005 0.7055710000000001 0.439391 0.71078 0.432656 0.716797 0.432656 0.7380220000000001
65 0.449859 0.61961 0.466859 0.618078 0.46406200000000003 0.5889420000000001 0.46234400000000003 0.5877990000000001 0.45695300000000005 0.5897209999999999 0.453094 0.590864 0.449859 0.61961
36 0.720969 0.775822 0.718047 0.7973819999999999 0.720969 0.815237 0.734734 0.815989 0.74725 0.813008 0.7468440000000001 0.7922009999999999 0.747672 0.757214 0.74475 0.727465 0.735156 0.7296940000000001 0.733063 0.75351 0.722641 0.77507 0.720969 0.775822
36 0.496859 0.714763 0.496859 0.725655 0.500297 0.7334820000000001 0.508891 0.7334820000000001 0.5174839999999999 0.733148 0.5167189999999999 0.718162 0.5163439999999999 0.698747 0.510797 0.694318 0.503359 0.693287 0.49895300000000004 0.695682 0.49800000000000005 0.702145 0.497234 0.713064 0.496859 0.714763
2 0.499078 0.698802 0.499078 0.703538 0.49956300000000003 0.714178 0.49956300000000003 0.727799 0.514516 0.728106 0.516016 0.7254320000000001 0.515672 0.717744 0.5150159999999999 0.699387 0.508203 0.696407 0.498906 0.6970189999999999 0.499078 0.698802
2 0.538281 0.619164 0.5397339999999999 0.617855 0.5408280000000001 0.609415 0.5408280000000001 0.5996659999999999 0.537188 0.589304 0.533906 0.586685 0.529531 0.5854039999999999 0.52625 0.5860449999999999 0.52225 0.589304 0.520062 0.595125 0.5171560000000001 0.601616 0.517875 0.608774 0.518609 0.615905 0.5207970000000001 0.617855 0.526625 0.619164 0.533906 0.619164 0.538281 0.619164