16 0.287328 0.453939 0.284359 0.465165 0.28137500000000004 0.548325 0.291797 0.723585 0.299234 0.723585 0.299234 0.73033 0.308172 0.7528070000000001 0.323062 0.755047 0.327531 0.750566 0.33199999999999996 0.7415799999999999 0.594016 0.8359430000000001 0.601453 0.856179 0.6237969999999999 0.8854010000000001 0.646125 0.8943869999999999 0.668453 0.8943869999999999 0.6803589999999999 0.8696699999999999 0.699719 0.876415 0.82775 0.914599 0.8426410000000001 0.903373 0.896234 0.788774 0.8947499999999999 0.764057 0.8828440000000001 0.48540099999999997 0.867953 0.388774 0.8590159999999999 0.361792 0.82775 0.32134399999999996 0.848594 0.305613 0.848594 0.303373 0.8381719999999999 0.303373 0.823281 0.303373 0.818812 0.305613 0.8128590000000001 0.312358 0.790531 0.305613 0.698234 0.325849 0.532984 0.382028 0.5210619999999999 0.36405699999999996 0.480875 0.361792 0.379641 0.39999999999999997 0.379641 0.42471699999999996 0.327531 0.43820800000000004 0.287328 0.453939
50 0.0061875 0.704646 0.00153125 0.706415 0 0.716934 0.017812500000000002 0.720448 0.0364063 0.716934 0.0364063 0.722193 0.0340937 0.750283 0.0305937 0.769575 0.028265600000000002 0.80467 0.0224531 0.8275 0.018968699999999998 0.848561 0.0247812 0.883656 0.028265600000000002 0.915236 0.0259531 0.924009 0.0201406 0.9345519999999999 0.0329219 0.9345519999999999 0.0457188 0.9345519999999999 0.061984399999999995 0.9345519999999999 0.0654844 0.927524 0.0724531 0.906462 0.0724531 0.848561 0.0759375 0.806439 0.0782656 0.787123 0.0875625 0.760802 0.0898906 0.746769 0.0864062 0.720448 0.08175 0.6993870000000001 0.0771094 0.6906129999999999 0.0724531 0.6502589999999999 0.0736094 0.623939 0.06779690000000001 0.599363 0.059656299999999995 0.592335 0.046875 0.594104 0.039906199999999996 0.597594 0.0340937 0.604623 0.0305937 0.6291979999999999 0.0305937 0.639717 0.0387344 0.6537499999999999 0.037578099999999996 0.6730659999999999 0.0305937 0.688868 0.0212969 0.704646 0.0073437500000000005 0.7099059999999999 0.0061875 0.704646
50 0.6727190000000001 0.530542 0.673422 0.542241 0.677641 0.550731 0.674125 0.5549999999999999 0.669906 0.5549999999999999 0.671312 0.5645519999999999 0.673422 0.570943 0.665672 0.599646 0.673422 0.600708 0.684688 0.5549999999999999 0.686094 0.509292 0.686094 0.50184 0.674125 0.507146 0.6727190000000001 0.530542
50 0.657484 0.55342 0.645937 0.563514 0.645328 0.580024 0.644516 0.5858490000000001 0.646344 0.587665 0.646953 0.591344 0.6477660000000001 0.595637 0.6507970000000001 0.59717 0.6507970000000001 0.5992919999999999 0.665797 0.5992919999999999 0.672891 0.572382 0.672687 0.570542 0.667422 0.557689 0.657484 0.55342
36 0.078625 0.6589619999999999 0.0864062 0.6687500000000001 0.0896406 0.676557 0.0896406 0.681462 0.0877031 0.692217 0.0851094 0.699057 0.0877031 0.7088439999999999 0.0877031 0.718632 0.0877031 0.729387 0.0883437 0.7391749999999999 0.0941719 0.740142 0.09742189999999999 0.737217 0.101312 0.731344 0.10778099999999999 0.7283959999999999 0.114266 0.726439 0.118797 0.717642 0.118156 0.7088439999999999 0.11620299999999999 0.69809 0.11296900000000001 0.6883020000000001 0.110375 0.680472 0.107141 0.674599 0.10325 0.6736319999999999 0.096125 0.6687500000000001 0.0915781 0.664835 0.0773281 0.655047 0.078625 0.6589619999999999
36 0.0742656 0.7781370000000001 0.0759219 0.7472169999999999 0.0775937 0.716297 0.0775937 0.6979010000000001 0.067625 0.657783 0.0720469 0.6811790000000001 0.0720469 0.7079249999999999 0.0692813 0.749717 0.0582187 0.767264 0.0471406 0.749717 0.0487969 0.7062499999999999 0.0449219 0.707099 0.0432656 0.7171230000000001 0.0421562 0.73467 0.038281300000000004 0.753892 0.0272031 0.798184 0.031640600000000005 0.804033 0.0454844 0.809882 0.0648594 0.809882 0.0720469 0.8015329999999999 0.0720469 0.759741 0.0742656 0.7781370000000001
18 0.9171720000000001 0.571557 0.9295159999999999 0.572005 0.9268750000000001 0.55691 0.908938 0.541368 0.897172 0.544481 0.887469 0.567995 0.8965780000000001 0.56934 0.9171720000000001 0.571557
18 0.882812 0.579198 0.8825939999999999 0.627854 0.885328 0.627854 0.9011089999999999 0.6233730000000001 0.9045310000000001 0.611297 0.902484 0.594057 0.8956250000000001 0.581627 0.8825939999999999 0.578514 0.882812 0.579198
50 0.576219 0.507099 0.575766 0.531415 0.582484 0.531415 0.577547 0.567241 0.565016 0.573986 0.565016 0.585472 0.578453 0.582783 0.579344 0.595613 0.593219 0.593585 0.586062 0.496958 0.576219 0.507099
50 0.602172 0.551014 0.597703 0.532099 0.599484 0.503726 0.593219 0.49967 0.594562 0.598325 0.604859 0.597642 0.602172 0.551014
50 0.013390599999999999 0.6467919999999999 0.020718800000000002 0.6418159999999999 0.0232812 0.657288 0.027296900000000002 0.662264 0.0371875 0.6733020000000001 0.0371875 0.6672170000000001 0.0364531 0.652311 0.032796900000000004 0.6440330000000001 0.0305937 0.6362969999999999 0.0313281 0.605896 0.0437656 0.5954010000000001 0.0525625 0.593184 0.0639062 0.595967 0.0631719 0.584906 0.0576875 0.575519 0.0474375 0.568892 0.0368125 0.571651 0.0221719 0.586557 0.024375 0.609764 0.024 0.624127 0.0199844 0.6252359999999999 0.0122969 0.628561 0.0060781296875 0.634623 0.013390599999999999 0.6467919999999999
50 0.47400000000000003 0.552075 0.47521899999999995 0.552382 0.482125 0.553915 0.482328 0.541651 0.48029700000000003 0.531203 0.473375 0.523208 0.47400000000000003 0.552075
50 0.025140600000000003 0.656274 0.035875000000000004 0.6733020000000001 0.0369531 0.653844 0.033187499999999995 0.6368159999999999 0.033187499999999995 0.623042 0.033187499999999995 0.614929 0.0337344 0.6060139999999999 0.0407031 0.6003539999999999 0.047156199999999995 0.5970989999999999 0.0562813 0.595495 0.0611094 0.595495 0.0659531 0.590613 0.0605781 0.57684 0.0492969 0.567925 0.0407031 0.5671229999999999 0.035343799999999995 0.572783 0.023531299999999998 0.586557 0.0229844 0.589811 0.0240625 0.6116980000000001 0.0240625 0.623042 0.0240625 0.6262970000000001 0.0143906 0.629528 0.007953129687500001 0.635212 0.0133281 0.647358 0.020843800000000003 0.6433019999999999 0.025140600000000003 0.656274
50 0.10631300000000002 0.667618 0.117672 0.628208 0.110859 0.597358 0.0904219 0.568231 0.0665781 0.580212 0.0767969 0.64533 0.0824844 0.693325 0.0904219 0.732736 0.11881300000000002 0.700189 0.10631300000000002 0.667618
50 0.392563 0.56941 0.387922 0.566722 0.391141 0.578585 0.398297 0.580755 0.399 0.590472 0.401516 0.591533 0.401875 0.588302 0.400797 0.571038 0.398656 0.562925 0.398297 0.554292 0.397219 0.552146 0.394719 0.565094 0.392563 0.56941