68 0.272641 0.576268 0.284625 0.551972 0.301391 0.522277 0.325359 0.48626800000000003 0.330156 0.45476500000000003 0.32775 0.435869 0.316969 0.437653 0.300203 0.458357 0.282219 0.515962 0.263656 0.5726760000000001 0.272641 0.576268
68 0.707734 0.838451 0.709219 0.8765729999999999 0.713703 0.860869 0.724141 0.825 0.712203 0.780164 0.700266 0.766714 0.70475 0.8025820000000001 0.707734 0.838451
68 0.668922 0.76446 0.658484 0.795845 0.652516 0.847418 0.661469 0.872089 0.676391 0.8900229999999999 0.685344 0.8877700000000001 0.679375 0.860869 0.677875 0.782394 0.670422 0.775681 0.668922 0.76446
50 0.713484 1 0.7149840000000001 0.986526 0.7075 0.914601 0.7030160000000001 0.817981 0.700031 0.7550469999999999 0.7194689999999999 0.817981 0.7239530000000001 0.862911 0.731437 0.921338 0.7179840000000001 0.961808 0.729938 0.988756 0.7538750000000001 0.9910089999999999 0.759859 0.966291 0.747891 0.838192 0.746391 0.7820189999999999 0.738922 0.74831 0.752375 0.680892 0.743406 0.579765 0.737422 0.426972 0.716484 0.40673699999999996 0.698531 0.388756 0.706016 0.352817 0.716484 0.323592 0.6940470000000001 0.30338 0.6641250000000001 0.30786399999999997 0.649172 0.325845 0.646188 0.35056299999999996 0.6506719999999999 0.373028 0.6551560000000001 0.397746 0.626734 0.485399 0.62225 0.521338 0.640203 0.521338 0.652156 0.514601 0.662641 0.624718 0.653656 0.698873 0.676094 0.779765 0.686562 0.865164 0.679094 0.937089 0.644688 0.977535 0.637203 0.984272 0.674594 1 0.713484 1
50 0.259359 0.7313379999999999 0.24864099999999997 0.644343 0.263656 0.618568 0.272234 0.600845 0.275453 0.586338 0.276516 0.566995 0.263656 0.565399 0.24864099999999997 0.565399 0.24864099999999997 0.533169 0.24326599999999998 0.489671 0.236844 0.457441 0.24112499999999998 0.444554 0.251859 0.428451 0.242203 0.41716000000000003 0.247562 0.393005 0.251859 0.37044600000000005 0.254 0.352723 0.255063 0.336596 0.240062 0.32532900000000003 0.22610899999999998 0.322113 0.20467200000000002 0.32049300000000003 0.20037500000000003 0.33338 0.197156 0.359155 0.190719 0.409108 0.175703 0.438099 0.164984 0.529953 0.170344 0.6701170000000001 0.177859 0.73939 0.189656 0.734577 0.190719 0.8102820000000001 0.206813 0.869906 0.24326599999999998 0.8360799999999999 0.249703 0.742629 0.259359 0.7313379999999999
50 0.703516 0.39096200000000003 0.739609 0.42284 0.739609 0.43772300000000003 0.748094 0.43666699999999997 0.786297 0.39201899999999995 0.775687 0.340986 0.765078 0.308028 0.7544690000000001 0.278286 0.743844 0.272958 0.725453 0.286784 0.731109 0.325047 0.707062 0.33993 0.699281 0.39096200000000003 0.703516 0.39096200000000003
50 0.697406 0.306244 0.7112499999999999 0.318944 0.730484 0.32586899999999996 0.728172 0.293521 0.745859 0.277347 0.756625 0.279671 0.773531 0.33396699999999996 0.781219 0.355915 0.815828 0.35936599999999996 0.815828 0.354742 0.814297 0.357066 0.808141 0.292371 0.808141 0.29007 0.798906 0.238075 0.778922 0.217277 0.772 0.189554 0.764313 0.164155 0.744313 0.16530499999999998 0.742781 0.164155 0.737391 0.191878 0.739703 0.21265299999999998 0.729703 0.224225 0.712797 0.240399 0.702797 0.265798 0.694344 0.30277 0.697406 0.306244
50 0.558594 0.0358685 0.554047 0.045446 0.549484 0.063216 0.550406 0.10014100000000001 0.554047 0.12885 0.562234 0.16713599999999998 0.566781 0.223192 0.570422 0.23823899999999998 0.573156 0.242347 0.577703 0.280634 0.581344 0.292934 0.586812 0.294296 0.5849840000000001 0.32164299999999996 0.600453 0.32164299999999996 0.604094 0.223192 0.612297 0.173967 0.6104689999999999 0.16577499999999998 0.613203 0.108333 0.609563 0.08647889906103286 0.6031869999999999 0.08373239906103286 0.601375 0.07690139906103287 0.605922 0.063216 0.6086560000000001 0.045446 0.601375 0.024929600938967136 0.594094 0 0.5613279999999999 0.0030516408450704225 0.558594 0.029037600938967137 0.558594 0.0358685
50 0.7997810000000001 0.120282 0.808594 0.11666699999999999 0.818219 0.119061 0.831844 0.114249 0.859891 0.11305199999999999 0.875125 0.105822 0.8759219999999999 0.09859150000000001 0.880734 0.08535210093896713 0.8791410000000001 0.07812210093896714 0.872719 0.06007039906103286 0.8639060000000001 0.04079810093896714 0.855094 0.0395775 0.849484 0.03838030046948356 0.847078 0.027535199530516433 0.846266 0.015493000000000002 0.841469 0.0010563403755868544 0.829438 0.0022535211267605635 0.8222189999999999 0.010680800469483569 0.819812 0.03838030046948356 0.8109999999999999 0.04079810093896714 0.798984 0.05645539906103286 0.790969 0.09258219953051643 0.800578 0.110634 0.798984 0.120282 0.7997810000000001 0.120282
50 0.542969 0.617981 0.571391 0.608991 0.584859 0.532582 0.557922 0.415728 0.519031 0.375282 0.520531 0.316854 0.505578 0.287629 0.484641 0.274155 0.4577030000000001 0.30561000000000005 0.468187 0.393263 0.433781 0.408991 0.42629700000000004 0.440446 0.41284399999999993 0.537089 0.42181199999999996 0.658427 0.44275000000000003 0.680892 0.44125 0.698873 0.545969 0.6269719999999999 0.542969 0.617981
50 0.454719 0.941573 0.483141 0.946056 0.4951090000000001 0.90561 0.505578 0.950563 0.529516 0.946056 0.550453 0.671901 0.44275000000000003 0.734836 0.4577030000000001 0.883146 0.454719 0.941573
50 0.6025159999999999 0.07802819953051643 0.604641 0.08654930046948357 0.608187 0.09293430046948357 0.612437 0.13342700000000002 0.611734 0.164319 0.611734 0.181362 0.611734 0.198404 0.616688 0.215469 0.616688 0.227183 0.6188119999999999 0.258662 0.620953 0.29382600000000003 0.622359 0.314085 0.623078 0.324718 0.635125 0.32152600000000003 0.647891 0.31938999999999995 0.650734 0.311948 0.650016 0.295962 0.647891 0.27784000000000003 0.645062 0.26931900000000003 0.640797 0.25122099999999997 0.645062 0.217113 0.650016 0.19262900000000002 0.652156 0.172371 0.654984 0.158521 0.6564059999999999 0.148944 0.6564059999999999 0.139343 0.655687 0.130822 0.655687 0.116972 0.655687 0.103122 0.655687 0.07755869953051643 0.6613749999999999 0.058380300469483566 0.660656 0.047723 0.655687 0.040281699530516434 0.645766 0.0005633802816901409 0.612437 0.0005633802816901409 0.611016 0.00908450938967136 0.6138589999999999 0.016525800469483567 0.612437 0.030093899061032863 0.607469 0.050328600938967134 0.6025159999999999 0.07802819953051643
50 0.475078 0.284014 0.465344 0.24551599999999998 0.457391 0.237535 0.441484 0.234883 0.44001599999999996 0.227371 0.44325000000000003 0.209648 0.440891 0.19990599999999997 0.43559400000000004 0.19194799999999998 0.42704700000000007 0.187089 0.41937499999999994 0.188404 0.41348399999999996 0.198146 0.41142200000000007 0.207887 0.416437 0.225141 0.417609 0.23798100000000003 0.41348399999999996 0.24683100000000002 0.40053099999999997 0.25481200000000004 0.396109 0.27650199999999997 0.393453 0.292887 0.389922 0.2973 0.391688 0.306596 0.391094 0.313685 0.389328 0.318099 0.391391 0.32342699999999996 0.391688 0.32563400000000003 0.459156 0.326526 0.45975 0.326526 0.457688 0.30570400000000003 0.475078 0.284014
50 0.176172 0.267676 0.182531 0.29784 0.185219 0.323474 0.192578 0.334038 0.198937 0.334554 0.201609 0.32901400000000003 0.204297 0.318451 0.209313 0.318451 0.21901600000000002 0.31945999999999997 0.23575 0.322981 0.23542200000000002 0.320469 0.236078 0.29784 0.23943799999999998 0.286268 0.23542200000000002 0.26615 0.23240599999999997 0.261127 0.224703 0.247559 0.218344 0.228944 0.217672 0.215869 0.209984 0.197277 0.197594 0.193756 0.193578 0.198286 0.190234 0.206831 0.187891 0.23347400000000001 0.18923399999999999 0.24704199999999998 0.186219 0.25056300000000004 0.175172 0.260117 0.176172 0.267676
50 0.0831406 0.326995 0.169484 0.32506999999999997 0.17078100000000002 0.277324 0.152297 0.254085 0.142 0.220516 0.12825 0.205681 0.11707799999999999 0.222465 0.11407799999999998 0.254718 0.10418799999999999 0.27086899999999997 0.0792812 0.31669 0.0831406 0.326995
50 0.392484 0.313075 0.391766 0.30223 0.393922 0.291385 0.39753099999999997 0.285962 0.39753099999999997 0.275117 0.385984 0.268615 0.381656 0.23823899999999998 0.374437 0.225235 0.368656 0.21981199999999998 0.358547 0.22415500000000002 0.35493800000000003 0.241502 0.352781 0.261033 0.355672 0.26969499999999996 0.341953 0.282723 0.33040600000000003 0.30331 0.33040600000000003 0.318498 0.328953 0.32284 0.386703 0.32284 0.392484 0.313075
50 0.9541090000000001 0.319014 0.949469 0.264742 0.940203 0.23551599999999998 0.9281560000000001 0.213239 0.913344 0.17147900000000002 0.905 0.154765 0.8827659999999999 0.154765 0.879063 0.195141 0.866094 0.20211300000000001 0.8623749999999999 0.228545 0.840141 0.27309900000000004 0.8382970000000001 0.292582 0.8512660000000001 0.29814599999999997 0.858672 0.300939 0.8623749999999999 0.325986 0.8623749999999999 0.349648 0.8605309999999999 0.353826 0.949469 0.351033 0.9541090000000001 0.319014