3 0.07379169999999999 0.140125 0.06949999999999999 0.135297 0.0643542 0.125656 0.0660625 0.11601600000000001 0.0673542 0.11023400000000001 0.0622083 0.0977031 0.0506458 0.08870310000000001 0.0245208 0.0813125 0.0013750000000000001 0.0800312 0.0026666708333333337 0.09353120000000001 0.0018125 0.12340599999999999 0.0219375 0.12437499999999999 0.0407917 0.130797 0.056645799999999996 0.149125 0.07379169999999999 0.140125
3 0.132396 0.142672 0.161542 0.141016 0.189583 0.142672 0.219292 0.14843800000000001 0.234125 0.155031 0.24127099999999999 0.157094 0.260521 0.159984 0.270417 0.163703 0.284167 0.164938 0.298458 0.162047 0.312208 0.164531 0.330354 0.142672 0.339708 0.12781199999999998 0.341354 0.10596900000000001 0.341354 0.0956562 0.333667 0.0836875 0.325417 0.0713125 0.31881200000000004 0.0676094 0.308917 0.06389059999999999 0.305063 0.0490469 0.295167 0.0399687 0.284167 0.0391562 0.277021 0.046156199999999994 0.277021 0.0535781 0.272625 0.0713125 0.258875 0.0845156 0.21762499999999999 0.112563 0.189583 0.121641 0.146687 0.117516 0.115354 0.120391 0.110396 0.124937 0.11095799999999999 0.136063 0.123604 0.146375 0.132396 0.142672
3 0.777958 0.0338125 0.734958 0.042125 0.669771 0.0670937 0.658667 0.0847813 0.655896 0.0962344 0.6628329999999999 0.135766 0.672542 0.140969 0.6683749999999999 0.126406 0.679479 0.0660625 0.698896 0.123281 0.705833 0.13159400000000002 0.822354 0.0442188 0.777958 0.0338125
3 0.6422709999999999 0.0989063 0.6358750000000001 0.083125 0.6541669999999999 0.0934219 0.656917 0.07557810000000001 0.6331249999999999 0.050187499999999996 0.620313 0.0474375 0.596521 0.0577344 0.590104 0.0694063 0.56175 0.0838125 0.570896 0.10578099999999999 0.593771 0.12842199999999998 0.6010829999999999 0.117453 0.611167 0.110578 0.613896 0.08931249999999999 0.6358750000000001 0.116766 0.6422709999999999 0.0989063
3 0 0.17142200000000002 0.0138542 0.35325 0.0554167 0.3065 0.0623333 0.249344 0.10735399999999999 0.22078099999999998 0.110812 0.18701600000000002 0.0865833 0.155844 0.0138542 0.168828 0 0.17142200000000002
3 0.262021 0.07896879999999999 0.21625 0.0831406 0.20654199999999998 0.0706563 0.158 0.0581719 0.0969583 0.0685781 0.0595 0.08937500000000001 0.058124999999999996 0.122672 0.08864580000000001 0.155969 0.115 0.144516 0.109438 0.12890600000000002 0.124708 0.118516 0.198229 0.119547 0.264813 0.0831406 0.262021 0.07896879999999999
3 0.39306199999999997 0.11035900000000001 0.372729 0.104844 0.345021 0.11035900000000001 0.337646 0.12237499999999998 0.332458 0.141203 0.341125 0.158094 0.367521 0.15451600000000001 0.369688 0.141203 0.374021 0.133094 0.383979 0.123672 0.40172899999999995 0.11848399999999999 0.39306199999999997 0.11035900000000001
3 0.393854 0.153125 0.396917 0.145063 0.405604 0.137781 0.417375 0.130109 0.448563 0.115922 0.433729 0.112094 0.415333 0.111703 0.386188 0.119 0.375958 0.128969 0.368292 0.142 0.367771 0.153891 0.393854 0.153125
3 0.392979 0.152391 0.346229 0.15537499999999999 0.320375 0.16209400000000002 0.305458 0.171031 0.2965 0.188938 0.2985 0.197141 0.313417 0.20310899999999998 0.325354 0.19789099999999998 0.411875 0.16581300000000002 0.396958 0.15537499999999999 0.392979 0.152391
3 0.984479 0.135937 0.991062 0.11429700000000001 0.995625 0.104438 0.995625 0.0960781 0.993583 0.0869687 0.998646 0.07825 1 0.046375 0.9814579999999999 0.07142190000000001 0.971333 0.0824219 0.96375 0.0850781 0.951083 0.09190620000000001 0.945521 0.10823400000000001 0.951604 0.125688 0.958688 0.137828 0.968292 0.153 0.975875 0.171219 0.984479 0.135937
3 0.411854 0.163422 0.444229 0.148625 0.451833 0.147109 0.454854 0.153938 0.471562 0.149766 0.48674999999999996 0.147484 0.510521 0.149391 0.504958 0.140281 0.484708 0.11484399999999999 0.49129199999999995 0.11826600000000001 0.524687 0.142937 0.532292 0.142937 0.55 0.140656 0.5393749999999999 0.130406 0.527229 0.12129700000000002 0.500396 0.112187 0.47560399999999997 0.112578 0.45131299999999996 0.115609 0.422979 0.126234 0.398187 0.140656 0.39566700000000005 0.153172 0.410833 0.164563 0.411854 0.163422