22 0.387031 0.586229 0.377 0.417771 0.340906 0.431146 0.338906 0.431146 0.338906 0.447188 0.350938 0.511354 0.370984 0.5595 0.387031 0.586229
22 0.0360938 0.856292 0.0340937 0.84025 0.0401094 0.896396 0.130344 0.877667 0.126344 0.853604 0.0982656 0.829542 0.100266 0.816167 0.0882344 0.784083 0.0882344 0.754687 0.0982656 0.698521 0.102266 0.639708 0.102266 0.602271 0.09625 0.562167 0.0902344 0.53275 0.0842187 0.511354 0.09625 0.476604 0.00601563 0.495312 0.00401563 0.596917 0.0360938 0.856292
22 0.381016 0.695854 0.375 0.701208 0.358953 0.682479 0.348938 0.6905 0.346922 0.671792 0.330875 0.661104 0.322859 0.647729 0.320859 0.714562 0.314844 0.789438 0.344922 0.781417 0.377 0.762708 0.370984 0.749333 0.397062 0.735958 0.393047 0.653083 0.393047 0.647729 0.381016 0.663771 0.379016 0.685167 0.381016 0.695854
27 0.0270937 0.970083 0.0490938 0.9723539999999999 0.220094 0.981375 0.431719 0.963313 0.805875 0.981375 0.9565469999999999 0.884313 1 0.6788959999999999 0.988719 0.5073329999999999 0.751687 0.5795619999999999 0.41140600000000005 0.715021 0.0169375 0.9204380000000001 0.0270937 0.970083
50 0.13956200000000002 0.873917 0.370703 0.762625 0.361078 0.7519170000000001 0.397984 0.7454999999999999 0.394781 0.608542 0.36428099999999997 0.507938 0.32254700000000003 0.37952100000000005 0.333797 0.276813 0.298484 0.210458 0.21340599999999998 0.201896 0.200563 0.242563 0.157234 0.315333 0.174875 0.36454200000000003 0.123516 0.407354 0.0785781 0.5100830000000001 0.0978437 0.647062 0.0769688 0.764771 0.121906 0.841792 0.133141 0.884604 0.13956200000000002 0.873917
50 0.415078 0.46997900000000004 0.417906 0.491271 0.415078 0.513813 0.405687 0.571438 0.410391 0.598979 0.418844 0.6140209999999999 0.425422 0.744292 0.48459399999999997 0.7304999999999999 0.501516 0.721729 0.511844 0.738021 0.524062 0.720479 0.525938 0.7029580000000001 0.615172 0.6716460000000001 0.617797 0.607667 0.621984 0.570583 0.641406 0.5747920000000001 0.636688 0.557292 0.655578 0.5761869999999999 0.6650159999999999 0.5768749999999999 0.676562 0.5782919999999999 0.6849689999999999 0.585271 0.6912659999999999 0.5796880000000001 0.7022809999999999 0.583875 0.704391 0.572688 0.697031 0.5405 0.662406 0.511104 0.646125 0.507604 0.635109 0.488708 0.628281 0.466333 0.629344 0.455125 0.624609 0.449521 0.625141 0.370458 0.626188 0.350167 0.622516 0.336875 0.627766 0.336875 0.625656 0.32777100000000003 0.613594 0.294187 0.608344 0.273187 0.586297 0.262 0.582625 0.240312 0.584203 0.19412500000000002 0.575281 0.14024999999999999 0.5695159999999999 0.121354 0.550609 0.0912708 0.528578 0.082875 0.523328 0.0849583 0.515453 0.0912708 0.5128280000000001 0.0891667 0.5028590000000001 0.0849583 0.492359 0.0912708 0.47925000000000006 0.104562 0.462453 0.14024999999999999 0.45195299999999994 0.21720799999999998 0.44303100000000006 0.253604 0.429906 0.296292 0.41573399999999994 0.312375 0.41050000000000003 0.33408299999999996 0.41417200000000004 0.353667 0.40801600000000005 0.380521 0.415078 0.46997900000000004
41 0.5231250000000001 0.722875 0.514188 0.734083 0.507344 0.734083 0.525234 0.76425 0.5278590000000001 0.778271 0.568359 0.856812 0.575719 0.8406870000000001 0.538375 0.761437 0.5231250000000001 0.722875
41 0.43631200000000003 0.9023540000000001 0.46234400000000003 0.910813 0.465859 0.905188 0.384938 0.8723329999999999 0.354672 0.862021 0.342719 0.8592080000000001 0.320187 0.852625 0.294156 0.847938 0.28712499999999996 0.845125 0.285719 0.845125 0.28712499999999996 0.8648330000000001 0.36875 0.8836040000000001 0.43631200000000003 0.9023540000000001
17 0.727906 0.765417 0.735672 0.769854 0.736781 0.765417 0.732344 0.7595 0.7312339999999999 0.752104 0.711266 0.728437 0.6890780000000001 0.74175 0.690188 0.765417 0.705719 0.780208 0.727906 0.765417
17 0.704156 1 0.705844 0.9998539999999999 0.751359 0.990854 0.769891 0.968396 0.783375 0.936917 0.808656 0.8964789999999999 0.822141 0.88525 0.808656 0.867271 0.788438 0.860521 0.774953 0.849292 0.7395470000000001 0.831312 0.72775 0.8245629999999999 0.6957340000000001 0.804333 0.683938 0.797604 0.645172 0.770625 0.621578 0.761646 0.582812 0.745917 0.581125 0.745917 0.574391 0.750417 0.545734 0.770625 0.510344 0.7931039999999999 0.48674999999999996 0.8065829999999999 0.46651600000000004 0.820063 0.45135899999999995 0.8290620000000001 0.43112500000000004 0.842542 0.414266 0.851542 0.397422 0.874 0.373828 0.8942289999999999 0.343484 0.914458 0.326625 0.921188 0.299672 0.934688 0.289547 0.945917 0.27775 0.9571459999999999 0.27270300000000003 0.977375 0.28450000000000003 0.986375 0.299672 1 0.309781 1 0.324953 1 0.363719 1 0.40921900000000005 1 0.505281 1 0.555844 1 0.619891 1 0.6569689999999999 1 0.704156 1
32 0.899531 0.844583 0.9016719999999999 0.858271 0.9046559999999999 0.870229 0.9089219999999999 0.8765000000000001 0.913625 0.882188 0.917047 0.881625 0.9089219999999999 0.8668119999999999 0.911922 0.866229 0.918328 0.880479 0.920469 0.879333 0.9153439999999999 0.8668119999999999 0.917047 0.865104 0.92175 0.877062 0.923453 0.8765000000000001 0.91875 0.86225 0.91875 0.859396 0.915766 0.8537079999999999 0.9089219999999999 0.846292 0.8952500000000001 0.805292 0.8892810000000001 0.794458 0.886281 0.7904789999999999 0.883297 0.7904789999999999 0.881156 0.793896 0.892266 0.824083 0.899531 0.844583
32 0.682828 0.7199380000000001 0.6856880000000001 0.727333 0.698734 0.734021 0.709828 0.729479 0.697844 0.7201869999999999 0.6872969999999999 0.714458 0.684266 0.716125 0.682828 0.7199380000000001
32 0.718531 0.702146 0.743547 0.699313 0.7788280000000001 0.6956880000000001 0.771266 0.685354 0.761953 0.688708 0.719891 0.6967289999999999 0.718531 0.702146
41 0.35515599999999997 0.9397920000000001 0.23029700000000003 0.919917 0.21539100000000003 0.923229 0.213531 0.920729 0.202969 0.915771 0.162594 0.908312 0.158859 0.909146 0.14643699999999998 0.906667 0.14768699999999998 0.914104 0.157625 0.919083 0.15948400000000001 0.9298540000000001 0.186812 0.942271 0.21787499999999999 0.937313 0.240859 0.9397920000000001 0.22906300000000002 0.937313 0.334656 0.9497289999999999 0.35515599999999997 0.9397920000000001
17 0.9001089999999999 0.832792 0.8766719999999999 0.817562 0.857234 0.838125 0.8549530000000001 0.869375 0.881812 0.883104 0.894391 0.874708 0.899531 0.858708 0.896687 0.837375 0.9001089999999999 0.832792
27 0.9977499999999999 0.438771 1 0.357875 0.953937 0.321917 0.869656 0.371354 0.9977499999999999 0.436521 0.9977499999999999 0.438771
41 0.70975 0.7274999999999999 0.692922 0.7169380000000001 0.683516 0.714958 0.684016 0.722229 0.6845 0.7242080000000001 0.696875 0.732792 0.70975 0.7274999999999999