52 0.770328 0.37976499999999996 0.79725 0.366291 0.7927660000000001 0.323592 0.788281 0.310117 0.7867810000000001 0.298873 0.788281 0.285399 0.791266 0.285399 0.7927660000000001 0.269671 0.795766 0.262911 0.8002499999999999 0.249437 0.8047340000000001 0.24269999999999997 0.813703 0.220235 0.8211869999999999 0.20899099999999998 0.8511089999999999 0.202254 0.8615780000000001 0.202254 0.8615780000000001 0.19100899999999998 0.879516 0.182019 0.879516 0.197746 0.9094369999999999 0.240446 0.910937 0.229202 0.8974690000000001 0.19326300000000002 0.8825160000000001 0.141573 0.9049530000000001 0.150563 0.9094369999999999 0.12584499999999998 0.8885 0.112371 0.860078 0.07866200000000001 0.827172 0.06291080046948357 0.8002499999999999 0.051690100938967136 0.752375 0.035962399061032865 0.750891 0.06068080046948357 0.738922 0.06068080046948357 0.735922 0.05394369953051643 0.720969 0.04718310093896713 0.709 0.080892 0.692547 0.038192500000000004 0.674594 0.03145539906103286 0.669969 0.06340380046948357 0.675469 0.09647889906103287 0.675469 0.11716 0.675469 0.15439 0.690609 0.210211 0.7291559999999999 0.247441 0.763563 0.280516 0.762188 0.379789 0.770328 0.37976499999999996
27 0.994516 1 1 0.8141079999999999 0.947531 0.804695 0.9209059999999999 0.804695 0.884891 0.804695 0.8755000000000001 0.8141079999999999 0.847297 0.8446950000000001 0.7893589999999999 0.861174 0.737672 0.875305 0.706344 0.922347 0.693813 0.922347 0.649969 0.931761 0.646828 0.978826 0.634297 0.995305 0.693813 0.997653 0.764297 1 0.994516 1
50 0.44975 0.985352 0.464734 0.951573 0.46173400000000003 0.91554 0.46173400000000003 0.911033 0.45575 0.7939200000000001 0.44525 0.7578870000000001 0.42726600000000003 0.613732 0.43324999999999997 0.541667 0.43174999999999997 0.512394 0.409266 0.467347 0.38978100000000004 0.420047 0.418266 0.368239 0.45275 0.33220700000000003 0.469234 0.262394 0.44975 0.201573 0.43174999999999997 0.170047 0.415266 0.181315 0.413766 0.127254 0.388281 0.167793 0.35379700000000003 0.156526 0.32231299999999996 0.161033 0.28634400000000004 0.156526 0.302828 0.170047 0.281844 0.197066 0.233875 0.24436599999999997 0.227875 0.291667 0.22937500000000002 0.336714 0.263844 0.381761 0.287844 0.413286 0.275844 0.41779299999999997 0.199391 0.514648 0.187391 0.579953 0.173906 0.735352 0.179906 0.836714 0.19489099999999998 0.8479810000000001 0.182891 0.875 0.182891 0.989859 0.44975 0.985352
50 0.8785000000000001 0.710587 0.856016 0.656526 0.8575160000000001 0.501127 0.854516 0.438052 0.8665160000000001 0.44255900000000004 0.883 0.41553999999999996 0.898 0.404272 0.9054839999999998 0.365986 0.936969 0.375 0.9294689999999999 0.33446000000000004 0.942969 0.296174 0.924984 0.278146 0.902484 0.23985899999999996 0.8410309999999999 0.20833299999999996 0.8140470000000001 0.215094 0.8140470000000001 0.233099 0.8140470000000001 0.260141 0.799047 0.284906 0.785562 0.302934 0.796047 0.320939 0.796047 0.347981 0.790063 0.370493 0.763062 0.3952820000000001 0.700109 0.460587 0.682109 0.552934 0.685109 0.559695 0.680609 0.615986 0.697109 0.6835679999999998 0.730094 0.773638 0.752578 0.832207 0.757078 0.884014 0.791547 0.863732 0.799047 0.852488 0.832031 0.856972 0.8260310000000001 0.870493 0.862016 0.865986 0.8590160000000001 0.805188 0.892 0.800681 0.892 0.7781460000000001 0.8949999999999999 0.748873 0.8785000000000001 0.710587
17 0.74775 0.8942720000000001 0.746578 0.9012910000000001 0.762891 0.924061 0.783875 0.9292959999999999 0.808344 0.9363149999999999 0.807188 0.987089 0.8316560000000001 0.997582 0.854969 0.997582 0.881766 0.997582 0.9167339999999999 0.997582 0.9213910000000001 0.985329 0.927219 0.948568 0.917906 0.918803 0.9132339999999999 0.889038 0.889922 0.8610089999999999 0.8561249999999999 0.8557750000000001 0.8328279999999999 0.857512 0.8164999999999999 0.86277 0.7990160000000001 0.8680279999999999 0.774547 0.880282 0.761734 0.887277 0.757062 0.899531 0.74775 0.8942720000000001
41 0.697266 0.863333 0.690266 0.861221 0.6832659999999999 0.854202 0.666937 0.833873 0.669266 0.8640380000000001 0.743016 0.9089200000000001 0.753297 0.899789 0.754687 0.88507 0.697734 0.8549059999999999 0.697266 0.863333
17 0.8024060000000001 0.977746 0.803672 0.9692019999999999 0.804453 0.963967 0.804937 0.960634 0.800812 0.9565960000000001 0.8003439999999999 0.9461269999999999 0.799078 0.941596 0.795594 0.93993 0.793063 0.938521 0.792422 0.937324 0.784188 0.936362 0.781344 0.934953 0.773594 0.934225 0.7710619999999999 0.933286 0.766625 0.932324 0.762656 0.932324 0.757594 0.935188 0.756328 0.937324 0.7552190000000001 0.9444600000000001 0.754594 0.94993 0.754594 0.954695 0.75475 0.958967 0.756812 0.964437 0.757281 0.96777 0.7595 0.9727699999999999 0.761719 0.976808 0.7640939999999999 0.978944 0.7640939999999999 0.9813149999999999 0.762656 0.984413 0.761562 0.999883 0.797328 0.999883 0.800656 0.993451 0.8024060000000001 0.977746
17 0.763531 0.995751 0.768469 0.980939 0.757609 0.9675819999999999 0.7378750000000001 0.9631460000000001 0.7359060000000001 0.9750000000000001 0.728 0.964624 0.7072809999999999 0.964624 0.704313 0.976479 0.70925 0.995751 0.763531 0.995751
17 0.652625 0.9484739999999999 0.6457499999999999 0.9613849999999999 0.646172 0.984601 0.650047 0.998803 0.700734 0.998169 0.7037340000000001 0.966549 0.692562 0.942653 0.678391 0.944601 0.671953 0.956221 0.668937 0.947817 0.652625 0.9484739999999999
17 0.714234 0.943286 0.72875 0.945399 0.739031 0.946995 0.750359 0.9464790000000001 0.754969 0.9400940000000001 0.757094 0.9310329999999999 0.752844 0.920399 0.748594 0.912958 0.741859 0.9097649999999999 0.737969 0.9028400000000001 0.729812 0.9054930000000001 0.724859 0.9102819999999999 0.717781 0.908169 0.714938 0.913474 0.7135309999999999 0.918803 0.705375 0.9262440000000001 0.702187 0.937418 0.7085619999999999 0.945399 0.714234 0.943286
50 0.620797 0.128333 0.590453 0.12218299999999999 0.562578 0.132042 0.537156 0.16283999999999998 0.482219 0.186244 0.48057800000000006 0.199789 0.493703 0.213333 0.5297810000000001 0.247817 0.532234 0.286009 0.528141 0.356221 0.478125 0.394413 0.442859 0.452324 0.42728099999999997 0.590282 0.428922 0.635869 0.43876600000000004 0.762746 0.47401600000000005 0.7812209999999999 0.465 0.933967 0.47401600000000005 0.996784 0.6363749999999999 0.9992489999999999 0.642938 0.9820190000000001 0.64375 0.9487559999999999 0.698688 0.925352 0.686391 0.868685 0.695406 0.867441 0.702781 0.8551169999999999 0.738047 0.88223 0.756078 0.890845 0.738047 0.799695 0.729844 0.7787559999999999 0.697047 0.6900700000000001 0.669984 0.54716 0.66425 0.523756 0.655234 0.45600900000000005 0.6453909999999999 0.405493 0.628172 0.377183 0.639656 0.34514100000000003 0.6650780000000001 0.316808 0.652766 0.27615 0.693766 0.268779 0.716734 0.242911 0.657687 0.21211300000000002 0.6257189999999999 0.140657 0.620797 0.128333