69 0.564875 0.478462 0.5494060000000001 0.657601 0.576484 0.698407 0.591969 0.6689379999999999 0.590031 0.38774699999999995 0.597766 0.380952 0.595828 0.362821 0.580359 0.39455999999999997 0.584219 0.405897 0.564875 0.478462
22 0.749359 0.796172 0.747437 1 0.9462339999999999 0.9987 0.9280630000000001 0.796172 0.905 0.7691389999999999 0.862734 0.827711 0.856969 0.834451 0.835828 0.832216 0.831984 0.820952 0.8223750000000001 0.805183 0.835828 0.760128 0.778188 0.762381 0.749359 0.796172
22 0.41854699999999995 0.9941030000000001 0.637859 0.999945 0.631219 0.9561170000000001 0.622906 0.911319 0.606297 0.9025639999999999 0.595484 0.892821 0.587187 0.89185 0.572234 0.893791 0.553953 0.896722 0.544813 0.8996339999999999 0.5149060000000001 0.909377 0.480016 0.909377 0.450109 0.919121 0.43681200000000003 0.937619 0.422687 0.969744 0.41854699999999995 0.9941030000000001
22 0.933938 0.584029 0.9372809999999999 0.590879 0.943109 0.588919 0.9698119999999999 0.5879489999999999 0.964813 0.5693590000000001 0.9723280000000001 0.5654399999999999 0.984844 0.5654399999999999 0.983172 0.551758 0.9723280000000001 0.54196 0.9614689999999999 0.540989 0.943109 0.543919 0.9305939999999999 0.54881 0.928937 0.56348 0.933109 0.585989 0.933938 0.584029
50 0.355469 0.358114 0.332406 0.358114 0.309359 0.351355 0.288219 0.340092 0.280531 0.333333 0.286297 0.308553 0.292063 0.270275 0.292063 0.234231 0.286297 0.211703 0.276688 0.191447 0.234422 0.182436 0.213281 0.186941 0.180609 0.216209 0.178687 0.263516 0.180609 0.304048 0.172938 0.335586 0.146031 0.358114 0.11720299999999999 0.37837 0.0960781 0.400897 0.06148440000000001 0.463956 0.0461094 0.490989 0.0384219 0.549542 0.0403437 0.62163 0.0403437 0.657656 0.0384219 0.707216 0.0537969 0.745495 0.0768594 0.745495 0.0903125 0.75 0.0922344 0.768022 0.0941562 0.801795 0.0941562 0.849103 0.0999219 0.916667 0.0999219 0.961703 0.11143699999999998 0.9977469999999999 0.301672 0.9887359999999998 0.313203 0.790549 0.317047 0.731978 0.317047 0.686941 0.320875 0.637381 0.330484 0.583333 0.330484 0.515769 0.326641 0.47522000000000003 0.326641 0.439194 0.328562 0.409908 0.338172 0.387381 0.368922 0.37163 0.378531 0.369377 0.376609 0.358114 0.355469 0.358114
50 0.643313 1 0.658797 1 0.65425 0.932289 0.660625 0.879963 0.681578 0.808425 0.676109 0.712326 0.678844 0.686685 0.677016 0.66533 0.676109 0.637582 0.678844 0.609817 0.681578 0.579908 0.681578 0.548956 0.693422 0.504103 0.693422 0.48380999999999996 0.701609 0.451777 0.715281 0.410147 0.716187 0.388773 0.637844 0.350348 0.626 0.332198 0.633297 0.310842 0.638766 0.280934 0.640578 0.260641 0.642406 0.243571 0.628734 0.209396 0.605969 0.182692 0.585922 0.185897 0.549484 0.209396 0.54675 0.225403 0.544937 0.23928600000000003 0.537641 0.275604 0.548578 0.303352 0.563156 0.33326 0.563156 0.345 0.54675 0.350348 0.483891 0.365293 0.4939220000000001 0.3813 0.506672 0.397326 0.507578 0.446447 0.5085 0.47313199999999994 0.510313 0.493425 0.506672 0.561758 0.507578 0.606612 0.505766 0.663205 0.511219 0.687766 0.503937 0.706978 0.516687 0.739011 0.520328 0.769982 0.517609 0.815897 0.5085 0.905586 0.578641 0.898114 0.572266 0.807363 0.58775 0.893846 0.598672 0.894908 0.628734 0.932289 0.643313 1
50 0.724672 0.9955130000000001 0.728516 0.9955130000000001 0.747687 0.9887729999999999 0.759188 0.782015 0.766859 0.768535 0.782188 0.768535 0.828203 0.761795 0.822453 0.8067399999999999 0.866547 0.8404579999999999 0.897219 0.788773 0.9221410000000001 0.7393219999999999 0.9413130000000001 0.635952 0.925969 0.57304 0.912562 0.417985 0.897219 0.37978 0.8742190000000001 0.364048 0.8090310000000001 0.314615 0.8128590000000001 0.285385 0.801359 0.26067799999999997 0.797531 0.2337 0.766859 0.2 0.7457659999999999 0.202253 0.717016 0.202253 0.7131719999999999 0.211227 0.7112499999999999 0.244945 0.7112499999999999 0.27864500000000003 0.7112499999999999 0.28989000000000004 0.7112499999999999 0.319103 0.730422 0.357308 0.726594 0.357308 0.718922 0.37078799999999995 0.7131719999999999 0.38877300000000004 0.7131719999999999 0.4 0.709344 0.45842499999999997 0.695922 0.487637 0.690172 0.5056229999999999 0.68825 0.555055 0.684422 0.597747 0.680578 0.6224729999999999 0.684422 0.764048 0.7131719999999999 0.9842669999999999 0.724672 0.9955130000000001
13 0.09214059999999999 0.327399 0.0915625 0.296319 0.0881094 0.274029 0.08349999999999999 0.274029 0.0829219 0.286868 0.0783125 0.299029 0.0794531 0.327399 0.09214059999999999 0.327399
13 0.0208594 0.270586 0.0210938 0.266795 0.016015599999999998 0.26652000000000003 0.0153281 0.273571 0.00978125 0.290073 0.0081718796875 0.32445100000000004 0.025937500000000002 0.325531 0.026640599999999997 0.291429 0.0227031 0.28141 0.0208594 0.270586
13 0 0.32736299999999996 0.006 0.32736299999999996 0.012859400000000002 0.26816799999999996 0.0109844 0.258663 0.0035000000000000005 0.25793 0 0.260861 0 0.32736299999999996
79 0.9665940000000001 0.503718 0.9687189999999999 0.51044 0.970203 0.515183 0.971063 0.518919 0.9704219999999999 0.5204030000000001 0.978281 0.520659 0.9778589999999999 0.519414 0.978281 0.516172 0.980203 0.51119 0.981047 0.506703 0.982109 0.4982420000000001 0.9818910000000001 0.48928599999999994 0.98125 0.48355300000000007 0.980406 0.480806 0.9674530000000001 0.48305900000000007 0.9659530000000001 0.492271 0.9665940000000001 0.503718
26 0.9705 0.625806 0.972484 0.6299819999999999 0.986688 0.63044 0.9906409999999999 0.6253479999999999 0.9910310000000001 0.566117 0.988266 0.5642670000000001 0.981156 0.56381 0.966953 0.56381 0.966156 0.567509 0.9697190000000001 0.620714 0.9705 0.625806
22 0.916906 0.48113600000000006 0.921625 0.5438459999999999 0.9310309999999999 0.5438459999999999 0.9344530000000001 0.547363 0.937031 0.5468500000000001 0.935312 0.5358240000000001 0.927187 0.48413900000000004 0.9203279999999999 0.483132 0.916906 0.48113600000000006
27 0.999672 0.5835710000000001 0.988109 0.588095 0.990859 0.626172 0.982047 0.6332599999999999 0.973797 0.630037 0.968297 0.61326 0.972687 0.585513 0.934156 0.590018 0.9396559999999999 0.615201 0.938016 0.646813 0.9352499999999999 0.666172 0.997469 0.6913370000000001 0.999672 0.5835710000000001
50 0.00190625 0.412821 0.00190625 0.619103 0.0114844 0.619103 0.019125 0.6280589999999999 0.026781199999999998 0.6325459999999999 0.034437499999999996 0.621337 0.028687499999999998 0.574249 0.0172187 0.504744 0.0229531 0.4487 0.0172187 0.394872 0.0038281296875 0.36796700000000004 0.00190625 0.412821
13 0.060703099999999996 0.327143 0.061125 0.308681 0.062 0.28895600000000005 0.059828099999999995 0.284396 0.05832810000000001 0.280604 0.05725 0.278333 0.05725 0.275037 0.0578906 0.268205 0.05487499999999999 0.268462 0.0492656 0.267949 0.0483906 0.271758 0.0483906 0.280861 0.0468906 0.284139 0.0432188 0.292491 0.0421406 0.301099 0.0417031 0.326648 0.060703099999999996 0.327143
13 0.028000000000000004 0.294121 0.0260625 0.32543999999999995 0.0342031 0.32543999999999995 0.040406199999999996 0.32499999999999996 0.0419531 0.29547599999999996 0.0372969 0.279139 0.036906299999999996 0.266429 0.033046900000000004 0.265513 0.0314844 0.280952 0.028000000000000004 0.294121
13 0.065625 0.288645 0.0620625 0.293352 0.060375 0.326648 0.07395310000000001 0.327729 0.0755 0.306374 0.074875 0.296429 0.0725625 0.290092 0.0725625 0.276703 0.0670156 0.27725299999999997 0.065625 0.288645
22 0.0413906 1 0.095125 0.9948530000000001 0.111422 0.956136 0.106141 0.9437549999999999 0.0590156 0.911227 0.0374375 0.90141 0.0087968703125 0.905037 0 0.907601 0 0.965421 0 0.986593 0 1 0.0413906 1
27 0.0541562 0.7637 0.004 0.776136 0 0.802143 0.0937031 0.7863 0.09081249999999999 0.741081 0.0589688 0.737692 0.0464375 0.690201 0.0541562 0.7637
50 0.36246900000000004 0.32642899999999997 0.380156 0.365293 0.344781 0.383425 0.335953 0.409322 0.33373400000000003 0.443004 0.33373400000000003 0.520733 0.313844 0.588077 0.324891 0.694304 0.289531 0.7901469999999999 0.318266 0.8678750000000001 0.335953 0.968919 0.453078 0.981868 0.5127659999999999 0.9637359999999999 0.497281 0.943004 0.5127659999999999 0.893791 0.517172 0.821245 0.514969 0.764249 0.521594 0.681355 0.517172 0.606209 0.514969 0.544048 0.506125 0.471502 0.503922 0.46373600000000004 0.481813 0.430055 0.472969 0.45076900000000003 0.46414099999999997 0.440421 0.46192200000000005 0.398956 0.475187 0.362692 0.47076599999999996 0.32642899999999997 0.46192200000000005 0.287564 0.45971900000000004 0.277198 0.453078 0.2487 0.39340600000000003 0.2487 0.377937 0.2513 0.375734 0.274615 0.358047 0.33161199999999996 0.36246900000000004 0.32642899999999997