13 0.09275 0.396708 0.0923906 0.402479 0.0931094 0.399104 0.0974375 0.40439600000000003 0.0999687 0.415958 0.0974375 0.420292 0.0981563 0.456854 0.11187499999999999 0.45829200000000003 0.110438 0.408729 0.10971900000000001 0.406333 0.11187499999999999 0.40537500000000004 0.11223399999999999 0.39958299999999997 0.0967187 0.39477100000000004 0.09275 0.396708
14 0.412219 0.889313 0.43632799999999994 0.889313 0.436078 0.875812 0.439703 0.870625 0.439703 0.868896 0.43659400000000004 0.867875 0.429844 0.864062 0.418703 0.864062 0.41246900000000003 0.868563 0.409641 0.872563 0.408469 0.874521 0.40876599999999996 0.874521 0.408578 0.875125 0.41246900000000003 0.8796250000000001 0.412219 0.889313
48 0.046484399999999995 0.9998539999999999 0.157562 0.9998539999999999 0.157844 0.98575 0.157562 0.894083 0.046484399999999995 0.9998539999999999
48 0.606859 0.996313 0.606062 0.899583 0.597297 0.86875 0.595703 0.897458 0.503219 0.895333 0.503219 0.891062 0.503219 0.8475 0.496047 0.8517499999999999 0.496047 0.901708 0.49923400000000007 0.9984369999999999 0.606859 0.996313
13 0.9759059999999999 0.435521 0.9763909999999999 0.42497900000000005 0.975187 0.380229 0.9687189999999999 0.360417 0.96775 0.326542 0.9574529999999999 0.325896 0.955766 0.36106299999999997 0.949297 0.38087499999999996 0.949781 0.43872900000000004 0.9759059999999999 0.435521
13 0.212406 0.644708 0.229578 0.646563 0.22307800000000003 0.594583 0.22725 0.5902499999999999 0.224016 0.582812 0.20079699999999998 0.585292 0.205437 0.593333 0.200344 0.606333 0.212406 0.644708
13 0.8239380000000001 0.669708 0.823031 0.6730630000000001 0.822531 0.6844169999999999 0.8214219999999999 0.685354 0.819922 0.687771 0.818922 0.6925830000000001 0.820422 0.695375 0.8283440000000001 0.696313 0.835469 0.6957920000000001 0.834562 0.687625 0.831359 0.682542 0.831359 0.678146 0.830453 0.6695829999999999 0.825437 0.6695829999999999 0.8239380000000001 0.669708
52 0.5883130000000001 0.8565419999999999 0.592313 0.83825 0.594031 0.8184170000000001 0.5843130000000001 0.815375 0.5723130000000001 0.8092710000000001 0.559156 0.821479 0.548875 0.8146249999999999 0.544875 0.835187 0.546578 0.864917 0.5460160000000001 0.880167 0.579734 0.883208 0.5883130000000001 0.8565419999999999
52 0.544844 0.876687 0.546531 0.85875 0.546531 0.849771 0.546531 0.8318329999999999 0.546531 0.8206249999999999 0.548203 0.811667 0.5381090000000001 0.8094169999999999 0.528031 0.8094169999999999 0.5027969999999999 0.807167 0.489344 0.811667 0.491031 0.829604 0.49439099999999997 0.847542 0.49776600000000004 0.867708 0.49776600000000004 0.8744379999999999 0.543156 0.883417 0.544844 0.876687
52 0.439906 0.760583 0.442453 0.765687 0.442141 0.777625 0.43767199999999995 0.782312 0.442453 0.7908120000000001 0.442453 0.794229 0.4565 0.798479 0.466078 0.7993330000000001 0.475672 0.792521 0.47375 0.784 0.476297 0.781458 0.47598399999999996 0.773792 0.47375 0.777188 0.472469 0.758042 0.47342199999999995 0.7520830000000001 0.46831300000000003 0.744417 0.45585899999999996 0.741854 0.45235900000000007 0.7376039999999999 0.449484 0.745688 0.447891 0.741 0.44373399999999996 0.745688 0.445016 0.750375 0.44373399999999996 0.747812 0.43926600000000005 0.7525 0.439906 0.760583
52 0.514953 0.796438 0.518969 0.781979 0.518563 0.776083 0.506922 0.77125 0.505703 0.761625 0.512141 0.752521 0.5041089999999999 0.744479 0.488047 0.7455630000000001 0.473578 0.750917 0.473984 0.758938 0.476391 0.763229 0.47439099999999995 0.791063 0.482812 0.800167 0.514953 0.796438
12 0.9306409999999999 0.6177290000000001 0.9315939999999999 0.641583 0.931281 0.749729 0.952672 0.749729 0.951719 0.689688 0.9520310000000001 0.640313 0.965766 0.63775 0.994188 0.634333 0.998016 0.609646 0.934469 0.613062 0.9306409999999999 0.6177290000000001
52 0.576031 0.788667 0.575469 0.7858750000000001 0.576031 0.7780419999999999 0.576609 0.770208 0.5743280000000001 0.768167 0.563891 0.768437 0.562563 0.770208 0.563141 0.775521 0.562953 0.7810830000000001 0.563328 0.787146 0.573375 0.787396 0.576031 0.788667
52 0.581547 0.762667 0.576359 0.764958 0.577797 0.7906460000000001 0.594766 0.794479 0.597359 0.764583 0.588734 0.76075 0.579812 0.763042 0.581547 0.762667
52 0.615578 0.764979 0.600578 0.7666459999999999 0.6015159999999999 0.782479 0.605891 0.7874789999999999 0.617453 0.788312 0.619641 0.775813 0.615578 0.764979
52 0.640328 0.7843129999999999 0.641375 0.778312 0.6435 0.769854 0.641375 0.7673749999999999 0.632375 0.7663329999999999 0.628406 0.769854 0.618891 0.7709170000000001 0.617828 0.786792 0.635828 0.786083 0.640328 0.7843129999999999
52 0.43706300000000003 0.756021 0.43817199999999995 0.7520830000000001 0.433375 0.7466670000000001 0.425984 0.7446870000000001 0.413438 0.745667 0.404578 0.750104 0.402375 0.7530629999999999 0.403109 0.7599579999999999 0.404578 0.7658539999999999 0.405328 0.77275 0.403844 0.779625 0.40199999999999997 0.7875 0.405687 0.792917 0.417875 0.800792 0.436688 0.793417 0.439281 0.785542 0.43743699999999996 0.775687 0.43743699999999996 0.755521 0.43706300000000003 0.756021
12 0.969828 0.756188 0.972312 0.6433129999999999 0.9535 0.64 0.9525 0.750917 0.969828 0.756188
12 1 0.655792 0.9874219999999999 0.659188 0.9835940000000001 0.659188 1 0.769771 1 0.655792
12 0.986906 0.772479 0.999578 0.7700619999999999 0.9850939999999999 0.662229 0.999578 0.658208 0.997172 0.631646 0.9772500000000001 0.642104 0.986906 0.772479
13 0.153281 0.526646 0.17214100000000002 0.524521 0.17214100000000002 0.5073960000000001 0.17214100000000002 0.492438 0.161297 0.489208 0.155281 0.494562 0.152078 0.49885399999999996 0.153281 0.526646
48 0.0111875 0.845062 0 0.9992920000000001 0.153859 0.872479 0.0240469 0.829646 0.0111875 0.845062