50 0.23206300000000002 0.823406 0.249667 0.826219 0.250792 0.825094 0.249667 0.8189059999999999 0.251917 0.8144220000000001 0.248542 0.8107659999999999 0.253042 0.8062659999999999 0.253417 0.804578 0.252292 0.800656 0.256792 0.811047 0.257542 0.8189059999999999 0.263521 0.821156 0.269146 0.8278909999999999 0.275146 0.828172 0.27625 0.820875 0.27177100000000004 0.811047 0.27177100000000004 0.8015000000000001 0.271021 0.793063 0.27177100000000004 0.776219 0.277 0.773688 0.27775 0.766656 0.27439600000000003 0.755141 0.282625 0.750375 0.274021 0.739422 0.260146 0.7315470000000001 0.254917 0.7301409999999999 0.253792 0.72425 0.250792 0.719187 0.242167 0.719187 0.23618799999999998 0.721719 0.23618799999999998 0.728172 0.238812 0.733234 0.222708 0.746438 0.229813 0.755703 0.229063 0.764141 0.23131300000000002 0.772 0.231687 0.783234 0.235813 0.804297 0.23918699999999998 0.813016 0.233188 0.820594 0.23206300000000002 0.823406
50 0.186458 0.736047 0.169667 0.726156 0.16845800000000002 0.7135469999999999 0.15166700000000002 0.714453 0.14325000000000002 0.7342500000000001 0.132458 0.7648590000000001 0.15166700000000002 0.8431559999999999 0.176854 0.844953 0.17085399999999998 0.825156 0.176854 0.742359 0.186458 0.736047
50 0.13120800000000002 0.733922 0.127667 0.729047 0.127667 0.721938 0.121146 0.7166089999999999 0.11168700000000001 0.720156 0.11168700000000001 0.727703 0.11168700000000001 0.729922 0.10458300000000001 0.73525 0.09925 0.737031 0.10043700000000001 0.741031 0.101021 0.747687 0.0968958 0.753453 0.09570830000000001 0.759672 0.09629170000000001 0.769437 0.0974792 0.771656 0.0968958 0.779188 0.0968958 0.787188 0.0968958 0.793391 0.0951042 0.802281 0.0951042 0.8075939999999999 0.10043700000000001 0.817594 0.0998542 0.822484 0.106354 0.823359 0.1105 0.8202659999999999 0.11641699999999999 0.823813 0.123521 0.8242499999999999 0.12587500000000001 0.822031 0.12587500000000001 0.816266 0.127667 0.8105 0.13358299999999998 0.8016249999999999 0.134771 0.790516 0.135354 0.784312 0.135354 0.776312 0.134167 0.769656 0.136542 0.7607809999999999 0.141854 0.750578 0.142458 0.741703 0.138896 0.737469 0.138896 0.739687 0.13120800000000002 0.733922
50 0.45637500000000003 0.7586090000000001 0.47725 0.812297 0.48322899999999996 0.841375 0.48918700000000004 0.8905939999999999 0.49514600000000003 0.928625 0.49514600000000003 0.9577030000000001 0.5011249999999999 0.968891 0.527958 0.9778439999999999 0.5369170000000001 0.9554690000000001 0.519021 0.926391 0.516042 0.895078 0.513042 0.861516 0.530937 0.839141 0.530937 0.8190160000000001 0.5339379999999999 0.798875 0.539896 0.807828 0.5458540000000001 0.832437 0.5458540000000001 0.843609 0.557792 0.848094 0.5637500000000001 0.830188 0.5488540000000001 0.805578 0.551833 0.780984 0.524979 0.745188 0.492167 0.731766 0.492167 0.718344 0.465333 0.704922 0.450417 0.722813 0.465333 0.734 0.450417 0.756375 0.45637500000000003 0.7586090000000001
50 0.204583 0.839016 0.20577099999999998 0.808406 0.21177100000000001 0.8111090000000001 0.214188 0.827313 0.218979 0.8372189999999999 0.226187 0.8354060000000001 0.228583 0.792203 0.233375 0.783203 0.233375 0.761609 0.226187 0.748109 0.216583 0.741797 0.214188 0.727406 0.206979 0.7229059999999999 0.199771 0.7229059999999999 0.192583 0.7264999999999999 0.191375 0.7346090000000001 0.194979 0.7445 0.185375 0.750797 0.182979 0.765203 0.191375 0.785906 0.185375 0.833609 0.18897899999999998 0.840812 0.20577099999999998 0.839016 0.204583 0.839016
50 0.080375 0.8275159999999999 0.08637500000000001 0.822109 0.0851667 0.808609 0.08637500000000001 0.7960160000000001 0.08758329999999999 0.787016 0.0899792 0.769906 0.09237500000000001 0.7609060000000001 0.098375 0.753719 0.098375 0.741109 0.098375 0.7375160000000001 0.09237500000000001 0.735703 0.0911667 0.728516 0.0911667 0.7195159999999999 0.080375 0.716812 0.07437500000000001 0.718609 0.0731667 0.724016 0.0707708 0.726703 0.062375 0.735703 0.0587708 0.741109 0.0587708 0.751016 0.0551667 0.764516 0.0575833 0.775312 0.0599792 0.783406 0.0575833 0.797813 0.0527708 0.818516 0.0551667 0.823016 0.0659792 0.820312 0.0659792 0.809516 0.068375 0.796922 0.0731667 0.783406 0.0767708 0.780719 0.0707708 0.820312 0.080375 0.8275159999999999
50 0.0951667 0.738875 0.111187 0.728484 0.106083 0.726312 0.111187 0.713734 0.10024999999999999 0.708812 0.09370830000000001 0.714828 0.09006249999999999 0.7268589999999999 0.0951667 0.736688 0.0951667 0.738875
50 0.0188958 0.817719 0.019625 0.807344 0.028374999999999997 0.790406 0.0312917 0.779469 0.0378542 0.7674529999999999 0.0378542 0.755969 0.0378542 0.734672 0.024 0.728656 0.024 0.725922 0.021812500000000002 0.719906 0.0203542 0.716094 0.0094375 0.7150000000000001 0.0014166708333333334 0.7292029999999999 0.0006875000000000001 0.829203 0.018187500000000002 0.823734 0.0188958 0.817719
50 0.186625 0.755891 0.193938 0.746094 0.191312 0.737469 0.189229 0.728469 0.188708 0.724938 0.179833 0.7265 0.17825 0.731984 0.183479 0.736688 0.181917 0.741 0.181396 0.757844 0.184521 0.758234 0.186625 0.755891
50 0.176167 0.784875 0.175125 0.800156 0.172521 0.8142660000000002 0.180875 0.824062 0.182437 0.824062 0.185562 0.8256250000000002 0.189229 0.817 0.190792 0.79075 0.190271 0.783312 0.182958 0.758625 0.180354 0.757453 0.176167 0.773516 0.176167 0.784875
50 0.302625 0.8292189999999999 0.305625 0.851688 0.320604 0.862922 0.320604 0.892141 0.341583 0.9640470000000001 0.341583 0.961797 0.353563 0.876406 0.374542 0.8022500000000001 0.371542 0.773031 0.347563 0.766297 0.33258299999999996 0.791016 0.317604 0.79775 0.305625 0.8292189999999999 0.302625 0.8292189999999999
50 0.03875 0.815531 0.055375 0.811969 0.0540208 0.807609 0.0608125 0.779406 0.0550625 0.767656 0.0602917 0.745313 0.0655208 0.734344 0.0655208 0.72925 0.062375 0.724547 0.0540208 0.725734 0.0514167 0.731219 0.0379583 0.781687 0.03875 0.815531
50 0.369 0.9432499999999999 0.369 0.93 0.364167 0.910734 0.370604 0.8878590000000001 0.386646 0.848109 0.38825000000000004 0.8878590000000001 0.385042 0.927594 0.380229 0.9552970000000001 0.393083 0.995031 0.460521 0.992625 0.45891699999999996 0.963719 0.473354 0.944453 0.479792 0.9528909999999999 0.494229 0.938438 0.500646 0.898687 0.5038750000000001 0.8926719999999999 0.487813 0.8276410000000001 0.473354 0.802359 0.45087499999999997 0.780672 0.45087499999999997 0.754188 0.42518700000000004 0.736125 0.394687 0.759 0.397896 0.779469 0.372208 0.7927190000000001 0.346521 0.866172 0.335271 0.931203 0.34812499999999996 0.942047 0.369 0.9432499999999999
50 0.143021 0.716719 0.13772900000000002 0.7159690000000001 0.133437 0.717094 0.128896 0.723906 0.133187 0.729016 0.127646 0.7318439999999999 0.134438 0.737141 0.14125 0.737141 0.149563 0.729391 0.14049999999999999 0.729953 0.14554199999999998 0.7242810000000001 0.14502099999999998 0.7176720000000001 0.143021 0.716719