16 0.429969 0.42587 0.430828 0.450905 0.429094 0.511949 0.428672 0.573619 0.430391 0.595476 0.438609 0.6063810000000001 0.440781 0.614733 0.446844 0.624385 0.449 0.6372160000000001 0.452031 0.6372160000000001 0.46025 0.6372160000000001 0.474094 0.641717 0.516922 0.678979 0.523844 0.6879810000000001 0.523844 0.694408 0.524281 0.706613 0.529906 0.7072620000000001 0.5398590000000001 0.730371 0.5519689999999999 0.740023 0.558891 0.739374 0.567547 0.7342460000000001 0.585719 0.734872 0.590469 0.734872 0.603016 0.7355219999999999 0.675703 0.7310209999999999 0.699937 0.756729 0.715078 0.758005 0.73325 0.753503 0.742766 0.743225 0.7445 0.718817 0.7946869999999999 0.717541 0.823234 0.7123900000000001 0.841844 0.708538 0.841844 0.673202 0.831031 0.6622739999999999 0.829734 0.629513 0.834922 0.598677 0.831891 0.528654 0.8197810000000001 0.431647 0.8223750000000001 0.409791 0.823234 0.396311 0.828438 0.386659 0.8323280000000001 0.33464 0.8323280000000001 0.322436 0.780844 0.308933 0.7016720000000001 0.296079 0.662734 0.297378 0.608641 0.299304 0.582688 0.306357 0.546344 0.302506 0.537266 0.302506 0.536391 0.306357 0.520813 0.32178700000000005 0.49182800000000004 0.339768 0.489234 0.351346 0.48578099999999996 0.372529 0.46846899999999997 0.388608 0.435156 0.41109 0.429969 0.42587
50 0.0986563 0.553434 0.0991875 0.554594 0.101297 0.551067 0.10209399999999999 0.544803 0.10498400000000001 0.5479350000000001 0.107094 0.559304 0.107891 0.573016 0.10631299999999999 0.5792809999999999 0.10498400000000001 0.584385 0.10551600000000001 0.585151 0.10842199999999999 0.59181 0.110531 0.59652 0.113953 0.598492 0.11712499999999999 0.594176 0.11474999999999999 0.588677 0.115281 0.580858 0.123719 0.553828 0.12609399999999998 0.546775 0.127937 0.544014 0.129797 0.542459 0.129797 0.533828 0.127937 0.526009 0.12609399999999998 0.515035 0.124516 0.5083759999999999 0.12029700000000002 0.5036660000000001 0.11896899999999999 0.497007 0.116859 0.491926 0.111062 0.49348 0.11079699999999999 0.493875 0.107625 0.501717 0.104719 0.505244 0.100766 0.511114 0.0978594 0.531485 0.0960156 0.550302 0.0986563 0.553434
50 0.342734 0.514014 0.341031 0.516821 0.339719 0.519907 0.33896899999999996 0.525499 0.338781 0.534988 0.339156 0.538631 0.339719 0.544223 0.339719 0.547587 0.339719 0.549814 0.341969 0.553457 0.33896899999999996 0.559049 0.33520300000000003 0.566032 0.331437 0.5724589999999999 0.329547 0.574153 0.330109 0.579745 0.330484 0.581694 0.338781 0.571903 0.341594 0.565197 0.33953099999999997 0.576937 0.33896899999999996 0.579745 0.33896899999999996 0.582807 0.344609 0.588121 0.351391 0.588121 0.34932799999999997 0.5853360000000001 0.344609 0.574988 0.3465 0.565197 0.35082800000000003 0.547865 0.35120300000000004 0.5450579999999999 0.352141 0.527169 0.352141 0.518213 0.352141 0.514872 0.353844 0.51123 0.354031 0.507587 0.35459399999999996 0.503968 0.354031 0.500603 0.350453 0.499211 0.349516 0.49976800000000005 0.346875 0.504803 0.345359 0.509838 0.342734 0.514014
50 0.332594 0.504107 0.331984 0.504107 0.326328 0.516752 0.325922 0.519814 0.3255 0.520719 0.324688 0.540882 0.324891 0.555824 0.323047 0.561021 0.31728100000000004 0.5652900000000001 0.317484 0.580858 0.32037499999999997 0.582088 0.31975 0.574153 0.325719 0.567425 0.330031 0.561323 0.331266 0.565893 0.33557800000000004 0.564988 0.335781 0.547285 0.340719 0.545151 0.340109 0.5430159999999999 0.337438 0.542088 0.33557800000000004 0.53355 0.336813 0.516148 0.337219 0.504849 0.33290600000000004 0.502715 0.332594 0.504107
2 0.118219 0.504826 0.11793800000000002 0.502622 0.11571899999999999 0.5015310000000001 0.113797 0.505035 0.109828 0.504826 0.108797 0.504385 0.107766 0.502413 0.10584400000000001 0.502413 0.10525 0.5032949999999999 0.10584400000000001 0.5063570000000001 0.104813 0.508979 0.10318799999999999 0.513364 0.10231300000000002 0.517285 0.101859 0.5232020000000001 0.102891 0.530858 0.10421899999999999 0.536334 0.108344 0.5380969999999999 0.114094 0.5380969999999999 0.11674999999999999 0.536984 0.11925 0.533921 0.120578 0.527587 0.12293799999999999 0.526265 0.12470300000000001 0.523434 0.12456199999999999 0.51993 0.12250000000000001 0.515986 0.11910899999999999 0.515336 0.119703 0.51116 0.115422 0.506798 0.118219 0.504826
2 0.341547 0.513759 0.339688 0.517425 0.33764099999999997 0.522599 0.337438 0.534501 0.339906 0.536334 0.344016 0.514664 0.341547 0.513759
50 0.9090619999999999 0.575963 0.9267810000000001 0.580673 0.928687 0.5703250000000001 0.923625 0.556218 0.924891 0.543991 0.9312189999999999 0.548701 0.927422 0.522367 0.9210940000000001 0.5082599999999999 0.916656 0.5110899999999999 0.916656 0.521439 0.912219 0.537425 0.916656 0.558097 0.9134840000000001 0.573155 0.9090619999999999 0.575963
50 0.8882030000000001 0.573898 0.8921089999999999 0.571299 0.8921089999999999 0.5642 0.891672 0.558399 0.891672 0.551299 0.8934219999999999 0.539049 0.8934219999999999 0.528074 0.8934219999999999 0.520325 0.8934219999999999 0.513225 0.8895 0.511949 0.8873279999999999 0.513225 0.885594 0.5158 0.8842969999999999 0.519675 0.883859 0.520974 0.8829840000000001 0.5242 0.882109 0.533225 0.881687 0.539698 0.881687 0.551949 0.881687 0.5622739999999999 0.8851559999999999 0.573248 0.8882030000000001 0.573898
18 0.936375 0.529861 0.94625 0.526798 0.948719 0.52406 0.9392660000000002 0.520696 0.927125 0.521299 0.925281 0.527401 0.9240470000000001 0.529861 0.9287810000000001 0.539002 0.9335000000000001 0.533503 0.936375 0.529861
18 0.915 0.524664 0.9063589999999999 0.525568 0.903484 0.529861 0.8991719999999999 0.53413 0.893203 0.536566 0.8919689999999999 0.540232 0.891766 0.544501 0.8900926603734642 0.5492817914329992 0.889094 0.552135 0.888484 0.560998 0.894234 0.561601 0.897937 0.561299 0.899375 0.559165 0.9 0.555499 0.901016 0.551531 0.905344 0.546032 0.912734 0.543596 0.913969 0.541462 0.9143402693678444 0.5354129380785151 0.9240470000000001 0.529861 0.915 0.524664
18 0.875328 0.539629 0.8732659999999999 0.5442 0.870391 0.556102 0.874297 0.560998 0.8825160000000001 0.561601 0.884578 0.557633 0.884578 0.552436 0.882312 0.547262 0.882109 0.543898 0.881484 0.538399 0.875328 0.539629
18 0.9218910000000001 0.564223 0.9316410000000002 0.562668 0.932344 0.568353 0.9368589999999999 0.570418 0.942094 0.570162 0.946969 0.571439 0.9516560000000001 0.570928 0.957234 0.567564 0.9659379999999999 0.568353 0.970813 0.567309 0.972203 0.566543 0.9749839999999999 0.561879 0.9791719999999999 0.56007 0.9791719999999999 0.558515 0.979688 0.55051 0.9809059999999998 0.541717 0.983687 0.538631 0.9840310000000001 0.530603 0.980031 0.528538 0.978641 0.527773 0.976375 0.526218 0.939484 0.525963 0.929203 0.536032 0.929203 0.543271 0.9297340000000001 0.548701 0.926422 0.547935 0.9255470000000001 0.537842 0.924156 0.546381 0.9210309999999999 0.546636 0.921203 0.554385 0.9218910000000001 0.564223
18 0.0669844 0.551972 0.07103129999999999 0.551972 0.07445310000000001 0.551972 0.0778906 0.549652 0.081625 0.547796 0.08225 0.544107 0.081625 0.536241 0.0806875 0.5251279999999999 0.0769531 0.515406 0.07259370000000001 0.508005 0.0747656 0.50522 0.0738437 0.503852 0.07165629999999999 0.502459 0.0651094 0.502459 0.0641719 0.503852 0.06231250000000001 0.516334 0.062625 0.541787 0.0657344 0.544107 0.06667189999999999 0.550116 0.0669844 0.551972
73 0.863219 0.492552 0.8647030000000001 0.46477999999999997 0.851953 0.465661 0.852547 0.491671 0.863219 0.492552
73 0.45003099999999996 0.37619499999999995 0.46406200000000003 0.372111 0.470219 0.34111400000000003 0.46303099999999997 0.318747 0.451047 0.316195 0.448313 0.332459 0.45003099999999996 0.37619499999999995
18 0.871141 0.552251 0.873969 0.549327 0.876141 0.541578 0.880719 0.536729 0.878109 0.536404 0.870484 0.537053 0.873312 0.533179 0.877453 0.528028 0.877234 0.523503 0.8715779999999999 0.523503 0.867437 0.523503 0.8680939999999999 0.547401 0.8685310000000002 0.549327 0.871141 0.552251
18 0.8609220000000001 0.519304 0.8522190000000001 0.522854 0.851125 0.528979 0.852656 0.535452 0.851562 0.537053 0.8472190000000002 0.539327 0.845031 0.542877 0.844828 0.549327 0.848516 0.556125 0.8517810000000001 0.56 0.856344 0.56065 0.858953 0.556775 0.862656 0.549977 0.861578 0.523828 0.8609220000000001 0.519304
18 0.382656 0.502668 0.382656 0.494756 0.380703 0.489327 0.37256300000000003 0.492668 0.367516 0.49684500000000004 0.366391 0.498097 0.370031 0.506845 0.379016 0.505174 0.382656 0.502668