5 0.588891 0.541083 0.59875 0.549687 0.605547 0.5511250000000001 0.611469 0.548729 0.615047 0.542521 0.615047 0.529146 0.611109 0.523417 0.608422 0.52125 0.605187 0.5215 0.602141 0.5215 0.589063 0.535583 0.588891 0.541083
5 0.265641 0.542958 0.26617199999999996 0.548396 0.283047 0.54675 0.282516 0.516917 0.276484 0.51525 0.266359 0.515729 0.264219 0.529458 0.265641 0.542958
5 0.3975 0.552896 0.396219 0.560875 0.39449999999999996 0.563729 0.39237500000000003 0.566583 0.388953 0.5671459999999999 0.391937 0.5728329999999999 0.400922 0.5722710000000001 0.409031 0.567708 0.413734 0.564292 0.413734 0.554625 0.413734 0.5472079999999999 0.40945299999999996 0.543229 0.405187 0.5403749999999999 0.403906 0.539813 0.40304700000000004 0.5392290000000001 0.39920300000000003 0.5415209999999999 0.3975 0.552896
2 0.420172 0.451854 0.40812499999999996 0.46189600000000003 0.40625 0.481458 0.40512499999999996 0.49450000000000005 0.42167199999999994 0.523604 0.434469 0.512062 0.434844 0.486479 0.43673400000000007 0.501521 0.43673400000000007 0.509062 0.434094 0.514583 0.43259400000000003 0.528125 0.43710899999999997 0.528625 0.437859 0.515583 0.440109 0.510563 0.43898400000000004 0.491 0.434844 0.47193799999999997 0.42845300000000003 0.45989599999999997 0.43296900000000005 0.454375 0.43296900000000005 0.44835400000000003 0.42957799999999996 0.446333 0.43145300000000003 0.431792 0.43334400000000006 0.426271 0.42543699999999995 0.427271 0.420172 0.451854
2 0.294203 0.44068799999999997 0.290813 0.44068799999999997 0.278234 0.496187 0.29178099999999996 0.500708 0.299531 0.49554200000000004 0.312594 0.49683299999999997 0.318891 0.507167 0.331469 0.509083 0.330016 0.449729 0.324203 0.44779199999999997 0.319859 0.433583 0.312109 0.426479 0.3005 0.428417 0.294203 0.44068799999999997
50 0.326156 0.645958 0.323313 0.640625 0.32273399999999997 0.605563 0.327313 0.562875 0.334734 0.543833 0.342734 0.532396 0.349031 0.493542 0.34387500000000004 0.42575 0.32273399999999997 0.40747900000000004 0.325016 0.374708 0.310156 0.36479199999999995 0.29929700000000004 0.37775 0.304438 0.402146 0.283859 0.415083 0.26671900000000004 0.480604 0.265 0.533188 0.26785899999999996 0.546896 0.28215599999999996 0.546896 0.29015599999999997 0.600979 0.296438 0.643667 0.294719 0.66575 0.300438 0.6642499999999999 0.320453 0.6589170000000001 0.326156 0.645958
50 0.437406 0.425771 0.429406 0.43110400000000004 0.427688 0.436438 0.427688 0.447125 0.431687 0.46539600000000003 0.43512500000000004 0.485229 0.43512500000000004 0.501979 0.433984 0.516479 0.425984 0.526375 0.41454700000000005 0.524854 0.417969 0.552292 0.424266 0.6780419999999999 0.433984 0.685667 0.43912500000000004 0.668125 0.444266 0.685667 0.457984 0.6788120000000001 0.46314099999999997 0.6223960000000001 0.471141 0.518 0.47342199999999995 0.534 0.49400000000000005 0.556854 0.499141 0.5538120000000001 0.499141 0.541625 0.487141 0.524854 0.48200000000000004 0.44254200000000005 0.471141 0.430354 0.46942199999999995 0.409771 0.46942199999999995 0.394521 0.462563 0.386146 0.46142200000000005 0.38537499999999997 0.45284399999999997 0.38537499999999997 0.447703 0.390708 0.445984 0.398333 0.445984 0.40825 0.445406 0.418146 0.437406 0.425771
50 0.641172 0.658125 0.659687 0.6572709999999999 0.658094 0.6432289999999999 0.656813 0.6389790000000001 0.664797 0.520604 0.666719 0.510396 0.6679999999999999 0.498896 0.678219 0.489958 0.679172 0.47206200000000004 0.675656 0.455042 0.670875 0.438854 0.6584220000000001 0.431208 0.6584220000000001 0.42310400000000004 0.6565000000000001 0.42056299999999996 0.6590469999999999 0.40650000000000003 0.656813 0.39499999999999996 0.6504380000000001 0.392021 0.645328 0.39372900000000005 0.6408590000000001 0.396708 0.636703 0.404375 0.637344 0.412896 0.636703 0.41885399999999995 0.63575 0.42354200000000003 0.629359 0.427792 0.620422 0.43162500000000004 0.614672 0.43970800000000004 0.605734 0.464625 0.601813 0.491979 0.601453 0.496271 0.601281 0.510062 0.600203 0.517208 0.600203 0.521 0.6028749999999999 0.521708 0.605016 0.523375 0.610203 0.522896 0.612688 0.523375 0.612688 0.521479 0.6121559999999999 0.516708 0.614484 0.504583 0.616797 0.507208 0.616266 0.533833 0.614297 0.579271 0.613938 0.589021 0.617156 0.608292 0.617328 0.6201880000000001 0.6178589999999999 0.6273129999999999 0.6212500000000001 0.633021 0.620547 0.636104 0.6185780000000001 0.643021 0.617516 0.649917 0.619109 0.657042 0.6216090000000001 0.660604 0.627328 0.6589379999999999 0.6301720000000001 0.649917 0.631953 0.642771 0.6305310000000001 0.636833 0.630891 0.631833 0.633031 0.630167 0.634984 0.6251669999999999 0.6351720000000001 0.617333 0.632844 0.609958 0.6348130000000001 0.582125 0.637672 0.565 0.6408750000000001 0.5549999999999999 0.641406 0.588313 0.639813 0.628271 0.637656 0.6445000000000001 0.640531 0.649188 0.641172 0.658125
50 0.39437500000000003 0.499625 0.390031 0.447646 0.382234 0.425688 0.364906 0.392188 0.36318700000000004 0.374854 0.345859 0.361 0.33025000000000004 0.380646 0.326797 0.39335400000000004 0.326797 0.417604 0.342391 0.432625 0.344125 0.4615 0.349313 0.500771 0.349313 0.536583 0.338922 0.553917 0.328531 0.573562 0.325062 0.617458 0.326797 0.649792 0.333719 0.670583 0.36318700000000004 0.645167 0.373578 0.5285 0.39437500000000003 0.499625
50 0.677344 0.160625 0.677344 0.157167 0.6712659999999999 0.152542 0.664344 0.152542 0.658281 0.16179200000000002 0.655672 0.168729 0.652219 0.17218799999999998 0.645281 0.17450000000000002 0.643547 0.179125 0.643547 0.19297899999999998 0.641813 0.211458 0.647875 0.221854 0.646141 0.22762500000000002 0.643547 0.238042 0.640953 0.251896 0.656547 0.253042 0.6747340000000001 0.251896 0.669531 0.235729 0.6712659999999999 0.216083 0.678203 0.212625 0.686 0.211458 0.685141 0.204542 0.682531 0.203375 0.673875 0.202229 0.673875 0.19297899999999998 0.673875 0.175646 0.679063 0.160625 0.677344 0.160625
50 0.578781 0.254958 0.623453 0.245042 0.634609 0.18052100000000001 0.634609 0.118479 0.623453 0.106083 0.616 0.0787917 0.606703 0.056458299999999996 0.597391 0.0713333 0.591812 0.0961458 0.5769219999999999 0.128417 0.578781 0.168104 0.602984 0.19043700000000002 0.5825 0.240083 0.578781 0.254958
50 0.48940599999999995 0.203333 0.499078 0.206563 0.499078 0.23495799999999997 0.495688 0.23689600000000002 0.495688 0.249812 0.519891 0.252375 0.5165 0.23883300000000002 0.5165 0.213021 0.532 0.198187 0.529578 0.185917 0.520859 0.19043700000000002 0.5140939999999999 0.18075000000000002 0.512156 0.16591699999999998 0.5131249999999999 0.165271 0.518437 0.156229 0.523281 0.151063 0.513609 0.13364600000000001 0.49956300000000003 0.132354 0.49328099999999997 0.144604 0.49617199999999995 0.160104 0.486984 0.174292 0.48795299999999997 0.203333 0.48940599999999995 0.203333
50 0.499969 0.503521 0.502313 0.491333 0.503797 0.496437 0.505266 0.504687 0.506141 0.513729 0.510859 0.517646 0.515578 0.519625 0.519688 0.518437 0.52175 0.512542 0.525 0.505479 0.524703 0.501167 0.522938 0.491729 0.522047 0.48074999999999996 0.516156 0.466208 0.514984 0.45875 0.513219 0.447375 0.508797 0.434792 0.507031 0.430479 0.503203 0.427333 0.500844 0.422229 0.49584400000000006 0.419875 0.488484 0.417125 0.487297 0.413979 0.487297 0.411625 0.489953 0.410854 0.492891 0.408104 0.494078 0.404167 0.4934839999999999 0.398667 0.492594 0.392396 0.49584400000000006 0.388063 0.496719 0.383354 0.49642200000000003 0.382583 0.4952500000000001 0.381 0.4949529999999999 0.380229 0.49437499999999995 0.380229 0.489359 0.381396 0.487 0.381792 0.48465600000000003 0.379833 0.48053099999999993 0.377854 0.476406 0.378646 0.475516 0.379437 0.47257800000000005 0.380604 0.46904699999999994 0.38375 0.466688 0.390437 0.4675619999999999 0.40025 0.47051600000000005 0.403771 0.472281 0.404958 0.47110900000000006 0.409667 0.46845300000000006 0.411625 0.46875 0.420271 0.46785899999999997 0.429292 0.47257800000000005 0.436375 0.48140599999999995 0.445396 0.48465600000000003 0.497625 0.485828 0.513729 0.485828 0.521979 0.485828 0.523146 0.487297 0.527458 0.491422 0.530604 0.497016 0.538458 0.497016 0.53375 0.497609 0.523938 0.499375 0.513333 0.499969 0.503521
50 0.47098399999999996 0.650958 0.4746560000000001 0.654958 0.485672 0.651833 0.488344 0.6429379999999999 0.48734400000000005 0.6345 0.485672 0.629604 0.488 0.618479 0.49267199999999994 0.593125 0.492344 0.582 0.492344 0.573542 0.49401600000000007 0.550854 0.487672 0.558875 0.487 0.562417 0.48599999999999993 0.566437 0.484 0.570438 0.481328 0.5726670000000001 0.478328 0.573104 0.476328 0.569979 0.4746560000000001 0.561083 0.4733280000000001 0.553979 0.475656 0.568646 0.476328 0.577542 0.4733280000000001 0.589125 0.47198400000000007 0.601125 0.471656 0.603354 0.4706560000000001 0.6162499999999999 0.4706560000000001 0.618479 0.470328 0.6251459999999999 0.470328 0.6334615215311002 0.4706560000000001 0.639833 0.4703431850126864 0.6409452658232249 0.47098399999999996 0.650958
5 0.488844 0.555646 0.491266 0.552417 0.496109 0.546833 0.497422 0.5406670000000001 0.487078 0.526292 0.486203 0.529521 0.487516 0.539792 0.485984 0.544792 0.486203 0.555354 0.488844 0.555646
5 0.471672 0.533042 0.471672 0.538917 0.472109 0.548312 0.474094 0.550646 0.475422 0.553583 0.47740600000000005 0.542729 0.47387499999999994 0.531875 0.471672 0.533042
50 0.398719 0.551542 0.398719 0.552833 0.394359 0.561854 0.391937 0.570896 0.393391 0.570896 0.403078 0.568958 0.41565599999999997 0.565083 0.41807800000000006 0.556708 0.413234 0.538625 0.416141 0.525083 0.41759399999999997 0.523792 0.424859 0.5225000000000001 0.43114100000000005 0.517333 0.43453099999999995 0.510229 0.43550000000000005 0.500563 0.43550000000000005 0.482479 0.42970300000000006 0.46183300000000005 0.42873400000000006 0.45472900000000005 0.42824999999999996 0.434729 0.44518800000000003 0.419896 0.44421900000000003 0.407625 0.44567199999999996 0.39729200000000003 0.44760900000000003 0.389563 0.44470299999999996 0.38245799999999996 0.44082800000000005 0.379875 0.43453099999999995 0.379229 0.42921899999999996 0.381812 0.42437500000000006 0.39149999999999996 0.42001600000000006 0.39149999999999996 0.41710900000000006 0.394729 0.42437500000000006 0.396021 0.42292199999999996 0.40375 0.424859 0.416667 0.42292199999999996 0.416667 0.41129699999999997 0.422479 0.40114099999999997 0.447646 0.39290600000000003 0.483771 0.39484400000000003 0.510875 0.396781 0.519917 0.39920300000000003 0.527021 0.39920300000000003 0.5425 0.398719 0.551542
50 0.555578 0.177604 0.559297 0.194688 0.564172 0.195125 0.566531 0.191083 0.568391 0.197604 0.5702499999999999 0.217375 0.573609 0.22322899999999998 0.573953 0.230854 0.5694060000000001 0.243 0.568219 0.251771 0.590641 0.25535399999999997 0.593672 0.24254199999999998 0.592828 0.217167 0.590297 0.184354 0.587266 0.149292 0.580859 0.149521 0.579516 0.134229 0.581203 0.131542 0.586766 0.12277099999999999 0.5879380000000001 0.113562 0.58575 0.099625 0.582719 0.0915417 0.5763130000000001 0.0883958 0.574453 0.08885420000000001 0.571094 0.090875 0.569063 0.0980625 0.569734 0.11177100000000001 0.568562 0.112208 0.564016 0.115146 0.5609689999999999 0.118958 0.559297 0.125021 0.553391 0.150417 0.552375 0.156042 0.554906 0.164792 0.555578 0.177604
2 0.32751600000000003 0.245354 0.33896899999999996 0.24179199999999998 0.337016 0.240167 0.333609 0.239833 0.32921900000000004 0.23172900000000002 0.32703099999999996 0.22295800000000002 0.325328 0.209979 0.321922 0.205104 0.316797 0.21191700000000002 0.31607799999999997 0.21906299999999998 0.31607799999999997 0.229125 0.310234 0.23464600000000002 0.306094 0.22425 0.30462500000000003 0.208021 0.303891 0.197625 0.30025 0.196667 0.292203 0.205104 0.30048400000000003 0.23725 0.325328 0.246 0.32751600000000003 0.245354
50 0.407969 0.135063 0.4035 0.120917 0.40740600000000005 0.115708 0.40907799999999994 0.115708 0.408516 0.112 0.408516 0.0993542 0.4035 0.0933958 0.396813 0.0948958 0.395688 0.102333 0.396813 0.109021 0.395125 0.115708 0.386766 0.125396 0.376156 0.145479 0.377828 0.147708 0.3795 0.149188 0.406297 0.149938 0.405734 0.140271 0.407969 0.135063
50 0.394578 0.209458 0.394578 0.237729 0.402391 0.238479 0.402391 0.23625 0.401266 0.17375 0.397922 0.183417 0.394578 0.209458