9 0.41625999999999996 0.602627 0.42601999999999995 0.587015 0.43263999999999997 0.582836 0.43439999999999995 0.598478 0.44138 0.607851 0.44695999999999997 0.613582 0.45394 0.609403 0.45462 0.579731 0.45602 0.557851 0.44730000000000003 0.559433 0.44589999999999996 0.553701 0.4452 0.544836 0.44382 0.530269 0.44172 0.5479700000000001 0.43263999999999997 0.545373 0.42601999999999995 0.539104 0.42148 0.5458810000000001 0.41869999999999996 0.550567 0.4152 0.544328 0.4037 0.550567 0.40474 0.563582 0.40194 0.578687 0.4037 0.590657 0.40858 0.601075 0.41625999999999996 0.602627
9 0.40044 0.544985 0.39562 0.562119 0.39562 0.568418 0.39802 0.578358 0.39864 0.58194 0.40588 0.5738209999999999 0.4071 0.562119 0.4071 0.553104 0.4077 0.5458810000000001 0.40468 0.539552 0.40166 0.54409 0.40044 0.544985
9 0.39072 0.565343 0.39072 0.576119 0.39506 0.576119 0.40227999999999997 0.565343 0.41098 0.537254 0.41242 0.526448 0.40664 0.51997 0.40227999999999997 0.526448 0.39072 0.539403 0.39072 0.565343
73 0.48657999999999996 0.24179099999999998 0.48788 0.250866 0.48486 0.258627 0.48528 0.296119 0.49957999999999997 0.303881 0.51042 0.301313 0.51736 0.295493 0.51736 0.290955 0.51908 0.26767199999999997 0.51128 0.249552 0.51518 0.246985 0.5199600000000001 0.23468699999999998 0.51822 0.21397000000000002 0.51042 0.200388 0.48528 0.20364200000000002 0.48657999999999996 0.24179099999999998
36 0.72594 0.673731 0.7297 0.735463 0.76354 0.731254 0.76306 0.670239 0.75414 0.672328 0.7532000000000001 0.6582990000000001 0.7433200000000001 0.657612 0.7381599999999999 0.672328 0.72594 0.673731
36 0.33152 0.565701 0.32806 0.590269 0.32892 0.623284 0.33716 0.6265069999999999 0.3454 0.61809 0.36142 0.616806 0.37660000000000005 0.6025670000000001 0.37095999999999996 0.577343 0.36360000000000003 0.565701 0.36316000000000004 0.521075 0.36142 0.521075 0.35969999999999996 0.535313 0.35969999999999996 0.570239 0.34712 0.583821 0.335 0.582507 0.33282 0.561821 0.3324 0.522358 0.33152 0.565701
50 0.7626799999999999 0.5523279999999999 0.75876 0.536806 0.75836 0.523045 0.7566 0.506657 0.74876 0.496119 0.74188 0.49641799999999997 0.73248 0.49844799999999995 0.7307 0.508687 0.7358 0.532418 0.73914 0.538866 0.7430599999999999 0.5411940000000001 0.73856 0.55994 0.7344400000000001 0.569881 0.7322799999999999 0.561403 0.72796 0.557881 0.72404 0.55994 0.7222799999999999 0.563433 0.72384 0.578358 0.72424 0.583343 0.72424 0.595642 0.72678 0.608239 0.72188 0.63809 0.7211000000000001 0.64803 0.72954 0.653313 0.72404 0.6699999999999999 0.72248 0.677313 0.72738 0.726507 0.72914 0.736149 0.7379600000000001 0.7370450000000001 0.73954 0.7370450000000001 0.73248 0.746687 0.7307 0.7496120000000001 0.7411 0.754896 0.75914 0.752567 0.75974 0.738806 0.7621 0.732657 0.7632599999999999 0.723582 0.75954 0.68609 0.76386 0.648328 0.76758 0.644239 0.7689600000000001 0.637493 0.76522 0.601791 0.76444 0.574866 0.7626799999999999 0.5523279999999999
50 0.66126 0.5149849999999999 0.65558 0.5000600000000001 0.65362 0.49653700000000006 0.6447999999999999 0.491851 0.63754 0.492448 0.63224 0.497134 0.63146 0.50591 0.63322 0.5190750000000001 0.63498 0.528149 0.6291 0.54806 0.6283200000000001 0.561821 0.62558 0.5922689999999999 0.624 0.607791 0.63342 0.6352840000000001 0.63774 0.637343 0.6395 0.6496419999999999 0.63616 0.672776 0.6300800000000001 0.7087760000000001 0.6279199999999999 0.713761 0.62224 0.713761 0.6193 0.7166870000000001 0.6189 0.72194 0.6200800000000001 0.72603 0.62636 0.731313 0.63322 0.737761 0.64146 0.737761 0.6420399999999999 0.7251639999999999 0.644 0.7263280000000001 0.64578 0.7292540000000001 0.65362 0.7292540000000001 0.66244 0.7292540000000001 0.66774 0.7263280000000001 0.67088 0.720776 0.6640199999999999 0.68594 0.65852 0.653433 0.66126 0.632657 0.6693 0.628567 0.67362 0.625343 0.67696 0.628567 0.68088 0.627104 0.68578 0.614209 0.6844199999999999 0.594299 0.67362 0.544836 0.66518 0.528448 0.66126 0.5149849999999999
50 0.15296 0.559373 0.15991999999999998 0.567433 0.1754 0.557045 0.17384 0.570925 0.17384 0.620597 0.15991999999999998 0.646 0.14676 0.66794 0.16224 0.696836 0.1754 0.68991 0.20094 0.63791 0.21022 0.672567 0.19397999999999999 0.7037610000000001 0.23964 0.70606 0.23964 0.671403 0.22569999999999998 0.6356120000000001 0.22648 0.599791 0.22028 0.54203 0.22028 0.521254 0.22416 0.508537 0.20712 0.48310400000000003 0.20248 0.449612 0.17772 0.449612 0.17462 0.466955 0.18158000000000002 0.48196999999999995 0.17926 0.499284 0.17308 0.527015 0.15218 0.5524180000000001 0.15296 0.559373
50 0.33802 0.705761 0.34018 0.703194 0.34018 0.689075 0.3462 0.671731 0.34104 0.6421789999999999 0.34104 0.631254 0.34448 0.62997 0.34664 0.636388 0.34792 0.655015 0.34706 0.6685070000000001 0.34148 0.6954929999999999 0.34578 0.707701 0.34922000000000003 0.71606 0.3574 0.7166870000000001 0.3574 0.701284 0.3574 0.689701 0.35998 0.682 0.36256 0.663373 0.36557999999999996 0.647313 0.36213999999999996 0.622239 0.363 0.613254 0.36428 0.61003 0.36644 0.608119 0.37118 0.605552 0.37376 0.601045 0.37376 0.592687 0.37676 0.587552 0.37848000000000004 0.581134 0.37848000000000004 0.573433 0.37762 0.556716 0.37504000000000004 0.541313 0.36901999999999996 0.5258809999999999 0.36084 0.516239 0.3518 0.507254 0.35568 0.49889599999999995 0.35524 0.48797 0.35396 0.469343 0.34492 0.46871599999999997 0.33802 0.47191000000000005 0.33544 0.482836 0.33286 0.500836 0.33802 0.5091640000000001 0.33114 0.514955 0.32254 0.527164 0.31994 0.566358 0.31866 0.583701 0.31951999999999997 0.599134 0.32598 0.617761 0.33114 0.620955 0.33158 0.643463 0.33502 0.675582 0.33158 0.701284 0.33802 0.705761
50 0.90176 0.514597 0.90046 0.524925 0.8996000000000001 0.561701 0.89874 0.575254 0.89786 0.597194 0.8996000000000001 0.614627 0.8996000000000001 0.63009 0.89916 0.637851 0.90306 0.642358 0.90824 0.6346269999999999 0.90608 0.608149 0.90954 0.579761 0.91344 0.580418 0.9156 0.580418 0.9168999999999999 0.585582 0.91776 0.586866 0.9207799999999999 0.59591 0.92164 0.643015 0.9242400000000001 0.6275219999999999 0.9251 0.586866 0.92684 0.567493 0.93116 0.55394 0.9302999999999999 0.522328 0.92252 0.508119 0.92468 0.497821 0.92208 0.48426900000000006 0.9117000000000001 0.477791 0.90738 0.485552 0.90566 0.505552 0.90176 0.514597
50 0.85402 0.513194 0.85402 0.532209 0.85442 0.545284 0.85482 0.5601189999999999 0.856 0.573194 0.8563999999999999 0.579134 0.8576 0.592179 0.8576 0.583881 0.8588 0.573194 0.86436 0.580299 0.8651599999999999 0.587433 0.86278 0.597522 0.86278 0.6040599999999999 0.86436 0.609403 0.86794 0.612388 0.87072 0.6076119999999999 0.86834 0.606448 0.87034 0.595761 0.87072 0.588627 0.87034 0.58209 0.86994 0.5720000000000001 0.86994 0.564866 0.86954 0.5601189999999999 0.87072 0.5559700000000001 0.87312 0.548836 0.8723200000000001 0.5316120000000001 0.8723200000000001 0.529224 0.87152 0.522119 0.86994 0.51794 0.87112 0.5125970000000001 0.87152 0.504299 0.86954 0.49596999999999997 0.8651599999999999 0.49480599999999997 0.86238 0.49596999999999997 0.86078 0.49776099999999995 0.8588 0.501313 0.8576 0.506687 0.85522 0.509642 0.85402 0.513194
50 0.82986 0.609851 0.83158 0.571134 0.8341799999999999 0.5375519999999999 0.8380599999999999 0.5149849999999999 0.83462 0.5078809999999999 0.829 0.500776 0.82466 0.480776 0.81992 0.48206000000000004 0.8164600000000001 0.491731 0.8164600000000001 0.504 0.81256 0.5078809999999999 0.8134199999999999 0.52594 0.8155800000000001 0.553045 0.81602 0.612418 0.82812 0.6137009999999999 0.82986 0.609851
73 0.58458 0.196776 0.56656 0.20364200000000002 0.55928 0.274597 0.58036 0.296925 0.59224 0.288925 0.59954 0.287761 0.6141 0.256866 0.60566 0.25173100000000004 0.5953200000000001 0.24943300000000002 0.59724 0.237403 0.60184 0.233403 0.61524 0.207642 0.6164 0.196776 0.59762 0.190478 0.58458 0.196776
50 0.32198 0.531582 0.33624 0.508627 0.33406 0.503701 0.33368 0.488418 0.33882 0.473672 0.33992 0.45999999999999996 0.33624 0.446328 0.32782 0.44304499999999997 0.3238 0.465463 0.32088 0.476388 0.31502 0.483493 0.31538 0.497164 0.31722 0.522836 0.31574 0.532687 0.31574 0.558358 0.32124 0.553433 0.32198 0.531582
50 0.30868 0.632149 0.32922 0.639612 0.332 0.623881 0.31924 0.602328 0.3109 0.607313 0.30868 0.632149
50 0.9793200000000001 0.576537 0.98138 0.556567 0.98364 0.540925 0.9840599999999999 0.517582 0.9785 0.518806 0.97624 0.527104 0.97582 0.5384479999999999 0.9725199999999999 0.540597 0.96656 0.555045 0.9630599999999999 0.564866 0.9608 0.5734630000000001 0.96038 0.5802390000000001 0.96038 0.587284 0.96162 0.589134 0.9653200000000001 0.586687 0.968 0.575612 0.97108 0.564866 0.97068 0.578388 0.9717 0.596507 0.97212 0.6121789999999999 0.97294 0.627821 0.97438 0.649015 0.97912 0.617403 0.9793200000000001 0.576537
50 0.6799400000000001 0.529254 0.6801 0.520925 0.6801 0.511821 0.67836 0.505075 0.67662 0.5006569999999999 0.67628 0.494657 0.67488 0.48737300000000006 0.6715800000000001 0.482179 0.66948 0.481672 0.6646 0.48373099999999997 0.66286 0.488418 0.66304 0.49492499999999995 0.66442 0.5006569999999999 0.66844 0.501672 0.66896 0.505075 0.66704 0.509731 0.6632 0.519373 0.66616 0.525075 0.6707000000000001 0.535493 0.67662 0.552925 0.6825399999999999 0.554746 0.6799400000000001 0.529254
50 0.94026 0.610179 0.94132 0.577164 0.94726 0.621463 0.9532 0.634358 0.9575199999999999 0.618239 0.95374 0.5957009999999999 0.95428 0.554627 0.95698 0.530478 0.95428 0.501463 0.95104 0.485373 0.94564 0.48779100000000003 0.93756 0.503881 0.9359400000000001 0.611791 0.94026 0.610179
50 0.70486 0.48997 0.70486 0.49564199999999997 0.70486 0.501284 0.70032 0.503552 0.69652 0.5205069999999999 0.69274 0.531821 0.69652 0.536328 0.69956 0.527284 0.70182 0.519373 0.69652 0.5702689999999999 0.7185 0.5759099999999999 0.71168 0.557821 0.71168 0.546507 0.71546 0.529552 0.71092 0.519373 0.7086399999999999 0.516 0.71092 0.49901500000000004 0.7132000000000001 0.496776 0.70714 0.486597 0.70486 0.48997
50 0.35331999999999997 0.48211899999999996 0.35694 0.495851 0.35248 0.508716 0.37195999999999996 0.532418 0.37976 0.570657 0.3767 0.588537 0.37476 0.5972540000000001 0.38638 0.5953729999999999 0.38204000000000005 0.5768960000000001 0.37836000000000003 0.5445369999999999 0.38618 0.558448 0.38877999999999996 0.537731 0.38618 0.504687 0.3866 0.493672 0.37488 0.47555200000000003 0.37488 0.465522 0.37186 0.45805999999999997 0.36619999999999997 0.452239 0.36166000000000004 0.45256700000000005 0.36056 0.45967199999999997 0.35754 0.467134 0.35992 0.472299 0.3584 0.476836 0.35666000000000003 0.48203 0.35331999999999997 0.48211899999999996