18 0.0354844 0.573542 0.0774219 0.577833 0.1 0.5563330000000001 0.153219 0.543438 0.162906 0.564937 0.177422 0.567083 0.179031 0.545583 0.196781 0.547729 0.195156 0.532667 0.185484 0.513312 0.179031 0.5068750000000001 0.15 0.491812 0.0919375 0.502563 0.0758125 0.519771 0.016125 0.534833 0.016125 0.569229 0.033875 0.571396 0.0354844 0.573542
18 0.901906 0.485958 0.902656 0.46256200000000003 0.894266 0.45237499999999997 0.888937 0.434062 0.868328 0.425937 0.838578 0.434062 0.8355159999999999 0.44933300000000004 0.8294219999999999 0.47475 0.830953 0.506292 0.840094 0.500188 0.840859 0.489 0.89275 0.48695799999999995 0.901906 0.485958
16 0.22804700000000003 0.39977100000000004 0.233109 0.593458 0.22634400000000002 0.602479 0.21284399999999998 0.6204999999999999 0.22973400000000002 0.643021 0.5287189999999999 0.665542 0.5743280000000001 0.663292 0.635141 0.62725 0.641891 0.638521 0.668922 0.625 0.695953 0.600229 0.760141 0.5664370000000001 0.741547 0.302937 0.7179059999999999 0.282667 0.633453 0.255625 0.63175 0.266896 0.559125 0.230854 0.5337810000000001 0.18356199999999998 0.45439100000000004 0.167792 0.380063 0.170042 0.251688 0.20833300000000002 0.246625 0.226354 0.233109 0.237604 0.22804700000000003 0.39977100000000004
50 0.9611090000000001 0.531875 0.9613590000000001 0.5351870000000001 0.974297 0.534521 0.9745469999999999 0.5338539999999999 0.9745469999999999 0.527562 0.974797 0.5172709999999999 0.9765309999999999 0.506333 0.980266 0.498354 0.981516 0.490062 0.980516 0.472146 0.978531 0.45789599999999997 0.975547 0.444292 0.971813 0.428687 0.968328 0.42206299999999997 0.9628590000000001 0.416417 0.958375 0.410125 0.956391 0.40381300000000003 0.9516560000000001 0.4005 0.9471719999999999 0.399167 0.9429529999999999 0.40249999999999997 0.9367340000000001 0.40447900000000003 0.941203 0.40845800000000004 0.941953 0.412104 0.9436880000000001 0.41741700000000004 0.9491720000000001 0.420396 0.9521559999999999 0.424708 0.9491720000000001 0.428042 0.944688 0.434 0.944187 0.442958 0.944937 0.45391699999999996 0.944187 0.464521 0.9511559999999999 0.468833 0.956141 0.468833 0.959375 0.4715 0.9601089999999999 0.47745800000000005 0.9611090000000001 0.483771 0.964844 0.490396 0.964844 0.5000209999999999 0.966094 0.510958 0.966094 0.522583 0.9578749999999999 0.532542 0.9611090000000001 0.531875
50 0.963109 0.41787500000000005 0.968797 0.423771 0.971328 0.427417 0.9759690000000001 0.44427099999999997 0.978281 0.46 0.981016 0.493437 0.978703 0.5142289999999999 0.9770160000000001 0.525458 0.9846090000000001 0.523208 0.9858439999999999 0.490187 0.9850160000000001 0.484063 0.9837659999999999 0.46962499999999996 0.983344 0.459417 0.9832029999999999 0.455542 0.984453 0.45127100000000003 0.9854369999999999 0.445708 0.9854369999999999 0.442 0.984328 0.438854 0.9837659999999999 0.43662500000000004 0.980016 0.43272900000000003 0.976812 0.429583 0.972781 0.42587499999999995 0.971391 0.424583 0.970984 0.42347900000000005 0.968062 0.418104 0.964578 0.416063 0.9615309999999999 0.416792 0.963109 0.41787500000000005
50 0.177531 0.5002289999999999 0.179672 0.5002289999999999 0.180391 0.508313 0.186281 0.510229 0.186281 0.5195000000000001 0.190562 0.525438 0.195016 0.5295 0.197156 0.537583 0.198578 0.539958 0.20018799999999998 0.536396 0.199469 0.527833 0.193406 0.521396 0.193047 0.510458 0.195016 0.5011880000000001 0.196984 0.502854 0.198937 0.502146 0.199125 0.49547899999999995 0.197328 0.487146 0.195547 0.484292 0.192875 0.483354 0.192703 0.47620799999999996 0.18984399999999998 0.472646 0.187344 0.472875 0.185922 0.47691700000000004 0.185922 0.482875 0.184312 0.481687 0.181281 0.485958 0.176641 0.5011880000000001 0.177531 0.5002289999999999
50 0.217109 0.501437 0.22137500000000002 0.49814600000000003 0.22137500000000002 0.501208 0.22137500000000002 0.507563 0.224328 0.509083 0.226141 0.504938 0.226625 0.500333 0.226625 0.496396 0.22629700000000003 0.492896 0.227781 0.486771 0.227281 0.48260400000000003 0.224328 0.477792 0.223344 0.472313 0.21907800000000002 0.47035400000000005 0.218594 0.477146 0.21579700000000002 0.47933299999999995 0.213 0.484354 0.21201599999999998 0.489167 0.20939100000000002 0.495083 0.207922 0.500333 0.21284399999999998 0.49770800000000004 0.214156 0.492896 0.215625 0.495083 0.216609 0.5020830000000001 0.217109 0.501437
50 0.0705781 0.516188 0.0707812 0.516188 0.0785312 0.511521 0.0785312 0.50325 0.0769844 0.499896 0.07135939999999999 0.491104 0.0670937 0.48775 0.0680625 0.49033299999999996 0.0659219 0.49033299999999996 0.0634062 0.489563 0.061859399999999995 0.494979 0.06554689999999999 0.508937 0.06554689999999999 0.511792 0.0659219 0.520833 0.0667031 0.520833 0.07175000000000001 0.516708 0.0705781 0.516188
50 0.0109531 0.56475 0.0104688 0.5671459999999999 0.012765599999999998 0.567375 0.016375 0.5529170000000001 0.020640600000000002 0.544833 0.029828100000000003 0.536292 0.0322969 0.530813 0.0311406 0.525125 0.0311406 0.5183329999999999 0.0283594 0.5073960000000001 0.028687499999999998 0.501708 0.028187499999999997 0.494917 0.026218799999999997 0.489896 0.020640600000000002 0.487708 0.0162031 0.490979 0.013578100000000001 0.498208 0.0109531 0.507188 0.009156250000000001 0.516375 0.0063593796875 0.522729 0.007015629687499999 0.528188 0.0088281296875 0.5343129999999999 0.0081718796875 0.541542 0.0104688 0.552042 0.0121094 0.5634370000000001 0.0109531 0.56475
50 0.637984 0.466396 0.651516 0.462021 0.658891 0.454917 0.651922 0.439063 0.650687 0.430875 0.6494690000000001 0.423771 0.642906 0.419396 0.6355310000000001 0.423771 0.634703 0.43524999999999997 0.629797 0.440708 0.633078 0.466396 0.637984 0.466396
50 1 0.442333 0.999344 0.414375 0.998687 0.404604 0.9913589999999999 0.401042 0.989687 0.410375 0.992688 0.416146 0.989031 0.418812 0.989031 0.422354 0.990359 0.436104 0.994688 0.45387500000000003 0.994688 0.468062 0.997687 0.4845 1 0.468958 1 0.442333
18 0.821359 0.43722900000000003 0.8197660000000001 0.45295799999999997 0.8318749999999999 0.45125 0.829953 0.44275000000000003 0.828688 0.438521 0.826141 0.436812 0.8220000000000001 0.436812 0.821359 0.43722900000000003
9 0.18959399999999998 0.52975 0.188766 0.5348539999999999 0.186578 0.5414169999999999 0.184672 0.5450630000000001 0.180563 0.548708 0.18576600000000001 0.5516249999999999 0.193687 0.546521 0.197797 0.5348539999999999 0.195062 0.527208 0.192047 0.5246460000000001 0.189859 0.522833 0.188219 0.522104 0.18740600000000002 0.52575 0.18959399999999998 0.52975
36 0.005156249999999999 0.526729 0.0073437500000000005 0.5328959999999999 0.0144063 0.5328959999999999 0.0151406 0.523479 0.0092968703125 0.517 0.005156249999999999 0.526729