52 0.112016 0.5651269999999999 0.100469 0.561662 0.101109 0.590535 0.11674999999999999 0.596085 0.12068700000000002 0.574225 0.123719 0.572592 0.12401599999999999 0.557831 0.11007800000000001 0.559465 0.112016 0.5651269999999999
52 0.10571900000000001 0.549324 0.119391 0.461887 0.125609 0.403577 0.10073399999999999 0.37893 0.119391 0.327352 0.09576559999999999 0.343042 0.0945156 0.612113 0.116906 0.614338 0.123125 0.576225 0.12437499999999999 0.560535 0.10571900000000001 0.549324
76 0.113344 0.602986 0.10881300000000001 0.461296 0.10825 0.316535 0.11107800000000001 0.26963400000000004 0.0443594 0.25231 0.001375 0.230901 0 0.42662 0.0008125000000000001 0.62338 0.105984 0.602986 0.113344 0.602986
22 0.332375 0.825437 0.352016 0.820789 0.352016 0.8459439999999999 0.360812 0.85062 0.360812 0.817972 0.363391 0.817972 0.41612499999999997 0.792817 0.418203 0.817042 0.42595299999999997 0.849662 0.433188 0.849662 0.428531 0.7993520000000001 0.428531 0.7797750000000001 0.413031 0.770451 0.41200000000000003 0.7629859999999999 0.412516 0.702423 0.412516 0.668845 0.418719 0.661408 0.418719 0.654873 0.38717199999999996 0.656732 0.361844 0.6585920000000001 0.359266 0.652085 0.350984 0.5271830000000001 0.35150000000000003 0.491775 0.345297 0.463803 0.342203 0.466592 0.345812 0.500141 0.340125 0.503887 0.333406 0.510394 0.310656 0.502958 0.297734 0.506676 0.287906 0.502958 0.280672 0.509465 0.26671900000000004 0.507606 0.254312 0.508535 0.244484 0.519718 0.238797 0.5141410000000001 0.235172 0.500141 0.231047 0.48338 0.22896899999999998 0.470338 0.224844 0.466592 0.223281 0.48056299999999996 0.224328 0.491775 0.225359 0.500141 0.22896899999999998 0.521577 0.24034399999999997 0.58031 0.241906 0.6008169999999999 0.24603100000000003 0.621324 0.24706299999999998 0.633437 0.24965600000000002 0.660479 0.266203 0.757408 0.27446899999999996 0.805859 0.268781 0.8114649999999999 0.269297 0.8235770000000001 0.27240600000000004 0.825437 0.271891 0.833831 0.270859 0.847803 0.282219 0.844085 0.278609 0.831042 0.289984 0.8329009999999999 0.314281 0.830113 0.321516 0.847803 0.32875 0.847803 0.326172 0.829183 0.332375 0.825437
24 1 0.587296 0.970703 0.574366 0.9372339999999999 0.712282 0.8212659999999999 0.712282 0.8212659999999999 0.718761 0.826047 0.7359999999999999 0.838016 0.7359999999999999 0.840406 0.7790990000000001 0.8140940000000001 0.781239 0.8045310000000001 0.789859 0.79975 0.863155 0.79975 0.871775 0.800953 0.871775 0.8152969999999999 0.960141 0.829641 0.99031 1 0.9859999999999999 1 0.587296
12 0.592594 0.716451 0.599859 0.717014 0.598281 0.656761 0.592594 0.656761 0.592594 0.716451
12 0.585391 0.716507 0.591141 0.716873 0.59075 0.659577 0.586156 0.664423 0.585391 0.716507
12 0.592203 0.640451 0.591125 0.566225 0.587547 0.5675209999999999 0.586125 0.64431 0.593281 0.64431 0.592203 0.640451
12 0.561516 0.647944 0.557937 0.650845 0.555984 0.658169 0.5572809999999999 0.716423 0.5658909999999999 0.716732 0.5649219999999999 0.660225 0.566875 0.650845 0.561516 0.647944
12 0.573828 0.567944 0.5662659999999999 0.569662 0.5669690000000001 0.645437 0.567922 0.645437 0.574297 0.643746 0.573828 0.567944
12 0.562156 0.5755210000000001 0.563031 0.644479 0.564125 0.644479 0.566719 0.6452680000000001 0.566078 0.574366 0.562156 0.575155 0.562156 0.5755210000000001
12 0.586859 0.645972 0.586859 0.570563 0.586203 0.565831 0.5819219999999999 0.565211 0.580281 0.570563 0.580609 0.645972 0.586859 0.645972
12 0.599031 0.646423 0.599344 0.5584509999999999 0.5190159999999999 0.561183 0.519625 0.645324 0.560844 0.646986 0.599031 0.646423
12 0.49207799999999996 0.64338 0.490406 0.568958 0.486219 0.569465 0.485672 0.645887 0.492641 0.644901 0.49207799999999996 0.64338
12 0.48164100000000004 0.646535 0.479891 0.572507 0.47620300000000004 0.572507 0.47750000000000004 0.644197 0.48164100000000004 0.646535
12 0.569937 0.718028 0.570422 0.660648 0.5672189999999999 0.653099 0.565484 0.6588729999999999 0.565984 0.714479 0.569937 0.718028
12 0.5806250000000001 0.715915 0.5823750000000001 0.714338 0.582547 0.650789 0.581672 0.647972 0.5799369999999999 0.650169 0.578719 0.653606 0.578547 0.713408 0.5806250000000001 0.715915
12 0.572781 0.555493 0.575375 0.553324 0.574688 0.490085 0.572609 0.491014 0.569328 0.49163399999999996 0.5695 0.493521 0.5695 0.555183 0.572781 0.555493