18 0.45787500000000003 0.876312 0.45562500000000006 0.8788750000000001 0.454344 0.883146 0.45467199999999997 0.886563 0.45690600000000003 0.889979 0.458188 0.892104 0.45787500000000003 0.896813 0.45787500000000003 0.905333 0.458188 0.910042 0.46075 0.910042 0.464266 0.9108750000000001 0.467156 0.9108750000000001 0.468109 0.909604 0.46875 0.907042 0.469391 0.9002079999999999 0.470672 0.899354 0.47451600000000005 0.8989379999999999 0.47643800000000003 0.899792 0.478344 0.901917 0.481234 0.903208 0.48475 0.904479 0.48795299999999997 0.903208 0.48890599999999995 0.899354 0.510031 0.8985 0.510031 0.9006460000000001 0.510672 0.905771 0.512281 0.907042 0.518328 0.9056879999999999 0.519594 0.902042 0.520437 0.896396 0.523609 0.895563 0.5255 0.896125 0.526984 0.89725 0.527406 0.901188 0.527828 0.9023129999999999 0.532266 0.902604 0.535219 0.9017499999999999 0.537125 0.900062 0.5377500000000001 0.895833 0.5383910000000001 0.888521 0.5383910000000001 0.885146 0.538172 0.8800830000000001 0.5383910000000001 0.877271 0.5383910000000001 0.876125 0.5390159999999999 0.872188 0.538812 0.86825 0.5390159999999999 0.862896 0.5377500000000001 0.858396 0.536281 0.855021 0.535438 0.847417 0.534375 0.84375 0.533531 0.843479 0.530578 0.8367290000000001 0.5284690000000001 0.8325 0.526344 0.830521 0.5242340000000001 0.8288329999999999 0.5193909999999999 0.8282710000000001 0.514313 0.8282710000000001 0.499531 0.828 0.48370300000000005 0.8282710000000001 0.479047 0.8302499999999999 0.476516 0.8327709999999999 0.47462499999999996 0.837 0.46892199999999995 0.848271 0.468281 0.848542 0.467656 0.848542 0.46237500000000004 0.849396 0.461313 0.851354 0.46173400000000003 0.8558749999999999 0.46321899999999994 0.8575630000000001 0.461313 0.8600829999999999 0.458578 0.863458 0.45773400000000003 0.8755620000000001 0.45787500000000003 0.876312
18 0.562547 0.8592080000000001 0.5627500000000001 0.862021 0.563391 0.866542 0.5635939999999999 0.872437 0.563812 0.880333 0.564438 0.885125 0.565922 0.887375 0.567406 0.885958 0.5695159999999999 0.8780830000000001 0.570781 0.876667 0.574156 0.876396 0.575844 0.879479 0.5769059999999999 0.880333 0.577328 0.879771 0.577328 0.876104 0.577531 0.871875 0.57775 0.8687919999999999 0.578172 0.8640000000000001 0.577531 0.858083 0.5769059999999999 0.854437 0.574578 0.8493539999999999 0.573734 0.845417 0.572469 0.843167 0.5695159999999999 0.841187 0.564859 0.8409169999999999 0.560219 0.8409169999999999 0.555578 0.841187 0.554312 0.844583 0.555578 0.851042 0.556203 0.854437 0.561063 0.856958 0.5612809999999999 0.856958 0.562969 0.8592080000000001 0.562547 0.8592080000000001
18 0.590766 0.864563 0.5919380000000001 0.8659579999999999 0.595109 0.863292 0.597578 0.8622080000000001 0.598297 0.8631460000000001 0.5999380000000001 0.865021 0.602766 0.8617290000000001 0.607359 0.860479 0.6128910000000001 0.860479 0.615469 0.862833 0.616656 0.864708 0.620188 0.8659579999999999 0.6225310000000001 0.864708 0.624422 0.86125 0.6254839999999999 0.862354 0.627016 0.863771 0.627484 0.861417 0.6278279999999999 0.856563 0.630547 0.856229 0.630188 0.850583 0.628656 0.844 0.625359 0.837562 0.621594 0.831917 0.618656 0.831604 0.610062 0.831437 0.6005309999999999 0.833021 0.599234 0.834271 0.597469 0.8372499999999999 0.5961719999999999 0.840083 0.594172 0.8452500000000001 0.592766 0.8468330000000001 0.5915779999999999 0.848542 0.590281 0.851688 0.590531 0.863458 0.590766 0.864563
18 0.638 0.84125 0.637172 0.837729 0.6367499999999999 0.8364379999999999 0.6357809999999999 0.832729 0.633969 0.8305 0.63175 0.830125 0.629672 0.830125 0.623688 0.8305 0.622719 0.8316250000000001 0.6228589999999999 0.833646 0.623266 0.8342080000000001 0.625078 0.8379169999999999 0.627156 0.842375 0.628688 0.845708 0.629531 0.847562 0.629938 0.848854 0.6311880000000001 0.852563 0.631469 0.852563 0.6338280000000001 0.85275 0.634531 0.853479 0.634531 0.855896 0.635219 0.85775 0.636609 0.8581249999999999 0.638703 0.855896 0.6395310000000001 0.853667 0.639391 0.8499580000000001 0.639391 0.847917 0.638422 0.842375 0.638 0.84125
18 0.791328 0.841208 0.792516 0.841792 0.793391 0.826917 0.788625 0.826333 0.7874220000000001 0.825313 0.783312 0.8254579999999999 0.782234 0.827063 0.7794220000000001 0.827063 0.779094 0.8409169999999999 0.780828 0.841646 0.782562 0.839042 0.788734 0.839333 0.791328 0.841208
18 0.5324530000000001 0.8405419999999999 0.539453 0.863375 0.538672 0.8931039999999999 0.553203 0.891729 0.564609 0.8861880000000001 0.563063 0.8588749999999999 0.556828 0.854375 0.5545 0.848146 0.555531 0.8408960000000001 0.534531 0.8394999999999999 0.5324530000000001 0.8405419999999999
18 0.6475 0.8285210000000001 0.647188 0.837417 0.646234 0.850562 0.646875 0.8581869999999999 0.6484530000000001 0.862854 0.653234 0.861583 0.651 0.853104 0.657359 0.853104 0.661172 0.854375 0.664984 0.853938 0.667219 0.8535210000000001 0.670719 0.8581869999999999 0.669125 0.8603120000000001 0.6719839999999999 0.860729 0.675484 0.857333 0.674531 0.850979 0.675797 0.842917 0.672625 0.8391040000000001 0.672297 0.834458 0.673578 0.833604 0.673578 0.831063 0.672625 0.829354 0.670078 0.827667 0.668172 0.823438 0.663078 0.818771 0.655453 0.818771 0.655453 0.819604 0.6487809999999999 0.8238540000000001 0.6475 0.8285210000000001
18 0.644234 0.847938 0.645641 0.844187 0.646031 0.833604 0.642703 0.830875 0.639891 0.824396 0.636688 0.822354 0.622625 0.822875 0.62325 0.8310420000000001 0.634641 0.830875 0.637578 0.838896 0.63975 0.850833 0.6417970000000001 0.853729 0.641297 0.852375 0.642828 0.852542 0.644234 0.847938
18 0.390516 0.846521 0.392328 0.859188 0.39110900000000004 0.861062 0.3895 0.870229 0.39920300000000003 0.869958 0.400406 0.866729 0.403234 0.865104 0.409297 0.860792 0.41173400000000004 0.8548749999999999 0.4085 0.852167 0.40182799999999996 0.8483959999999999 0.392328 0.846792 0.390516 0.846521
18 0.740688 0.828792 0.739313 0.820583 0.7315159999999999 0.819729 0.730781 0.828542 0.740688 0.828792
73 0.736484 0.797187 0.737563 0.793625 0.736672 0.790521 0.7341719999999999 0.790521 0.7325630000000001 0.792896 0.733984 0.796958 0.736484 0.797187
73 0.7188749999999999 0.812542 0.7195940000000001 0.8135 0.721922 0.813958 0.7229840000000001 0.812292 0.722094 0.810396 0.720656 0.8101459999999999 0.7192339999999999 0.810625 0.7188749999999999 0.812542
73 0.738187 0.7921250000000001 0.738 0.795521 0.73975 0.7953749999999999 0.739844 0.792271 0.738391 0.791083 0.738187 0.7921250000000001