50 0.603391 0.48277000000000003 0.599531 0.45439 0.607688 0.444695 0.607688 0.458263 0.611125 0.483427 0.6162810000000001 0.484718 0.615859 0.457606 0.621 0.45244100000000004 0.618 0.41502300000000003 0.600391 0.399531 0.596516 0.38662 0.5879380000000001 0.39049300000000003 0.5875 0.405329 0.583641 0.42082200000000003 0.581484 0.46471799999999996 0.5879380000000001 0.464061 0.593938 0.42277 0.599953 0.43244099999999996 0.591797 0.457606 0.597375 0.48406099999999996 0.6042500000000001 0.483427 0.603391 0.48277000000000003
50 0.796 0.440587 0.794844 0.433427 0.7944530000000001 0.428803 0.7922659999999999 0.425329 0.787266 0.42493000000000003 0.7840469999999999 0.426103 0.7818590000000001 0.4373 0.7797970000000001 0.441737 0.7783909999999999 0.446761 0.778 0.453333 0.777875 0.459695 0.776328 0.46608 0.775172 0.47051600000000005 0.7840469999999999 0.472254 0.7915 0.47417800000000004 0.800109 0.473427 0.8010160000000001 0.468592 0.7997340000000001 0.46490600000000004 0.7943279999999999 0.462793 0.792141 0.459507 0.792812 0.456831 0.795609 0.45708899999999997 0.79875 0.45493 0.798844 0.447911 0.796 0.440587
50 0.853172 0.46877899999999995 0.852688 0.472113 0.8690939999999999 0.47157299999999996 0.8784689999999999 0.473967 0.883516 0.470822 0.892156 0.469343 0.893141 0.466009 0.8885780000000001 0.456174 0.8880779999999999 0.444695 0.880812 0.443404 0.877844 0.450986 0.8689690000000001 0.458028 0.853172 0.469155 0.853172 0.46877899999999995
50 0.717953 0.393146 0.716516 0.396127 0.715625 0.39772300000000005 0.714187 0.400423 0.713469 0.4023 0.715797 0.40446 0.718484 0.4077 0.720453 0.407958 0.722797 0.4077 0.7252970000000001 0.40582199999999996 0.727453 0.409577 0.729781 0.41039899999999996 0.732828 0.41039899999999996 0.737313 0.408498 0.73875 0.405 0.7375 0.40528200000000003 0.735875 0.40528200000000003 0.734797 0.403662 0.733906 0.405 0.7315780000000001 0.40337999999999996 0.730328 0.399624 0.729063 0.399624 0.727453 0.399343 0.727625 0.39880299999999996 0.726203 0.396643 0.725125 0.396925 0.723328 0.39396699999999996 0.723688 0.392066 0.723328 0.38615 0.7235 0.383192 0.720453 0.382371 0.719031 0.384272 0.717234 0.38586899999999996 0.716875 0.38856799999999997 0.717234 0.391526 0.717594 0.39342699999999997 0.717953 0.393146
50 0.323 0.41382599999999997 0.337781 0.416479 0.33764099999999997 0.41009399999999996 0.33720300000000003 0.399531 0.332656 0.39161999999999997 0.332953 0.383709 0.332219 0.37798099999999996 0.329437 0.376009 0.326516 0.379742 0.326516 0.38260600000000006 0.326813 0.390516 0.324031 0.392066 0.32125 0.40129099999999995 0.321828 0.4123 0.323 0.41382599999999997
50 0.283047 0.44664299999999996 0.284547 0.434131 0.28568699999999997 0.420493 0.287578 0.42277 0.294016 0.425047 0.296281 0.431854 0.304609 0.443216 0.306125 0.43753499999999995 0.294016 0.41821600000000003 0.287953 0.406854 0.289094 0.40286400000000006 0.28645299999999996 0.392653 0.28153100000000003 0.397746 0.282281 0.4023 0.273969 0.403451 0.268672 0.413662 0.271312 0.422207 0.27017199999999997 0.433005 0.26790600000000003 0.44096199999999997 0.283047 0.44664299999999996
50 0.23460899999999998 0.43488299999999996 0.232844 0.45345100000000005 0.2525 0.449812 0.252062 0.424272 0.24962499999999999 0.416315 0.245875 0.409671 0.243438 0.398052 0.240797 0.396737 0.237703 0.39739399999999997 0.23615599999999998 0.399061 0.23482799999999998 0.40469499999999997 0.235281 0.41431900000000005 0.230641 0.42061 0.224016 0.43422499999999997 0.220922 0.44251199999999996 0.21959399999999998 0.45079800000000003 0.223578 0.45115 0.233281 0.43389700000000003 0.23460899999999998 0.43488299999999996
66 0.855359 0.471901 0.859469 0.47176100000000004 0.869656 0.471244 0.8711869999999999 0.47112699999999996 0.8711869999999999 0.46521100000000004 0.8701869999999999 0.463005 0.869734 0.461502 0.861984 0.464014 0.860187 0.46631500000000004 0.8534689999999999 0.468028 0.8534689999999999 0.47061000000000003 0.855359 0.471901
66 0.631453 0.496573 0.6418440000000001 0.48953100000000005 0.645359 0.483944 0.6428130000000001 0.483944 0.635969 0.485117 0.6148119999999999 0.489225 0.605813 0.487746 0.595828 0.485399 0.580172 0.487465 0.5786089999999999 0.48981199999999997 0.581141 0.49216 0.612859 0.50216 0.631453 0.496573
66 0.351484 0.41345099999999996 0.35815600000000003 0.411854 0.353938 0.40659599999999996 0.343062 0.400258 0.336031 0.39708899999999997 0.33321900000000004 0.39497699999999997 0.32092200000000004 0.393404 0.31810900000000003 0.39446000000000003 0.316359 0.398146 0.319875 0.40554 0.33884400000000003 0.41608 0.351484 0.41345099999999996
66 0.18179700000000001 0.438146 0.186125 0.43683099999999997 0.194609 0.435023 0.194609 0.427723 0.19392199999999998 0.420188 0.187516 0.41889699999999996 0.180062 0.41967099999999996 0.174359 0.422019 0.17296899999999998 0.42694800000000005 0.170375 0.427465 0.170203 0.43422499999999997 0.180234 0.43528199999999995 0.18179700000000001 0.438146
66 0.6587810000000001 0.39892 0.664625 0.39892 0.669562 0.40704199999999996 0.673172 0.404319 0.6740630000000001 0.4023 0.660578 0.380681 0.649328 0.35568099999999997 0.6380939999999999 0.3577 0.6380939999999999 0.369859 0.6475310000000001 0.390822 0.656078 0.406362 0.6587810000000001 0.39892
66 0.015062500000000001 0.47523499999999996 0.0149062 0.477676 0.0391094 0.489131 0.0433594 0.472606 0.0162344 0.473474 0.015062500000000001 0.47523499999999996
66 0.0679063 0.492582 0.0647969 0.494906 0.100922 0.494906 0.0878437 0.483239 0.0660937 0.477606 0.0680313 0.48615 0.0679063 0.492582
50 0.660797 0.445634 0.661406 0.44636200000000004 0.662406 0.446925 0.665984 0.44730000000000003 0.667328 0.447488 0.667094 0.448028 0.666469 0.454718 0.668438 0.456737 0.673375 0.456197 0.676094 0.453779 0.676828 0.45063400000000003 0.679297 0.448592 0.679547 0.446925 0.678922 0.442113 0.675844 0.43598600000000004 0.67325 0.43488299999999996 0.671781 0.43007 0.672891 0.42561 0.672766 0.42319199999999996 0.671781 0.421714 0.6706719999999999 0.42133800000000005 0.669063 0.42133800000000005 0.667828 0.421714 0.667453 0.422277 0.667578 0.42523500000000003 0.667703 0.428216 0.667828 0.435258 0.668687 0.436925 0.666469 0.43727699999999997 0.6632659999999999 0.438779 0.661172 0.443592 0.660797 0.445634
50 0.047765600000000005 0.494836 0.0513594 0.49554000000000004 0.0564063 0.49518799999999996 0.0614375 0.494836 0.0645625 0.48978900000000003 0.0647969 0.485094 0.0655156 0.481127 0.066 0.478615 0.06575 0.475 0.0652812 0.472465 0.0614375 0.470681 0.0587969 0.469601 0.058562499999999997 0.467793 0.0587969 0.465634 0.0595156 0.463474 0.060718799999999996 0.4577 0.060718799999999996 0.45446000000000003 0.059765599999999995 0.451197 0.0578438 0.449413 0.055671899999999996 0.44831000000000004 0.0525625 0.448685 0.050875000000000004 0.44976499999999997 0.0487187 0.453005 0.0487187 0.458404 0.0487187 0.462371 0.0487187 0.465634 0.0504062 0.46887300000000004 0.0484844 0.469601 0.045593800000000004 0.471385 0.044156299999999996 0.472465 0.0429688 0.474648 0.041999999999999996 0.47716000000000003 0.040796900000000004 0.482934 0.0381563 0.49157300000000004 0.047765600000000005 0.494836
50 0.150281 0.43439 0.152359 0.435563 0.153656 0.44063399999999997 0.156266 0.439859 0.159375 0.43596199999999996 0.160938 0.43439 0.161984 0.439085 0.169266 0.438685 0.170313 0.425399 0.173172 0.42500000000000004 0.173172 0.41758199999999995 0.17160899999999998 0.404671 0.164844 0.40117400000000003 0.163547 0.393357 0.163281 0.387488 0.15912500000000002 0.385915 0.156781 0.390211 0.157812 0.400376 0.148969 0.407817 0.149234 0.41798100000000005 0.14950000000000002 0.431643 0.150281 0.43439
50 0.881594 0.392911 0.879219 0.380423 0.875469 0.375094 0.871516 0.36946 0.864594 0.367371 0.858672 0.373005 0.8578749999999999 0.38399099999999997 0.858469 0.38993000000000005 0.86025 0.391127 0.8784219999999999 0.40208900000000003 0.881594 0.392911
66 0.675687 0.437019 0.677875 0.43762900000000005 0.678266 0.44002299999999994 0.678266 0.442113 0.679453 0.446291 0.685234 0.43941300000000005 0.687609 0.434343 0.687016 0.429859 0.685234 0.424789 0.684234 0.422981 0.682844 0.422089 0.678469 0.425986 0.674687 0.42777 0.673297 0.430164 0.673094 0.431948 0.672703 0.435235 0.675687 0.437019
66 0.658188 0.437019 0.651219 0.445094 0.649438 0.452559 0.653813 0.455258 0.661953 0.454953 0.666937 0.454061 0.669516 0.452277 0.668516 0.449577 0.667922 0.44838 0.666328 0.447488 0.664344 0.447793 0.660969 0.447793 0.657391 0.446878 0.655797 0.443897 0.660375 0.442418 0.664547 0.44002299999999994 0.668922 0.436737 0.669516 0.431643 0.665734 0.432254 0.658188 0.437019
50 0.40653100000000003 0.460117 0.41865600000000003 0.460117 0.418 0.445352 0.417016 0.43108 0.41734400000000005 0.4227 0.41734400000000005 0.418779 0.41865600000000003 0.416315 0.420297 0.411385 0.420297 0.406479 0.41964100000000004 0.403521 0.41734400000000005 0.399085 0.41407800000000006 0.398099 0.411453 0.399085 0.40948399999999996 0.402042 0.408828 0.409906 0.408828 0.41237100000000004 0.408828 0.4173 0.40653100000000003 0.42319199999999996 0.40653100000000003 0.428122 0.40653100000000003 0.43549299999999996 0.406203 0.445352 0.40556200000000003 0.460117 0.40653100000000003 0.460117
50 0.242844 0.401526 0.24371900000000002 0.404038 0.244172 0.40852099999999997 0.246609 0.411854 0.252922 0.41119700000000003 0.257016 0.41018799999999994 0.253484 0.40502299999999997 0.250047 0.401878 0.250156 0.399531 0.250156 0.396878 0.249703 0.393052 0.247828 0.389883 0.24493700000000002 0.389718 0.2435 0.391549 0.2425 0.394883 0.24295300000000003 0.398216 0.242844 0.401526
66 0.407937 0.40469499999999997 0.40351599999999993 0.400399 0.396953 0.398685 0.393531 0.398052 0.390969 0.400399 0.392531 0.411549 0.402516 0.425892 0.40209400000000006 0.425892 0.405516 0.428685 0.40607800000000005 0.428028 0.40607800000000005 0.425681 0.408078 0.41967100000000007 0.4095 0.41669 0.409922 0.407676 0.407937 0.40469499999999997
66 0.41806299999999996 0.438521 0.42204699999999995 0.441526 0.429031 0.443662 0.43601600000000007 0.441526 0.43901599999999996 0.437676 0.4214840000000001 0.417535 0.421906 0.418404 0.418484 0.416901 0.4174840000000001 0.417535 0.41806299999999996 0.423545 0.41806299999999996 0.438521