27 0.00596875 0.6221310000000001 0.0104531 0.977845 0.517922 0.98007 0.9910780000000001 0.971124 0.992578 0.92192 0.946297 0.700445 0.732859 0.49238899999999997 0.686594 0.512529 0.603 0.552787 0.55525 0.508056 0.534344 0.467775 0.449266 0.47002299999999997 0.18507800000000002 0.476721 0.0223906 0.566206 0.00596875 0.6221310000000001
41 0.52025 0.579087 0.587719 0.5026930000000001 0.5667340000000001 0.49594800000000006 0.5127659999999999 0.565597 0.52025 0.579087
50 1 0.84719 1 0.262927 0.920562 0.332576 0.899578 0.413489 0.770641 0.492131 0.775141 0.496628 0.775141 0.570796 0.797625 0.593255 0.805125 0.559555 0.8530940000000001 0.584262 0.880094 0.613489 0.932563 0.683138 0.9715469999999999 0.782014 1 0.84719
50 0.629703 0.429204 0.665687 0.413489 0.662687 0.395504 0.688172 0.34831399999999996 0.725656 0.289883 0.748156 0.226956 0.782641 0.148314 0.812625 0.0988759 0.814125 0.137073 0.812625 0.240445 0.9640470000000001 0.00449649 0.736156 0.00224824 0.730156 0.0494379 0.709172 0.125831 0.677687 0.202248 0.650687 0.28089 0.628203 0.337073 0.620703 0.368548 0.608719 0.395504 0.581734 0.415738 0.560734 0.438197 0.566734 0.458431 0.565234 0.465176 0.54875 0.510117 0.560734 0.510117 0.574234 0.424731 0.605719 0.431452 0.629703 0.429204
50 0.562234 0.507869 0.5629689256060895 0.5089704085083261 0.563734 0.510117 0.605719 0.512365 0.608041382950644 0.5062654503194659 0.617703 0.48089 0.572734 0.45393399999999995 0.562234 0.507869
47 0.381375 0.7314750000000001 0.384703 0.7488760000000001 0.391328 0.752178 0.404031 0.7563230000000001 0.41564100000000004 0.757986 0.429453 0.757986 0.441609 0.761288 0.43829700000000005 0.7496959999999999 0.44217199999999995 0.744731 0.44603099999999996 0.74637 0.454328 0.747213 0.46757799999999994 0.747213 0.47476599999999997 0.744731 0.48857799999999996 0.7347779999999999 0.492453 0.729813 0.519531 0.70993 0.5245 0.7016629999999999 0.532797 0.693372 0.540531 0.68096 0.542188 0.671007 0.542734 0.6660419999999999 0.537766 0.6660419999999999 0.527266 0.6652220000000001 0.512344 0.669344 0.49798400000000004 0.669344 0.485828 0.671007 0.474219 0.670187 0.463172 0.666862 0.453766 0.6660419999999999 0.447687 0.6718270000000001 0.44106199999999995 0.678454 0.428906 0.68178 0.416188 0.68178 0.41564100000000004 0.6900700000000001 0.41453100000000004 0.696674 0.409016 0.7024819999999999 0.40293799999999996 0.704145 0.39575 0.704145 0.39353099999999996 0.7024819999999999 0.382484 0.71822 0.381375 0.7314750000000001
47 0.43428100000000003 0.360656 0.4175 0.352272 0.41393800000000003 0.360656 0.371734 0.36295099999999997 0.359016 0.36295099999999997 0.358 0.369789 0.350891 0.365222 0.341219 0.365995 0.339188 0.369789 0.332078 0.36904000000000003 0.317328 0.35379400000000005 0.309188 0.35304399999999997 0.30359400000000003 0.35913300000000004 0.299016 0.36751799999999996 0.288344 0.380468 0.282234 0.39189700000000005 0.28579699999999997 0.401803 0.31275 0.405621 0.32799999999999996 0.403326 0.34326599999999996 0.400281 0.374781 0.400281 0.384453 0.395714 0.392578 0.38885200000000003 0.397156 0.38655700000000004 0.421563 0.38655700000000004 0.424625 0.378173 0.426141 0.36904000000000003 0.43682800000000005 0.368267 0.43428100000000003 0.360656
17 0.210875 0.713981 0.210875 0.786534 0.20049999999999998 0.820211 0.22296900000000003 0.882389 0.273094 0.931616 0.369891 0.952342 0.459766 0.934192 0.502984 0.9238409999999999 0.565203 0.8720140000000001 0.584219 0.80726 0.563484 0.7036300000000001 0.560016 0.651803 0.544469 0.610351 0.515078 0.587049 0.494344 0.548197 0.466688 0.535222 0.452859 0.553372 0.42001600000000006 0.558548 0.390641 0.558548 0.36815600000000004 0.527471 0.33532799999999996 0.527471 0.31457799999999997 0.527471 0.295563 0.548197 0.27482799999999996 0.537822 0.259266 0.563724 0.236797 0.5689230000000001 0.250625 0.612951 0.245438 0.620726 0.217781 0.644052 0.210875 0.713981
17 0.17329699999999998 0.26234199999999996 0.0866406 0.1974 0.0311875 0.257143 0.0017343796875000002 0.340258 0.0017343796875000002 0.48831399999999997 0.07625 0.509087 0.180234 0.496112 0.230484 0.446745 0.20448400000000003 0.277916 0.17329699999999998 0.26234199999999996
17 0.263719 0.285246 0.24895299999999998 0.305808 0.244734 0.32793900000000004 0.232078 0.348478 0.224703 0.36271699999999996 0.21837499999999999 0.389602 0.21309399999999998 0.50185 0.23735900000000001 0.5381969999999999 0.2595 0.54452 0.282719 0.536628 0.292203 0.536628 0.318578 0.527143 0.356547 0.527143 0.374484 0.527143 0.387141 0.549274 0.42195299999999997 0.555597 0.452531 0.536628 0.486297 0.509742 0.482078 0.471803 0.46940600000000005 0.45599500000000004 0.46835899999999997 0.438595 0.46835899999999997 0.388009 0.45675 0.353232 0.43987499999999996 0.32161599999999996 0.420891 0.30264599999999997 0.40506200000000003 0.297892 0.397688 0.271007 0.37342200000000003 0.25363 0.31540599999999996 0.250468 0.283766 0.25363 0.303812 0.271007 0.280609 0.280492 0.263719 0.285246
47 0.293047 0.29707300000000003 0.29859399999999997 0.289578 0.311078 0.28709599999999996 0.322438 0.288337 0.327437 0.290422 0.331594 0.292904 0.338531 0.304543 0.33964099999999997 0.30578500000000003 0.345187 0.299157 0.340187 0.291663 0.32687499999999997 0.277939 0.308578 0.273794 0.29276599999999997 0.281686 0.281953 0.29332600000000003 0.28306200000000004 0.292506 0.286953 0.301218 0.293047 0.29707300000000003
50 1 0.25454299999999996 0.999922 0.005199060889929743 0.961797 0.0025995292740046837 0.925391 0.0701404988290398 0.8110160000000001 0.244145 0.708781 0.376628 0.698375 0.4026 0.655062 0.42337199999999997 0.582266 0.42597199999999996 0.584 0.446745 0.623859 0.485714 0.611734 0.509087 0.570141 0.503888 0.570141 0.5272830000000001 0.632531 0.558431 0.6637190000000001 0.535059 0.715703 0.472717 0.7625 0.483115 0.8942030000000001 0.410398 0.923672 0.332459 0.927125 0.31688500000000003 0.996453 0.257143 1 0.25454299999999996
47 0.550297 0.647752 0.55375 0.635082 0.553547 0.6237240000000001 0.541625 0.602951 0.5208280000000001 0.613981 0.528625 0.62534 0.534266 0.6418969999999999 0.531656 0.66267 0.542281 0.6574939999999999 0.550297 0.647752