50 0.787564 0.582688 0.794824 0.550469 0.835878 0.508578 0.8165570000000001 0.466688 0.8141449999999999 0.40546899999999997 0.780328 0.371625 0.722365 0.33134399999999997 0.674075 0.316844 0.674075 0.255625 0.6209370000000001 0.213734 0.548501 0.228234 0.55815 0.262062 0.560585 0.307188 0.548501 0.326516 0.41325500000000004 0.371625 0.335995 0.436078 0.290117 0.47474999999999995 0.307002 0.544031 0.314262 0.553687 0.367377 0.5843130000000001 0.36496500000000004 0.6181409999999999 0.408431 0.631031 0.435012 0.63425 0.43983599999999995 0.6181409999999999 0.435012 0.59075 0.367377 0.500531 0.459157 0.439297 0.46398100000000003 0.461859 0.48089000000000004 0.497297 0.47121799999999997 0.553687 0.466393 0.587531 0.553326 0.611703 0.577471 0.6165309999999999 0.55815 0.643922 0.608876 0.6487499999999999 0.6909839999999999 0.668094 0.729625 0.685813 0.748946 0.698703 0.8213820000000001 0.676141 0.8141449999999999 0.6374690000000001 0.787564 0.582688
50 0.707119 0.329 0.730796 0.342547 0.798478 0.37415600000000004 0.808618 0.462188 0.842459 0.5028279999999999 0.79171 0.563766 0.8255499999999999 0.6721250000000001 0.832319 0.6721250000000001 0.896581 0.667609 0.94733 0.6721250000000001 1 0.726297 0.998103 0.306438 0.8627630000000001 0.286125 0.855995 0.27482799999999996 0.808618 0.240969 0.747728 0.218391 0.6732790000000001 0.240969 0.669906 0.292891 0.696979 0.329 0.707119 0.329
50 0.01266980093676815 0.8931720000000001 0.06400470023419204 0.751906 0.051171 0.580703 0.115316 0.587125 0.221194 0.644922 0.269274 0.694141 0.35911 0.689859 0.349485 0.679141 0.250047 0.591422 0.140984 0.505797 0.121733 0.35598399999999997 0.09929740046838408 0.315328 0.124965 0.302469 0.198712 0.212578 0.20192000000000002 0.144109 0.12815000000000001 0.12056199999999999 0.022295100702576114 0.135547 0.01266980093676815 0.8931720000000001
41 0.444309 0.643234 0.45238900000000004 0.648906 0.46697900000000003 0.6553910000000001 0.490445 0.6697029999999999 0.49529300000000004 0.669438 0.49651100000000004 0.662406 0.498548 0.661609 0.503794 0.661609 0.511499 0.664844 0.49651100000000004 0.654047 0.45238900000000004 0.632172 0.43904 0.624328 0.43135799999999996 0.633781 0.43053899999999995 0.635672 0.432553 0.638922 0.444309 0.643234
13 0.741452 1 0.72918 0.981719 0.7353160000000001 0.941781 0.736862 0.933578 0.718431 0.928469 0.698478 0.928469 0.6892739999999999 0.9356410000000001 0.6892739999999999 0.941781 0.6938639999999999 0.9858119999999999 0.6785249999999999 1 0.683138 1 0.741452 1
13 0.898665 1 0.893162 0.982391 0.903068 0.953031 0.897564 0.934672 0.883255 0.9273279999999999 0.851335 0.9251250000000001 0.821616 0.924391 0.809508 0.931 0.8073069999999999 0.9464219999999999 0.8073069999999999 0.974312 0.797424 0.996344 0.788618 1 0.898665 1
32 0.834848 0.7984530000000001 0.863724 0.792328 0.889836 0.792891 0.938454 0.800484 0.9898359999999999 0.8014060000000001 0.9959479999999999 0.7943749999999999 0.980656 0.796219 0.906768 0.791219 0.8737240000000001 0.787516 0.835948 0.789187 0.80733 0.781953 0.778454 0.7721250000000001 0.784567 0.776016 0.774005 0.7747189999999999 0.785105 0.781391 0.7765110000000001 0.779172 0.8070489999999999 0.7943749999999999 0.8370489999999999 0.797703 0.834848 0.7984530000000001
32 0.834075 0.7881560000000001 0.8640749999999999 0.786859 0.8843559999999999 0.786312 0.9548949999999999 0.795391 0.971288 0.794828 0.970468 0.791312 0.955738 0.79075 0.8810070000000001 0.782234 0.834075 0.784266 0.802974 0.767406 0.7990630000000001 0.771484 0.8129510000000001 0.7827810000000001 0.834075 0.7881560000000001
27 0.20208399999999999 0.979781 0.131358 0.959547 0.101054 0.869656 0.104403 0.851688 0.06735359953161592 0.8269690000000001 0.04042150117096019 0.851688 0 0.988766 0.7174240000000001 1 1 0.9752810000000001 0.976768 0.8134840000000001 0.862248 0.8337030000000001 0.7713110000000001 0.8022500000000001 0.677002 0.793266 0.505222 0.786516 0.46480099999999996 0.793266 0.35702599999999995 0.9483119999999999 0.20208399999999999 0.979781
23 0.116183 0 0.11039800000000001 0.0023593703125000002 0.09395780093676816 0.015265599999999999 0.09297419906323186 0.0249375 0.09297419906323186 0.0320469 0.09974240046838408 0.0468906 0.108454 0.0533438 0.150047 0.0720469 0.18002300000000002 0.0655937 0.198407 0.0597969 0.21002300000000002 0.042359400000000005 0.21484799999999998 0.0294531 0.21484799999999998 0.0210625 0.197447 0 0.116183 0
32 0.850117 0.808469 0.86555 0.802641 0.892436 0.8039999999999999 0.913934 0.808469 0.936089 0.808031 0.8823650000000001 0.7990630000000001 0.850117 0.7977190000000001 0.837354 0.8012969999999999 0.821218 0.798609 0.791663 0.788312 0.7896489999999999 0.785172 0.778899 0.790547 0.779578 0.792344 0.821897 0.808031 0.850117 0.808469
32 0.953021 0.8029529999999999 0.929977 0.7990160000000001 0.893326 0.7935 0.872061 0.792906 0.859953 0.792312 0.8404450000000001 0.796453 0.8280559999999999 0.796453 0.8135600000000001 0.794484 0.811218 0.794484 0.821546 0.800594 0.8321780000000001 0.801187 0.841335 0.801187 0.850211 0.799219 0.873841 0.798234 0.884778 0.798234 0.895691 0.798234 0.925246 0.8043440000000001 0.955082 0.808672 0.972506 0.811828 0.983747 0.8137969999999999 0.9831380000000001 0.805328 0.953021 0.8029529999999999
17 0.655597 0.779516 0.7467210000000001 0.753578 0.744286 0.692781 0.698126 0.672516 0.6531849999999999 0.661984 0.604567 0.6498280000000001 0.546253 0.6498280000000001 0.483091 0.674141 0.47337199999999996 0.7025159999999999 0.464848 0.7470939999999999 0.548689 0.777891 0.655597 0.779516