8 0.0016799999999999999 0.984293 0.12612 0.984293 0.10762000000000001 0.946187 0.11604 0.6973069999999999 0.14126 0.66816 0.15469999999999998 0.636773 0.15469999999999998 0.623307 0.14462 0.58744 0.0033599999999999997 0.542613 0.0016799999999999999 0.984293
67 0.43988 0.208987 0.41966000000000003 0.20224 0.40956 0.217973 0.38426 0.27416 0.37416000000000005 0.3236 0.37248000000000003 0.393253 0.33033999999999997 0.39776 0.2427 0.34381300000000004 0.1972 0.280907 0.17696 0.34832 0.17696 0.386507 0.19213999999999998 0.429227 0.23764 0.50336 0.33202 0.50112 0.32192000000000004 0.588773 0.28987999999999997 0.620213 0.26966 0.67416 0.26798 0.737067 0.28652 0.8 0.31012 0.8202130000000001 0.31348000000000004 0.9280799999999999 0.33708 0.92136 0.33202 0.970773 0.34382 0.9977600000000001 0.4045 0.988773 0.43651999999999996 0.87864 0.43145999999999995 0.7505599999999999 0.5073 0.74832 0.45506 0.867413 0.46516 0.905627 0.56124 0.97752 0.5882000000000001 0.9528 0.6050599999999999 0.9033599999999999 0.60338 0.840453 0.6219199999999999 0.8045070000000001 0.64044 0.7505599999999999 0.6337 0.6 0.59662 0.462933 0.54102 0.404507 0.52078 0.269653 0.51574 0.233707 0.50562 0.217973 0.49213999999999997 0.24944000000000002 0.44158 0.240453 0.43988 0.217973 0.43988 0.208987
50 0.63344 0.09104 0.62318 0.08224 0.6107 0.0832 0.60338 0.100827 0.60264 0.122347 0.6041 0.154613 0.58796 0.175147 0.58284 0.20253300000000002 0.58284 0.23776 0.5997 0.266133 0.6011799999999999 0.339493 0.62538 0.340453 0.63344 0.09104
18 0.53362 0.225147 0.58104 0.22965299999999997 0.5960599999999999 0.167707 0.55588 0.17416 0.53314 0.207067 0.53362 0.225147
63 0.31282 0.201413 0.31951999999999997 0.16944 0.31394 0.141147 0.28884 0.118107 0.26818000000000003 0.127013 0.25256 0.153067 0.25034 0.170907 0.25034 0.17464 0.26596 0.185787 0.27488 0.215547 0.29274 0.220027 0.31282 0.201413
63 0.1688 0.16552 0.18181999999999998 0.19448000000000001 0.21068 0.20264 0.22166 0.19856 0.23444 0.183227 0.23904 0.17402700000000002 0.23954 0.152587 0.23418 0.128053 0.22346000000000002 0.1124 0.20584 0.106587 0.19612000000000002 0.108293 0.17646 0.11989299999999999 0.16854 0.139973 0.1688 0.16552
18 0.7526 0.214347 0.77888 0.202507 0.7781399999999999 0.17733300000000002 0.7540800000000001 0.17930700000000002 0.75076 0.202 0.7526 0.214347
18 0.27386 0.24941300000000002 0.27898 0.21528 0.26362 0.181147 0.2293 0.174987 0.23186 0.18181299999999997 0.22726 0.1948 0.21087999999999998 0.20026700000000003 0.20471999999999999 0.229627 0.22162 0.267867 0.27386 0.24941300000000002
22 0.60754 0.5070399999999999 0.6261599999999999 0.5671999999999999 0.6283 0.49176 0.6061 0.49176 0.60754 0.5070399999999999
22 0.31852 0.590133 0.31296 0.90864 0.31112 0.92592 0.33148 0.933333 0.32962 0.587653 0.31852 0.590133
22 0.60186 0.87408 0.62038 0.718507 0.5963 0.614827 0.58518 0.627173 0.6037 0.7308529999999999 0.58518 0.901227 0.5926 0.918507 0.60186 0.87408