13 0.8181419999999999 0.287781 0.846724 0.28609399999999996 0.8405619999999999 0.27682799999999996 0.842323 0.271766 0.838362 0.26025 0.8221029999999999 0.261937 0.820342 0.271766 0.822543 0.276547 0.8146209999999999 0.28609399999999996 0.8181419999999999 0.287781
50 0.152787 0.266078 0.15745699999999999 0.261828 0.15679700000000002 0.251172 0.158778 0.24479700000000001 0.165452 0.229047 0.166112 0.217547 0.158117 0.204766 0.16212700000000002 0.197109 0.153447 0.175812 0.150782 0.16006199999999998 0.13014699999999998 0.144313 0.082176 0.134953 0.04286059902200489 0.13920300000000002 0.016870400977995113 0.15154700000000002 0.008875310513447433 0.161344 0.0015647897310513447 0.166875 0.0008801955990220048 0.200937 0.012885100244498779 0.22307800000000003 0.028875300733496333 0.23415599999999998 0.023545200488997553 0.23840599999999998 0.015550100244498778 0.244375 0.02552569926650367 0.245641 0 0.264797 0.0008801955990220048 0.303547 0.0008801955990220048 0.313766 0.0015647897310513447 0.387 0.0015647897310513447 0.428297 0.0022249388753056236 0.524516 0.06484110024449878 0.485344 0.08017110024449878 0.47896900000000003 0.0921515990220049 0.477688 0.115477 0.472156 0.120807 0.450437 0.129462 0.448313 0.225403 0.395094 0.225403 0.392531 0.222078 0.390828 0.213423 0.373797 0.201418 0.35293800000000003 0.191418 0.327391 0.184768 0.304406 0.170098 0.277156 0.15146700000000002 0.266078 0.152787 0.266078
26 0.6447189999999999 0.310641 0.6470899999999999 0.272937 0.654156 0.269422 0.6557459999999999 0.263891 0.632127 0.260859 0.599878 0.26237499999999997 0.597506 0.267406 0.603032 0.277969 0.6045969999999999 0.310641 0.6077509999999999 0.310641 0.609315 0.310641 0.625844 0.310641 0.6447189999999999 0.310641
26 0.948729 0.558766 0.965355 0.503484 0.972005 0.489672 0.948729 0.479047 0.922103 0.47692199999999996 0.890513 0.47692199999999996 0.86555 0.48329700000000003 0.86555 0.496047 0.867213 0.506687 0.867213 0.561953 0.928753 0.5725939999999999 0.948729 0.5640780000000001 0.948729 0.558766
26 0.897359 0.261719 0.894988 0.258375 0.881638 0.25654699999999997 0.868753 0.25654699999999997 0.8478 0.25654699999999997 0.839218 0.258688 0.842078 0.264156 0.841125 0.274219 0.847311 0.286391 0.853521 0.287312 0.879731 0.293406 0.8740100000000001 0.309547 0.8740100000000001 0.336656 0.8849629999999999 0.335125 0.896895 0.293703 0.899756 0.2605 0.897359 0.261719
26 0.39956 0.369641 0.400416 0.37675000000000003 0.42264100000000004 0.377297 0.453423 0.375656 0.457702 0.361437 0.45599 0.316641 0.431198 0.31226600000000004 0.39870400000000006 0.318281 0.39956 0.369641
62 0.327457 0.533844 0.320122 0.537687 0.317457 0.543219 0.34476799999999996 0.635656 0.360098 0.690156 0.360758 0.7072339999999999 0.358093 0.718313 0.352763 0.724688 0.34078200000000003 0.7332029999999999 0.336112 0.741719 0.33677300000000004 0.756203 0.34476799999999996 0.766422 0.35410800000000003 0.767266 0.364083 0.762156 0.360098 0.75875 0.360758 0.756203 0.373423 0.760891 0.37608800000000003 0.758328 0.38273799999999997 0.756625 0.383423 0.7527969999999999 0.39941299999999996 0.747266 0.40474299999999996 0.747266 0.414059 0.743422 0.411394 0.73875 0.402738 0.7315 0.389413 0.7238439999999999 0.380073 0.714906 0.378753 0.694469 0.352763 0.543266 0.34677300000000005 0.536031 0.34078200000000003 0.532625 0.327457 0.533844
62 0.505452 0.796344 0.48337399999999997 0.806531 0.45824000000000004 0.821813 0.49931499999999995 0.816328 0.539169 0.80575 0.574719 0.793203 0.5808559999999999 0.787719 0.5814670000000001 0.7791089999999999 0.623154 0.7552030000000001 0.667311 0.733266 0.744548 0.6882189999999999 0.805477 0.656844 0.80621 0.647453 0.797873 0.6412340000000001 0.786064 0.639016 0.7659410000000001 0.647 0.710367 0.682953 0.648557 0.7215779999999999 0.621467 0.738875 0.588142 0.760625 0.564523 0.7814840000000001 0.550636 0.79125 0.548973 0.790859 0.5256719999999999 0.793594 0.505452 0.796344
62 0.45868000000000003 0.450719 0.457115 0.45232799999999995 0.457433 0.454938 0.468778 0.459781 0.48105099999999995 0.459375 0.49493899999999996 0.45817199999999997 0.502176 0.457766 0.507213 0.45817199999999997 0.516675 0.459375 0.536528 0.462188 0.549756 0.46420300000000003 0.571198 0.46662499999999996 0.5863079999999999 0.46803100000000003 0.608386 0.472469 0.608386 0.470859 0.6067969999999999 0.46762499999999996 0.6077509999999999 0.462797 0.578117 0.460984 0.545037 0.458969 0.515403 0.455547 0.503741 0.453937 0.483888 0.453937 0.477604 0.453125 0.471296 0.450516 0.467188 0.448297 0.45775099999999996 0.44931299999999996 0.45647899999999997 0.45273399999999997 0.45868000000000003 0.450719
62 0.187017 0.5247029999999999 0.193692 0.516609 0.206333 0.511078 0.219658 0.5055310000000001 0.236333 0.504687 0.242983 0.503828 0.217677 0.497453 0.199022 0.49617199999999995 0.192347 0.49617199999999995 0.176357 0.487656 0.13239599999999999 0.471906 0.125721 0.471906 0.11506100000000001 0.47317200000000004 0.110416 0.476156 0.11107600000000001 0.47785900000000003 0.125721 0.480422 0.16503700000000002 0.49446899999999994 0.174377 0.5 0.177042 0.506812 0.177042 0.5157499999999999 0.17770199999999997 0.520859 0.187017 0.524266 0.187017 0.5247029999999999
50 0.370685 0.324375 0.35755499999999996 0.280172 0.355159 0.267984 0.346822 0.245875 0.33132 0.23368700000000003 0.321785 0.230625 0.342054 0.217672 0.3635209999999999 0.20853099999999997 0.371858 0.198625 0.36589199999999994 0.187188 0.370685 0.171953 0.361125 0.158234 0.340856 0.156703 0.326553 0.136891 0.289584 0.120891 0.260954 0.12240599999999999 0.22995100000000002 0.12468700000000002 0.204914 0.141469 0.19655300000000003 0.162047 0.181051 0.174234 0.179853 0.194047 0.164352 0.211578 0.166748 0.216906 0.175086 0.21920299999999998 0.182249 0.234437 0.189413 0.24740599999999996 0.17868000000000003 0.261875 0.179853 0.287031 0.185819 0.310656 0.202518 0.344953 0.234719 0.388391 0.282421 0.360953 0.401687 0.364 0.393325 0.330469 0.370685 0.324375
50 0.513643 0.317031 0.513643 0.330953 0.526259 0.340469 0.53313 0.344875 0.562934 0.327281 0.576699 0.314828 0.577848 0.314094 0.584719 0.309703 0.590465 0.304562 0.598484 0.298703 0.605379 0.291375 0.606504 0.281125 0.606504 0.279656 0.603081 0.273797 0.597335 0.270125 0.596186 0.269391 0.595061 0.265 0.596186 0.264266 0.603081 0.262797 0.617971 0.262062 0.627164 0.261344 0.65467 0.259875 0.65467 0.266469 0.6500980000000001 0.278187 0.656968 0.278187 0.677604 0.273797 0.675306 0.260609 0.6661370000000001 0.21296900000000002 0.655819 0.193188 0.65467 0.190266 0.651222 0.174875 0.632885 0.15875 0.637482 0.154359 0.6443519999999999 0.146297 0.6443519999999999 0.127984 0.645501 0.100141 0.623716 0.0810781 0.591614 0.0818125 0.56066 0.089875 0.546895 0.104531 0.546895 0.11625 0.544597 0.132375 0.544597 0.142625 0.537726 0.149234 0.52511 0.154359 0.502176 0.165344 0.4826889999999999 0.179266 0.466626 0.197594 0.449438 0.21225 0.433374 0.23348399999999997 0.41733500000000007 0.251812 0.412738 0.267937 0.412738 0.295781 0.435672 0.303109 0.447139 0.306031 0.464328 0.310422 0.513643 0.311891 0.513643 0.317031
13 0.7809290000000001 0.288375 0.788337 0.29135900000000003 0.7906850000000001 0.339922 0.801589 0.339422 0.7997310000000001 0.3 0.799169 0.293922 0.805868 0.289891 0.816479 0.28864100000000004 0.814523 0.28579699999999997 0.816479 0.283641 0.8036429999999999 0.274719 0.80335 0.270969 0.8080930000000001 0.269547 0.807262 0.261859 0.801956 0.261156 0.801394 0.25454699999999997 0.798044 0.252578 0.797482 0.24900000000000003 0.794132 0.248828 0.794401 0.252219 0.791907 0.253297 0.791907 0.261156 0.792543 0.26107800000000003 0.786968 0.262859 0.785575 0.269094 0.7876770000000001 0.270437 0.7876770000000001 0.276234 0.780685 0.281141 0.7809290000000001 0.288375
13 0.7907580000000001 0.342328 0.787848 0.294672 0.7800980000000001 0.286625 0.77912 0.27364099999999997 0.7529830000000001 0.27425 0.7529830000000001 0.288484 0.745232 0.292813 0.741369 0.333656 0.7907580000000001 0.342328
14 0.5098779999999999 0.878656 0.6012959999999999 0.8404529999999999 0.647017 0.7887660000000001 0.647017 0.750563 0.6294379999999999 0.759547 0.488778 0.8134840000000001 0.47471899999999995 0.7955 0.485257 0.7887660000000001 0.5344990000000001 0.777531 0.590758 0.7640469999999999 0.6048169999999999 0.741578 0.632958 0.714609 0.615379 0.683141 0.545037 0.674156 0.411418 0.656187 0.37977999999999995 0.6786559999999999 0.40437700000000004 0.716859 0.41846 0.741578 0.40789699999999995 0.755062 0.365697 0.768547 0.334059 0.728094 0.348117 0.683141 0.334059 0.683141 0.28132 0.6966249999999999 0.23912 0.719094 0.242641 0.8 0.302421 0.862922 0.351638 0.887641 0.46415599999999996 0.885391 0.5098779999999999 0.878656
51 0.278509 0.497813 0.254108 0.49931200000000003 0.24154 0.507359 0.23366699999999999 0.5078590000000001 0.210831 0.512391 0.176235 0.527969 0.161271 0.548594 0.152616 0.564172 0.22185800000000003 0.566188 0.284792 0.5677030000000001 0.328875 0.57775 0.319413 0.5480940000000001 0.32022 0.533 0.34224899999999997 0.5315000000000001 0.347751 0.5360159999999999 0.35325199999999995 0.5470780000000001 0.35484099999999996 0.575234 0.394181 0.562172 0.39809300000000003 0.534016 0.37921800000000006 0.512391 0.332787 0.500828 0.28088 0.49679700000000004 0.278509 0.497813
50 0.9989239999999999 0.448859 0.924279 0.411203 0.996968 0.399906 1 0.355969 0.943912 0.369781 0.879095 0.372281 0.8810509999999999 0.399906 0.8083619999999999 0.39614099999999997 0.8064060000000001 0.418734 0.879095 0.431297 0.8967729999999999 0.45137499999999997 0.9989239999999999 0.49531200000000003 0.9989239999999999 0.448859
50 1 0.144234 0.9894379999999999 0.180766 0.967359 0.192391 0.958264 0.20484399999999997 0.963447 0.214797 0.9608559999999999 0.228906 0.9777509999999999 0.22476600000000002 0.988142 0.213969 1 0.2065 1 0.144234
22 0.33144300000000004 0.22906300000000002 0.382885 0.320078 0.396088 0.327672 0.406626 0.31334399999999996 0.451467 0.314188 0.488386 0.31671900000000003 0.5081910000000001 0.347891 0.52533 0.34453100000000003 0.509487 0.307437 0.394768 0.30239099999999997 0.394768 0.286375 0.431687 0.25940599999999997 0.44618599999999997 0.22906300000000002 0.430367 0.178484 0.39080699999999996 0.185234 0.32618600000000003 0.212203 0.33144300000000004 0.22906300000000002
27 0.016259200488997556 0.981812 0.9957699999999999 0.981812 1 0.376625 0.9388749999999999 0.368828 0.873839 0.37142200000000003 0.816944 0.37142200000000003 0.788484 0.35325 0.7315889999999999 0.34285899999999997 0.609658 0.35325 0.646235 0.384422 0.483667 0.368828 0.495868 0.335062 0.418631 0.32467199999999996 0.410513 0.363641 0.276381 0.35325 0.227604 0.389609 0.134132 0.42337499999999995 0.113814 0.472734 0.05689489975550122 0.47792199999999996 0 0.529875 0.016259200488997556 0.981812
62 1 0.583812 0.94291 0.6 0.9218339999999999 0.607422 0.912323 0.6119060000000001 0.91198 0.6175309999999999 0.9228850000000001 0.62 0.996357 0.612812 1 0.610563 1 0.595062 1 0.583812
50 0.702958 0.24004699999999998 0.725966 0.238922 0.733056 0.224219 0.7436670000000001 0.211781 0.7648900000000001 0.22195299999999998 0.791418 0.218562 0.796724 0.19821899999999998 0.787897 0.18351599999999998 0.7808069999999999 0.171078 0.7648900000000001 0.152984 0.7737409999999999 0.11568799999999999 0.7595839999999999 0.0942031 0.7471880000000001 0.07610940000000001 0.694132 0.0896719 0.683521 0.114547 0.687042 0.130375 0.655208 0.13603099999999999 0.6357459999999999 0.15185900000000002 0.653423 0.18125 0.683521 0.23439100000000002 0.702958 0.24004699999999998