27 0.193578 0.996549 0.838359 1 0.8026249999999999 0.906056 0.550969 0.286362 0.44375 0.299789 0.40206200000000003 0.4027 0.327594 0.5861500000000001 0.193578 0.986596 0.193578 0.996549
32 0.672547 0.905751 0.675125 0.918685 0.682531 0.9223000000000001 0.692859 0.916103 0.698016 0.901878 0.702828 0.887136 0.714016 0.871643 0.732422 0.850188 0.742406 0.8320890000000001 0.7372340000000001 0.820469 0.729672 0.831056 0.716422 0.851995 0.693719 0.883521 0.685109 0.888169 0.673234 0.900845 0.672547 0.905751
32 0.33775 0.956291 0.333844 0.945352 0.31875 0.945352 0.318234 0.975845 0.31718799999999997 1 0.33931300000000003 0.999695 0.33775 0.956291
32 0.408922 0.5432629999999999 0.410656 0.552254 0.41710900000000006 0.558169 0.42640599999999995 0.5517839999999999 0.41900000000000004 0.5515490000000001 0.413797 0.546338 0.411125 0.539953 0.390484 0.515798 0.386859 0.516737 0.387484 0.5221830000000001 0.402766 0.535915 0.408922 0.5432629999999999
41 0.330703 0.827582 0.336391 0.8298829999999999 0.381516 0.83216 0.380375 0.8201879999999999 0.371281 0.819038 0.36559400000000003 0.819624 0.35079699999999997 0.820751 0.332984 0.820751 0.31098400000000004 0.8201879999999999 0.283312 0.8201879999999999 0.275344 0.8184739999999999 0.269281 0.8184739999999999 0.265875 0.820751 0.265109 0.827582 0.265875 0.830446 0.268906 0.829296 0.26853099999999996 0.831009 0.310609 0.828732 0.330703 0.827582
41 0.770578 0.8401409999999999 0.7565310000000001 0.859249 0.732766 0.887418 0.724391 0.895962 0.695953 0.930657 0.7026410000000001 0.947254 0.732766 0.9065259999999999 0.734438 0.9009860000000001 0.736109 0.897465 0.740469 0.892441 0.777281 0.850188 0.779953 0.846174 0.772266 0.839131 0.770578 0.8401409999999999
62 0.6756719999999999 0.854038 0.690937 0.854577 0.699313 0.841479 0.705484 0.834906 0.730594 0.832183 0.736047 0.821244 0.7422340000000001 0.827254 0.7527809999999999 0.822887 0.748406 0.813592 0.702578 0.8278169999999999 0.695672 0.833286 0.687672 0.837653 0.6716719999999999 0.831643 0.667297 0.82946 0.663297 0.833286 0.664031 0.832723 0.663656 0.841479 0.6756719999999999 0.854038
62 0.387766 0.515023 0.387156 0.5165489999999999 0.387156 0.519296 0.389594 0.522347 0.408281 0.543099 0.410109 0.549507 0.409906 0.55439 0.41173400000000004 0.556831 0.417844 0.558052 0.423531 0.556526 0.423531 0.550728 0.413156 0.542488 0.40787500000000004 0.53669 0.391016 0.515634 0.387766 0.515023
14 0.604984 1 0.616547 0.995751 0.628688 0.977535 0.643922 0.944038 0.650125 0.914366 0.648156 0.9012209999999999 0.640531 0.875798 0.616828 0.842746 0.601312 0.831714 0.575359 0.823662 0.5609689999999999 0.819014 0.553359 0.815188 0.542078 0.8181459999999999 0.5305 0.823239 0.524016 0.834272 0.5118750000000001 0.849108 0.498062 0.877488 0.498062 0.9054690000000001 0.500875 0.921573 0.508781 0.943615 0.5220469999999999 0.943192 0.530781 0.951244 0.531344 0.957606 0.520906 0.9652350000000001 0.533609 0.9843189999999999 0.545172 0.994906 0.551094 1 0.561531 1 0.604984 1
14 0.411906 0.645962 0.43281200000000003 0.679601 0.470109 0.6952820000000001 0.48056299999999996 0.6818310000000001 0.522344 0.6527000000000001 0.519359 0.6123240000000001 0.455187 0.569742 0.402953 0.60784 0.411906 0.645962
14 0.497422 0.36661999999999995 0.477234 0.36661999999999995 0.465266 0.371948 0.461156 0.37786400000000003 0.46059400000000006 0.38516399999999995 0.46639099999999994 0.389648 0.479094 0.40061 0.482094 0.41044600000000003 0.49629700000000004 0.411831 0.495188 0.40312200000000004 0.497234 0.39892 0.501156 0.40117400000000003 0.504344 0.40424899999999997 0.510516 0.403404 0.516875 0.409038 0.521359 0.417746 0.532953 0.41044600000000003 0.536312 0.397793 0.5365 0.388239 0.533516 0.378685 0.530516 0.382629 0.526594 0.387113 0.5135 0.369718 0.507328 0.368028 0.497422 0.36661999999999995
14 0.817516 1 0.8103910000000001 0.988873 0.783813 0.9693900000000001 0.759188 0.954789 0.731969 0.9538030000000001 0.707328 0.974249 0.6930780000000001 0.998615 0.703437 1 0.728719 1 0.777328 1 0.817516 1
14 0.493578 0.504225 0.515328 0.508263 0.547797 0.505235 0.549469 0.503216 0.550812 0.48863799999999996 0.551813 0.481103 0.546453 0.459484 0.5431090000000001 0.450423 0.5414380000000001 0.447911 0.517672 0.450939 0.498937 0.450423 0.492234 0.451432 0.48687500000000006 0.45194799999999996 0.489219 0.489155 0.493578 0.504225
14 0.502891 0.562981 0.537609 0.560493 0.5563589999999999 0.551385 0.561875 0.535657 0.554156 0.520751 0.546438 0.513286 0.5354059999999999 0.514131 0.528797 0.5074879999999999 0.518328 0.513286 0.51225 0.5124650000000001 0.5050939999999999 0.506667 0.502328 0.508333 0.49846899999999994 0.5124650000000001 0.494062 0.514953 0.48854699999999995 0.515775 0.47862499999999997 0.524061 0.478078 0.526549 0.475312 0.5306810000000001 0.483031 0.547254 0.502891 0.562981
50 0.46253099999999997 0.277793 0.491484 0.28424900000000003 0.495766 0.30359200000000003 0.5107809999999999 0.305188 0.536531 0.289085 0.557969 0.290704 0.561188 0.268146 0.541891 0.214977 0.524734 0.202089 0.520437 0.166643 0.503281 0.150516 0.496844 0.171455 0.496844 0.208521 0.47325 0.224624 0.46253099999999997 0.268146 0.46253099999999997 0.277793
50 0.0015 0.621784 0.0015 0.985822 0.131625 0.983592 0.189969 0.9813379999999999 0.201938 0.9678640000000001 0.1765 0.902676 0.15706199999999998 0.7993189999999999 0.128641 0.6712210000000001 0.11965600000000001 0.646502 0.15706199999999998 0.581338 0.169031 0.502676 0.152562 0.437512 0.0972187 0.394812 0.046375 0.40154900000000004 0.0179531 0.451009 0.008968750000000001 0.536385 0.0015 0.621784
50 0.127266 0.6648360000000001 0.138187 0.694906 0.1655 0.858991 0.200984 0.961526 0.22646899999999998 0.908216 0.244672 0.8644599999999999 0.245578 0.8507750000000001 0.270156 0.781056 0.265609 0.7605400000000001 0.27470300000000003 0.7359150000000001 0.27470300000000003 0.708592 0.26925 0.6784979999999999 0.275625 0.653897 0.275625 0.63885 0.267422 0.601925 0.271062 0.593732 0.271062 0.584155 0.27470300000000003 0.566385 0.271062 0.533568 0.251047 0.48298100000000005 0.251953 0.45312199999999997 0.244672 0.439437 0.244672 0.417559 0.231937 0.382019 0.214641 0.368333 0.204625 0.35603300000000004 0.189156 0.358779 0.153656 0.38885000000000003 0.144562 0.41894400000000004 0.153656 0.432606 0.16276600000000002 0.459953 0.168219 0.476362 0.169141 0.498239 0.16367199999999998 0.522864 0.160938 0.547465 0.14729699999999998 0.581643 0.143656 0.589859 0.13 0.6130990000000001 0.121812 0.6390849999999999 0.11453100000000001 0.641808 0.108156 0.6456810000000001 0.10542199999999999 0.649789 0.127266 0.6648360000000001
50 1 0.5235920000000001 0.9902029999999999 0.471901 0.97525 0.366291 0.957297 0.31237099999999995 0.9154220000000001 0.31237099999999995 0.866062 0.355047 0.8511089999999999 0.422465 0.866062 0.492136 0.8525940000000001 0.514601 0.848109 0.595516 0.8241720000000001 0.6539440000000001 0.843625 0.707864 0.8002499999999999 0.802254 0.761359 0.8 0.7628440000000001 0.8044840000000001 0.812219 0.937089 0.842125 1 0.863063 1 1 1 0.999188 0.988756 1 0.973028 1 0.5235920000000001
50 0.718047 0.476033 0.714562 0.5180520000000001 0.720391 0.588075 0.709891 0.649366 0.7122189999999999 0.689624 0.7238749999999999 0.724648 0.760016 0.80169 0.800797 0.806948 0.8322660000000001 0.733404 0.8345940000000001 0.665117 0.8054690000000001 0.588075 0.803125 0.553052 0.796141 0.476033 0.782156 0.433991 0.7238749999999999 0.43924899999999995 0.7168910000000001 0.469014 0.718047 0.476033
50 0.621953 0.464366 0.632781 0.482136 0.647563 0.510235 0.665281 0.545728 0.678078 0.588638 0.682016 0.581244 0.683 0.588638 0.691859 0.588638 0.702688 0.581244 0.710578 0.547207 0.7135309999999999 0.501362 0.6997340000000001 0.458451 0.685953 0.417042 0.66725 0.402254 0.668234 0.384507 0.671188 0.34011699999999995 0.663312 0.322371 0.628844 0.32680800000000004 0.622938 0.360822 0.618016 0.39929600000000004 0.619984 0.43774599999999997 0.618016 0.464366 0.621953 0.464366
50 0.348578 0.403216 0.354438 0.372911 0.35053100000000004 0.34356800000000004 0.345969 0.32300500000000004 0.333594 0.31420200000000004 0.310156 0.31518799999999997 0.295187 0.32887299999999997 0.295187 0.390516 0.297141 0.41788699999999995 0.293234 0.43746500000000005 0.299734 0.485399 0.304953 0.501033 0.301047 0.544085 0.304297 0.560704 0.340109 0.532347 0.34726599999999996 0.515704 0.355734 0.517676 0.367453 0.507887 0.370063 0.49615000000000004 0.357031 0.412019 0.348578 0.403216
50 0.378891 0.380704 0.380141 0.37035199999999996 0.385141 0.351549 0.394531 0.32708899999999996 0.394531 0.314883 0.40267200000000003 0.296995 0.40956200000000004 0.290423 0.40517200000000003 0.273498 0.405797 0.265023 0.412687 0.245282 0.41393800000000003 0.23117400000000002 0.412063 0.207653 0.40704700000000005 0.194507 0.397031 0.18415499999999999 0.38451599999999997 0.186972 0.372625 0.20483600000000002 0.370125 0.220822 0.370125 0.22741799999999998 0.370125 0.233052 0.371375 0.240587 0.373875 0.252793 0.372625 0.258451 0.36385900000000004 0.27162000000000003 0.34884400000000004 0.295117 0.344453 0.319577 0.346328 0.32993 0.348219 0.33838 0.351344 0.357183 0.351344 0.37222999999999995 0.351344 0.388216 0.356969 0.407981 0.378891 0.380704
50 0.715656 0.406714 0.714359 0.402793 0.717484 0.392606 0.717484 0.359413 0.714359 0.33943700000000004 0.709406 0.320634 0.708094 0.301667 0.704969 0.288732 0.7013130000000001 0.278146 0.6903590000000001 0.25816900000000004 0.684891 0.246408 0.683328 0.241432 0.682797 0.230845 0.6796719999999999 0.22812200000000002 0.6788909999999999 0.223404 0.6788909999999999 0.219108 0.683328 0.20657299999999998 0.683328 0.20147900000000002 0.681766 0.197934 0.683578 0.18199500000000002 0.683063 0.172981 0.6815 0.168662 0.6773279999999999 0.162019 0.672891 0.1577 0.6687190000000001 0.154953 0.6637660000000001 0.152207 0.6575 0.149484 0.6517660000000001 0.149859 0.647078 0.151033 0.6468130000000001 0.151033 0.646297 0.152207 0.645516 0.153779 0.64525 0.15612700000000002 0.641594 0.160446 0.638984 0.16476500000000002 0.637422 0.16906100000000002 0.6358590000000001 0.175329 0.634031 0.18082199999999998 0.63325 0.185915 0.632734 0.191784 0.633 0.197277 0.632219 0.201573 0.630641 0.207066 0.6301249999999999 0.21216000000000002 0.629344 0.217653 0.629344 0.221174 0.6314219999999999 0.23439 0.633781 0.238685 0.6358590000000001 0.24535200000000001 0.6382030000000001 0.250446 0.638984 0.256315 0.6397809999999999 0.25476499999999996 0.640031 0.25788700000000003 0.638469 0.261808 0.636641 0.264554 0.635344 0.267676 0.633516 0.271995 0.6311720000000001 0.27591499999999997 0.629344 0.280211 0.628562 0.281009 0.624656 0.283756 0.623078 0.28493 0.621781 0.287653 0.620734 0.291573 0.619437 0.299014 0.612906 0.3377 0.612906 0.35650200000000004 0.612125 0.368263 0.609 0.378615 0.605094 0.385657 0.601172 0.39429600000000004 0.5962189999999999 0.400164 0.593609 0.40408499999999997 0.599094 0.419742 0.600875 0.422793 0.604625 0.41716000000000003 0.605281 0.415493 0.604625 0.428756 0.604625 0.43507 0.6081559999999999 0.447676 0.610812 0.45396699999999995 0.612359 0.45497699999999996 0.615 0.450986 0.615437 0.446009 0.613078 0.43084500000000003 0.611484 0.42668999999999996 0.615047 0.41065700000000005 0.619 0.398169 0.6197969999999999 0.38392 0.620984 0.369085 0.623344 0.35542300000000004 0.627297 0.346502 0.633625 0.330469 0.649438 0.323944 0.653 0.314437 0.662484 0.313263 0.668813 0.330469 0.675125 0.332254 0.675531 0.338192 0.677891 0.3477 0.679484 0.356596 0.678687 0.366103 0.675125 0.372042 0.6747340000000001 0.375023 0.6775 0.38213600000000003 0.678687 0.383333 0.682641 0.386291 0.688172 0.389859 0.688562 0.394014 0.695281 0.398169 0.700031 0.402324 0.696875 0.411831 0.694109 0.423709 0.695281 0.439742 0.700828 0.461127 0.702797 0.468239 0.705562 0.4623 0.711094 0.446268 0.7158439999999999 0.438568 0.716187 0.439225 0.7182660000000001 0.41572800000000004 0.715656 0.406714
50 0.600562 0.396573 0.611437 0.37774599999999997 0.613094 0.371479 0.615609 0.326291 0.6189530000000001 0.298662 0.634828 0.26854500000000003 0.6365000000000001 0.25220699999999996 0.630656 0.223333 0.627313 0.20828600000000003 0.622297 0.193216 0.60725 0.18065699999999998 0.596391 0.183169 0.5922189999999999 0.196972 0.589703 0.20828600000000003 0.581344 0.235892 0.5788439999999999 0.248451 0.585531 0.27983600000000003 0.599734 0.298662 0.599734 0.302418 0.598891 0.306197 0.5938749999999999 0.317488 0.590547 0.33380299999999996 0.590547 0.35640800000000006 0.5938749999999999 0.370211 0.598891 0.376502 0.591375 0.396573 0.600562 0.396573
50 0.373953 0.5033799999999999 0.376938 0.483146 0.414328 0.462911 0.43228099999999997 0.39100899999999994 0.435281 0.328099 0.41732800000000003 0.285399 0.394891 0.319108 0.38890600000000003 0.361808 0.356 0.411244 0.37245300000000003 0.50561 0.373953 0.5033799999999999
50 0.35617200000000004 0.277254 0.360078 0.27530499999999997 0.37245300000000003 0.252793 0.37245300000000003 0.238122 0.3705 0.213662 0.375062 0.201925 0.383516 0.188239 0.390031 0.176502 0.407609 0.18335700000000002 0.41478099999999996 0.21856799999999998 0.417375 0.235188 0.42714100000000005 0.235188 0.434312 0.224437 0.438859 0.216596 0.43104699999999996 0.21171399999999999 0.41478099999999996 0.21171399999999999 0.413469 0.18431899999999998 0.41282800000000003 0.159883 0.414125 0.15108 0.420641 0.152042 0.427797 0.13835699999999998 0.433 0.120751 0.43235900000000005 0.09922539906103287 0.42518700000000004 0.07380280046948356 0.40631300000000004 0.08553989906103286 0.399797 0.10509399999999999 0.39720300000000003 0.123685 0.37245300000000003 0.140305 0.364641 0.178451 0.362687 0.21171399999999999 0.353578 0.273333 0.35617200000000004 0.277254
79 0.629516 0.77993 0.633641 0.77993 0.639844 0.77838 0.6388130000000001 0.76284 0.634672 0.745775 0.633641 0.697653 0.649141 0.686784 0.659484 0.626244 0.6367499999999999 0.604507 0.6181409999999999 0.607606 0.611953 0.652629 0.629516 0.6914319999999999 0.628484 0.742676 0.608844 0.7519720000000001 0.614016 0.769061 0.6367499999999999 0.77838 0.629516 0.77993
26 0.401375 0.873991 0.408641 0.873991 0.41500000000000004 0.871268 0.424078 0.8466899999999999 0.429531 0.75939 0.420453 0.7498360000000001 0.405922 0.74439 0.39684400000000003 0.745751 0.369594 0.763474 0.372328 0.767582 0.388672 0.8630749999999999 0.401375 0.873991
26 0.6407499999999999 0.720493 0.63425 0.734155 0.6355470000000001 0.749789 0.640094 0.833709 0.662188 0.841526 0.666078 0.8317610000000001 0.675172 0.829812 0.688812 0.758568 0.690766 0.748803 0.690766 0.736127 0.6816720000000001 0.725376 0.662188 0.714648 0.642687 0.7195309999999999 0.6407499999999999 0.720493
26 0.37728100000000003 0.75439 0.380109 0.75439 0.393562 0.7427 0.40134400000000003 0.74162 0.41265599999999997 0.740563 0.418328 0.738451 0.41903100000000004 0.737371 0.42115600000000003 0.731009 0.42115600000000003 0.711854 0.41407800000000006 0.696995 0.392844 0.6927230000000001 0.37374999999999997 0.699108 0.367375 0.719296 0.367375 0.727817 0.3695 0.752254 0.37445300000000004 0.7501410000000001 0.37728100000000003 0.75439
26 0.5706559999999999 0.572746 0.573578 0.572535 0.578656 0.572535 0.585328 0.572535 0.593469 0.574742 0.6002810000000001 0.585563 0.600938 0.579554 0.602812 0.561714 0.604406 0.555704 0.6052190000000001 0.549272 0.6042810000000001 0.54608 0.600812 0.543474 0.597344 0.540657 0.589859 0.539061 0.584 0.539061 0.577453 0.5394599999999999 0.573453 0.5408689999999999 0.569578 0.5450699999999999 0.569578 0.5502819999999999 0.5706559999999999 0.572746
26 0.480969 0.484953 0.483547 0.439131 0.471094 0.431385 0.456484 0.43847400000000003 0.459063 0.475915 0.46335899999999997 0.479131 0.47195299999999996 0.481714 0.480109 0.486244 0.480969 0.484953
26 0.445719 0.568169 0.45903099999999997 0.5688259999999999 0.471063 0.567535 0.474062 0.548826 0.475359 0.5365489999999999 0.475781 0.526244 0.475781 0.5197890000000001 0.474062 0.513333 0.471922 0.50946 0.470203 0.508169 0.459469 0.50493 0.449156 0.505587 0.439281 0.515258 0.44400000000000006 0.558498 0.445719 0.568169
26 0.551609 0.462394 0.556047 0.458474 0.567547 0.45180800000000004 0.569906 0.415282 0.565719 0.411362 0.557359 0.407418 0.549 0.40939 0.546906 0.415282 0.548469 0.460047 0.551609 0.462394
26 0.540156 0.428498 0.544484 0.433357 0.5466409999999999 0.43201900000000004 0.547172 0.41446 0.551312 0.4077 0.558141 0.404202 0.559219 0.388803 0.557234 0.385023 0.550047 0.383944 0.544125 0.38312199999999996 0.539797 0.385822 0.537641 0.38744100000000004 0.538 0.388803 0.540156 0.409061 0.540156 0.428498
26 0.5725 0.662864 0.5837030000000001 0.663521 0.589297 0.659624 0.598344 0.58784 0.596187 0.578779 0.5837030000000001 0.572958 0.571641 0.571667 0.56175 0.578146 0.5587340000000001 0.582019 0.563469 0.655751 0.5725 0.662864
26 0.46359399999999995 0.434789 0.46684400000000004 0.432559 0.46950000000000003 0.43035199999999996 0.47423400000000004 0.43168999999999996 0.47570300000000004 0.407277 0.47659399999999996 0.40239400000000003 0.477187 0.39795800000000003 0.47659399999999996 0.395728 0.474531 0.393944 0.47157799999999994 0.391291 0.46950000000000003 0.390845 0.46299999999999997 0.391737 0.45828100000000005 0.393075 0.45354700000000003 0.397066 0.4565 0.413474 0.457094 0.433451 0.46359399999999995 0.434789
19 0.449594 0.622136 0.44625000000000004 0.6171129999999999 0.44359400000000004 0.614624 0.43926600000000005 0.614624 0.434594 0.62162 0.43559400000000004 0.630634 0.437594 0.6356339999999999 0.442594 0.6361500000000001 0.44825 0.6336379999999999 0.449594 0.622136
19 0.484359 0.604859 0.48945299999999997 0.603169 0.48945299999999997 0.597629 0.488031 0.595915 0.484063 0.59507 0.481797 0.598052 0.482656 0.605704 0.484359 0.604859
78 0.802641 0.258897 0.803078 0.264531 0.805953 0.275822 0.807063 0.277817 0.817437 0.277136 0.820078 0.232042 0.8192030000000001 0.221408 0.8196410000000001 0.208474 0.813906 0.207488 0.8083750000000001 0.208474 0.806391 0.209484 0.802641 0.251268 0.802641 0.258897
79 0.47400000000000003 0.757981 0.459297 0.760892 0.444984 0.77716 0.445375 0.7916899999999999 0.44653099999999996 0.810869 0.445375 0.837606 0.448859 0.853286 0.45465600000000006 0.8660800000000001 0.464719 0.8753759999999999 0.46626599999999996 0.8776999999999999 0.46587500000000004 0.914319 0.467422 0.93 0.456984 0.938146 0.446922 0.950939 0.447312 0.967207 0.451562 0.979413 0.458141 0.986972 0.46626599999999996 0.990446 0.478641 0.9887090000000001 0.484063 0.9881220000000001 0.49218799999999996 0.979413 0.49489099999999997 0.970117 0.496828 0.9631460000000001 0.489094 0.957911 0.487922 0.9497650000000001 0.48831199999999997 0.938732 0.493734 0.938732 0.49218799999999996 0.934671 0.481344 0.9259390000000001 0.476328 0.925352 0.477484 0.876549 0.486766 0.863756 0.494109 0.852723 0.500312 0.812606 0.49643800000000005 0.7777459999999999 0.495656 0.7759860000000001 0.48985900000000004 0.7661269999999999 0.47400000000000003 0.757981
79 0.522578 0.287113 0.522828 0.287113 0.521875 0.289249 0.520937 0.294178 0.521875 0.302653 0.525406 0.311127 0.52775 0.313592 0.527516 0.318521 0.52775 0.333685 0.530578 0.333333 0.530328 0.329108 0.531047 0.3164080000000001 0.532453 0.312535 0.535031 0.304061 0.536672 0.298404 0.535969 0.286761 0.522578 0.287113
79 0.548422 0.323474 0.548891 0.347817 0.551 0.347465 0.550297 0.324178 0.553109 0.317113 0.555703 0.309695 0.557109 0.299108 0.556172 0.291362 0.547016 0.291362 0.543719 0.291714 0.545359 0.291009 0.542781 0.291362 0.542312 0.30054 0.543016 0.309695 0.545844 0.317113 0.548422 0.323474
79 0.518422 0.3473 0.516891 0.358052 0.517406 0.370329 0.521734 0.381831 0.523781 0.387183 0.524297 0.394085 0.524797 0.410587 0.524297 0.417864 0.522766 0.420939 0.523266 0.420939 0.526328 0.42169 0.528375 0.423239 0.529141 0.424765 0.53425 0.42284 0.531687 0.421315 0.527313 0.413427 0.527094 0.38777 0.530125 0.382582 0.533797 0.37542299999999995 0.535313 0.366338 0.536391 0.354319 0.534453 0.345892 0.517375 0.346854 0.518422 0.3473
79 0.411906 0.7034509999999999 0.420188 0.713967 0.42145299999999997 0.7292959999999999 0.434203 0.720681 0.43356300000000003 0.7101409999999999 0.427187 0.6977 0.418266 0.695775 0.419547 0.6527000000000001 0.425281 0.647911 0.431656 0.6316430000000001 0.43548400000000004 0.6057980000000001 0.432297 0.574202 0.42337499999999995 0.570376 0.40170300000000003 0.571338 0.395969 0.581854 0.394062 0.6038729999999999 0.399797 0.633568 0.413172 0.655563 0.413172 0.695775 0.411906 0.7034509999999999
26 0.48760899999999996 0.36530500000000005 0.49474999999999997 0.36608 0.495766 0.363005 0.495 0.35150200000000004 0.495516 0.347676 0.497297 0.343451 0.492969 0.340775 0.484031 0.340775 0.47815599999999997 0.341549 0.477391 0.348052 0.47968700000000003 0.366455 0.48760899999999996 0.36530500000000005
41 0.344266 0.594413 0.343969 0.59554 0.343969 0.59892 0.344406 0.602723 0.352938 0.6029580000000001 0.354578 0.600939 0.355484 0.595986 0.349047 0.595986 0.344266 0.594413
41 0.362203 0.602512 0.369094 0.601831 0.370141 0.600493 0.361469 0.598005 0.358766 0.599366 0.360109 0.600493 0.362203 0.602512
41 0.609875 0.528615 0.653937 0.537535 0.655438 0.530845 0.6301720000000001 0.526385 0.5925469999999999 0.517465 0.609875 0.528615
22 0.715078 0.335493 0.7165779999999999 0.40108000000000005 0.718094 0.405587 0.720344 0.43838 0.737656 0.425939 0.738406 0.35359199999999996 0.738406 0.308357 0.738406 0.304977 0.7256090000000001 0.30157300000000004 0.710562 0.31629100000000004 0.715078 0.335493
50 0.22417199999999998 0.36255899999999996 0.23968699999999998 0.391056 0.256937 0.461009 0.275906 0.515423 0.26901600000000003 0.575 0.274187 0.6190380000000001 0.275906 0.694178 0.29142199999999996 0.7122999999999999 0.315563 0.6553049999999999 0.308672 0.593146 0.336266 0.572418 0.365578 0.5335449999999999 0.355234 0.510235 0.312125 0.549085 0.3035 0.5309619999999999 0.29659399999999997 0.466197 0.3035 0.455822 0.3035 0.404014 0.294875 0.347019 0.29142199999999996 0.302981 0.284531 0.264108 0.272453 0.240798 0.24659399999999998 0.240798 0.229344 0.266714 0.219 0.336667 0.22417199999999998 0.36255899999999996
62 0.5455 0.644765 0.5420309999999999 0.64338 0.5412969999999999 0.6480520000000001 0.546047 0.665094 0.550812 0.673075 0.55575 0.685728 0.557031 0.703592 0.554656 0.7093659999999999 0.557219 0.714038 0.559406 0.7151409999999999 0.559781 0.710728 0.561969 0.709085 0.5623440000000001 0.714859 0.568562 0.7159620000000001 0.567281 0.7123940000000001 0.5617810000000001 0.7044130000000001 0.5595939999999999 0.698099 0.558125 0.684343 0.5537340000000001 0.670047 0.546594 0.6480520000000001 0.5455 0.644765
19 0.45559399999999994 0.599014 0.46104700000000004 0.596502 0.46651600000000004 0.58892 0.46357799999999993 0.585751 0.459375 0.585117 0.451813 0.5863849999999999 0.44676600000000005 0.5914550000000001 0.44298400000000004 0.600915 0.45559399999999994 0.599014
79 0.441734 0.880117 0.438828 0.881479 0.435547 0.8836620000000001 0.440641 0.8874879999999999 0.444281 0.895164 0.44920299999999996 0.9049999999999999 0.44775 0.920305 0.450844 0.920047 0.456484 0.915399 0.461578 0.908826 0.465953 0.898991 0.46267199999999997 0.8894129999999999 0.460844 0.885587 0.458125 0.881479 0.453937 0.878756 0.447203 0.880117 0.446469 0.859601 0.44992200000000004 0.8590610000000001 0.452297 0.85385 0.448297 0.848122 0.44482799999999995 0.8292489999999999 0.44446899999999995 0.804906 0.44520299999999996 0.7838499999999999 0.44592200000000004 0.774812 0.45175 0.7644129999999999 0.456297 0.760869 0.45356199999999997 0.758122 0.447562 0.7575820000000001 0.443562 0.758122 0.440281 0.758944 0.43573399999999995 0.759765 0.431719 0.7635919999999999 0.42845300000000003 0.769343 0.428266 0.771268 0.42389099999999996 0.796432 0.425531 0.830892 0.428625 0.846197 0.43645300000000004 0.854413 0.44192200000000004 0.8571359999999999 0.441734 0.880117
79 0.45831299999999997 0.439131 0.456766 0.440282 0.46025 0.47108 0.46025 0.478075 0.466437 0.48039899999999996 0.474953 0.482136 0.47765599999999997 0.48272299999999996 0.480359 0.48272299999999996 0.48153100000000004 0.44842699999999996 0.48153100000000004 0.44493 0.482688 0.437958 0.48190600000000006 0.43737099999999995 0.4765 0.436221 0.473016 0.435634 0.471859 0.434484 0.461016 0.43737099999999995 0.45831299999999997 0.439131
26 0.383047 0.944061 0.39081299999999997 0.999718 0.4405 1 0.44395300000000004 0.9656339999999999 0.445391 0.9371360000000001 0.449688 0.9151410000000001 0.44796899999999995 0.894859 0.434469 0.8780279999999999 0.408047 0.8780279999999999 0.389953 0.887512 0.379891 0.906948 0.37875000000000003 0.934554 0.383047 0.944061