53 0.443797 0.883138 0.45728099999999994 0.876393 0.458781 0.8876350000000001 0.5037659999999999 0.876393 0.48426600000000003 0.84719 0.487266 0.573044 0.482781 0.564052 0.482781 0.555059 0.563734 0.541569 0.560734 0.476393 0.602719 0.458431 0.6102190000000001 0.402248 0.563734 0.384262 0.563734 0.303372 0.508266 0.285386 0.376328 0.294379 0.365828 0.7707959999999999 0.443797 0.883138
26 0.898547 0.6609130000000001 0.898938 0.676909 0.898172 0.6945899999999999 0.900078 0.6963 0.9076869999999999 0.699742 0.917969 0.6985950000000001 0.931688 0.6974469999999999 0.9347340000000001 0.6877519999999999 0.9355 0.677471 0.935109 0.664918 0.932453 0.656909 0.9339689999999999 0.651194 0.9290160000000001 0.63637 0.918734 0.631218 0.9084530000000001 0.6323650000000001 0.901219 0.63808 0.8977809999999999 0.6529269999999999 0.898547 0.6609130000000001
48 0.568234 0.9797659999999999 0.686672 0.9887589999999999 0.7016720000000001 0.662927 0.832109 0.6359480000000001 0.841109 0.51911 0.668687 0.462927 0.653687 0.5258309999999999 0.655188 0.530328 0.668687 0.537073 0.664187 0.559555 0.53975 0.586511 0.53225 0.611241 0.53525 0.9303279999999999 0.53825 0.9460660000000001 0.568234 0.9797659999999999
58 0.138641 0.578665 0.0017500000000000003 0.589016 0.0058906296875 0.642904 0.059812500000000005 0.6553399999999999 0.0874687 0.729953 0.093 0.723724 0.192562 0.705082 0.138641 0.578665
26 0.0365 0.783255 0.0247656 0.79623 0.0189062 0.80918 0.020749999999999998 0.8373999999999999 0.039593699999999996 0.8901410000000001 0.0485469 0.8938409999999999 0.0698438 0.889672 0.0797188 0.8790399999999999 0.081875 0.876721 0.0865156 0.84897 0.0892969 0.823981 0.0892969 0.805012 0.0892969 0.7925059999999999 0.0828125 0.7860419999999999 0.0769375 0.7828099999999999 0.0559531 0.773536 0.0365 0.783255
26 0.116734 0.535878 0.111266 0.536956 0.107625 0.5375179999999999 0.10251600000000001 0.539696 0.10287500000000001 0.580679 0.10360899999999999 0.583419 0.10871900000000001 0.584496 0.114906 0.583958 0.119281 0.583419 0.12693700000000002 0.582319 0.128766 0.57904 0.128031 0.538595 0.116734 0.535878
41 0.629687 0.505995 0.632953 0.498431 0.627016 0.490867 0.62375 0.47974199999999995 0.6199060000000001 0.462389 0.61575 0.462834 0.614563 0.466838 0.619313 0.483302 0.621672 0.491311 0.628203 0.504215 0.629687 0.505995
41 0.616703 0.48709600000000003 0.617828 0.491546 0.6188119999999999 0.491546 0.620172 0.49042199999999997 0.619313 0.486534 0.618563 0.482459 0.618687 0.477635 0.615344 0.46838399999999997 0.613375 0.46356 0.61275 0.457447 0.611641 0.455785 0.608063 0.455597 0.606203 0.45873499999999995 0.606812 0.46707299999999996 0.608797 0.471522 0.609547 0.479672 0.612625 0.486534 0.616703 0.48709600000000003
41 0.6171249999999999 0.460094 0.6168440000000001 0.46168600000000004 0.618188 0.461569 0.618891 0.462108 0.620406 0.462623 0.620953 0.465293 0.621656 0.46997700000000003 0.622906 0.475035 0.623969 0.480773 0.62575 0.485995 0.626563 0.486932 0.6275310000000001 0.490937 0.629406 0.49332600000000004 0.631359 0.494941 0.633141 0.496932 0.634563 0.496159 0.635281 0.493443 0.635281 0.49320800000000004 0.635281 0.492506 0.6251249999999999 0.455738 0.625 0.455082 0.623969 0.454356 0.6231720000000001 0.454637 0.621812 0.45526900000000003 0.6211249999999999 0.455293 0.618547 0.457026 0.6171249999999999 0.460094
62 0.874859 0.562459 0.883672 0.5344260000000001 0.8877029999999999 0.533583 0.891375 0.52726 0.8902659999999999 0.50829 0.886234 0.493443 0.879266 0.486862 0.8759690000000001 0.49042199999999997 0.874125 0.507752 0.874687 0.523419 0.878172 0.534965 0.8726559999999999 0.555574 0.869734 0.575105 0.870281 0.575386 0.8728440000000001 0.574824 0.874859 0.562459
62 0.8713279999999999 0.538525 0.868 0.5251049999999999 0.861359 0.513981 0.857766 0.511288 0.855719 0.5105149999999999 0.8639060000000001 0.54082 0.8657030000000001 0.544262 0.866719 0.575316 0.868516 0.572646 0.870313 0.5438879999999999 0.8713279999999999 0.538525
41 0.629344 0.529906 0.632328 0.525714 0.618719 0.492998 0.616109 0.498033 0.619094 0.50363 0.6198279999999999 0.509485 0.628406 0.52822 0.629344 0.529906
41 0.6241410000000001 0.45381699999999997 0.634312 0.490843 0.638 0.487916 0.633453 0.474286 0.632578 0.46583100000000005 0.627812 0.45608899999999997 0.62825 0.447658 0.62175 0.443115 0.619156 0.44667399999999996 0.6208910000000001 0.456417 0.6241410000000001 0.45381699999999997