76 0.517938 0.403479 0.719734 0.42814599999999997 0.7315 0.228583 0.526344 0.212896 0.517938 0.403479
24 0.8854839999999999 0.988896 0.9145160000000001 0.739417 0.9 0.732979 0.874188 0.732979 0.843547 0.735125 0.822578 0.7136250000000001 0.822578 0.687812 0.829031 0.655563 0.8403280000000001 0.599646 0.5564530000000001 0.6103959999999999 0.541937 0.619 0.541937 0.655563 0.5354840000000001 0.9781460000000001 0.8854839999999999 0.988896
50 0.22078099999999998 0.615729 0.288203 0.631458 0.278094 0.685396 0.332016 0.6808960000000001 0.32190599999999997 0.662917 0.316859 0.611229 0.33370299999999997 0.6089789999999999 0.332016 0.7078749999999999 0.338766 0.743812 0.384266 0.734833 0.39437500000000003 0.703375 0.380906 0.703375 0.360672 0.703375 0.372469 0.5954999999999999 0.382578 0.557312 0.369094 0.539333 0.369094 0.519104 0.391016 0.507875 0.39775 0.498875 0.39270299999999997 0.47639600000000004 0.377531 0.469667 0.340453 0.47639600000000004 0.32190599999999997 0.40675 0.332016 0.40225000000000005 0.338766 0.368542 0.330344 0.343813 0.32528100000000004 0.314604 0.29326599999999997 0.310104 0.266297 0.334833 0.262922 0.37977099999999997 0.190453 0.550562 0.18707800000000002 0.59775 0.208984 0.620229 0.22078099999999998 0.615729
42 0.173047 0.440625 0.193625 0.449 0.22906300000000002 0.44291699999999995 0.23650000000000002 0.42766699999999996 0.230203 0.42004199999999997 0.22164100000000003 0.367458 0.159906 0.378125 0.173047 0.440625
12 0.34696899999999997 0.399104 0.34696899999999997 0.477417 0.361828 0.47202099999999997 0.38342200000000004 0.471104 0.39153099999999996 0.478313 0.395578 0.498125 0.463766 0.503521 0.463078 0.41891700000000004 0.356422 0.40449999999999997 0.34696899999999997 0.399104
12 0.7684529999999999 0.5662079999999999 0.83725 0.575167 0.843953 0.494625 0.8070470000000001 0.494625 0.8053750000000001 0.525937 0.798656 0.525937 0.791953 0.503563 0.770141 0.494625 0.7684529999999999 0.5662079999999999
65 0.128484 0.709771 0.123641 0.8145 0.14540599999999998 0.8370420000000001 0.25657800000000003 0.779042 0.255359 0.680771 0.237234 0.658208 0.127266 0.7049369999999999 0.128484 0.709771
26 0.100203 0.46693799999999996 0.0996563 0.46910399999999997 0.10723400000000001 0.470542 0.117781 0.470187 0.12075 0.43233299999999997 0.12075 0.42908300000000005 0.120484 0.426208 0.116156 0.425479 0.106688 0.425854 0.100203 0.428 0.100203 0.46693799999999996
22 0.88325 1 0.888312 0.982583 0.9119059999999999 0.742125 0.89 0.739875 0.829313 0.710667 0.8192030000000001 0.665729 0.841109 0.627521 0.8461719999999999 0.5758329999999999 0.6287499999999999 0.587063 0.544484 0.620771 0.541109 0.6769580000000001 0.520891 0.856729 0.532687 0.9421250000000001 0.539438 0.998313 0.88325 1
24 0.0910156 0.5707920000000001 0.183703 0.550562 0.20224999999999999 0.514604 0.183703 0.449437 0.0471875 0.47416699999999995 0.0910156 0.5707920000000001
54 0.384375 0.476167 0.385641 0.47910400000000003 0.382484 0.484146 0.385641 0.486458 0.392719 0.48625 0.39225 0.483729 0.38910900000000004 0.477646 0.382969 0.473854 0.384375 0.476167
23 0.950766 0.0278125 0.940656 0.042687499999999996 0.936234 0.0623542 0.938766 0.07725 0.963828 0.07725 0.967844 0.019375 0.958562 0.021625000000000002 0.950766 0.0278125
36 0.125172 0.809354 0.110531 0.7963330000000001 0.10239100000000001 0.818021 0.091 0.8386250000000001 0.104828 0.852729 0.10645299999999999 0.8852709999999999 0.18129699999999999 0.858167 0.232531 0.8061039999999999 0.261 0.78225 0.287844 0.768146 0.27482799999999996 0.7594580000000001 0.256937 0.7670619999999999 0.256125 0.739938 0.252062 0.693312 0.226031 0.6586040000000001 0.170719 0.6792079999999999 0.125172 0.700896 0.11865600000000001 0.754042 0.12273400000000001 0.802854 0.125172 0.809354
22 0.280813 0.679271 0.28215599999999996 0.638188 0.279469 0.623896 0.2165 0.618542 0.19775 0.5917290000000001 0.192391 0.5720829999999999 0.183016 0.5488540000000001 0.176313 0.552438 0.105297 0.570292 0.0905625 0.564937 0.026250000000000002 0.44525 0.012859400000000002 0.43454200000000004 0 0.418458 0.0021406296875000003 0.6631870000000001 0.018218699999999997 0.670333 0.016875 0.681063 0.023578099999999998 0.69 0.0423281 0.720354 0.0369688 0.734646 0.0222344 0.740021 0.0222344 0.748938 0.020890600000000002 0.768604 0.030265599999999997 0.768604 0.0369688 0.7560830000000001 0.0450156 0.743583 0.0570625 0.734646 0.0905625 0.736437 0.0999375 0.725729 0.113344 0.7221460000000001 0.118703 0.709646 0.12942199999999998 0.6882079999999999 0.20981299999999997 0.656042 0.23392200000000002 0.656042 0.274109 0.675708 0.280813 0.679271