50 0.880561 0.209109 0.882079 0.20709399999999997 0.884346 0.20407799999999998 0.882079 0.200047 0.879813 0.19753099999999998 0.876799 0.1935 0.879813 0.190469 0.881332 0.180891 0.874533 0.178375 0.8692759999999999 0.178875 0.863248 0.182406 0.860981 0.18643700000000002 0.859463 0.18895299999999998 0.8557009999999999 0.191984 0.8549530000000001 0.195516 0.851939 0.19853099999999999 0.845164 0.205594 0.8421500000000001 0.214656 0.8428969999999999 0.218688 0.847407 0.232797 0.848925 0.23682799999999998 0.848178 0.245406 0.8466589999999999 0.253969 0.8466589999999999 0.265062 0.8459110000000001 0.270094 0.8459110000000001 0.274625 0.852687 0.274625 0.860981 0.273125 0.863248 0.273125 0.8707710000000001 0.27564099999999997 0.873785 0.274125 0.870023 0.269594 0.867009 0.264547 0.870023 0.256484 0.876799 0.248422 0.8783179999999999 0.23935900000000002 0.879065 0.230781 0.8783179999999999 0.22574999999999998 0.8783179999999999 0.21114099999999997 0.880561 0.209109
50 0.7289950000000001 0.09385940000000001 0.7311209999999999 0.0943438 0.735047 0.0945781 0.740724 0.0945781 0.7467760000000001 0.0948125 0.7467760000000001 0.0976719 0.745 0.101469 0.7450699999999999 0.11975 0.7446729999999999 0.12485900000000001 0.7475 0.13564099999999998 0.747897 0.148031 0.750327 0.148313 0.7511209999999999 0.15234399999999998 0.7515189999999999 0.14857800000000002 0.755561 0.148313 0.76764 0.148844 0.7692519999999999 0.14750000000000002 0.7720790000000001 0.14210899999999999 0.773692 0.130531 0.773294 0.124328 0.770864 0.11704699999999998 0.76965 0.10923400000000001 0.774486 0.103047 0.776519 0.0987344 0.778528 0.0911875 0.7789250000000001 0.0828281 0.778131 0.07825 0.7769159999999999 0.0763594 0.780935 0.0742031 0.782944 0.07070309999999999 0.781355 0.06478120000000001 0.775304 0.060203099999999996 0.771262 0.0566875 0.765631 0.0529219 0.760397 0.050218700000000005 0.754743 0.050218700000000005 0.7511209999999999 0.049421900000000005 0.745491 0.049421900000000005 0.745491 0.050218700000000005 0.750724 0.0531875 0.755561 0.0531875 0.7587849999999999 0.0548125 0.7624070000000001 0.0583125 0.7591819999999999 0.060203099999999996 0.754743 0.0645 0.7523359999999999 0.06909370000000001 0.7515189999999999 0.07475000000000001 0.756776 0.0758281 0.757173 0.0771719 0.75757 0.08229689999999999 0.7539490000000001 0.083375 0.7446729999999999 0.0857969 0.73743 0.0871406 0.735818 0.0828281 0.733388 0.07825 0.732991 0.07125000000000001 0.732991 0.0693594 0.731776 0.0663906 0.726939 0.0631562 0.723715 0.0637031 0.7217060000000001 0.06504689999999999 0.722103 0.06693750000000001 0.722523 0.069625 0.724136 0.07070309999999999 0.724136 0.07475000000000001 0.724136 0.0820156 0.725748 0.08821870000000001 0.728154 0.0930625 0.7289950000000001 0.09385940000000001
50 0.786519 0.20806200000000002 0.781238 0.211594 0.783505 0.22067199999999998 0.791028 0.234781 0.79479 0.255953 0.808364 0.260984 0.821168 0.23428100000000002 0.8113790000000001 0.20201600000000003 0.8060980000000001 0.193453 0.79479 0.181859 0.788014 0.184891 0.7925470000000001 0.196984 0.786519 0.20806200000000002
65 0.470444 0.496625 0.6854910000000001 0.505625 0.69222 0.510109 0.7056539999999999 0.42471899999999996 0.47715 0.41573399999999994 0.493972 0.420219 0.46035 0.447187 0.470444 0.496625
65 0.682523 0.286 0.69465 0.276609 0.6914490000000001 0.24971899999999997 0.6863549999999999 0.24801600000000001 0.678692 0.253563 0.611051 0.253141 0.550444 0.251422 0.544065 0.253563 0.544696 0.25484399999999996 0.544696 0.28215599999999996 0.682523 0.286
65 0.331752 0.21846899999999997 0.325397 0.21846899999999997 0.31137899999999996 0.228266 0.317103 0.255078 0.445724 0.246563 0.456542 0.242734 0.451449 0.2125 0.442523 0.211234 0.434252 0.215484 0.337477 0.221875 0.329206 0.21676600000000001 0.331752 0.21846899999999997
65 0.46677599999999997 0.27825 0.468271 0.27625 0.463294 0.25125000000000003 0.463785 0.24457800000000002 0.469276 0.240922 0.46677599999999997 0.24057800000000001 0.45979 0.24025 0.45032700000000003 0.245578 0.32422900000000004 0.25557799999999997 0.322734 0.25525000000000003 0.328201 0.286578 0.46677599999999997 0.27825
65 0.31803699999999996 0.303016 0.32030400000000003 0.304219 0.31983599999999995 0.310562 0.32074800000000003 0.316594 0.32390199999999997 0.321109 0.47729000000000005 0.313266 0.47997700000000004 0.30995300000000003 0.470958 0.278281 0.456519 0.278578 0.354136 0.285516 0.327523 0.287031 0.326168 0.284922 0.31715 0.290344 0.31803699999999996 0.303016
65 0.29607500000000003 0.39970300000000003 0.287173 0.40525 0.283972 0.420563 0.285888 0.422703 0.415771 0.42567199999999994 0.42467299999999997 0.42226600000000003 0.42278 0.40609400000000007 0.29607500000000003 0.39970300000000003
65 0.23843499999999998 0.43995300000000004 0.236986 0.500594 0.465164 0.504516 0.46077100000000004 0.44387499999999996 0.47979 0.427234 0.286706 0.421375 0.23843499999999998 0.43995300000000004
65 0.164252 0.498156 0.222991 0.508672 0.23871499999999998 0.49675 0.237664 0.43925000000000003 0.27749999999999997 0.41890599999999995 0.294299 0.397859 0.229276 0.406281 0.229276 0.40909399999999996 0.15481299999999998 0.437844 0.164252 0.498156
65 0.119089 0.391672 0.271799 0.39625 0.31738299999999997 0.374906 0.31511700000000004 0.356609 0.197734 0.348984 0.19203299999999998 0.352047 0.108832 0.373375 0.119089 0.391672
65 0.478341 0.400875 0.483621 0.398359 0.488131 0.398359 0.531846 0.402391 0.566519 0.40692199999999995 0.5559580000000001 0.34846900000000003 0.5499299999999999 0.346453 0.45799100000000004 0.345953 0.439907 0.353 0.441425 0.404406 0.478341 0.400875
65 0.0067289696261682245 0.986516 0.322593 0.9910159999999999 0.322593 0.961797 0.245304 0.719094 0.01007010046728972 0.737078 0.0067289696261682245 0.986516
65 0.0015887897196261683 0.6641250000000001 0.0015887897196261683 0.699234 0.145911 0.6887030000000001 0.26663600000000004 0.6887030000000001 0.27974299999999996 0.70625 0.300748 0.813297 0.308621 0.808031 0.290234 0.658859 0.271869 0.650094 0.148551 0.653594 0.0015887897196261683 0.6641250000000001
50 0.806729 0.184312 0.8054669999999999 0.184734 0.8054669999999999 0.18598399999999998 0.805164 0.187875 0.804533 0.189969 0.805164 0.191437 0.806729 0.19373400000000002 0.806729 0.195 0.804533 0.196469 0.8064020000000001 0.197719 0.80736 0.199188 0.809533 0.20170300000000002 0.811425 0.20714100000000002 0.818621 0.225578 0.820187 0.22599999999999998 0.82521 0.222438 0.827407 0.22076600000000002 0.83021 0.21678099999999997 0.83021 0.210703 0.832407 0.207563 0.832734 0.202328 0.83021 0.199813 0.822383 0.196469 0.821449 0.191437 0.82271 0.186609 0.821449 0.182422 0.817056 0.180125 0.8098599999999999 0.180953 0.80736 0.182219 0.806729 0.184312
50 1 0.18143800000000002 0.995093 0.179922 0.981402 0.18143800000000002 0.9777570000000001 0.18601600000000001 0.980023 0.193656 0.967243 0.199766 0.970444 0.208609 0.972266 0.231813 0.972266 0.244016 0.972734 0.26417199999999996 0.9740890000000001 0.266922 0.990981 0.26507800000000004 0.993715 0.251656 0.996472 0.24737499999999998 0.993715 0.24310900000000002 0.988248 0.23792200000000002 0.992804 0.222344 1 0.217766 1 0.184797 1 0.18143800000000002
50 0.9443220000000001 0.283422 0.944977 0.278688 0.944977 0.27137500000000003 0.951425 0.253734 0.9527100000000001 0.252 0.95979 0.23349999999999999 0.9585049999999999 0.226609 0.971379 0.22962500000000002 0.972009 0.22617199999999998 0.970724 0.20981299999999997 0.965584 0.204219 0.9649300000000001 0.19475 0.955911 0.190453 0.95528 0.184844 0.95528 0.180969 0.9527100000000001 0.175812 0.943692 0.174516 0.937897 0.18010900000000002 0.9346730000000001 0.189578 0.9346730000000001 0.19131199999999998 0.932103 0.19173400000000002 0.924369 0.193031 0.9237380000000001 0.19475 0.916659 0.211109 0.9128040000000001 0.22962500000000002 0.913435 0.23779699999999998 0.9205139999999999 0.240375 0.9237380000000001 0.24554700000000002 0.923084 0.252 0.9217989999999999 0.258891 0.928248 0.264922 0.926963 0.268359 0.926308 0.27137500000000003 0.9224530000000001 0.282562 0.930818 0.280844 0.935327 0.283422 0.943037 0.284719 0.9443220000000001 0.283422
77 0.397897 0.160125 0.455304 0.158203 0.439509 0.151484 0.438084 0.11981299999999999 0.363458 0.107344 0.293131 0.12365600000000002 0.291682 0.12462500000000001 0.294556 0.163969 0.31465 0.165891 0.397897 0.160125
77 0.188341 0.142859 0.18979 0.162047 0.285958 0.168766 0.274463 0.12462500000000001 0.188341 0.142859
50 0.327477 0.211266 0.32997699999999996 0.208266 0.32647200000000004 0.207437 0.32722 0.197594 0.342196 0.18707800000000002 0.349439 0.186734 0.342453 0.183734 0.341449 0.182391 0.33322399999999996 0.181734 0.325981 0.177891 0.325234 0.180391 0.32848099999999997 0.181734 0.327967 0.184734 0.31997699999999996 0.18840600000000002 0.313995 0.19692199999999999 0.312757 0.209437 0.316238 0.210938 0.31997699999999996 0.210938 0.322734 0.219953 0.330467 0.217109 0.327477 0.211266
65 0.0026869205607476633 0.604672 0.054929899532710276 0.598984 0.05735979906542057 0.5965469999999999 0.11691599999999999 0.593297 0.136355 0.597359 0.22871500000000003 0.594109 0.22021000000000002 0.514469 0.17282699999999998 0.498203 0.02091120093457944 0.505516 0.0039018691588785046 0.512031 0.0026869205607476633 0.604672
50 0.7755610000000001 0.170563 0.771098 0.15415600000000002 0.7588320000000001 0.150422 0.748785 0.158625 0.749907 0.163109 0.736519 0.175047 0.726472 0.199656 0.732056 0.213828 0.735397 0.23993699999999998 0.77778 0.236203 0.7900469999999999 0.18026599999999998 0.7755610000000001 0.170563