22 0.039226701333333336 0.5680599999999999 0.02853330133333333 0.51192 0.06061330133333333 0.51192 0.07343999999999999 0.5616599999999999 0.07557329866666666 0.51354 0.09269330133333334 0.51032 0.09696 0.55524 0.11408 0.55202 0.103387 0.49910000000000004 0.165413 0.49588 0.167547 0.49910000000000004 0.173973 0.52316 0.184667 0.51354 0.171813 0.44938 0.15898700000000002 0.45258 0.16112 0.47504 0.148293 0.47182 0.1312 0.47504 0.11408 0.47504 0.08626669866666667 0.47984 0.0328 0.49910000000000004 0.023866698666666665 0.47448 0.00896 0.47672000000000003 0.00896 0.48792 0.02088 0.5863400000000001 0.039226701333333336 0.5680599999999999
50 0.380667 0.41598 0.37232000000000004 0.4325 0.42624 0.4496 0.42850699999999997 0.5338999999999999 0.43688000000000005 0.5390199999999999 0.47029299999999996 0.50826 0.46343999999999996 0.457 0.46269299999999997 0.4137 0.53104 0.40744 0.528 0.3949 0.48090700000000003 0.38010000000000005 0.45965300000000003 0.39433999999999997 0.45205300000000004 0.42568 0.41181300000000004 0.4194 0.389013 0.40972000000000003 0.37762700000000005 0.42454000000000003 0.380667 0.41598
1 0.35432 0.68692 0.37266699999999997 0.67722 0.37911999999999996 0.6529400000000001 0.3608 0.6149199999999999 0.33383999999999997 0.6133200000000001 0.31765299999999996 0.61654 0.3004 0.6311 0.29175999999999996 0.65618 0.297147 0.6723600000000001 0.32842699999999997 0.68612 0.35432 0.68692
1 0.509413 0.6556000000000001 0.5080530000000001 0.673 0.51488 0.6812 0.536747 0.67506 0.565413 0.67198 0.579067 0.67608 0.587253 0.6771 0.600907 0.67608 0.6118399999999999 0.67198 0.6063729999999999 0.6392 0.587253 0.61462 0.559947 0.60848 0.5462929999999999 0.60746 0.534 0.61462 0.527173 0.61872 0.542187 0.6166799999999999 0.518987 0.62794 0.509413 0.6556000000000001
47 0.31808000000000003 0.58554 0.3252 0.5842 0.35672000000000004 0.5832999999999999 0.37216 0.58062 0.37632 0.5726 0.37872 0.56502 0.37872 0.5628 0.370987 0.54764 0.362053 0.53828 0.33592 0.52624 0.322827 0.52624 0.305013 0.52758 0.287173 0.53204 0.27349300000000004 0.53872 0.26576 0.54586 0.269333 0.56102 0.293707 0.56324 0.307973 0.56636 0.317493 0.57928 0.31808000000000003 0.58554
47 0.471787 0.4978 0.47234699999999996 0.49992000000000003 0.47768 0.50748 0.48386700000000005 0.51212 0.49648000000000003 0.51674 0.504907 0.51632 0.529307 0.51758 0.532667 0.5137999999999999 0.5382669999999999 0.50602 0.542773 0.49801999999999996 0.546693 0.48498 0.550347 0.47298 0.553973 0.457 0.54024 0.45426 0.520613 0.45742 0.506853 0.4631 0.485547 0.47298 0.47712 0.48075999999999997 0.46872 0.49107999999999996 0.471787 0.4978
3 0.04661330133333333 0.6343 0.03490670133333334 0.6430800000000001 0.030613301333333336 0.65244 0.030613301333333336 0.65684 0.05754669866666667 0.65742 0.07978670133333333 0.64806 0.10088 0.64044 0.10437300000000001 0.63546 0.09890670133333333 0.61878 0.09424 0.61878 0.07354670133333334 0.62112 0.04661330133333333 0.6343
3 0.348693 0.68892 0.330213 0.68314 0.30248 0.68892 0.284 0.69932 0.243947 0.73166 0.220853 0.75822 0.18544000000000002 0.8056 0.214693 0.82524 0.24087999999999998 0.8090599999999999 0.267067 0.78826 0.347147 0.70278 0.348693 0.68892
3 0.630773 0.74012 0.588933 0.74148 0.58528 0.76058 0.590747 0.77422 0.605307 0.81378 0.6253070000000001 0.84926 0.6471199999999999 0.84788 0.6616799999999999 0.8260599999999999 0.638027 0.74966 0.630773 0.74012
3 0.7764800000000001 0.85434 0.792907 0.84508 0.772347 0.81886 0.774427 0.80344 0.74768 0.76952 0.7003999999999999 0.7448400000000001 0.640773 0.74176 0.632533 0.75718 0.6613330000000001 0.78186 0.73328 0.83274 0.7764800000000001 0.85434
3 0.196187 0.605 0.138773 0.6199 0.10896 0.64144 0.115573 0.6638 0.12552 0.66712 0.12664 0.6638 0.208347 0.63316 0.196187 0.605
3 0.211387 0.69428 0.17351999999999998 0.732 0.1404 0.76306 0.136267 0.7759199999999999 0.143947 0.78124 0.15754700000000002 0.78036 0.20842699999999997 0.75418 0.24749300000000002 0.732 0.32261300000000004 0.6862999999999999 0.320267 0.67432 0.29541300000000004 0.66544 0.283573 0.66632 0.256347 0.67698 0.2108 0.68896 0.211387 0.69428
3 0.456907 0.67808 0.44703999999999994 0.69184 0.432907 0.7109 0.428693 0.72042 0.428693 0.72782 0.41597300000000004 0.74158 0.4188 0.75322 0.417387 0.75746 0.42586700000000005 0.76064 0.44842699999999996 0.749 0.459733 0.74052 0.48229299999999997 0.72148 0.5020530000000001 0.69926 0.507707 0.68232 0.50912 0.6706799999999999 0.50488 0.64952 0.504107 0.65122 0.466773 0.66644 0.456907 0.67808
3 0.5153070000000001 0.7390399999999999 0.49064 0.79764 0.49064 0.8639600000000001 0.568773 0.90714 0.58728 0.90406 0.568773 0.84854 0.550267 0.80228 0.560533 0.76218 0.5153070000000001 0.7390399999999999
3 0.68776 0.7383200000000001 0.74112 0.76664 0.782747 0.8125 0.830907 0.85934 0.8946670000000001 0.87886 0.8959729999999999 0.84958 0.8894669999999999 0.83788 0.8686400000000001 0.81348 0.8699469999999999 0.80762 0.8816529999999999 0.79298 0.8608270000000001 0.7559 0.8126930000000001 0.71392 0.7736529999999999 0.71392 0.729413 0.711 0.717707 0.711 0.681253 0.7393 0.68776 0.7383200000000001
3 0.650133 0.83862 0.675093 0.8573200000000001 0.693147 0.86958 0.710373 0.8683 0.714667 0.85668 0.716373 0.8128 0.6897070000000001 0.7915 0.669067 0.77666 0.667333 0.7760199999999999 0.65184 0.7695599999999999 0.644107 0.7715 0.64584 0.80828 0.650133 0.83862
3 0.601893 0.9007000000000001 0.6128 0.90752 0.64192 0.89388 0.6128 0.84204 0.601893 0.7738200000000001 0.554613 0.80112 0.567333 0.85568 0.601893 0.9007000000000001
3 0.500667 0.75536 0.49808 0.7263200000000001 0.506693 0.69792 0.49896 0.70308 0.474 0.7289 0.45336 0.7579400000000001 0.44216 0.79084 0.4456 0.79988 0.464533 0.79988 0.49808 0.77406 0.500667 0.75536
1 0.21575999999999998 0.61794 0.222667 0.6127400000000001 0.235707 0.6048 0.24749300000000002 0.60022 0.26255999999999996 0.59688 0.269893 0.5932000000000001 0.265013 0.59168 0.25522700000000004 0.58404 0.25034700000000004 0.57824 0.245067 0.57794 0.236507 0.57886 0.22877299999999998 0.57948 0.214133 0.5834400000000001 0.205173 0.58772 0.19744 0.5971799999999999 0.19663999999999998 0.60512 0.199893 0.61122 0.20192 0.61824 0.20842699999999997 0.62252 0.21575999999999998 0.61794
27 0.0118133 1 0.575733 1 0.528933 0.9959 0.49384 0.96082 0.40725300000000003 0.98362 0.313653 0.94326 0.28792 0.90992 0.285573 0.90466 0.255173 0.89588 0.2224 0.88008 0.20368 0.85376 0.18730700000000003 0.83796 0.142853 0.82744 0.103067 0.8099 0.0586133 0.79058 0.0352267 0.74496 0.02352 0.7239 0.0165067 0.68704 0.0165067 0.6502 0.04925329999999999 0.6116 0.0633067 0.5835199999999999 0.09370670000000002 0.55894 0 0.5642 0 0.9187 0 0.9222 0 0.95204 0.0118133 1
50 0.7852 0.7000599999999999 0.8128799999999999 0.71192 0.836587 0.72824 0.8583470000000001 0.7430599999999999 0.878107 0.7653 0.884027 0.7905 0.8761329999999999 0.8246 0.8978670000000001 0.8423999999999999 0.911707 0.7994 0.93544 0.77716 0.939387 0.76234 0.943333 0.74158 0.980907 0.69562 1 0.68968 0.998693 0.43024 0.9729869999999999 0.40948 0.937413 0.3902 0.939387 0.38427999999999995 0.939387 0.35166000000000003 0.9216000000000001 0.31607999999999997 0.8919469999999999 0.30569999999999997 0.8523999999999999 0.2968 0.836587 0.2968 0.8267199999999999 0.30124 0.808907 0.31607999999999997 0.79112 0.33832 0.7891469999999999 0.37242000000000003 0.7792800000000001 0.37982 0.74368 0.41392 0.7239200000000001 0.44358 0.6824 0.47026 0.666587 0.48954000000000003 0.658693 0.5132599999999999 0.666587 0.52364 0.67648 0.54142 0.694267 0.55032 0.725893 0.54884 0.739733 0.5266000000000001 0.76544 0.49545999999999996 0.776027 0.49438 0.764053 0.6427 0.782027 0.6539400000000001 0.782027 0.70562 0.7852 0.7000599999999999
50 0.66504 0.49444 0.7090130000000001 0.45114 0.6980269999999998 0.42226 0.6842929999999999 0.41506 0.652667 0.4068 0.65128 0.39238 0.648533 0.37794 0.645787 0.37072 0.663653 0.35732 0.65816 0.34494 0.64304 0.3532 0.623787 0.33258 0.616933 0.3068 0.600427 0.3068 0.564693 0.31712 0.5592 0.3336 0.556427 0.35216 0.54408 0.35216 0.531707 0.35938 0.52208 0.3697 0.546827 0.37794 0.550933 0.3934 0.55368 0.4099 0.557813 0.41402 0.57568 0.42948 0.5908 0.43464 0.578427 0.4697 0.564693 0.49546 0.55368 0.50062 0.66504 0.49444
26 0.85312 0.93676 0.857653 0.95992 0.8703730000000001 0.96502 0.8980799999999999 0.96946 0.91216 0.9524199999999999 0.92032 0.93574 0.94168 0.91326 0.943947 0.9095 0.931227 0.89486 0.912613 0.8894 0.889893 0.8877 0.8703730000000001 0.8877 0.858107 0.89044 0.8517600000000001 0.89724 0.844933 0.9136 0.8494929999999999 0.92176 0.85312 0.93676
19 0.40381300000000003 0.6597799999999999 0.43008 0.67686 0.44848000000000005 0.67292 0.49664 0.65452 0.51152 0.6427 0.520293 0.623 0.537787 0.61184 0.536907 0.6079 0.522907 0.59804 0.4984 0.6013200000000001 0.40381300000000003 0.6577999999999999 0.40381300000000003 0.6597799999999999
19 0.136213 0.58738 0.12688 0.58448 0.08258669866666667 0.61302 0.09581330133333334 0.6229199999999999 0.09813330133333333 0.6206 0.13232 0.59846 0.136213 0.58738
3 0.342827 0.74288 0.347013 0.77276 0.412027 0.75546 0.44978700000000005 0.69412 0.451867 0.6768200000000001 0.41832 0.66738 0.393173 0.65322 0.351227 0.7004 0.342827 0.74288
1 0.364747 0.6326 0.39338700000000004 0.64838 0.41528 0.6509199999999999 0.43632 0.6427 0.45064000000000004 0.62818 0.45570700000000003 0.61554 0.454 0.6022799999999999 0.44727999999999996 0.59534 0.43210699999999996 0.5846 0.409387 0.57448 0.391707 0.5833200000000001 0.38242699999999996 0.58648 0.38242699999999996 0.58712 0.366427 0.60734 0.364747 0.6326