13 0.643219 0.839461 0.638359 0.8463940000000001 0.637391 0.9561149999999999 0.644187 0.968829 0.6820470000000001 0.969981 0.687875 0.9549629999999999 0.689813 0.8440890000000001 0.67525 0.824461 0.67525 0.767862 0.656813 0.767862 0.654875 0.816375 0.643219 0.839461
13 0.573625 0.9680670000000001 0.597078 0.9645910000000001 0.602938 0.952379 0.5956089999999999 0.856524 0.5926720000000001 0.821654 0.578031 0.8234009999999999 0.579484 0.8495349999999999 0.5662969999999999 0.910558 0.567766 0.950651 0.573625 0.9680670000000001
50 0.0755625 0.296636 0.0925625 0.310112 0.226688 0.321357 0.226688 0.31461 0.226688 0.28763900000000003 0.239906 0.247193 0.260688 0.292138 0.273906 0.323587 0.313578 0.328086 0.313578 0.30561299999999997 0.306031 0.28089200000000003 0.277687 0.20224899999999998 0.255016 0.17303000000000002 0.24179699999999998 0.14158 0.226688 0.08089220074349443 0.21534399999999998 0.06291820074349443 0.173797 0.05842010037174721 0.147344 0.08089220074349443 0.143562 0.12135699999999999 0.10956300000000001 0.12135699999999999 0.0944531 0.14158 0.0698906 0.22697 0.068 0.292138 0.0812344 0.31461 0.0755625 0.296636
50 0.426 0.940985 0.496047 0.9657620000000001 0.511188 0.927472 0.47332799999999997 0.805855 0.47332799999999997 0.64145 0.488469 0.6099070000000001 0.556625 0.627937 0.647516 0.648197 0.6626559999999999 0.722528 0.677797 0.778829 0.689156 0.8599070000000001 0.6929529999999999 0.9680109999999998 0.7800469999999999 0.974777 0.764891 0.920725 0.734594 0.769814 0.704313 0.573866 0.664547 0.5491079999999999 0.6418280000000001 0.528829 0.588812 0.510818 0.562312 0.501803 0.552844 0.48604099999999995 0.560422 0.420725 0.583141 0.456766 0.613422 0.443234 0.619109 0.37342 0.613422 0.319368 0.598281 0.29234200000000005 0.5850310000000001 0.242788 0.567984 0.195502 0.539594 0.16171 0.564203 0.127937 0.556625 0.09639410037174721 0.5433749999999999 0.042342 0.484687 0.067119 0.437359 0.14594800000000002 0.367297 0.211264 0.352156 0.310353 0.361625 0.452249 0.357828 0.515316 0.36918799999999996 0.551357 0.352156 0.605409 0.39001600000000003 0.616673 0.408953 0.6099070000000001 0.41273400000000005 0.645948 0.41842199999999996 0.75855 0.429781 0.877937 0.446812 0.947751 0.426 0.940985
50 0.903109 0.921171 0.863344 0.934684 0.8652340000000001 0.959461 0.897422 0.9639590000000001 0.969375 0.972974 0.997766 0.9684759999999999 0.997766 0.00449813940520446 0.937187 0.006765799256505577 0.9352969999999999 0.054051999999999996 0.9542189999999999 0.0675651003717472 0.9542189999999999 0.103606 0.9068910000000001 0.13513 0.893641 0.252249 0.850094 0.367119 0.833047 0.387379 0.816016 0.504498 0.833047 0.5337919999999999 0.855766 0.540539 0.842516 0.668922 0.9201409999999999 0.693699 0.9542189999999999 0.8851300000000001 0.903109 0.921171
68 0.338641 0.6779550000000001 0.334953 0.7096469999999999 0.311078 0.750632 0.286266 0.785056 0.276625 0.806914 0.272484 0.8211149999999999 0.267891 0.8599260000000001 0.272484 0.8970819999999999 0.283969 0.922751 0.289031 0.92987 0.318875 0.955 0.33817200000000003 0.9626579999999999 0.36298400000000003 0.9648329999999999 0.386859 0.9522680000000001 0.406609 0.930948 0.41856299999999996 0.900353 0.423156 0.8588290000000001 0.414891 0.8205760000000001 0.409375 0.808011 0.392844 0.777955 0.37492200000000003 0.746803 0.363437 0.713476 0.36021899999999996 0.7009110000000001 0.36021899999999996 0.652268 0.36021899999999996 0.586152 0.363891 0.555558 0.343234 0.553922 0.338641 0.6779550000000001
50 0 0.284033 0.0044843796875 0.301561 0.0070468703125 0.31375499999999995 0.0345937 0.321375 0.0621563 0.31756500000000004 0.0499844 0.292416 0.0384375 0.261171 0.017937500000000002 0.23907099999999998 0.0012812499999999998 0.21849400000000002 0 0.21773199999999998 0 0.284033
8 0.0257969 0.609368 0.00234375 0.602156 0.0015937500000000001 0.637268 0 0.9558920000000001 0.277766 0.949591 0.306516 0.948699 0.270187 0.856877 0.280031 0.788476 0.323156 0.725465 0.336016 0.665167 0.33375 0.624665 0.0257969 0.609368
8 0.51625 0.9533639999999999 0.638422 0.9586059999999998 0.636953 0.883327 0.639891 0.650446 0.475047 0.63119 0.476516 0.669703 0.48092199999999996 0.815037 0.51625 0.9533639999999999
22 0.571094 0.497379 0.584297 0.506357 0.627641 0.528773 0.655906 0.54223 0.680422 0.548959 0.710578 0.573625 0.714344 0.609498 0.72 0.616227 0.721875 0.622937 0.731313 0.544461 0.733187 0.522045 0.733187 0.517565 0.684187 0.506357 0.637063 0.506357 0.589953 0.506357 0.565438 0.459275 0.559781 0.445818 0.546594 0.43684 0.544703 0.43684 0.546594 0.486171 0.571094 0.497379
22 0.755391 0 0.753812 0.03449810037174721 0.749062 0.06269520074349443 0.771984 0.076803 0.7712030000000001 0.0777508996282528 0.768828 0.09938660037174721 0.797281 0.09749070074349443 0.804406 0.08433089962825278 0.832859 0.08433089962825278 0.841562 0.071171 0.832062 0.04578070074349442 0.8336560000000001 0 0.755391 0
50 0.48651600000000006 0 0.49704699999999996 0.0442565 0.517047 0.042992600371747215 0.5233749999999999 0.03672860037174721 0.532844 0.0442565 0.552859 0.06804829925650557 0.563375 0.08934939962825279 0.573906 0.12316 0.580234 0.15197 0.564438 0.173271 0.578125 0.21461 0.5855 0.175781 0.5855 0.160743 0.593922 0.125669 0.592859 0.05802970074349442 0.603391 0.08934939962825279 0.6191880000000001 0.170762 0.613922 0.23338299999999998 0.630766 0.229628 0.661312 0.237156 0.675 0.24466500000000002 0.682359 0.24342 0.678156 0.200818 0.682359 0.11189600000000001 0.672891 0.005427509293680298 0.48651600000000006 0