26 0.35576800000000003 0.07251630065359477 0.317859 0.06094769934640523 0.280605 0.05516340032679739 0.257484 0.056454199346405234 0.255556 0.07957519934640522 0.24719000000000002 0.07957519934640522 0.23691199999999998 0.07764709967320262 0.23434599999999997 0.05965690032679738 0.231127 0.05901959967320262 0.22792500000000002 0.056454199346405234 0.208644 0.05965690032679738 0.17268 0.06416669934640523 0.141193 0.08150330065359478 0.128987 0.0994935 0.128987 0.11169899999999999 0.13348000000000002 0.14253300000000002 0.16431400000000002 0.25367599999999996 0.192582 0.339771 0.222778 0.456699 0.24142199999999997 0.51902 0.240131 0.5305719999999999 0.33264699999999997 0.46375800000000006 0.367337 0.449624 0.367337 0.43999999999999995 0.364771 0.308284 0.365408 0.17402 0.35576800000000003 0.08086600000000001 0.35576800000000003 0.07251630065359477
62 0.8496239999999999 0.176977 0.902631 0.138039 0.904281 0.124788 0.89518 0.119003 0.8819279999999999 0.125621 0.84134 0.168693 0.8496239999999999 0.176977
14 0.6510130000000001 0.8749350000000001 0.657712 0.870458 0.693513 0.850327 0.727075 0.787696 0.787467 0.742941 0.8277450000000001 0.655703 0.818791 0.5908169999999999 0.7829900000000001 0.5214709999999999 0.720359 0.47673199999999993 0.6711440000000001 0.445408 0.541389 0.414085 0.400441 0.427516 0.261748 0.496863 0.192386 0.577402 0.17897100000000002 0.666879 0.25951 0.7742650000000001 0.42728799999999995 0.8749350000000001 0.420588 0.8794120000000001 0.5481050000000001 0.9017809999999999 0.6510130000000001 0.8749350000000001
15 0.308186 0.6079249999999999 0.309608 0.599363 0.312467 0.590784 0.325327 0.576503 0.333905 0.569363 0.348186 0.566503 0.352467 0.5679409999999999 0.382467 0.576503 0.386748 0.5779409999999999 0.388186 0.586503 0.39960799999999996 0.573644 0.39960799999999996 0.563644 0.39960799999999996 0.556503 0.393889 0.547941 0.388186 0.532222 0.37532699999999997 0.536503 0.349608 0.5293629999999999 0.335327 0.525082 0.326748 0.5265029999999999 0.312467 0.536503 0.312467 0.552222 0.303905 0.556503 0.286765 0.553644 0.276765 0.553644 0.265327 0.562222 0.253905 0.572222 0.259624 0.5779409999999999 0.268186 0.583644 0.269624 0.585082 0.278186 0.6036440000000001 0.306765 0.620784 0.308186 0.6079249999999999
15 0.607958 0.685948 0.6154900000000001 0.685948 0.621765 0.673399 0.61799 0.662092 0.612974 0.6533169999999999 0.595392 0.645784 0.54268 0.645784 0.532631 0.636993 0.518824 0.636993 0.5263559999999999 0.672141 0.52384 0.6834479999999999 0.528856 0.697255 0.552712 0.707288 0.56652 0.713562 0.576569 0.722353 0.591634 0.723611 0.595392 0.71482 0.595392 0.7035290000000001 0.607958 0.685948
15 0.32799 0.704379 0.332304 0.692631 0.333873 0.675 0.331912 0.6620590000000001 0.326029 0.652663 0.31584999999999996 0.651095 0.302908 0.6495259999999999 0.29429700000000003 0.649918 0.287239 0.653056 0.280588 0.664412 0.284493 0.6820419999999999 0.295082 0.687533 0.304869 0.692631 0.324461 0.706732 0.32799 0.704379
26 0.142859 0.135065 0.07532680065359477 0.135065 0.010392199346405229 0.15585000000000002 0 0.21558799999999997 0.07532680065359477 0.43635599999999997 0.09611109967320261 0.441552 0.166242 0.43895399999999996 0.192206 0.42078400000000005 0.142859 0.15585000000000002 0.142859 0.135065
26 0.7796569999999999 0.529281 0.805621 0.5638890000000001 0.83915 0.576863 0.9051309999999999 0.5692969999999999 0.9289379999999999 0.515212 0.9397549999999999 0.431912 0.9256859999999999 0.407042 0.9008169999999999 0.39514699999999997 0.858627 0.38756500000000005 0.814265 0.39405199999999996 0.7861440000000001 0.42109500000000005 0.758023 0.509804 0.7796569999999999 0.529281
27 0.268235 0.015620900326797386 0.263023 0.059902 0.35156899999999996 0.0625 0.372402 0.104167 0.36719 0.45573500000000006 0.427092 0.4375 0.526046 0.43228799999999995 0.658856 0.4375 0.658856 0.43228799999999995 0.721356 0.434902 0.778644 0.393235 0.710931 0.341144 0.755212 0.341144 0.825523 0.395833 0.877598 0.390621 0.9244770000000001 0.390621 0.9375 0.36459199999999997 0.971356 0.416667 0.9869770000000001 0.408856 0.9843789999999999 0.010424800653594772 0.268235 0.015620900326797386
27 0.9808169999999999 0.9799839999999999 0.9863070000000002 0.97451 0.989036 0.64848 0.895882 0.645735 0.832876 0.632042 0.808219 0.703268 0.808219 0.810114 0.750686 0.895049 0.720556 0.914232 0.676716 0.925196 0.616438 0.952582 0.558905 0.963546 0.457533 0.955327 0.394526 0.938889 0.345212 0.9197060000000001 0.301373 0.8649179999999999 0.257533 0.823824 0.235621 0.747108 0.2 0.678611 0.197255 0.607386 0.208219 0.56902 0.235621 0.533415 0.180817 0.284101 0.169869 0.28683 0.183562 0.42382400000000003 0.158905 0.44573500000000005 0.11233700000000002 0.451225 0.0767157 0.44300699999999993 0.0109641 0.275882 0.0109641 0.9827290000000001 0.9808169999999999 0.9799839999999999
62 0.929216 0.42016299999999995 0.9354580000000001 0.428284 0.9379580000000001 0.47385599999999994 0.98415 0.505082 0.9866499999999999 0.48385599999999995 0.9835290000000001 0.46449300000000004 0.9772879999999999 0.44700999999999996 0.969804 0.423284 0.961683 0.403301 0.951683 0.382075 0.93982 0.368971 0.929216 0.370212 0.9248369999999999 0.381454 0.921095 0.40018 0.929216 0.42016299999999995