34 0.575176 0.48250000000000004 0.588712 0.545719 0.588712 0.586344 0.605621 0.651813 0.605621 0.703719 0.605621 0.764672 0.6191570000000001 0.760156 0.622529 0.726297 0.629297 0.663094 0.629297 0.6405160000000001 0.642834 0.617953 0.65637 0.7466090000000001 0.663138 0.724047 0.663138 0.636 0.669906 0.617953 0.720656 0.631484 0.757869 0.699203 0.764637 0.733063 0.771405 0.760156 0.778173 0.766937 0.7950820000000001 0.755641 0.7748010000000001 0.681156 0.757869 0.63375 0.761265 0.5998910000000001 0.724028 0.545719 0.659766 0.500563 0.59548 0.398984 0.602248 0.342547 0.592084 0.342547 0.5853160000000001 0.34029699999999996 0.578548 0.342547 0.493981 0.283859 0.575176 0.347062 0.575176 0.421563 0.575176 0.48250000000000004
34 0.448735 0.632437 0.462061 0.587969 0.462061 0.539031 0.47541 0.482703 0.482061 0.467875 0.524286 0.469359 0.542061 0.458969 0.522061 0.441188 0.502061 0.424875 0.493185 0.405609 0.47541 0.421906 0.479836 0.42932800000000004 0.45541 0.418953 0.462061 0.430813 0.462061 0.444156 0.428735 0.518281 0.39541 0.5331089999999999 0.359836 0.544969 0.29096 0.5553440000000001 0.264286 0.564234 0.28428600000000004 0.586484 0.282061 0.645781 0.29096 0.7125 0.302061 0.731766 0.326511 0.730297 0.324286 0.679875 0.33763499999999996 0.6235470000000001 0.373185 0.604266 0.42206099999999996 0.611688 0.408735 0.6546719999999999 0.43096 0.731766 0.428735 0.73325 0.448735 0.728812 0.448735 0.632437
34 0.328267 0.545094 0.356885 0.545094 0.34693199999999996 0.5285 0.385504 0.46623400000000004 0.41908700000000004 0.420578 0.441475 0.408141 0.455176 0.40646899999999997 0.473841 0.393187 0.486276 0.39153099999999996 0.476323 0.38323399999999996 0.447705 0.37990599999999997 0.432763 0.37990599999999997 0.41285700000000003 0.38820299999999996 0.401663 0.38737499999999997 0.414122 0.399 0.339461 0.45295300000000005 0.298407 0.483672 0.25859499999999996 0.506078 0.20632299999999998 0.509406 0.180211 0.5185310000000001 0.160304 0.5417810000000001 0.15906299999999998 0.5583750000000001 0.161546 0.596562 0.15906299999999998 0.609844 0.17646399999999998 0.663812 0.186417 0.6721090000000001 0.187658 0.691203 0.192646 0.7003280000000001 0.212553 0.7003280000000001 0.2026 0.669609 0.2026 0.622297 0.212553 0.639734 0.22997700000000001 0.690375 0.241171 0.704484 0.25112399999999996 0.697844 0.231218 0.647203 0.227494 0.612344 0.242412 0.571656 0.267307 0.577469 0.285948 0.577469 0.30585500000000004 0.557547 0.328267 0.545094
34 0.431148 0.524031 0.444473 0.48845299999999997 0.42892300000000005 0.495875 0.391148 0.528484 0.351148 0.535906 0.353372 0.544797 0.360047 0.540344 0.431148 0.524031
34 0.335597 0.627828 0.348923 0.660438 0.355597 0.710844 0.377822 0.707875 0.360047 0.667844 0.366698 0.651547 0.384473 0.684156 0.388923 0.712328 0.400047 0.706391 0.393372 0.684156 0.373372 0.627828 0.400047 0.621891 0.406698 0.621891 0.4044730000000001 0.614484 0.373372 0.608547 0.34669799999999995 0.615953 0.335597 0.627828
18 0.633841 0.354047 0.654309 0.353734 0.655948 0.354844 0.658548 0.355938 0.6639579999999999 0.35625 0.6677279999999999 0.355781 0.6688989999999999 0.354687 0.672178 0.354219 0.677588 0.353266 0.680187 0.351078 0.679016 0.350281 0.676417 0.347469 0.674778 0.347156 0.671007 0.346516 0.655948 0.344328 0.645855 0.340562 0.635738 0.341188 0.63644 0.341969 0.641148 0.347 0.639251 0.34825 0.6336069999999999 0.3495 0.633138 0.350609 0.633841 0.354047
80 0.17728300000000002 0.385078 0.181756 0.389766 0.17728300000000002 0.39401600000000003 0.174731 0.397 0.18046800000000002 0.397422 0.18302100000000002 0.394875 0.189391 0.389344 0.187494 0.398703 0.1926 0.398703 0.1926 0.390609 0.190679 0.38593700000000003 0.1926 0.385078 0.197705 0.39104700000000003 0.197705 0.375719 0.1926 0.368047 0.184309 0.366344 0.178548 0.367625 0.154941 0.36676600000000004 0.144098 0.358687 0.14281 0.373156 0.15046800000000002 0.383375 0.152389 0.389766 0.153677 0.397 0.161335 0.396156 0.161335 0.383375 0.174731 0.383375 0.17728300000000002 0.385078
34 0.909157 0.716313 0.897166 0.693625 0.895152 0.644219 0.879133 0.625531 0.8851519999999999 0.6001559999999999 0.877143 0.573453 0.8651289999999999 0.5494220000000001 0.849133 0.542734 0.81911 0.536062 0.785082 0.525391 0.7530680000000001 0.494672 0.739063 0.485328 0.739063 0.442594 0.733044 0.41856299999999996 0.71904 0.40254700000000004 0.7150350000000001 0.38651599999999997 0.713044 0.3745 0.705035 0.371828 0.695035 0.3705 0.6850120000000001 0.373172 0.661007 0.383859 0.638993 0.394531 0.632998 0.398547 0.622974 0.40654700000000005 0.642998 0.41189099999999995 0.6850120000000001 0.41321899999999995 0.693021 0.417234 0.693021 0.44793700000000003 0.675012 0.482656 0.677026 0.509359 0.705035 0.5293910000000001 0.757518 0.5519529999999999 0.7715460000000001 0.562359 0.779344 0.584203 0.804309 0.603969 0.8323649999999999 0.628937 0.855761 0.6684840000000001 0.865105 0.693438 0.865105 0.7163280000000001 0.868244 0.735062 0.869789 0.736094 0.869133 0.740359 0.903162 0.728344 0.909157 0.716313
34 0.6551049999999999 0.380297 0.633232 0.385984 0.605293 0.387594 0.604075 0.413547 0.641733 0.421641 0.647822 0.458125 0.664824 0.46784400000000004 0.657541 0.482437 0.662389 0.505953 0.693981 0.5237809999999999 0.692763 0.4565 0.690351 0.458938 0.673326 0.416781 0.6551049999999999 0.380297
34 0.763841 0.321234 0.765316 0.313359 0.766792 0.322219 0.771194 0.321234 0.773419 0.315328 0.773419 0.310406 0.773419 0.305484 0.7697189999999999 0.29367200000000004 0.7719440000000001 0.28629699999999997 0.774895 0.284328 0.774895 0.280875 0.766042 0.285312 0.766042 0.290234 0.765316 0.29859399999999997 0.759415 0.299578 0.75719 0.3045 0.755714 0.31975 0.763841 0.321234
34 0.794988 0.29459399999999997 0.796347 0.298797 0.800398 0.30842200000000003 0.8085009999999999 0.319828 0.8103039999999999 0.317734 0.813911 0.309312 0.814801 0.315922 0.822459 0.319234 0.8296720000000001 0.310516 0.822014 0.3015 0.807611 0.294891 0.7990400000000001 0.28106200000000003 0.794988 0.29459399999999997