18 0.201328 0.685271 0.199859 0.703854 0.199125 0.723417 0.199859 0.761563 0.211609 0.7693960000000001 0.21379700000000001 0.746896 0.23507799999999998 0.7781870000000001 0.24021900000000002 0.7889579999999999 0.238016 0.803625 0.244609 0.832979 0.25781200000000004 0.8368749999999999 0.266625 0.8222079999999999 0.306969 0.824167 0.389141 0.812438 0.389875 0.825146 0.394266 0.823187 0.407469 0.8222079999999999 0.41334400000000004 0.801667 0.41187500000000005 0.775271 0.40967200000000004 0.732229 0.38620299999999996 0.6882079999999999 0.396469 0.6842919999999999 0.401609 0.6755 0.39353099999999996 0.666687 0.385469 0.667667 0.387672 0.679396 0.378125 0.676479 0.362719 0.6383120000000001 0.350984 0.617771 0.334109 0.6040829999999999 0.254156 0.608 0.231406 0.617771 0.21379700000000001 0.640271 0.20867200000000002 0.6383120000000001 0.197656 0.652021 0.199859 0.691146 0.201328 0.685271
18 0.642547 0.8470829999999999 0.646953 0.8558749999999999 0.646953 0.8666459999999999 0.649156 0.8891249999999999 0.663828 0.8979370000000001 0.6667500000000001 0.870542 0.703437 0.912604 0.717375 0.9233750000000001 0.721781 0.941958 0.724719 0.971292 0.737922 0.969333 0.741578 0.946854 0.758453 0.959562 0.831813 0.961521 0.8729060000000001 0.951729 0.8736409999999999 0.901854 0.8831720000000001 0.843167 0.863359 0.806979 0.833281 0.7531669999999999 0.792203 0.719917 0.766531 0.7111040000000001 0.727641 0.716979 0.686562 0.726771 0.676297 0.737521 0.665281 0.739479 0.6484219999999999 0.741437 0.642547 0.7600210000000001 0.638141 0.798167 0.639609 0.8147920000000001 0.641813 0.8421869999999999 0.642547 0.8470829999999999
44 0.032390600000000005 0.16806300000000002 0.0319063 0.16806300000000002 0.030468699999999998 0.16935399999999998 0.0275781 0.175125 0.0246875 0.179625 0.0232344 0.185396 0.0246875 0.197604 0.026125 0.20018799999999998 0.028546899999999997 0.205958 0.032390600000000005 0.213021 0.0343281 0.217521 0.035765599999999995 0.222667 0.0372188 0.21687499999999998 0.038171899999999995 0.219458 0.0401094 0.22074999999999997 0.042031200000000005 0.21816700000000003 0.043 0.21816700000000003 0.043 0.214958 0.0434844 0.214313 0.0482969 0.209167 0.0497344 0.20468699999999998 0.0492656 0.20018799999999998 0.0478125 0.19118700000000002 0.048781200000000004 0.182188 0.05167190000000001 0.174479 0.05167190000000001 0.17383300000000002 0.0478125 0.172563 0.0454062 0.168708 0.0415469 0.16677099999999997 0.0319063 0.16741699999999998 0.032390600000000005 0.16806300000000002
16 0.691281 0.407375 0.486578 0.414083 0.352344 0.308937 0.244969 0.246292 0.234906 0.461062 0.268453 0.492396 0.280203 0.447646 0.288594 0.512521 0.338922 0.557271 0.36409400000000003 0.534896 0.362422 0.593063 0.43289099999999997 0.657937 0.44798400000000005 0.626604 0.458047 0.678063 0.489938 0.704917 0.49328099999999997 0.7071459999999999 0.691281 0.6982079999999999 0.691281 0.407375
16 0.200563 0.08989580000000001 0.0859531 0.0876458 0.0792188 0.25393699999999997 0.166859 0.420229 0.23932799999999999 0.39775 0.237641 0.249438 0.316859 0.231458 0.320219 0.208979 0.200563 0.08989580000000001
50 0.0459844 0.14920800000000004 0.0405469 0.143187 0.0405469 0.138354 0.0403281 0.132333 0.0364844 0.128708 0.0330937 0.128417 0.0292344 0.131417 0.0287813 0.136542 0.030374999999999996 0.143187 0.0281094 0.144396 0.0247188 0.15525 0.0235938 0.164896 0.0238125 0.174563 0.025171900000000004 0.182688 0.0242656 0.187521 0.0242656 0.192938 0.025843700000000004 0.203813 0.0269844 0.207417 0.026750000000000003 0.202 0.027437499999999997 0.190833 0.0276563 0.182083 0.0287813 0.176063 0.0305937 0.167313 0.044625 0.1655 0.0464375 0.17275 0.0505 0.173646 0.049375 0.165208 0.0459844 0.14920800000000004
18 0.5267660000000001 1 0.711531 0.9996670000000001 0.694703 0.985104 0.677594 0.974083 0.626234 0.972917 0.556281 0.9862920000000001 0.526469 0.9996670000000001 0.5267660000000001 1
50 0.192969 0.258979 0.1905 0.264792 0.18898399999999999 0.27087500000000003 0.18898399999999999 0.276187 0.191062 0.277958 0.19220299999999998 0.285542 0.196766 0.285542 0.196953 0.279979 0.202828 0.276187 0.212312 0.275938 0.21610900000000002 0.277958 0.220281 0.283521 0.221422 0.286042 0.22579699999999997 0.285292 0.225594 0.279979 0.22200000000000003 0.271375 0.220094 0.264542 0.21725 0.258979 0.21364100000000003 0.254688 0.209656 0.251646 0.20757799999999998 0.247604 0.20776599999999998 0.243042 0.20720299999999997 0.242792 0.198844 0.242292 0.198094 0.244813 0.19770300000000002 0.253417 0.192969 0.258979
50 0.504969 0.562396 0.511094 0.562854 0.516188 0.562854 0.517875 0.5601459999999999 0.518906 0.556063 0.522297 0.553792 0.524 0.556063 0.5294220000000001 0.5601459999999999 0.533844 0.558771 0.536562 0.556958 0.537578 0.553354 0.536562 0.547917 0.533844 0.5375 0.530781 0.529354 0.527047 0.5261669999999999 0.525016 0.523 0.522969 0.517125 0.521281 0.51575 0.516859 0.514854 0.513469 0.51575 0.511094 0.52075 0.510062 0.524813 0.508031 0.532062 0.504969 0.5343330000000001 0.504969 0.562396
50 0.284391 0.701292 0.285859 0.699021 0.295828 0.696438 0.29218700000000003 0.686354 0.28706200000000004 0.679542 0.279516 0.6756460000000001 0.279281 0.669813 0.276844 0.6701250000000001 0.277813 0.6623330000000001 0.276109 0.655188 0.27440600000000004 0.6538959999999999 0.271484 0.65325 0.265641 0.6535620000000001 0.262969 0.654542 0.26053099999999996 0.6590830000000001 0.261016 0.6639579999999999 0.263937 0.673042 0.2615 0.675333 0.25760900000000003 0.67825 0.255406 0.6798749999999999 0.252 0.6821459999999999 0.25151599999999996 0.6844169999999999 0.25054699999999996 0.691229 0.250062 0.699667 0.249812 0.7048749999999999 0.249812 0.705521 0.278797 0.7026039999999999 0.284391 0.701292
50 0.732547 0.809917 0.741781 0.801063 0.754687 0.799083 0.759484 0.799083 0.755797 0.791208 0.745094 0.778917 0.738453 0.767583 0.729219 0.768583 0.72775 0.778417 0.729594 0.801063 0.729969 0.811875 0.732547 0.809917
18 0 0.45975 0.08571870000000001 0.462333 0.08765629999999999 0.449354 0.0779219 0.387021 0.0837656 0.358438 0.0720781 0.36104200000000003 0.056499999999999995 0.32987500000000003 0.0525937 0.319479 0 0.324667 0 0.45975