4 0.473344 0.505062 0.4715619999999999 0.502687 0.458094 0.515646 0.456313 0.516146 0.457453 0.51825 0.45971899999999993 0.518687 0.473344 0.505062
4 0.44253099999999995 0.533875 0.4495 0.529333 0.4493440000000001 0.525438 0.441719 0.532583 0.44253099999999995 0.533875
5 0.381391 0.6443960000000001 0.38740600000000003 0.6435 0.392766 0.6386040000000001 0.393437 0.631458 0.394766 0.621208 0.388422 0.618979 0.380719 0.627896 0.381391 0.636813 0.38239100000000004 0.643062 0.381391 0.6443960000000001
50 0.751891 0.617333 0.746094 0.660104 0.750312 0.700792 0.7571410000000001 0.7085 0.762406 0.724625 0.766078 0.778625 0.769234 0.784937 0.771344 0.801063 0.788703 0.7947500000000001 0.7818590000000001 0.78425 0.778188 0.749875 0.780813 0.713417 0.7818590000000001 0.710604 0.801844 0.789146 0.801844 0.797562 0.8218439999999999 0.7919579999999999 0.8134219999999999 0.7807289999999999 0.800797 0.706396 0.806578 0.700083 0.806578 0.687458 0.8029059999999999 0.651687 0.805531 0.6460830000000001 0.794484 0.612417 0.782922 0.6075 0.782922 0.579458 0.775031 0.5724370000000001 0.765562 0.575958 0.767141 0.595583 0.767656 0.606812 0.751891 0.617333
50 0.477469 0.591021 0.47667200000000004 0.5697500000000001 0.471078 0.55275 0.46629699999999996 0.539979 0.463906 0.5336040000000001 0.46151600000000004 0.524042 0.459922 0.522979 0.45354700000000003 0.521917 0.448766 0.527229 0.44956300000000005 0.5336040000000001 0.444781 0.534667 0.436797 0.536792 0.431219 0.54425 0.44000000000000006 0.550625 0.447172 0.5644380000000001 0.45275 0.571875 0.45275 0.576125 0.450359 0.585688 0.448766 0.588875 0.444781 0.595271 0.44000000000000006 0.605896 0.441594 0.622896 0.440797 0.630333 0.440797 0.6431039999999999 0.439203 0.6494789999999999 0.436797 0.6558539999999999 0.444781 0.660104 0.450359 0.6516040000000001 0.448766 0.635667 0.44956300000000005 0.6197079999999999 0.450359 0.613333 0.456734 0.604833 0.459922 0.595271 0.46629699999999996 0.600583 0.473484 0.6143959999999999 0.475078 0.625021 0.47826599999999997 0.632458 0.480656 0.6377919999999999 0.483047 0.6431039999999999 0.48782800000000004 0.653729 0.490219 0.653729 0.498984 0.652667 0.49579700000000004 0.640979 0.480656 0.611208 0.475078 0.595271 0.47667200000000004 0.5846250000000001 0.477469 0.591021
50 0.604187 0.46189600000000003 0.601 0.45764600000000005 0.597813 0.44808299999999995 0.592234 0.444896 0.589047 0.445958 0.586656 0.459771 0.582672 0.467208 0.604187 0.46189600000000003
50 0.310344 0.592083 0.310344 0.599521 0.31328100000000003 0.6073540000000001 0.313578 0.608938 0.313578 0.620292 0.315625 0.631646 0.315922 0.6457499999999999 0.318562 0.6571250000000001 0.318562 0.6598539999999999 0.325625 0.6590830000000001 0.331203 0.658687 0.331203 0.6578959999999999 0.329734 0.6485 0.33060900000000004 0.646146 0.33060900000000004 0.6437919999999999 0.330328 0.643417 0.328562 0.639479 0.326797 0.632833 0.326797 0.623417 0.327391 0.619896 0.327672 0.618729 0.330328 0.617167 0.331797 0.627729 0.333266 0.639104 0.333266 0.647708 0.333266 0.656333 0.343547 0.656729 0.343547 0.653979 0.343547 0.65125 0.340609 0.648896 0.341781 0.640667 0.340016 0.637521 0.337969 0.6347919999999999 0.336203 0.628521 0.33884400000000003 0.621854 0.340609 0.6124580000000001 0.339719 0.6007079999999999 0.337969 0.595604 0.339141 0.594437 0.340016 0.590125 0.337078 0.583854 0.341781 0.582688 0.341781 0.5775830000000001 0.341484 0.574854 0.339438 0.5677920000000001 0.335313 0.556042 0.334734 0.549375 0.332375 0.5403749999999999 0.331797 0.538417 0.331797 0.532146 0.33090600000000003 0.527042 0.328266 0.5211669999999999 0.323266 0.518813 0.317391 0.522729 0.316219 0.536833 0.314156 0.5380210000000001 0.308578 0.545458 0.306813 0.5470210000000001 0.304172 0.554083 0.304172 0.565042 0.304766 0.573667 0.30710899999999997 0.5799369999999999 0.310047 0.584646 0.310047 0.5905210000000001 0.310344 0.592083
50 0.33817200000000003 0.6333129999999999 0.340406 0.636875 0.344406 0.639833 0.343969 0.642813 0.34084400000000004 0.646375 0.341297 0.649938 0.343078 0.657667 0.34618699999999997 0.6588539999999999 0.355547 0.657667 0.366234 0.6564789999999999 0.364906 0.6535 0.360453 0.650521 0.36312500000000003 0.6475620000000001 0.367578 0.644583 0.37425 0.641625 0.377375 0.630938 0.384938 0.6261880000000001 0.381828 0.623208 0.377375 0.6202500000000001 0.374703 0.617875 0.373359 0.614896 0.37025 0.601833 0.37025 0.5965 0.370688 0.594125 0.372469 0.5846250000000001 0.372031 0.5775 0.36979700000000004 0.5697709999999999 0.36579700000000004 0.567396 0.36089099999999996 0.567979 0.357328 0.570354 0.355094 0.582833 0.35198399999999996 0.586396 0.34618699999999997 0.5935210000000001 0.342187 0.601833 0.339953 0.629146 0.33817200000000003 0.6333129999999999
50 0.34453100000000003 0.529667 0.33849999999999997 0.5276460000000001 0.33132799999999996 0.5241250000000001 0.33623400000000003 0.516583 0.336984 0.506021 0.32793700000000003 0.5035000000000001 0.32492200000000004 0.512062 0.31360899999999997 0.530667 0.317 0.540208 0.32190599999999997 0.520104 0.330578 0.523625 0.336609 0.539708 0.34453100000000003 0.533687 0.34453100000000003 0.529667
50 0.683484 0.592292 0.692172 0.590792 0.6936720000000001 0.579729 0.689906 0.5741879999999999 0.681234 0.572187 0.680094 0.5561039999999999 0.679719 0.5399999999999999 0.6774530000000001 0.535979 0.6736869999999999 0.534979 0.668781 0.539 0.664641 0.545042 0.6574690000000001 0.558104 0.655969 0.58225 0.6650159999999999 0.593313 0.6702969999999999 0.5943120000000001 0.6740630000000001 0.590292 0.681984 0.5887709999999999 0.683484 0.592292
50 0.619156 0.519937 0.624828 0.519937 0.628328 0.523896 0.634 0.526771 0.636422 0.52175 0.6372340000000001 0.515625 0.635344 0.507 0.634266 0.50375 0.632375 0.49620800000000004 0.632375 0.485063 0.627516 0.48254199999999997 0.622391 0.484687 0.622391 0.491521 0.619156 0.497646 0.613766 0.507 0.6118750000000001 0.519583 0.619156 0.519937
50 0.41865600000000003 0.476104 0.42217200000000005 0.47647900000000004 0.425406 0.477667 0.426875 0.480021 0.427766 0.4855 0.429516 0.481979 0.432172 0.477667 0.434812 0.475313 0.440688 0.47375 0.440688 0.473354 0.43862500000000004 0.469042 0.434812 0.467479 0.43392200000000003 0.462375 0.42981199999999997 0.452979 0.42629700000000004 0.452979 0.423937 0.4565 0.42217200000000005 0.461604 0.42276600000000003 0.46825 0.420406 0.46825 0.41806299999999996 0.469833 0.415719 0.474125 0.41865600000000003 0.476104
50 0.721594 0.458333 0.7146410000000001 0.45325 0.712906 0.442146 0.708047 0.441208 0.701813 0.448625 0.699031 0.458792 0.721594 0.458333
50 0.554109 0.398187 0.556047 0.398187 0.558969 0.398833 0.560906 0.400125 0.560422 0.403042 0.566484 0.403042 0.5662499999999999 0.397208 0.5677030000000001 0.39462499999999995 0.570141 0.39364600000000005 0.5740160000000001 0.394937 0.575719 0.39299999999999996 0.576688 0.39008299999999996 0.570141 0.385875 0.570141 0.38393700000000003 0.570141 0.380687 0.570141 0.377458 0.5698909999999999 0.373896 0.5686720000000001 0.371625 0.5667340000000001 0.370646 0.564063 0.370646 0.562125 0.37324999999999997 0.561391 0.377458 0.560172 0.378417 0.558469 0.380687 0.556297 0.38425 0.5543440000000001 0.388146 0.5533750000000001 0.392354 0.5533750000000001 0.39754199999999995 0.554109 0.398187
63 0.408859 0.825958 0.40739099999999995 0.827646 0.40739099999999995 0.829729 0.408563 0.830646 0.41100000000000003 0.8306039999999999 0.411594 0.829187 0.41187500000000005 0.828167 0.410703 0.8262079999999999 0.408859 0.825958
63 0.9719530000000001 0.933688 0.9719530000000001 0.9324169999999999 0.970813 0.929917 0.968938 0.928396 0.967047 0.9286460000000001 0.965906 0.9316669999999999 0.965906 0.933688 0.969688 0.934688 0.9719530000000001 0.933688
50 0.503703 0.458708 0.504188 0.45549999999999996 0.503547 0.452083 0.5004839999999999 0.450146 0.494703 0.44993700000000003 0.491984 0.455937 0.490531 0.4645 0.48876600000000003 0.46579200000000004 0.488609 0.470917 0.506594 0.470917 0.506281 0.4675 0.503219 0.46256200000000003 0.503703 0.458708
50 0.741422 0.573521 0.7389840000000001 0.5654170000000001 0.735938 0.550833 0.732297 0.5435420000000001 0.729859 0.541917 0.731078 0.5362290000000001 0.728047 0.532187 0.726828 0.52975 0.721953 0.532187 0.718313 0.5362290000000001 0.718313 0.541917 0.717094 0.545146 0.713453 0.554063 0.714063 0.569479 0.717094 0.579208 0.718313 0.591354 0.724391 0.5905419999999999 0.725 0.582437 0.732297 0.5816250000000001 0.735328 0.587313 0.7371559999999999 0.587313 0.7389840000000001 0.587313 0.743844 0.587313 0.741422 0.573521