21 0.8123910000000001 0.411906 0.8123910000000001 0.408682 0.812813 0.391906 0.8115310000000001 0.388682 0.809391 0.3841649999999999 0.806391 0.3848 0.8050940000000001 0.419647 0.8132339999999999 0.424824 0.8123910000000001 0.419012 0.8123910000000001 0.411906
21 0.811094 0.459012 0.8119530000000001 0.458376 0.811094 0.457082 0.811094 0.452565 0.809812 0.44418799999999997 0.8016720000000002 0.4409410000000001 0.8025309999999999 0.459012 0.811094 0.459012
21 0.8033909999999999 0.513882 0.806391 0.510659 0.811094 0.497106 0.8119530000000001 0.49515299999999995 0.814531 0.484188 0.810672 0.479671 0.807234 0.475788 0.8042339999999999 0.473859 0.799531 0.4816 0.801234 0.506141 0.8033909999999999 0.513882
21 0.43329700000000004 0.7219289999999999 0.40196899999999997 0.737671 0.400469 0.748894 0.403453 0.748894 0.434797 0.7286819999999999 0.43329700000000004 0.7219289999999999
18 1 0.468047 0.9881880000000001 0.468047 0.9764839999999999 0.483694 0.968047 0.483694 0.956359 0.4876 0.9466089999999999 0.492494 0.9433590000000001 0.493482 0.936219 0.5188940000000001 0.9232189999999999 0.5688 0.921922 0.6323759999999999 0.922578 0.6323759999999999 0.9336249999999999 0.650965 0.949859 0.680306 0.9673909999999999 0.7086589999999999 0.9881880000000001 0.712588 1 0.718447 1 0.468047
50 0.390969 1 0.396937 0.995506 0.40292199999999995 0.975271 0.405906 0.955059 0.41485900000000003 0.941576 0.426797 0.991012 0.441719 1 0.486484 0.912353 0.496922 0.878659 0.505875 0.833718 0.525281 0.782024 0.534234 0.721341 0.525281 0.6472 0.511844 0.586518 0.493938 0.519106 0.48200000000000004 0.501129 0.46260899999999994 0.460682 0.458125 0.453929 0.452156 0.406753 0.449172 0.377529 0.458125 0.34830599999999995 0.446188 0.330329 0.437234 0.319106 0.41485900000000003 0.328094 0.380531 0.3528 0.376047 0.397741 0.367094 0.4472 0.334266 0.492141 0.31189100000000003 0.5528 0.29845299999999997 0.586518 0.30592199999999997 0.660682 0.316359 0.732588 0.314875 0.775271 0.317859 0.808988 0.317859 0.8606820000000001 0.331281 0.934824 0.332781 0.984259 0.326813 1 0.390969 1
50 0.798375 0.982024 0.807328 0.8696710000000001 0.8505940000000001 0.8696710000000001 0.8908910000000001 0.808988 0.904312 0.775271 0.8685 0.548306 0.838656 0.510118 0.8416410000000001 0.44494100000000003 0.808812 0.391012 0.817766 0.296635 0.756578 0.24044700000000002 0.704359 0.280894 0.704359 0.364047 0.6939059999999999 0.34157600000000005 0.6819689999999999 0.36854099999999995 0.698391 0.422471 0.690922 0.4472 0.616313 0.487647 0.552141 0.550565 0.48200000000000004 0.916847 0.48200000000000004 0.9887530000000001 0.798375 0.982024
50 0.5304059999999999 0.663059 0.532047 0.629082 0.53975 0.5976239999999999 0.54525 0.571953 0.5535 0.5429649999999999 0.57275 0.519765 0.588156 0.499882 0.6035470000000001 0.48414100000000004 0.620609 0.476706 0.624453 0.459294 0.624453 0.42037599999999997 0.609047 0.383929 0.5903590000000001 0.370682 0.574406 0.369859 0.5639529999999999 0.37978799999999996 0.557359 0.410447 0.544156 0.44604699999999997 0.540297 0.47752900000000004 0.532047 0.504847 0.535906 0.5172709999999999 0.535906 0.524729 0.5144529999999999 0.549576 0.508953 0.561176 0.5127970000000001 0.591812 0.5287499999999999 0.660565 0.5304059999999999 0.663059
50 0.253688 0.449435 0.228313 0.43821200000000005 0.198469 0.467412 0.189516 0.49437600000000004 0.189516 0.534824 0.18504700000000002 0.566282 0.173109 0.6157410000000001 0.156688 0.617976 0.11192200000000001 0.633718 0.0940156 0.653929 0.046265600000000004 0.687647 0.0134375 0.692141 0 0.734824 0.0029843796874999997 0.8292240000000001 0.014921899999999998 0.8606820000000001 0.0343281 0.878659 0.0328281 0.930329 0.041781200000000004 0.982024 0.210406 0.982024 0.214891 0.973035 0.214891 0.9483060000000001 0.22532800000000003 0.919106 0.229813 0.919106 0.258156 0.950565 0.277562 0.984259 0.320844 0.970776 0.325313 0.939318 0.31189100000000003 0.903365 0.29100000000000004 0.865176 0.27010900000000004 0.8224710000000001 0.256672 0.786518 0.244734 0.748306 0.255172 0.761788 0.285031 0.795506 0.296969 0.793247 0.31189100000000003 0.741576 0.30740599999999996 0.678659 0.299953 0.588753 0.288016 0.5438120000000001 0.28353100000000003 0.501129 0.253688 0.449435
50 0.0507344 0.682776 0.0686406 0.6692940000000001 0.0984844 0.628847 0.111922 0.615365 0.165641 0.613106 0.165641 0.586141 0.171609 0.552424 0.185047 0.502988 0.176094 0.498494 0.158187 0.47378799999999993 0.126844 0.471529 0.12385899999999998 0.455812 0.126844 0.437835 0.132812 0.422094 0.132812 0.410871 0.132812 0.390635 0.132812 0.361412 0.114906 0.325459 0.0925156 0.325459 0.0865469 0.332212 0.0746094 0.350188 0.0686406 0.36816499999999996 0.0641719 0.404118 0.0641719 0.428847 0.0746094 0.440071 0.0746094 0.453553 0.0746094 0.47378799999999993 0.029843799999999997 0.489506 0.0104531 0.552424 0.00298438 0.583906 0.0015 0.725459 0.0104531 0.694 0.0194062 0.696259 0.0507344 0.682776
50 0.27625 0.486141 0.282734 0.5096240000000001 0.289234 0.522329 0.295734 0.540918 0.297031 0.566353 0.304828 0.5467759999999999 0.317812 0.511576 0.333406 0.487106 0.349641 0.47049399999999997 0.355484 0.453859 0.35029699999999997 0.443106 0.347047 0.414729 0.345094 0.391247 0.33470300000000003 0.371694 0.321719 0.367788 0.307422 0.381482 0.303531 0.396141 0.295734 0.439176 0.290531 0.448965 0.271703 0.480259 0.27625 0.486141
50 0.18010900000000002 0.412 0.181922 0.433859 0.192812 0.439859 0.196437 0.455718 0.20370300000000002 0.45080000000000003 0.214219 0.444776 0.228016 0.440965 0.227281 0.42402399999999996 0.218219 0.413082 0.208047 0.40435299999999996 0.207328 0.384141 0.207687 0.37320000000000003 0.196437 0.36444699999999997 0.184828 0.370471 0.183734 0.384141 0.182297 0.39014099999999996 0.18556299999999998 0.396706 0.18556299999999998 0.40597600000000006 0.180844 0.410353 0.18010900000000002 0.412
50 0.191766 0.43960000000000005 0.184703 0.43960000000000005 0.179766 0.423647 0.179766 0.407694 0.176234 0.397059 0.174109 0.39388199999999995 0.172703 0.392824 0.167047 0.392824 0.15787500000000002 0.391765 0.156469 0.397059 0.152938 0.411953 0.152234 0.420447 0.153641 0.42682400000000004 0.155047 0.428965 0.162109 0.442776 0.158578 0.472541 0.16 0.481035 0.162812 0.490612 0.166344 0.5001880000000001 0.171297 0.5001880000000001 0.175531 0.5001880000000001 0.178344 0.49804699999999996 0.181172 0.496988 0.182578 0.49381200000000003 0.186109 0.481035 0.191047 0.470424 0.193172 0.467224 0.19670300000000002 0.458729 0.194578 0.444894 0.191766 0.43960000000000005
50 0.269625 0.40597600000000006 0.273266 0.407153 0.277188 0.413035 0.280578 0.42757599999999996 0.281609 0.446424 0.283438 0.454259 0.289703 0.442871 0.293875 0.436212 0.298297 0.42835300000000004 0.298563 0.4252 0.296219 0.4142120000000001 0.287609 0.400071 0.283703 0.391835 0.278484 0.387506 0.274578 0.38712899999999995 0.271703 0.372212 0.264141 0.367106 0.257891 0.366706 0.251625 0.373388 0.24615599999999999 0.3828 0.24562500000000004 0.390659 0.250844 0.402824 0.251891 0.406353 0.259719 0.408329 0.269625 0.40597600000000006
50 0.23937499999999998 0.433059 0.238328 0.4381650000000001 0.247453 0.4456240000000001 0.256844 0.446024 0.257625 0.433059 0.257625 0.421294 0.256062 0.412259 0.254766 0.41185900000000003 0.251891 0.409906 0.243812 0.4216710000000001 0.23937499999999998 0.433059
50 0.047906199999999996 0.469176 0.05375 0.45891800000000005 0.0498594 0.434 0.0445 0.420071 0.0362344 0.414941 0.0269844 0.41275300000000004 0.0182344 0.41715300000000005 0.012875000000000001 0.427412 0.00946875 0.444988 0.0138594 0.470635 0.0138594 0.477224 0.0119063 0.483835 0.0036406296875 0.492612 0 0.5043529999999999 0.0021718703125 0.5952000000000001 0.0284531 0.494824 0.033796900000000005 0.491153 0.0381875 0.48823500000000003 0.051312500000000004 0.486024 0.0459688 0.47576500000000005 0.047906199999999996 0.469176
50 0.260344 0.357012 0.257969 0.356047 0.2545 0.357718 0.253063 0.359882 0.251016 0.37108199999999997 0.25228100000000003 0.37990599999999997 0.264156 0.370847 0.262891 0.362965 0.260344 0.357012
50 0.219188 0.411224 0.22323400000000002 0.415788 0.227281 0.421882 0.227781 0.43484700000000004 0.231844 0.437129 0.235891 0.43865899999999997 0.237406 0.436376 0.24095300000000003 0.431035 0.2455 0.422659 0.248531 0.415035 0.248531 0.410447 0.238422 0.40054100000000004 0.237906 0.395224 0.237906 0.388353 0.23537499999999997 0.37310600000000005 0.231844 0.367012 0.22323400000000002 0.365482 0.217672 0.375388 0.216141 0.3792 0.22120299999999998 0.386071 0.221719 0.390635 0.220703 0.401318 0.219188 0.408941 0.21817199999999998 0.411224 0.219188 0.411224
2 0.481813 0.619765 0.488703 0.551553 0.475906 0.477435 0.45424999999999993 0.470024 0.47984400000000005 0.588635 0.481813 0.619765
2 0.345953 0.556 0.346938 0.6079060000000001 0.366625 0.520424 0.348906 0.483365 0.345953 0.556
13 0.445609 0.854329 0.451547 0.883435 0.46492199999999995 0.908776 0.469391 0.901318 0.47087500000000004 0.899835 0.47037499999999993 0.863294 0.461453 0.828235 0.4575 0.819271 0.4480779999999999 0.812565 0.440656 0.799882 0.444625 0.821506 0.445609 0.854329
50 0.133641 0.374353 0.133641 0.38030600000000003 0.134125 0.411647 0.134125 0.42505899999999996 0.129672 0.433271 0.127688 0.442212 0.126203 0.45117599999999997 0.126203 0.46385899999999997 0.127203 0.470565 0.131156 0.470565 0.14007799999999998 0.470565 0.158406 0.479529 0.158406 0.475035 0.158406 0.46385899999999997 0.162359 0.445953 0.161875 0.43774100000000005 0.158406 0.435506 0.154938 0.425812 0.15146900000000002 0.41759999999999997 0.14553100000000002 0.412376 0.14553100000000002 0.409412 0.14701599999999998 0.406424 0.14701599999999998 0.402682 0.14701599999999998 0.392988 0.14553100000000002 0.37957599999999997 0.14304699999999998 0.375082 0.134125 0.372847 0.133641 0.374353