50 0.5712999999999999 0.247345 0.5690599999999999 0.251271 0.5701799999999999 0.25678 0.5701799999999999 0.26268400000000003 0.57184 0.26700599999999997 0.57436 0.29378499999999996 0.5765800000000001 0.29454800000000003 0.57992 0.29378499999999996 0.5816 0.290226 0.58356 0.276073 0.58104 0.268983 0.5802 0.255989 0.58104 0.254011 0.5807599999999999 0.24418099999999998 0.5802 0.23827700000000002 0.57714 0.235141 0.5738 0.23669500000000002 0.5724 0.241441 0.5712999999999999 0.247345
50 0.20636000000000002 0.42734500000000003 0.21906 0.429605 0.21430000000000002 0.400452 0.21272 0.34886999999999996 0.20478 0.36457599999999996 0.20636000000000002 0.39596 0.20478 0.420621 0.20636000000000002 0.42734500000000003
50 0.89248 0.67404 0.89786 0.6780229999999999 0.89786 0.673446 0.8959199999999999 0.667655 0.89808 0.654859 0.8961399999999999 0.6475420000000001 0.89744 0.635989 0.89464 0.631412 0.88902 0.632316 0.88666 0.635678 0.88666 0.635989 0.8870800000000001 0.642062 0.88536 0.648475 0.88126 0.65791 0.87954 0.672514 0.8870800000000001 0.6783049999999999 0.8896799999999999 0.6789270000000001 0.89248 0.67404
61 0.67216 0.511638 0.67216 0.516073 0.6762400000000001 0.52096 0.68002 0.52096 0.68284 0.518757 0.724 0.487232 0.7262000000000001 0.483249 0.72276 0.47127100000000005 0.71772 0.47127100000000005 0.67216 0.509859 0.67216 0.511638
50 0.06338 0.506949 0.06594 0.517768 0.07284 0.5137849999999999 0.0708 0.510904 0.06926 0.501525 0.06364 0.480254 0.06568 0.468362 0.06416 0.451412 0.06314 0.451073 0.0611 0.44350300000000004 0.05752 0.444944 0.05318 0.450706 0.0519 0.463333 0.053939999999999995 0.468362 0.05446 0.48892700000000006 0.055479999999999995 0.5123449999999999 0.0565 0.523898 0.06032 0.5206500000000001 0.06338 0.506949
50 0.25610000000000005 0.542119 0.26496 0.542119 0.26496 0.535056 0.26886 0.514294 0.26968000000000003 0.514689 0.27606 0.537401 0.27856000000000003 0.538983 0.283 0.535056 0.27606 0.52096 0.27606 0.511554 0.27746 0.508418 0.27856000000000003 0.48686399999999996 0.27384 0.470028 0.26552 0.47158200000000006 0.25610000000000005 0.48805099999999996 0.2597 0.49822 0.26192000000000004 0.511158 0.2572 0.540537 0.25610000000000005 0.542119
50 0.1785 0.526949 0.18112 0.516299 0.17556 0.506582 0.17456 0.498729 0.1726 0.48994400000000005 0.16736 0.48855899999999997 0.16540000000000002 0.499661 0.16344 0.510282 0.1631 0.529718 0.16802 0.533898 0.16998 0.545452 0.17556 0.544068 0.1785 0.526949
50 0.233 0.484209 0.23904 0.481893 0.23594 0.45449199999999995 0.23466 0.444944 0.231 0.442345 0.22844 0.446215 0.22788 0.45604500000000003 0.22568000000000002 0.462768 0.23026 0.482147 0.233 0.484209
50 0.67304 0.862175 0.67186 0.864972 0.6716 0.866808 0.67134 0.869605 0.6705599999999999 0.87274 0.6705599999999999 0.8751410000000001 0.6705599999999999 0.8770060000000001 0.67108 0.880141 0.67148 0.881638 0.6726599999999999 0.884605 0.67292 0.8879380000000001 0.67292 0.889605 0.67318 0.89387 0.67134 0.897938 0.6695 0.9013840000000001 0.67016 0.907316 0.67134 0.9089830000000001 0.67292 0.9102819999999999 0.6735800000000001 0.912119 0.6741 0.9143499999999999 0.67436 0.916017 0.67462 0.917514 0.67488 0.918983 0.67568 0.9247179999999999 0.67568 0.928249 0.6762 0.931412 0.67712 0.934746 0.6784199999999999 0.936045 0.67974 0.9369489999999999 0.68052 0.938249 0.6811799999999999 0.938079 0.6821 0.936412 0.6840599999999999 0.934548 0.6859 0.9351130000000001 0.6867000000000001 0.93548 0.688 0.9369489999999999 0.68998 0.9399150000000001 0.69168 0.9406780000000001 0.6924600000000001 0.939746 0.69272 0.937712 0.69286 0.9352820000000001 0.69286 0.9312149999999999 0.69286 0.927684 0.693 0.9245479999999999 0.69378 0.922684 0.69456 0.920452 0.6958799999999999 0.917316 0.6964 0.9143499999999999 0.69548 0.913249 0.6947000000000001 0.9111859999999999 0.69338 0.908418 0.69272 0.906017 0.6922 0.904887 0.6923400000000001 0.9011859999999999 0.69614 0.900254 0.6958799999999999 0.897684 0.69562 0.8956209999999999 0.6948200000000001 0.891751 0.69378 0.887853 0.69128 0.885254 0.6901 0.8840399999999999 0.6905 0.883503 0.69116 0.876808 0.68972 0.8784749999999999 0.68748 0.87904 0.68538 0.878672 0.68236 0.8777400000000001 0.68092 0.875339 0.68276 0.871271 0.68564 0.8690399999999999 0.6890599999999999 0.869407 0.69116 0.868842 0.69116 0.867542 0.693 0.865876 0.69272 0.864209 0.6915399999999999 0.861073 0.68932 0.859209 0.6867000000000001 0.85904 0.6840599999999999 0.85791 0.6838 0.85661 0.68314 0.852542 0.68276 0.848842 0.6807799999999999 0.8447459999999999 0.67738 0.844944 0.67448 0.848842 0.67422 0.854407 0.67462 0.8605079999999999 0.67292 0.8629100000000001 0.67304 0.862175
50 0.67698 0.8353109999999999 0.67088 0.8379660000000001 0.66688 0.84161 0.66664 0.846582 0.66828 0.850904 0.6718 0.8538699999999999 0.67392 0.8568640000000001 0.67462 0.849576 0.67604 0.8452540000000001 0.67932 0.843927 0.6819 0.8452540000000001 0.6837799999999999 0.8515539999999999 0.68402 0.858192 0.69084 0.857853 0.69294 0.863503 0.69648 0.861836 0.70188 0.850226 0.7025800000000001 0.8445759999999999 0.7014 0.836638 0.69648 0.827345 0.6985800000000001 0.816384 0.69576 0.813079 0.6899 0.81274 0.6892 0.8177120000000001 0.68684 0.82435 0.6805 0.8283329999999999 0.67816 0.833644 0.67698 0.8353109999999999
50 0.42507999999999996 0.281723 0.42468 0.283983 0.42386 0.29423699999999997 0.42548 0.298249 0.42912 0.297655 0.43313999999999997 0.29254199999999997 0.43757999999999997 0.291412 0.43677999999999995 0.287401 0.43476 0.279435 0.43718 0.270904 0.43556 0.26121500000000003 0.43154000000000003 0.25836200000000004 0.43154000000000003 0.253814 0.42951999999999996 0.24923700000000001 0.4279 0.248672 0.42468 0.25039500000000003 0.42386 0.256073 0.41822000000000004 0.262345 0.42468 0.27774 0.42869999999999997 0.288559 0.42507999999999996 0.281723
50 0.83654 0.819887 0.8342200000000001 0.804915 0.8305800000000001 0.786667 0.8286 0.779661 0.8286 0.768898 0.8266 0.764689 0.82196 0.762345 0.81898 0.766073 0.8186599999999999 0.7731069999999999 0.8186599999999999 0.7791810000000001 0.8186599999999999 0.7824580000000001 0.81832 0.78339 0.817 0.785254 0.816 0.791356 0.81502 0.7997740000000001 0.81502 0.8002260000000001 0.8153400000000001 0.808192 0.81568 0.8128529999999999 0.81568 0.8222320000000001 0.816 0.826893 0.817 0.832514 0.81932 0.8353109999999999 0.8276 0.8353109999999999 0.83224 0.832514 0.83256 0.831102 0.8385199999999999 0.828305 0.83654 0.819887
50 0.95326 0.48519799999999996 0.9514600000000001 0.47565 0.94782 0.47401099999999996 0.94552 0.477514 0.94486 0.48564999999999997 0.9447000000000001 0.49542400000000003 0.9447000000000001 0.505452 0.94948 0.514746 0.9544199999999999 0.517542 0.95492 0.500791 0.95326 0.48519799999999996
50 0.82648 0.9271469999999999 0.83386 0.929379 0.8344 0.9099999999999999 0.8344 0.88613 0.8307 0.872684 0.82224 0.8614970000000001 0.81116 0.858531 0.808 0.871949 0.81274 0.880141 0.80272 0.8973159999999999 0.79796 0.9085030000000001 0.80376 0.912232 0.8138 0.9114690000000001 0.81486 0.932373 0.82648 0.9271469999999999