13 0.62183 0.9193460000000001 0.619722 0.921046 0.620556 0.9303760000000001 0.616748 0.943938 0.626078 0.9511440000000001 0.636667 0.9524019999999999 0.642598 0.9524019999999999 0.645997 0.928676 0.6476959999999999 0.918922 0.641748 0.910441 0.638791 0.9057839999999999 0.632859 0.906209 0.623105 0.914265 0.622255 0.915964 0.62183 0.9193460000000001
74 0.28315399999999996 0.424722 0.33258200000000004 0.424722 0.355049 0.45843100000000003 0.36629100000000003 0.478644 0.44269600000000003 0.45843100000000003 0.44269600000000003 0.411242 0.519101 0.393252 0.5235949999999999 0.406748 0.575278 0.373039 0.591013 0.249444 0.577533 0.07191180065359477 0.411242 0.017973900326797385 0.195507 0.0404575 0.020228800653594774 0.112353 0.026960800653594772 0.21124199999999999 0.188758 0.44719 0.18652 0.449444 0.278644 0.44719 0.28315399999999996 0.424722
50 0.394624 0.979706 0.502239 0.979706 0.48429700000000003 0.9124510000000001 0.482059 0.847418 0.475343 0.784641 0.459641 0.733072 0.452908 0.70616 0.46861100000000006 0.670294 0.44395399999999996 0.636667 0.408072 0.614232 0.392369 0.629935 0.378922 0.67701 0.37219 0.719624 0.358742 0.764461 0.36771200000000004 0.80482 0.383415 0.8339709999999999 0.383415 0.863121 0.385654 0.8720920000000001 0.394624 0.975229 0.394624 0.979706
50 0.62201 0.715376 0.600997 0.724134 0.579984 0.725882 0.569477 0.734641 0.569477 0.746895 0.58348 0.75915 0.592239 0.780163 0.595735 0.79067 0.613252 0.794167 0.600997 0.802925 0.576487 0.820425 0.567729 0.851944 0.555474 0.893971 0.562467 0.906225 0.578235 0.902729 0.588742 0.909722 0.578235 0.9727610000000001 0.576487 0.976258 0.648268 0.9797709999999998 0.651765 0.9675160000000002 0.655278 0.874706 0.657026 0.816928 0.653513 0.773154 0.64652 0.725882 0.62201 0.715376
50 0.723252 0.874706 0.729118 0.8835130000000001 0.727157 0.899167 0.72031 0.9412249999999999 0.726193 0.9666499999999999 0.732059 0.9588399999999999 0.747712 0.9412249999999999 0.74183 0.926552 0.750637 0.8796079999999998 0.76335 0.861993 0.761405 0.828742 0.761405 0.787663 0.76335 0.762222 0.776078 0.728971 0.769232 0.713317 0.758464 0.700605 0.756503 0.681046 0.756503 0.662451 0.755588 0.647288 0.753464 0.640899 0.757712 0.640049 0.754739 0.636225 0.754951 0.636634 0.739461 0.622435 0.728497 0.626307 0.723987 0.629526 0.722042 0.673415 0.722042 0.803775 0.723252 0.874706
2 0.638595 0.803039 0.61549 0.786863 0.583154 0.799575 0.59585 0.816895 0.627042 0.828448 0.633971 0.84232 0.623578 0.872353 0.613186 0.92665 0.607402 0.8631050000000001 0.586618 0.861961 0.59701 0.9797880000000001 0.650147 0.9786269999999999 0.652451 0.9786269999999999 0.648987 0.791487 0.647843 0.792647 0.638595 0.803039
2 0.667467 0.9763239999999999 0.68134 0.977467 0.68134 0.793791 0.664003 0.792647 0.667467 0.9763239999999999
8 0.93817 0.777565 0.9365029999999999 0.7842319999999999 0.93317 0.797549 0.929837 0.815882 0.9165030000000001 0.842533 0.9181699999999999 0.90085 0.843203 0.90085 0.89152 0.97915 0.976487 0.9808169999999999 0.9781540000000001 0.8042159999999999 0.93817 0.777565
2 0.795931 0.707696 0.798513 0.778039 0.792696 0.788366 0.764951 0.81031 0.76366 0.90969 0.765605 0.9290520000000001 0.796569 0.9406699999999999 0.8340029999999999 0.911618 0.8423859999999999 0.8961439999999999 0.843676 0.788366 0.806895 0.784493 0.800441 0.712859 0.795931 0.707696
2 0.464428 0.788807 0.47191199999999994 0.804575 0.476879 0.836944 0.476879 0.874297 0.49183 0.884265 0.510082 0.875964 0.515065 0.864346 0.49763099999999993 0.808725 0.465261 0.77884 0.464428 0.788807
2 0.382958 0.720833 0.39908499999999997 0.716307 0.407663 0.7117650000000001 0.415212 0.7137910000000001 0.42933 0.71933 0.43638899999999997 0.7233660000000001 0.443431 0.733431 0.44393800000000005 0.733431 0.447974 0.73848 0.449477 0.7304080000000001 0.44848 0.7238559999999999 0.436879 0.717304 0.426307 0.7117650000000001 0.418742 0.706732 0.414199 0.704216 0.411176 0.703203 0.401111 0.70219 0.392533 0.704216 0.386487 0.706732 0.38044100000000003 0.712778 0.377418 0.720327 0.376405 0.7233660000000001 0.375408 0.7324350000000001 0.374902 0.740997 0.37388899999999997 0.749052 0.37993499999999997 0.7263890000000001 0.382958 0.720833
69 0.747157 0.688219 0.747157 0.684248 0.748987 0.681503 0.746552 0.680572 0.743497 0.680572 0.743186 0.680882 0.738922 0.679363 0.736781 0.681503 0.738301 0.683627 0.741046 0.687598 0.741667 0.692484 0.741667 0.695229 0.745016 0.694935 0.746846 0.692484 0.747157 0.688219
69 0.745637 0.716601 0.747467 0.726062 0.751732 0.739493 0.752353 0.743464 0.751732 0.75049 0.752647 0.760556 0.755098 0.766046 0.757533 0.766667 0.761814 0.763301 0.762418 0.755065 0.759069 0.742239 0.756013 0.741634 0.757239 0.727892 0.755098 0.723922 0.752353 0.713856 0.751732 0.712026 0.748072 0.713546 0.745637 0.716601
50 0.591356 0.66732 0.577696 0.665686 0.579346 0.725245 0.593546 0.722516 0.596275 0.707761 0.591356 0.66732
50 0.55366 0.693007 0.549281 0.703938 0.545458 0.727435 0.548186 0.760212 0.571144 0.759134 0.570605 0.751471 0.570605 0.738905 0.574428 0.727974 0.576601 0.661863 0.566765 0.670605 0.563497 0.68317 0.55366 0.693007
50 0.594755 0.689036 0.597418 0.69482 0.60098 0.699706 0.608546 0.7108329999999999 0.6094280000000001 0.711275 0.6094280000000001 0.70817 0.6094280000000001 0.703268 0.6094280000000001 0.6979409999999999 0.6094280000000001 0.690817 0.6094280000000001 0.686814 0.610768 0.677467 0.606765 0.673464 0.60098 0.6703589999999999 0.591634 0.6703589999999999 0.5938559999999999 0.679248 0.594755 0.689036
50 0.0969935 0.783775 0.126373 0.7825 0.128497 0.765899 0.12338199999999999 0.7543949999999999 0.111471 0.747157 0.0969935 0.747582 0.0969935 0.783775
50 0.6463730000000001 0.668284 0.634183 0.6621900000000001 0.6204580000000001 0.6621900000000001 0.608268 0.673611 0.606748 0.690392 0.606748 0.701062 0.606748 0.707908 0.615899 0.71402 0.6425649999999999 0.7246900000000001 0.64866 0.730784 0.649428 0.711732 0.65018 0.6827610000000001 0.6463730000000001 0.668284
50 0.305507 0.23931400000000003 0.305507 0.23821900000000001 0.30495099999999997 0.22893799999999997 0.302222 0.22346399999999997 0.297304 0.22073500000000001 0.287467 0.21854600000000002 0.27982 0.215278 0.27982 0.209804 0.283644 0.206536 0.285278 0.202157 0.286373 0.199428 0.288562 0.19013100000000002 0.284183 0.183578 0.280915 0.178121 0.272712 0.17647100000000002 0.267794 0.177026 0.262337 0.180294 0.256863 0.18413400000000002 0.25522900000000004 0.19013100000000002 0.256324 0.19614399999999999 0.258513 0.20598 0.257418 0.210899 0.25522900000000004 0.21362699999999998 0.24921600000000002 0.21746699999999997 0.23828400000000002 0.22129100000000002 0.23336600000000002 0.225114 0.231193 0.229477 0.22518 0.23877500000000002 0.218072 0.24642199999999997 0.305507 0.23931400000000003
50 0.9165200000000001 0.9112250000000001 0.921013 0.8422709999999999 0.940507 0.79281 0.939003 0.729853 0.931503 0.7118629999999999 0.92402 0.683382 0.9180229999999999 0.644412 0.897026 0.638415 0.880539 0.644412 0.873056 0.669886 0.8790520000000001 0.705866 0.8775489999999999 0.717859 0.8745419999999999 0.896242 0.9165200000000001 0.9112250000000001