61 0.736219 0.9231530000000001 0.736469 0.9152710000000001 0.718109 0.916706 0.7059529999999999 0.914541 0.685703 0.914188 0.674969 0.912753 0.676172 0.917059 0.73075 0.9249649999999999 0.736219 0.9231530000000001
61 0.756672 0.963741 0.756672 0.968494 0.762594 0.972047 0.766922 0.9726350000000001 0.761797 0.961953 0.756672 0.963741
61 0.816219 0.983929 0.828438 0.983929 0.830016 0.980965 0.821734 0.9756239999999999 0.809516 0.974424 0.8016249999999999 0.977388 0.794922 0.9756239999999999 0.794531 0.981553 0.816219 0.983929
50 0.6676249999999999 1 0.6687339999999999 0.945647 0.673672 0.941506 0.6720309999999999 0.905882 0.683578 0.898424 0.689625 0.877718 0.679172 0.846259 0.6626719999999999 0.828847 0.661031 0.797388 0.6544220000000001 0.776682 0.640125 0.7775059999999999 0.6340779999999999 0.797388 0.6384839999999999 0.8147760000000001 0.633531 0.823059 0.630234 0.831341 0.625281 0.844588 0.616484 0.866965 0.602734 0.9033880000000001 0.588422 0.9183060000000001 0.593375 0.933224 0.599984 0.932376 0.615375 0.911671 0.627484 0.895953 0.626922 0.936518 0.630781 0.942329 0.634625 0.971318 0.631328 0.9912 0.631875 1 0.6676249999999999 1
50 0.804063 0.911694 0.799 0.8492000000000001 0.813688 0.8682589999999999 0.826328 0.882729 0.837969 0.8682589999999999 0.822281 0.826329 0.804578 0.784424 0.789891 0.7806120000000001 0.776734 0.734118 0.758016 0.7333409999999999 0.753953 0.776024 0.759016 0.7882349999999999 0.742828 0.802706 0.724094 0.871294 0.721063 0.9010119999999999 0.7352339999999999 0.9071290000000001 0.742312 0.8872939999999999 0.747891 0.861388 0.751938 0.929976 0.764594 0.981812 0.761047 0.9970589999999999 0.786859 0.9993409999999999 0.804063 0.911694
50 0.709234 0.7624470000000001 0.7052970000000001 0.763035 0.704109 0.768376 0.704516 0.773718 0.702531 0.7784709999999999 0.70175 0.784424 0.704906 0.791529 0.702141 0.7956939999999999 0.701359 0.837271 0.706094 0.8509180000000001 0.707266 0.873482 0.702937 0.880024 0.689125 0.898424 0.6930780000000001 0.917435 0.702141 0.9150590000000001 0.6993750000000001 0.9037649999999999 0.710422 0.8930819999999999 0.7068749999999999 0.9073410000000001 0.7100310000000001 0.9204 0.723437 0.919812 0.725406 0.9126820000000001 0.718313 0.909129 0.726594 0.8663529999999999 0.7238279999999999 0.847365 0.728172 0.842612 0.721078 0.8307289999999999 0.719891 0.820047 0.717125 0.799859 0.713187 0.791529 0.715547 0.7885650000000001 0.713969 0.783812 0.715547 0.7784709999999999 0.715938 0.7665879999999999 0.710422 0.761859 0.709234 0.7624470000000001
50 1 0.768659 0.986656 0.7345410000000001 0.986656 0.713788 0.980734 0.7019289999999999 0.9689220000000001 0.700447 0.963016 0.7108239999999999 0.964984 0.736024 0.955141 0.749365 0.949234 0.767176 0.953172 0.805718 0.970891 0.859082 0.9699059999999999 0.8739060000000001 0.957109 0.945082 0.9945309999999999 0.965835 0.9886250000000001 0.951012 0.978766 0.937671 0.990594 0.847224 1 0.870941 1 0.768659
50 0.232687 0.808824 0.23409399999999997 0.810282 0.23471899999999998 0.809765 0.235156 0.808165 0.235156 0.8061649999999999 0.23525000000000001 0.804847 0.235594 0.8049649999999999 0.235766 0.808165 0.23585899999999999 0.809765 0.236484 0.811341 0.237453 0.810424 0.23701599999999998 0.803788 0.23762500000000003 0.798588 0.237453 0.795412 0.237094 0.7931530000000001 0.237453 0.792471 0.237891 0.7915530000000001 0.23735900000000001 0.788494 0.235953 0.787953 0.234797 0.7878350000000001 0.234266 0.789435 0.234266 0.792753 0.233297 0.793953 0.232859 0.797788 0.23224999999999998 0.807506 0.232687 0.808824
50 0.234813 0.9023289999999999 0.23906299999999997 0.873388 0.23906299999999997 0.854659 0.243297 0.849106 0.241047 0.845294 0.240187 0.8333649999999999 0.233969 0.834635 0.23312499999999997 0.847835 0.23029700000000003 0.8504 0.228875 0.855929 0.230016 0.862306 0.23312499999999997 0.864024 0.22859400000000002 0.9040469999999999 0.23424999999999999 0.9061649999999999 0.234813 0.9023289999999999
50 0.147234 0.864212 0.147234 0.865624 0.148547 0.864212 0.15040599999999998 0.865059 0.151531 0.867859 0.15040599999999998 0.8723759999999999 0.148547 0.876871 0.146672 0.881671 0.145359 0.889553 0.14256200000000002 0.890659 0.142375 0.8940469999999999 0.145734 0.894329 0.14704699999999998 0.891788 0.14929699999999999 0.888141 0.152281 0.8836240000000001 0.155078 0.878565 0.156203 0.873506 0.158266 0.877718 0.158641 0.8830589999999999 0.1605 0.888706 0.158828 0.8965879999999999 0.16312500000000002 0.8965879999999999 0.162938 0.8946120000000001 0.162938 0.890659 0.16312500000000002 0.8855999999999999 0.16275 0.879412 0.16275 0.8746120000000001 0.16275 0.8689880000000001 0.163688 0.861671 0.165375 0.862518 0.166859 0.867859 0.16742200000000002 0.8723759999999999 0.165922 0.875459 0.167047 0.8765879999999999 0.17078100000000002 0.873506 0.171344 0.868141 0.169297 0.8633649999999999 0.167047 0.856329 0.165375 0.850682 0.165375 0.846753 0.1635 0.8405649999999999 0.16125 0.839435 0.159391 0.838024 0.158641 0.833529 0.157891 0.832682 0.156578 0.836894 0.155078 0.8405649999999999 0.153594 0.842518 0.15434399999999998 0.8464710000000001 0.156203 0.847035 0.156203 0.849294 0.155266 0.851812 0.153031 0.855765 0.14929699999999999 0.8596940000000001 0.14704699999999998 0.8639290000000001 0.147234 0.864212
50 0.6557660000000001 0.750776 0.6643589999999999 0.750212 0.672375 0.7468469999999999 0.672562 0.744588 0.671063 0.7426349999999999 0.6690159999999999 0.739529 0.6690159999999999 0.736729 0.667891 0.733929 0.665844 0.731671 0.6654690000000001 0.727459 0.6647339999999999 0.724376 0.663422 0.7238119999999999 0.660625 0.7229650000000001 0.660062 0.727741 0.660438 0.7308239999999999 0.6595 0.734212 0.658016 0.7406590000000001 0.655219 0.7474120000000001 0.6557660000000001 0.750776
50 0.2785 0.8244469999999999 0.277312 0.826824 0.274547 0.833388 0.275328 0.842329 0.276516 0.8459059999999999 0.277312 0.854259 0.277312 0.857247 0.277312 0.867388 0.277312 0.872753 0.278109 0.8751289999999999 0.284047 0.874541 0.28682799999999997 0.8632000000000001 0.28682799999999997 0.844729 0.284047 0.833388 0.283656 0.828024 0.282859 0.825624 0.280875 0.818471 0.2785 0.8244469999999999
50 0.182969 0.8428709999999999 0.182859 0.8628 0.18379700000000002 0.8629650000000001 0.184844 0.862494 0.18504700000000002 0.861388 0.184844 0.857459 0.18504700000000002 0.8557410000000001 0.18525 0.856047 0.18587499999999998 0.8573179999999999 0.18598399999999998 0.859506 0.186297 0.8626349999999999 0.186719 0.8628 0.18743700000000002 0.8628 0.187656 0.862329 0.187125 0.843976 0.187391 0.8435999999999999 0.188781 0.842353 0.189 0.8356 0.188516 0.833718 0.187891 0.8332240000000001 0.187578 0.8329880000000001 0.186938 0.832518 0.18662499999999999 0.832047 0.18662499999999999 0.830376 0.186 0.828471 0.185672 0.828 0.18504700000000002 0.828 0.184891 0.828 0.18425 0.828471 0.18425 0.830141 0.184578 0.832047 0.183469 0.8332240000000001 0.182359 0.834188 0.181406 0.838471 0.18298399999999998 0.840376 0.182969 0.8428709999999999
50 0.013031200000000001 0.825318 0.0079843796875 0.832565 0.002 0.8394820000000001 0.0061406296875 0.847435 0.0049843796875 0.870259 0.0015468796875 0.884447 0.0047656203125 0.887906 0.005218749999999999 0.894471 0.0088906296875 0.895859 0.009125 0.890659 0.0098125 0.8699290000000001 0.0121094 0.870965 0.010968700000000001 0.8917179999999999 0.015562500000000002 0.8937879999999999 0.0148594 0.887906 0.0192344 0.8450120000000001 0.0240469 0.8450120000000001 0.025890600000000003 0.840871 0.018312500000000002 0.8287760000000001 0.016703100000000002 0.824612 0.013031200000000001 0.825318
50 0.31704699999999997 0.887976 0.31868799999999997 0.896024 0.322391 0.897247 0.322391 0.8854820000000001 0.321563 0.8619760000000001 0.324437 0.8601179999999999 0.3265 0.848353 0.323625 0.835976 0.317453 0.830424 0.317453 0.821129 0.314172 0.818659 0.312109 0.8235999999999999 0.311703 0.831035 0.30759400000000003 0.835976 0.304312 0.8421649999999999 0.303078 0.853318 0.305125 0.8619760000000001 0.307188 0.868776 0.302656 0.8898349999999999 0.303891 0.898494 0.308 0.8966350000000001 0.309234 0.888588 0.31457799999999997 0.873741 0.31704699999999997 0.887976
60 0.140656 0.887459 0.141781 0.89 0.140094 0.9026819999999999 0.152438 0.892541 0.141781 0.888306 0.140656 0.887459
60 0.2805 0.875059 0.283578 0.877388 0.283578 0.8767999999999999 0.283188 0.8739059999999998 0.2805 0.875059
60 0.291281 0.877388 0.289734 0.875059 0.287422 0.875647 0.289734 0.878541 0.291281 0.877388
50 0.291188 0.845459 0.291188 0.837953 0.292016 0.837953 0.29312499999999997 0.843388 0.294781 0.842118 0.29312499999999997 0.8312940000000001 0.291188 0.827129 0.290078 0.824635 0.29064100000000004 0.816706 0.285375 0.817553 0.285656 0.823788 0.28343799999999997 0.8250350000000001 0.283172 0.8254589999999999 0.284266 0.834212 0.285375 0.837129 0.286484 0.842541 0.287312 0.8450350000000001 0.287312 0.860471 0.287312 0.866306 0.286484 0.875035 0.289531 0.874635 0.291188 0.845459
60 0.0158438 0.891906 0.012 0.8913650000000001 0.0114531 0.892729 0.01475 0.893835 0.0158438 0.891906
60 0.00434375 0.8941179999999999 0.0074375 0.897694 0.00871875 0.896024 0.00579687 0.8935530000000002 0.00434375 0.8941179999999999
60 0.9905630000000001 0.966682 0.99044810625 0.9673839623529412 0.991672 0.967953 0.991672 0.9702308352941176 1 0.971271 0.9991410000000001 0.9654349999999999 0.998875 0.9616939999999999 0.9999689999999999 0.957106 0.9913909999999999 0.957529 0.9913909999999999 0.960871 0.9916154984375 0.9665289952941177 0.9905630000000001 0.966682
60 0.966766 0.9633649999999999 0.9465619999999999 0.963788 0.9465619999999999 0.967106 0.991672 0.971694 0.991672 0.9702308352941176 0.990016 0.970024 0.99044810625 0.9673839623529412 0.988078 0.966282 0.966766 0.9633649999999999
60 0.736281 0.923694 0.736891 0.916282 0.730891 0.916282 0.713203 0.920682 0.6822969999999999 0.913035 0.675687 0.911882 0.6736869999999999 0.9132709999999999 0.674922 0.916965 0.709359 0.924612 0.736281 0.923694
60 0.328656 0.896612 0.322047 0.8971290000000001 0.320594 0.898635 0.329109 0.898635 0.328656 0.896612