13 0.8370960000000001 0.0024375 0.831382 0.0018906203125 0.815902 0.0437813 0.818337 0.06717189999999999 0.833841 0.08675000000000001 0.872155 0.100891 0.921897 0.0987187 0.952061 0.0824063 0.998548 0.0007968750000000001 0.83466 0.0007968750000000001 0.8370960000000001 0.0024375
13 0.699461 0.15698399999999998 0.7510300000000001 0.152688 0.770375 0.139781 0.7800469999999999 0.09246879999999999 0.763911 0.0709687 0.69623 0.053765600000000004 0.6414289999999999 0.07956250000000001 0.6414289999999999 0.111828 0.683326 0.150531 0.722014 0.150531 0.699461 0.15698399999999998
26 0.19445 0.549719 0.21213100000000001 0.549719 0.218782 0.533484 0.220984 0.51725 0.249742 0.503969 0.267447 0.47887500000000005 0.271874 0.464109 0.271874 0.437547 0.223208 0.412453 0.196651 0.410984 0.15241200000000002 0.418359 0.123653 0.4405 0.11702599999999999 0.4715 0.136932 0.501016 0.18337199999999998 0.5157809999999999 0.185597 0.523156 0.185597 0.537906 0.19445 0.549719
26 0.144426 0.253656 0.144426 0.26387499999999997 0.158642 0.270437 0.176136 0.270437 0.203466 0.265328 0.21985900000000003 0.259484 0.235176 0.26387499999999997 0.255948 0.26970299999999997 0.281101 0.27773400000000004 0.33466 0.275547 0.365293 0.261687 0.39697899999999997 0.23615599999999998 0.403536 0.20915599999999998 0.394801 0.18143800000000002 0.378407 0.151531 0.342319 0.133297 0.294215 0.12673399999999999 0.25267 0.129656 0.22096 0.141328 0.19363 0.166125 0.182693 0.203328 0.192529 0.233969 0.1674 0.23979699999999998 0.148806 0.250016 0.144426 0.253656
32 0.117143 0.886344 0.12470700000000001 0.8960779999999999 0.357588 0.847781 0.381358 0.8531869999999999 0.47105400000000003 0.838406 0.412155 0.839484 0.468899 0.830109 0.407307 0.830828 0.470515 0.824344 0.404052 0.8196559999999999 0.46459 0.8146089999999999 0.42838400000000004 0.8117190000000001 0.365691 0.8207340000000001 0.357049 0.834437 0.339227 0.843094 0.304637 0.848859 0.119836 0.87625 0.117143 0.886344
32 0.795714 0.312141 0.795714 0.317672 0.8055039999999999 0.33025 0.801733 0.332766 0.7979629999999999 0.33125 0.7942149999999999 0.332266 0.794965 0.337281 0.791194 0.336781 0.789672 0.336281 0.782155 0.337797 0.784403 0.341313 0.780632 0.341313 0.785925 0.354375 0.800984 0.362422 0.816066 0.362938 0.825855 0.360422 0.828126 0.351875 0.816066 0.328234 0.795714 0.312141
32 0.901522 0.522203 0.924122 0.521703 0.9331619999999999 0.514672 0.90377 0.47343799999999997 0.851007 0.418625 0.8208670000000001 0.380406 0.818618 0.371359 0.8133260000000001 0.380922 0.83897 0.423156 0.88644 0.502094 0.901522 0.522203
62 0.183044 0.165203 0.183044 0.163656 0.192319 0.138922 0.187681 0.137375 0.16452 0.12037499999999998 0.132084 0.168297 0.143677 0.237844 0.152927 0.24403100000000003 0.171475 0.23474999999999996 0.183044 0.165203
62 0.150609 0.335219 0.14829 0.342938 0.115878 0.356844 0.0926932 0.384672 0.11356 0.4403119999999999 0.115878 0.4403119999999999 0.13904 0.435672 0.194637 0.409406 0.20388800000000004 0.359938 0.171475 0.339844 0.162201 0.273391 0.155246 0.265656 0.143677 0.265656 0.150609 0.335219
14 0.720258 0.926641 0.828618 0.9048130000000001 0.8511240000000001 0.857062 0.836815 0.812047 0.779555 0.7724840000000001 0.6814049999999999 0.7724840000000001 0.634379 0.791578 0.613911 0.8215939999999999 0.615972 0.8256880000000001 0.622108 0.8679840000000001 0.658899 0.9075469999999999 0.720258 0.926641
14 0.37936800000000004 0.319391 0.35810299999999995 0.307125 0.31555 0.302609 0.28555 0.311641 0.26815 0.32260900000000003 0.248806 0.339391 0.255574 0.376172 0.265246 0.383922 0.286511 0.38973399999999997 0.304895 0.39553099999999997 0.33391099999999996 0.393594 0.360023 0.384563 0.373583 0.377469 0.37454299999999996 0.378109 0.390984 0.349078 0.37936800000000004 0.319391
41 0 0.167719 0.0048711896955503505 0.182375 0.013653400468384076 0.197766 0.015854800936768148 0.204359 0.024637 0.246125 0.07517559953161593 0.358969 0.09822010070257611 0.39706199999999997 0.119087 0.358234 0.06088989929742389 0.24173399999999998 0.04660419906323185 0.214609 0.03124119906323185 0.184578 0.014754100702576113 0.128156 0.014754100702576113 0.110563 0.010374700234192038 0.10178100000000001 0.002693210772833724 0.0988437 0 0.097375 0 0.0988437 0 0.167719
62 0.30037499999999995 0.228688 0.32377 0.218938 0.33985899999999997 0.197469 0.341335 0.179891 0.329625 0.166234 0.309157 0.16525 0.276979 0.180875 0.272576 0.190625 0.26819699999999996 0.204297 0.271124 0.211125 0.279883 0.220891 0.279883 0.222844 0.205293 0.290172 0.192131 0.310672 0.190656 0.322391 0.205293 0.325313 0.221382 0.320438 0.231616 0.308719 0.236019 0.304813 0.28281 0.235531 0.30037499999999995 0.228688
14 0.740679 0.661297 0.7434890000000001 0.68575 0.768876 0.713031 0.797049 0.729953 0.8492040000000001 0.732781 0.891499 0.727125 0.916862 0.721484 0.957752 0.703625 0.97185 0.658484 0.9478690000000001 0.6199220000000001 0.8943089999999999 0.591719 0.83089 0.5832499999999999 0.7547780000000001 0.612406 0.740679 0.6368590000000001 0.740679 0.661297
27 0 0.98475 0.9992270000000001 0.98475 0.987611 0.723766 0.9992270000000001 0.008 0.9992270000000001 0.005421879687500001 0 0.005421879687500001 0 0.98475