4 0.529359 0.38171 0.516062 0.304496 0.505547 0.308665 0.527141 0.448103 0.539328 0.502904 0.547641 0.499578 0.529359 0.38171
5 0.64025 0.803513 0.648281 0.831218 0.662734 0.838431 0.688453 0.8276110000000001 0.696484 0.814356 0.693266 0.7818499999999999 0.682016 0.75897 0.661937 0.7553399999999999 0.6571089999999999 0.768595 0.64025 0.789063 0.639437 0.802319 0.64025 0.803513
50 0.43329700000000004 0.95281 0.47378099999999995 0.7056209999999999 0.482781 0.7056209999999999 0.494766 0.8516859999999999 0.5007659999999999 0.957307 0.52925 0.9618030000000001 0.53075 0.9460660000000001 0.5247499999999999 0.824731 0.5277499999999999 0.716862 0.51875 0.6202340000000001 0.51875 0.582014 0.5547340000000001 0.55281 0.577234 0.496628 0.560734 0.474169 0.5277499999999999 0.45168600000000003 0.509766 0.435948 0.509766 0.42248199999999997 0.49776600000000004 0.384262 0.48576600000000003 0.379766 0.463281 0.386511 0.455781 0.44943799999999995 0.43779700000000005 0.49437899999999996 0.443797 0.5258309999999999 0.44229700000000005 0.586511 0.436297 0.667424 0.434797 0.755059 0.422797 0.826956 0.410813 0.912365 0.409312 0.968548 0.427297 0.970796 0.43329700000000004 0.95281
50 0.8275309999999999 0.970796 0.8132659999999999 0.9833719999999999 0.8132659999999999 0.992178 0.8182969999999999 0.992178 0.8182969999999999 0.994707 0.823344 1 0.893016 0.997213 0.893016 0.963255 0.893016 0.94185 0.8896559999999999 0.8764400000000001 0.8955310000000001 0.7984310000000001 0.8988910000000001 0.740539 0.906453 0.709087 0.9047660000000001 0.68267 0.901406 0.624801 0.9123279999999999 0.579508 0.909797 0.5027400000000001 0.8955310000000001 0.459977 0.884625 0.446136 0.8862970000000001 0.428525 0.874547 0.40585499999999997 0.849359 0.39454300000000003 0.831734 0.40334899999999996 0.811594 0.42726000000000003 0.8065469999999999 0.449906 0.81075 0.47381700000000004 0.823344 0.50904 0.8191409999999999 0.524145 0.81075 0.554333 0.798156 0.624801 0.802359 0.646183 0.811594 0.680164 0.811594 0.7279629999999999 0.8149369999999999 0.766979 0.819984 0.792131 0.8166249999999999 0.812272 0.825016 0.930539 0.8275309999999999 0.970796
50 0.650766 0.982319 0.679125 0.86822 0.670172 0.98904 0.710469 0.98007 0.707484 0.95548 0.7149530000000001 0.890585 0.723906 0.8011010000000001 0.738828 0.7921549999999999 0.741812 0.720585 0.729875 0.651218 0.706 0.537119 0.637328 0.49238899999999997 0.6104689999999999 0.499087 0.588078 0.546089 0.617938 0.6042390000000001 0.65525 0.72281 0.6045 0.9688990000000001 0.650766 0.982319
50 0.705172 0.183162 0.708187 0.16445 0.704313 0.15346600000000002 0.702578 0.138618 0.696125 0.133466 0.690094 0.13475399999999998 0.684063 0.140562 0.680187 0.150234 0.678906 0.168946 0.680187 0.18187399999999998 0.667281 0.187681 0.662969 0.205738 0.660813 0.257377 0.678469 0.263817 0.685797 0.266393 0.690531 0.269625 0.6982809999999999 0.274145 0.714203 0.270281 0.716797 0.250913 0.721953 0.231546 0.725828 0.19993 0.711188 0.185738 0.70625 0.184941 0.705172 0.183162
50 0.53525 0.274169 0.54425 0.244941 0.5337500000000001 0.21798599999999999 0.52925 0.186511 0.5127659999999999 0.17079599999999998 0.49776600000000004 0.191007 0.496266 0.20674499999999998 0.496266 0.22473100000000001 0.496266 0.229204 0.490266 0.24719 0.48128099999999996 0.260679 0.52925 0.283138 0.53525 0.274169
50 0.475531 0.167658 0.466922 0.163138 0.46260899999999994 0.143138 0.467781 0.13733 0.463469 0.125714 0.45829700000000007 0.116674 0.452281 0.112787 0.44193699999999997 0.11538599999999999 0.433766 0.127635 0.429453 0.132155 0.425156 0.139906 0.43332800000000005 0.147002 0.43418799999999996 0.16056199999999998 0.43462500000000004 0.17086700000000002 0.42557799999999996 0.175386 0.419125 0.18379399999999999 0.41137499999999994 0.19861800000000002 0.39975 0.22185 0.38425 0.24379399999999998 0.376063 0.258642 0.373047 0.268314 0.388984 0.265105 0.397156 0.254778 0.407062 0.25025800000000004 0.417828 0.232834 0.41223400000000004 0.251546 0.41309399999999996 0.263162 0.424281 0.261874 0.429453 0.260585 0.43720299999999995 0.25993 0.44581299999999996 0.265738 0.456156 0.26379400000000003 0.465625 0.261874 0.46864100000000003 0.260585 0.47121899999999994 0.247026 0.472516 0.232834 0.489297 0.18700199999999997 0.484141 0.17346599999999998 0.475531 0.167658
50 0.303641 0.119859 0.30704699999999996 0.121311 0.30704699999999996 0.132272 0.305578 0.1374 0.30509400000000003 0.144707 0.30509400000000003 0.15421500000000002 0.310469 0.16007000000000002 0.312906 0.161522 0.309 0.163724 0.295828 0.168103 0.292422 0.171756 0.288516 0.18126499999999998 0.28948399999999996 0.190023 0.286078 0.195878 0.281203 0.219274 0.27046899999999996 0.233911 0.272422 0.23974199999999998 0.273391 0.26241200000000003 0.324125 0.264614 0.322656 0.25363 0.32557800000000003 0.251452 0.332406 0.248525 0.335344 0.248525 0.339734 0.23974199999999998 0.34217200000000003 0.223653 0.346062 0.208314 0.345578 0.179063 0.335344 0.165176 0.33435899999999996 0.154941 0.336797 0.143981 0.339734 0.132272 0.336313 0.116932 0.31875 0.10815000000000001 0.310953 0.118384 0.303641 0.119859
50 0.22149999999999997 0.263162 0.271219 0.266487 0.272328 0.244941 0.26901600000000003 0.230047 0.25575000000000003 0.21679199999999998 0.248563 0.20932099999999998 0.247469 0.183653 0.239172 0.16791599999999998 0.230328 0.16461399999999998 0.223156 0.172061 0.21817199999999998 0.18613600000000002 0.206578 0.18861799999999998 0.20546899999999998 0.195246 0.219828 0.203536 0.22370299999999999 0.21512900000000001 0.22701600000000002 0.22590200000000002 0.21873399999999998 0.233349 0.211547 0.251569 0.22149999999999997 0.263162
50 0.581797 0.273115 0.586875 0.246464 0.5945 0.24267000000000002 0.583078 0.22552699999999998 0.5780000000000001 0.221733 0.575453 0.177963 0.562766 0.179859 0.547531 0.19128799999999999 0.547531 0.212225 0.556406 0.22744699999999998 0.5437190000000001 0.233138 0.532297 0.236956 0.524672 0.2674 0.52975 0.278806 0.583078 0.282623 0.581797 0.273115
50 1 0.150141 0.9956720000000001 0.143841 0.9925309999999999 0.141499 0.9857189999999999 0.132459 0.9833589999999999 0.130492 0.9789059999999999 0.129719 0.972094 0.128548 0.9697340000000001 0.112834 0.968953 0.109696 0.9679059999999999 0.107728 0.965812 0.103021 0.965031 0.101054 0.963719 0.09829040046838408 0.9616250000000001 0.09398129976580796 0.9605779999999999 0.09398129976580796 0.9532339999999999 0.09358310070257611 0.945641 0.100258 0.942234 0.108899 0.942234 0.116768 0.94275 0.124614 0.94275 0.12695599999999999 0.9459059999999999 0.13325499999999998 0.9482659999999999 0.138735 0.947734 0.145035 0.9448589999999999 0.14660399999999998 0.9417030000000001 0.15051499999999998 0.9414529999999999 0.151311 0.938297 0.174871 0.9369999999999999 0.192155 0.9356880000000001 0.20824399999999998 0.9621409999999999 0.20904 0.9679059999999999 0.20864200000000002 0.9757659999999999 0.20904 0.9807499999999999 0.21217799999999998 0.983625 0.21374700000000002 0.991484 0.21374700000000002 0.995156 0.21100699999999997 0.995156 0.205504 1 0.20274 1 0.150141
50 0.9416249999999999 0.43023399999999995 0.9291410000000001 0.429602 0.9239689999999999 0.43346599999999996 0.9213910000000001 0.438618 0.9213910000000001 0.451522 0.920094 0.46379400000000004 0.921828 0.47798599999999997 0.920094 0.47798599999999997 0.902016 0.48831399999999997 0.908469 0.512787 0.908047 0.56829 0.908469 0.579274 0.9153589999999999 0.5837939999999999 0.9162190000000001 0.590234 0.917953 0.603138 0.917953 0.623794 0.9287190000000001 0.6289459999999999 0.9455 0.627026 0.950234 0.61733 0.9747809999999999 0.587049 0.9833909999999999 0.570281 0.982969 0.536721 0.981234 0.520585 0.976078 0.49800900000000003 0.96875 0.48960200000000004 0.95325 0.476698 0.952828 0.471546 0.952828 0.463162 0.954547 0.454754 0.950234 0.43475400000000003 0.9416249999999999 0.43023399999999995
22 0.929937 0.29295099999999996 0.93725 0.300047 0.9510310000000001 0.300047 0.9587809999999999 0.290375 0.978156 0.287775 0.9828910000000001 0.254871 0.969547 0.252295 0.950172 0.252295 0.935094 0.255527 0.929937 0.29295099999999996
22 0.982437 0.21168599999999999 0.976828 0.20957800000000001 0.964203 0.20957800000000001 0.943609 0.20957800000000001 0.9333130000000001 0.20957800000000001 0.928172 0.24814999999999998 0.948281 0.25096 0.9772970000000001 0.246745 0.9791719999999999 0.24255300000000002 0.98525 0.216604 0.982437 0.21168599999999999
22 0.919797 0.204239 0.889297 0.20365299999999997 0.881766 0.205433 0.875812 0.238103 0.8750310000000001 0.244028 0.880969 0.245222 0.8976089999999999 0.24224800000000002 0.907516 0.238689 0.926141 0.23927400000000001 0.931688 0.20899299999999998 0.919797 0.204239
22 0.792422 0.291077 0.841516 0.29625300000000004 0.850125 0.289157 0.8720779999999999 0.280749 0.8768119999999999 0.24784499999999998 0.852703 0.240094 0.822563 0.24074900000000002 0.818266 0.27430899999999997 0.794578 0.275597 0.788984 0.291077 0.792422 0.291077
22 0.874422 0.24709599999999998 0.8774219999999999 0.205152 0.8266249999999999 0.20257599999999998 0.8253280000000001 0.238712 0.848578 0.23936800000000003 0.874422 0.24709599999999998
22 0.713453 0.260281 0.712156 0.274941 0.701703 0.27201400000000003 0.69975 0.279836 0.694531 0.28571399999999997 0.7349840000000001 0.290609 0.7421719999999999 0.286698 0.746078 0.278876 0.766312 0.269087 0.771531 0.241686 0.722594 0.23681500000000003 0.716719 0.263208 0.713453 0.260281
50 0.16506300000000002 0.26072599999999996 0.16475 0.246253 0.157281 0.228993 0.14668699999999998 0.227119 0.152609 0.21498799999999998 0.156031 0.198665 0.151359 0.18231899999999998 0.143266 0.171593 0.13206199999999998 0.172998 0.124891 0.178126 0.120219 0.186534 0.116797 0.200984 0.116484 0.21452000000000002 0.123031 0.21964899999999998 0.122719 0.22665100000000002 0.11835899999999999 0.224801 0.110578 0.231335 0.10403100000000001 0.236464 0.0918906 0.260258 0.16506300000000002 0.26072599999999996
22 0.755797 0.290375 0.780125 0.292974 0.790547 0.272131 0.8131410000000001 0.24089 0.7766409999999999 0.243489 0.7714369999999999 0.272131 0.755797 0.290375
22 0.9992190000000001 0.30433299999999996 1 0.25435599999999997 0.987125 0.25311500000000003 0.980469 0.28840699999999997 0.957344 0.29058500000000004 0.9564999999999999 0.301194 0.9992190000000001 0.30433299999999996
22 1 0.21548 0.988609 0.21175599999999997 0.9826409999999999 0.21548 0.978172 0.24829 0.9826409999999999 0.255012 0.9851409999999999 0.250539 1 0.255761 1 0.21548
50 0.885078 0.171874 0.8875779999999999 0.166417 0.901891 0.145972 0.9068910000000001 0.139859 0.915531 0.139859 0.924391 0.151429 0.928031 0.13815 0.924156 0.12555 0.9025779999999999 0.10852499999999998 0.902797 0.103396 0.909844 0.0942155 0.9096249999999999 0.0802342 0.906672 0.071733 0.901219 0.0642389 0.891437 0.0622014 0.882125 0.0638876 0.8778120000000001 0.0802342 0.878937 0.0938642 0.882344 0.115995 0.8743909999999999 0.118384 0.8668910000000001 0.128618 0.858938 0.15007 0.858938 0.159953 0.868266 0.169133 0.882344 0.174239 0.885078 0.171874
50 0.847813 0.178665 0.8355309999999999 0.174239 0.8332659999999998 0.175269 0.8296249999999998 0.180726 0.8296249999999998 0.189227 0.830531 0.20489499999999997 0.875313 0.205246 0.875313 0.201499 0.863484 0.181054 0.855531 0.178665 0.847813 0.178665