50 0.277073 0.623609 0.277073 0.641422 0.280398 0.665922 0.287073 0.677063 0.30377 0.6859689999999999 0.320468 0.6859689999999999 0.340492 0.6859689999999999 0.340492 0.6837340000000001 0.340492 0.670375 0.340492 0.65925 0.340492 0.648109 0.350515 0.625828 0.35719 0.619156 0.397237 0.614703 0.40726 0.608016 0.40726 0.605797 0.42728299999999997 0.58575 0.42728299999999997 0.581297 0.443981 0.5746089999999999 0.47067899999999996 0.572391 0.510726 0.576844 0.534098 0.583516 0.550796 0.599109 0.554122 0.6325160000000001 0.550796 0.6570159999999999 0.554122 0.6570159999999999 0.564145 0.6570159999999999 0.604215 0.6570159999999999 0.640913 0.6570159999999999 0.6910069999999999 0.65925 0.714356 0.663703 0.7444029999999999 0.668156 0.7577520000000001 0.677063 0.777799 0.692656 0.801148 0.712688 0.82452 0.732734 0.841218 0.750563 0.8879389999999999 0.795094 0.8879389999999999 0.792875 0.8879389999999999 0.772828 0.8812650000000001 0.766141 0.8812650000000001 0.7527809999999999 0.891288 0.737187 0.907986 0.7305159999999999 0.921335 0.743875 0.9346840000000001 0.7305159999999999 0.97808 0.692656 0.991429 0.679281 0.991429 0.663703 0.981405 0.619156 0.981405 0.590203 0.981405 0.572391 0.981405 0.541203 0.9747309999999999 0.525609 0.961382 0.505563 0.961382 0.49665600000000004 0.958056 0.47439099999999995 0.9413579999999999 0.44989100000000004 0.921335 0.429844 0.877939 0.39420299999999997 0.871265 0.391984 0.907986 0.36748400000000003 0.928009 0.338531 0.928009 0.307344 0.928009 0.265031 0.911311 0.224938 0.844543 0.20490599999999998 0.777799 0.1715 0.7110299999999999 0.149219 0.647611 0.155906 0.564145 0.180406 0.534098 0.23162500000000003 0.520749 0.296219 0.484028 0.296219 0.46065599999999995 0.327391 0.437307 0.35412499999999997 0.45398099999999997 0.429844 0.2904237985948478 0.5879672625000001 0.277073 0.596875 0.277073 0.61025 0.277073 0.623609
50 0.060117100702576115 0 0.092904 0.0139375 0.10779899999999999 0.0218906 0.09587819906323185 0.0576719 0.10185 0.0775625 0.06309129976580796 0.0994219 0.05714289929742389 0.12526600000000002 0.06309129976580796 0.176953 0.10185 0.244547 0.11077300000000001 0.28829699999999997 0.116745 0.343953 0.10779899999999999 0.37179700000000004 0.10779899999999999 0.431438 0.11077300000000001 0.477156 0.07800940046838407 0.606391 0.05416859953161593 0.622281 0.07501170023419203 0.630234 0.116745 0.622281 0.170375 0.608375 0.17334899999999998 0.5865 0.176323 0.536797 0.200164 0.465234 0.20613599999999999 0.45329699999999995 0.215082 0.391672 0.218056 0.391672 0.244871 0.447344 0.244871 0.503 0.244871 0.554688 0.25082 0.614328 0.289555 0.588484 0.35810299999999995 0.503 0.43260000000000004 0.43342200000000003 0.426628 0.351906 0.426628 0.343953 0.426628 0.341969 0.447494 0.306188 0.513044 0.2545 0.521991 0.232625 0.527939 0.188891 0.572646 0.176953 0.5756209999999999 0.143156 0.578595 0.12526600000000002 0.578595 0.107375 0.554778 0.0696094 0.539859 0.047734399999999996 0.533911 0.04575 0.453443 0.0318281 0.414707 0.00796875 0.393864 0.0059843796875 0.283607 0.0020156296875 0.22103 0 0.060117100702576115 0
50 0.856464 0.147328 0.799297 0.14243699999999998 0.768501 0.141453 0.756768 0.06809370000000001 0.725995 0.032875 0.671733 0.022125 0.621897 0.039734399999999996 0.5955039999999999 0.0798281 0.6072369999999999 0.114062 0.651218 0.140484 0.651218 0.153188 0.727681 0.15185900000000002 0.909274 0.22925 0.893115 0.17862499999999998 0.856464 0.147328
36 0.26126499999999997 0.27646899999999996 0.255129 0.313312 0.263302 0.346047 0.271499 0.362422 0.279672 0.298297 0.302155 0.235547 0.334871 0.153688 0.33897000000000005 0.13868799999999998 0.31442600000000004 0.115484 0.277635 0.230078 0.26126499999999997 0.27646899999999996
13 0.880234 0.9685159999999999 0.8772599999999999 0.996406 0.9996959999999999 0.992422 0.996698 0.791203 0.98178 0.783234 0.97281 0.775266 0.9668380000000001 0.751359 0.9668380000000001 0.747375 0.945948 0.731437 0.907119 0.725453 0.889204 0.739406 0.898173 0.793187 0.880234 0.819094 0.8772599999999999 0.9744999999999999 0.880234 0.9685159999999999
1 0.391546 0.6962659999999999 0.456323 0.7065159999999999 0.48269300000000004 0.6904060000000001 0.47171 0.658156 0.424473 0.614922 0.402506 0.62225 0.356393 0.625922 0.34430900000000003 0.639844 0.341007 0.680141 0.359696 0.708719 0.391546 0.6962659999999999
1 0.45808 0.79775 0.50185 0.7820159999999999 0.488384 0.741578 0.46480099999999996 0.719094 0.42103 0.6988749999999999 0.370492 0.710109 0.34356 0.728094 0.316604 0.750563 0.319977 0.775281 0.346909 0.7955 0.397447 0.8045 0.471546 0.8 0.45808 0.79775
1 0 1 0.02292740046838407 0.995719 0.08597189929742388 0.966375 0.17833700000000002 0.945828 0.206183 0.9556089999999999 0.187143 0.892031 0.121171 0.878344 0.05079629976580796 0.8812810000000001 0 0.911594 0 0.954641 0 1
1 0.360398 0.90075 0.35702599999999995 0.887266 0.35702599999999995 0.862547 0.36377 0.849062 0.377237 0.831094 0.390703 0.8063589999999999 0.35702599999999995 0.797375 0.323349 0.8018750000000001 0.29302100000000003 0.817609 0.27281 0.837828 0.255972 0.867047 0.269461 0.891766 0.282927 0.90525 0.299766 0.925469 0.340187 0.9232189999999999 0.35702599999999995 0.911984 0.380609 0.891766 0.360398 0.90075
1 0.282342 1 0.242763 0.972297 0.21637 0.961547 0.17971900000000002 0.9478440000000001 0.18267 0.9527340000000001 0.09615929976580796 0.966437 0.028711899297423887 0.984047 0.01700229976580796 1 0.282342 1
47 0.474543 0.712406 0.510562 0.764594 0.529063 0.778609 0.59096 0.782484 0.613208 0.784422 0.6344960000000001 0.783141 0.6654329999999999 0.769578 0.693489 0.746344 0.695433 0.727641 0.6799529999999999 0.707625 0.659625 0.6863279999999999 0.629649 0.6631090000000001 0.593864 0.657297 0.574754 0.660562 0.513396 0.676937 0.474543 0.712406
47 0.570703 0.8796250000000001 0.568899 0.894078 0.572506 0.8964840000000001 0.624848 0.888062 0.644707 0.872406 0.628454 0.8531409999999999 0.641101 0.8266410000000001 0.6465110000000001 0.813391 0.599578 0.786906 0.520164 0.7796719999999999 0.478642 0.801359 0.570703 0.8796250000000001
47 0.664801 0.814063 0.691475 0.791828 0.7181500000000001 0.7769999999999999 0.820375 0.763656 0.8225760000000001 0.762172 0.809251 0.7488279999999999 0.775925 0.741422 0.7337 0.742891 0.6959249999999999 0.750312 0.6892510000000001 0.75475 0.664801 0.7680939999999999 0.651475 0.785891 0.651475 0.819984 0.664801 0.814063
47 0.357541 1 0.59466 0.998016 0.597143 0.989719 0.59466 0.9632189999999999 0.574778 0.925953 0.5425059999999999 0.893656 0.476721 0.873766 0.41428600000000004 0.883703 0.380609 0.899438 0.32672100000000004 0.9646089999999999 0.32672100000000004 0.991578 0.321546 1 0.357541 1
47 0.738946 1 0.744824 0.9928440000000001 0.7565339999999999 0.9820779999999999 0.760937 0.9615309999999999 0.7506790000000001 0.938063 0.736019 0.9136089999999999 0.6803039999999999 0.8901410000000001 0.6348480000000001 0.8891560000000001 0.596745 0.8960000000000001 0.564496 0.909703 0.567424 0.909703 0.577681 0.9185000000000001 0.5806089999999999 0.932188 0.589415 0.9537190000000001 0.601148 0.981109 0.615808 0.9967499999999999 0.6700470000000001 1 0.738946 1
47 0.14733000000000002 0.748672 0.134684 0.785937 0.14534 0.8094530000000001 0.189883 0.813016 0.233794 0.836078 0.26171 0.8427339999999999 0.276347 0.8258749999999999 0.316909 0.800578 0.324895 0.788609 0.322904 0.770859 0.31159299999999995 0.741125 0.299625 0.729594 0.259719 0.715828 0.233794 0.715391 0.18192 0.724703 0.14733000000000002 0.748672
47 0.045152199063231854 0.863141 0.038524599531615925 0.8911720000000001 0.054004700234192037 0.8897030000000001 0.135855 0.880844 0.180094 0.8911720000000001 0.188946 0.9147970000000001 0.197799 0.944312 0.233208 0.936937 0.25754099999999996 0.9207029999999999 0.25311500000000003 0.851328 0.195597 0.817375 0.131429 0.8114839999999999 0.06728340046838407 0.846906 0.045152199063231854 0.863141
47 0.418244 0.621891 0.426909 0.625344 0.45288100000000003 0.640359 0.465012 0.651922 0.477119 0.668094 0.487518 0.668094 0.501358 0.664625 0.520398 0.658844 0.5394610000000001 0.647297 0.5429269999999999 0.627656 0.5429269999999999 0.603406 0.520398 0.587234 0.484052 0.5826089999999999 0.43904 0.5849219999999999 0.42171 0.596469 0.409602 0.616109 0.418244 0.621891
47 0.646206 0.68075 0.660047 0.691141 0.680843 0.707313 0.6877519999999999 0.725797 0.6964170000000001 0.741969 0.69815 0.746594 0.763934 0.739672 0.7726 0.726953 0.762201 0.694609 0.7327870000000001 0.673813 0.684286 0.664578 0.646206 0.664578 0.646206 0.68075
47 0.100726 0.717641 0.128782 0.715047 0.149087 0.733125 0.16648700000000002 0.731187 0.190679 0.718281 0.219696 0.700203 0.22452 0.680203 0.214848 0.647297 0.190679 0.631797 0.142319 0.619547 0.10363000000000001 0.625344 0.0717096 0.643422 0.07613951074237076 0.660642820375559 0.0891101 0.675687 0.08811204625308731 0.6826303873450855 0.0881499 0.682781 0.08789301405061843 0.6841541784510184 0.0842857 0.70925 0.08240093100410037 0.7109898305733414 0.0804215 0.718922 0.0813817 0.724094 0.100726 0.717641
47 0.0707494 0.654391 0.0571897 0.644062 0.0610773 0.647938 0.0397892 0.633734 0.0136768 0.624703 0.000140515 0.622125 0 0.739578 0.0426932 0.726016 0.0717096 0.720859 0.08240093100410037 0.7109898305733414 0.0842857 0.703437 0.08789301405061843 0.6841541784510184 0.08811204625308731 0.6826303873450855 0.08620610000000001 0.675047 0.0775176 0.666 0.07613951074237076 0.660642820375559 0.0707494 0.654391
50 0.006744730679156909 0.3955 0.104403 0.523594 0.117892 0.460672 0.03367680093676815 0.32584399999999997 0.050515199063231854 0.260672 0.0033723700234192036 0.17078100000000002 0.006744730679156909 0.3955
47 0.7483609999999999 0.919797 0.79993 0.916109 0.8570260000000001 0.854688 0.8570260000000001 0.8374840000000001 0.8441219999999999 0.815359 0.831241 0.79325 0.798103 0.771125 0.73363 0.768672 0.693115 0.785875 0.667354 0.816594 0.6360420000000001 0.83625 0.645246 0.8669689999999999 0.6728569999999999 0.8890779999999999 0.7483609999999999 0.916109 0.7483609999999999 0.919797
1 0.558806 0.840266 0.487518 0.807672 0.439977 0.8085470000000001 0.403021 0.8208909999999999 0.381897 0.847312 0.375293 0.892234 0.442623 0.871094 0.494122 0.873734 0.553536 0.9010469999999999 0.572014 0.883422 0.558806 0.840266