53 0.7847500000000001 0.776503 0.791031 0.747416 0.809859 0.731759 0.8177030000000001 0.716102 0.8899060000000001 0.727283 0.911875 0.763073 0.932281 0.785457 0.95425 0.720579 0.9730779999999999 0.716102 0.9934839999999999 0.26196 0.965234 0.255256 0.8459530000000001 0.24852999999999997 0.789453 0.25748299999999996 0.783172 0.277617 0.765906 0.774276 0.7847500000000001 0.776503
22 0.535656 0.9876170000000001 0.848516 0.9876170000000001 0.854828 0.951581 0.888016 0.8412249999999999 0.8911720000000001 0.798419 0.888016 0.780401 0.864312 0.7826500000000001 0.771094 0.825457 0.761609 0.820935 0.728422 0.79167 0.644672 0.742116 0.5577810000000001 0.753385 0.489828 0.787171 0.477187 0.845724 0.530906 0.9448110000000001 0.530906 0.989866 0.535656 0.9876170000000001
14 0.460531 0.5074609999999999 0.46414099999999997 0.517728 0.472703 0.538931 0.475406 0.545345 0.48757799999999996 0.5504899999999999 0.5092030000000001 0.549844 0.527234 0.5408689999999999 0.529938 0.5312250000000001 0.532188 0.516437 0.537156 0.508731 0.535344 0.49973300000000004 0.522734 0.49267299999999997 0.49073399999999995 0.492027 0.467734 0.497817 0.46143799999999996 0.506169 0.460531 0.5074609999999999
58 0.5850310000000001 0.46461 0.590109 0.493987 0.611313 0.502539 0.6653749999999999 0.5114920000000001 0.671047 0.517884 0.699422 0.498708 0.711375 0.482539 0.713469 0.46592399999999995 0.737359 0.447617 0.734672 0.38861900000000005 0.724219 0.373719 0.6414839999999999 0.368196 0.634609 0.369889 0.636406 0.42694899999999997 0.635203 0.428842 0.5889059999999999 0.453118 0.5850310000000001 0.46461
1 0.971406 0.200134 0.9727499999999999 0.190624 0.9684060000000001 0.189911 0.9619059999999999 0.188018 0.957891 0.190401 0.951219 0.19514499999999999 0.9470470000000001 0.20109100000000002 0.945547 0.206793 0.9457190000000001 0.211091 0.9482189999999999 0.214187 0.956734 0.2149 0.9670780000000001 0.210379 0.971406 0.200134
1 0.950531 0.19554600000000003 0.961875 0.187706 0.961375 0.185323 0.9587030000000001 0.180802 0.9548590000000001 0.178664 0.949859 0.180802 0.943187 0.186748 0.940344 0.19198199999999999 0.941516 0.198174 0.946359 0.202695 0.950531 0.19554600000000003
48 0.271781 0.5743210000000001 0.255969 0.5630729999999999 0.252812 0.542784 0.267031 0.531537 0.265453 0.430178 0.033187499999999995 0.47973299999999997 0.0584687 0.6824279999999999 0.0742656 0.67343 0.274938 0.599109 0.271781 0.5743210000000001
13 0.38925 0.39873099999999995 0.392219 0.39222700000000005 0.400875 0.39028999999999997 0.40064099999999997 0.37665899999999997 0.398828 0.37307300000000004 0.397688 0.365947 0.393359 0.36334099999999997 0.389703 0.363987 0.384922 0.365947 0.38537499999999997 0.372116 0.386063 0.373719 0.383328 0.37893099999999996 0.382641 0.37893099999999996 0.382422 0.40002200000000004 0.38925 0.39873099999999995
13 0.43867200000000006 0.447951 0.44037499999999996 0.508753 0.45060900000000004 0.528196 0.46540600000000004 0.527394 0.46482799999999996 0.5136080000000001 0.460859 0.508753 0.46710900000000005 0.501448 0.478484 0.496592 0.486437 0.494165 0.486437 0.444699 0.47962499999999997 0.42525599999999997 0.479047 0.40824099999999997 0.456875 0.404187 0.44435900000000006 0.413898 0.446063 0.426058 0.43867200000000006 0.447951
13 0.418156 0.32113600000000003 0.418156 0.33456600000000003 0.424437 0.33681500000000003 0.42339099999999996 0.32113600000000003 0.418156 0.32113600000000003
27 0.5092190000000001 1 0.505766 0.907038 0.485016 0.8454569999999999 0.47896900000000003 0.831915 0.48415600000000003 0.8035629999999999 0.502313 0.7851 0.505766 0.705033 0.5895940000000001 0.645902 0.5895940000000001 0.749376 0.618109 0.745679 0.618969 0.5929180000000001 0.642312 0.557194 0.6371249999999999 0.54735 0.530828 0.51902 0.524781 0.54118 0.515266 0.5485749999999999 0.490203 0.54735 0.470328 0.538731 0.46082799999999996 0.533808 0.451312 0.520245 0.439219 0.495612 0.413297 0.485746 0.360578 0.49931 0.36489099999999997 0.515323 0.361437 0.533808 0.345016 0.5448780000000001 0.303531 0.552272 0.277609 0.527639 0.256 0.535033 0.250812 0.552272 0.273281 0.5781510000000001 0.271563 0.644655 0.281922 0.8528509999999999 0.294891 0.8873270000000001 0.293172 0.844232 0.291438 0.791247 0.30698400000000003 0.774009 0.296625 0.636036 0.32254700000000003 0.644655 0.398594 0.684076 0.404641 0.788797 0.42625 0.7851 0.42193800000000004 0.695167 0.470328 0.7222719999999999 0.476375 1 0.5092190000000001 1
1 0.9454840000000001 0.207171 0.9460470000000001 0.203653 0.943844 0.20247199999999999 0.940953 0.19561199999999998 0.93875 0.19265 0.936969 0.192272 0.934766 0.19443200000000002 0.9332499999999999 0.198552 0.9327030000000001 0.207171 0.93875 0.210111 0.9457660000000001 0.20913099999999998 0.9454840000000001 0.207171
1 0.908656 0.213831 0.916828 0.212071 0.925734 0.209955 0.929703 0.20853 0.930188 0.204298 0.9289529999999999 0.200067 0.9247500000000001 0.196548 0.9205310000000001 0.19443200000000002 0.916828 0.194076 0.909891 0.196548 0.905438 0.203252 0.9047029999999999 0.207127 0.9047029999999999 0.21276199999999998 0.908656 0.213831
1 0.8971880000000001 0.21147 0.902016 0.21147 0.9040940000000001 0.205568 0.909266 0.194744 0.9140940000000001 0.192272 0.919281 0.190802 0.923078 0.193252 0.926187 0.19425399999999998 0.927562 0.19031199999999998 0.9279059999999999 0.188842 0.927562 0.18441 0.926187 0.181448 0.921344 0.17899800000000002 0.914781 0.180468 0.910984 0.182918 0.9054690000000001 0.18982200000000002 0.902703 0.193252 0.899938 0.19670400000000002 0.897875 0.20113599999999998 0.895453 0.202606 0.893734 0.204098 0.891313 0.207528 0.892 0.21147 0.8964840000000001 0.21294000000000002 0.8971880000000001 0.21147