76 0.784609 0.340604 0.778031 0.61975 1 0.672312 0.997719 0.666063 1 0.30931200000000003 0.784609 0.340604
24 0.334687 1 0.332109 0.991271 0.325 0.970604 0.329531 0.95425 0.332109 0.936146 0.329531 0.932708 0.310797 0.9344370000000001 0.306922 0.930979 0.291406 0.899104 0.277844 0.871542 0.275906 0.836229 0.277203 0.798333 0.277203 0.778521 0.268156 0.774208 0.246188 0.778521 0.24554700000000002 0.768188 0.24748399999999998 0.7363130000000001 0.24360900000000002 0.732 0.23585899999999999 0.733729 0.23326600000000003 0.741479 0.217125 0.743208 0.207422 0.748375 0.201609 0.756979 0.151609 0.737625 0.150578 0.737187 0.148641 0.874125 0.148 0.878437 0.125375 0.889646 0.10406200000000002 0.893083 0.0704687 0.894813 0.0698281 0.998167 0.122156 0.999042 0.334687 1
12 0.673141 0.581937 0.676813 0.581937 0.676297 0.530271 0.671047 0.5309579999999999 0.673141 0.581937
12 0.7315780000000001 0.591313 0.734422 0.591313 0.733859 0.535937 0.731016 0.535167 0.7315780000000001 0.591313
78 0.363266 0.666979 0.36442199999999997 0.682917 0.376 0.68525 0.39414099999999996 0.6821459999999999 0.39510900000000004 0.648708 0.399547 0.644583 0.398781 0.6312080000000001 0.39125 0.626833 0.390281 0.620917 0.393562 0.614479 0.399156 0.6088129999999999 0.390672 0.608042 0.379672 0.608042 0.37292200000000003 0.607271 0.365 0.6070209999999999 0.366938 0.6106250000000001 0.37271899999999997 0.618333 0.37292200000000003 0.620146 0.365578 0.6276039999999999 0.364031 0.6391880000000001 0.363266 0.666979
78 0.729078 0.522458 0.733641 0.523208 0.735938 0.520917 0.7365 0.517104 0.737078 0.505687 0.739359 0.498812 0.746797 0.497292 0.751938 0.493479 0.752516 0.485104 0.750797 0.485875 0.746219 0.47825 0.7405 0.46910399999999997 0.735359 0.463 0.733641 0.46225 0.731359 0.466812 0.727938 0.473667 0.726781 0.47672899999999996 0.7193590000000001 0.484333 0.7159220000000001 0.49425 0.7153590000000001 0.500354 0.7153590000000001 0.507208 0.7153590000000001 0.514062 0.718219 0.517104 0.722781 0.519396 0.729078 0.522458
27 0.37560899999999997 0.6723960000000001 0.37707799999999997 0.665542 0.366797 0.654792 0.326453 0.6557499999999999 0.26923400000000003 0.6645629999999999 0.258969 0.681188 0.266297 0.698792 0.319859 0.7085830000000001 0.322047 0.7203130000000001 0.281703 0.856271 0.292703 0.861167 0.330859 0.76825 0.352125 0.7261869999999999 0.371937 0.7281460000000001 0.360938 0.905188 0.371203 0.905188 0.383672 0.727167 0.385875 0.7301040000000001 0.385141 0.834771 0.394687 0.834771 0.39175 0.7281460000000001 0.414484 0.727167 0.470969 0.8729169999999999 0.483453 0.8699790000000001 0.442359 0.721292 0.451172 0.707604 0.49298400000000003 0.6978120000000001 0.502516 0.682167 0.483453 0.6684789999999999 0.424031 0.6557499999999999 0.39981300000000003 0.6479370000000001 0.386609 0.6675 0.387344 0.6733750000000001 0.394687 0.683146 0.369734 0.681188 0.37560899999999997 0.6723960000000001
54 0.456641 0.9228120000000001 0.455281 0.9321870000000001 0.465562 0.936146 0.48285900000000004 0.9318329999999999 0.500172 0.933271 0.5145 0.929667 0.517469 0.9195620000000001 0.49584400000000006 0.914875 0.462313 0.9184789999999999 0.456641 0.9228120000000001
12 0.6648590000000001 0.8416250000000001 0.662578 0.792021 0.658016 0.790563 0.658703 0.844042 0.6648590000000001 0.8416250000000001
12 0.725594 0.590771 0.7305159999999999 0.592146 0.7305159999999999 0.5378539999999999 0.725328 0.536813 0.725594 0.590771
12 0.709016 0.5964170000000001 0.667297 0.587479 0.655891 0.586167 0.657875 0.6391249999999999 0.707516 0.654667 0.709016 0.5964170000000001
12 0.682094 0.741604 0.685016 0.7358750000000001 0.683203 0.7308749999999999 0.677781 0.73475 0.677516 0.7892499999999999 0.682234 0.792958 0.682094 0.741604
12 0.696156 0.805854 0.688172 0.8064169999999999 0.686703 0.86275 0.695312 0.869771 0.700359 0.8633120000000001 0.704141 0.812313 0.696156 0.805854
12 0.700641 0.586542 0.703297 0.527833 0.6956249999999999 0.5291669999999999 0.6966249999999999 0.5861040000000001 0.700641 0.586542
12 0.68575 0.712875 0.6889529999999999 0.714396 0.6896410000000001 0.664333 0.685281 0.663417 0.68575 0.712875
12 0.704844 0.733313 0.654516 0.719062 0.6500619999999999 0.776062 0.703062 0.806354 0.704844 0.733313
12 0.686844 0.8570620000000001 0.6876249999999999 0.840438 0.688406 0.806125 0.688406 0.8005829999999999 0.675141 0.806125 0.674875 0.8088960000000001 0.685547 0.857417 0.686844 0.8570620000000001
12 0.750656 0.669375 0.752625 0.631667 0.75275 0.6287079999999999 0.751891 0.627396 0.750656 0.629208 0.749563 0.6692079999999999 0.750656 0.669375
12 0.756234 0.538062 0.749375 0.5368539999999999 0.749375 0.539896 0.749375 0.598333 0.754172 0.6007709999999999 0.756234 0.538062