13 0.0201255 0.429453 0.029393299163179915 0.430281 0.047949799163179915 0.427828 0.0577615 0.4205 0.051213399581589956 0.392781 0.047949799163179915 0.373641 0.037573200836820086 0.362641 0.030481200836820085 0.338187 0.03213389958158996 0.327188 0.027217600418410044 0.323516 0.019037700836820083 0.32067199999999996 0.0059414205020920504 0.322297 0.004853560669456067 0.325969 0.007573219665271967 0.33370299999999997 0.008117150627615062 0.34429699999999996 0.008661089958158995 0.361016 0.004853560669456067 0.373234 0.0059414205020920504 0.391969 0.015209200836820085 0.42823399999999995 0.0201255 0.429453
13 0.10305399999999999 0.420453 0.102092 0.4035 0.09872379916317991 0.391609 0.09340999999999999 0.390891 0.0938912008368201 0.38440599999999997 0.09100420083682009 0.378266 0.08085770083682008 0.37754699999999997 0.07506279916317991 0.37971900000000003 0.07458160041841004 0.388719 0.07506279916317991 0.389094 0.06782429916317992 0.39449999999999996 0.07071129916317992 0.423703 0.08953970083682009 0.423703 0.10305399999999999 0.420453
22 0.024121299163179916 0.9977499999999999 0.708661 1 0.678494 0.9763439999999999 0.6031169999999999 0.9155469999999999 0.509623 0.8840159999999999 0.367908 0.8502190000000001 0.268389 0.8524839999999999 0.22617199999999998 0.859234 0.13569 0.895266 0.030146399581589958 0.989859 0.024121299163179916 0.9977499999999999
22 0.66795 0.9520310000000001 0.6890999999999999 0.985891 0.728389 0.988156 0.997385 0.988156 1 0.9565469999999999 0.9822799999999999 0.924938 0.939958 0.9136559999999999 0.834184 0.9136559999999999 0.722343 0.886562 0.6619039999999999 0.86625 0.592385 0.854969 0.48357700000000003 0.8572190000000001 0.5470499999999999 0.8978590000000001 0.66795 0.9520310000000001
22 0.864582 0.329594 0.879603 0.3565 0.93364 0.360984 0.9816739999999999 0.381172 0.996674 0.35875 0.996674 0.260094 1 0.210766 0.990669 0.201797 0.984665 0.257844 0.960649 0.260094 0.9006069999999999 0.253359 0.864582 0.27803100000000003 0.864582 0.329594
50 1 0.716703 0.978201 0.719437 0.9946649999999999 0.712594 0.9946649999999999 0.5444060000000001 0.992845 0.5047659999999999 0.996506 0.385797 0.956234 0.3735 0.8280749999999999 0.359828 0.789623 0.3735 0.771318 0.424094 0.694435 0.447328 0.692594 0.485609 0.6541629999999999 0.556719 0.6541629999999999 0.6032029999999999 0.6120500000000001 0.599109 0.524163 0.5553440000000001 0.46010500000000004 0.537578 0.394184 0.548516 0.326444 0.5649219999999999 0.302657 0.592266 0.26970700000000003 0.61825 0.240397 0.660641 0.289833 0.7016560000000001 0.326444 0.786438 0.324623 0.811047 0.350251 0.898547 0.425314 0.994266 0.94341 0.998375 0.969038 0.955984 1 0.913594 1 0.716703
50 0.28064900000000004 0.362359 0.287803 0.37410899999999997 0.299247 0.378375 0.337845 0.384781 0.37073199999999995 0.386922 0.42077400000000004 0.240125 0.39933100000000005 0.20703100000000002 0.356423 0.189938 0.32069 0.14829699999999998 0.269226 0.137625 0.25636000000000003 0.141891 0.247782 0.19528099999999998 0.23633900000000002 0.21023399999999998 0.21918400000000002 0.223047 0.204895 0.238 0.17629699999999998 0.266828 0.139121 0.293516 0.113389 0.31807799999999997 0.09910039958158996 0.365062 0.161987 0.368266 0.209184 0.34156200000000003 0.269226 0.358656 0.274937 0.37681200000000004 0.28064900000000004 0.362359
50 0.406381 0.263609 0.377803 0.341 0.367071 0.382359 0.374226 0.387703 0.388515 0.379703 0.409958 0.279625 0.461757 0.262281 0.5761090000000001 0.271625 0.62613 0.315656 0.622552 0.414391 0.635063 0.425063 0.633264 0.278297 0.568954 0.239594 0.572531 0.224922 0.5635979999999999 0.176891 0.536799 0.14353100000000002 0.483201 0.152875 0.458201 0.188891 0.474268 0.240937 0.420669 0.25560900000000003 0.406381 0.263609
26 0.27136 0.451203 0.28602500000000003 0.44992200000000004 0.300669 0.446063 0.30326400000000003 0.42739099999999997 0.304979 0.398406 0.29636 0.390031 0.26188300000000003 0.390031 0.24119200000000002 0.397125 0.233431 0.397125 0.223954 0.40098399999999995 0.223954 0.419656 0.236025 0.438328 0.254121 0.438328 0.257573 0.44928100000000004 0.27136 0.451203
62 0.212615 0.350938 0.20730099999999999 0.350938 0.203745 0.361547 0.20818 0.375156 0.214854 0.35459399999999996 0.212615 0.350938
62 0.20244800000000002 0.356922 0.20286600000000002 0.350203 0.197134 0.348375 0.19387 0.350516 0.193054 0.354484 0.193054 0.372188 0.195502 0.386531 0.203264 0.387141 0.203682 0.387141 0.206527 0.371875 0.20244800000000002 0.356922
26 0.352364 0.44432799999999995 0.360146 0.45401600000000003 0.3541 0.45465600000000006 0.35928899999999997 0.461109 0.38778199999999996 0.46175 0.40075299999999997 0.45917199999999997 0.399017 0.450781 0.389519 0.444984 0.398159 0.432078 0.393849 0.405609 0.392113 0.389484 0.37569 0.388828 0.351506 0.388828 0.33767800000000003 0.393344 0.339414 0.40303100000000003 0.338536 0.40109399999999995 0.342866 0.425625 0.352364 0.44432799999999995
26 0.169582 0.417516 0.174728 0.42518700000000004 0.18156899999999998 0.428172 0.187824 0.43710899999999997 0.182699 0.44349999999999995 0.19694599999999998 0.44434399999999996 0.22431 0.44009400000000004 0.222029 0.43284399999999995 0.221464 0.419219 0.22717600000000002 0.397937 0.22546 0.382188 0.217469 0.375797 0.21062799999999998 0.373672 0.208347 0.373672 0.186695 0.37324999999999997 0.16617200000000001 0.379625 0.163891 0.380906 0.154205 0.381766 0.161611 0.395391 0.169582 0.417516
52 0.155921 0.22768700000000003 0.169582 0.230234 0.171862 0.239594 0.193515 0.242141 0.202615 0.22343799999999997 0.215146 0.20812499999999998 0.225377 0.186859 0.227657 0.167297 0.2459 0.146875 0.21742699999999998 0.127312 0.17642300000000002 0.11710899999999999 0.15023 0.130719 0.135418 0.14432799999999998 0.136569 0.187703 0.149079 0.187703 0.14566900000000002 0.200469 0.15251 0.22682799999999997 0.155921 0.22768700000000003
50 0.33795 0.580781 0.360523 0.582656 0.406904 0.565813 0.41692500000000005 0.563 0.44324300000000005 0.553641 0.507176 0.564875 0.514707 0.575172 0.529749 0.593891 0.561067 0.611688 0.579874 0.61075 0.602448 0.61075 0.6325310000000001 0.621984 0.653828 0.612625 0.672636 0.607938 0.685167 0.600453 0.670126 0.5527029999999999 0.686423 0.5321089999999999 0.691444 0.516188 0.70272 0.5021410000000001 0.672636 0.48904699999999995 0.658849 0.480609 0.6300209999999999 0.469375 0.591151 0.453469 0.607448 0.430063 0.6224900000000001 0.40010899999999994 0.6375310000000001 0.347672 0.6287659999999999 0.314906 0.584895 0.274656 0.515941 0.260609 0.46581599999999995 0.258734 0.413159 0.279328 0.39686200000000005 0.301797 0.389351 0.340187 0.389351 0.374828 0.394372 0.38887499999999997 0.39311700000000005 0.39917199999999997 0.39060700000000004 0.417891 0.39937199999999995 0.432875 0.42069 0.45159399999999994 0.414414 0.458141 0.391862 0.466578 0.36552300000000004 0.500281 0.378075 0.52275 0.356757 0.5321089999999999 0.34422600000000003 0.5461560000000001 0.34046 0.5527029999999999 0.330439 0.560187 0.330439 0.568625 0.33795 0.580781
13 0.0682845 0.418891 0.06905860041841004 0.39281299999999997 0.06905860041841004 0.382953 0.06983260041841005 0.373094 0.05043929916317992 0.369047 0.04966529916317992 0.384687 0.05740589958158996 0.420047 0.0682845 0.418891
14 0.6835979999999999 0.46409399999999995 0.6796439999999999 0.45031299999999996 0.6598740000000001 0.436047 0.619017 0.431609 0.6341629999999999 0.469016 0.661841 0.47984400000000005 0.6835979999999999 0.46409399999999995
22 0.003054389121338912 0.878406 0.0251255 0.873594 0.09495820083682008 0.8434060000000001 0.24659 0.7445630000000001 0.250272 0.727406 0.23280299999999998 0.7033750000000001 0.13907899999999998 0.675922 0.004895399581589958 0.644344 0.003054389121338912 0.878406
22 0.366527 0.235359 0.376213 0.261687 0.39694599999999997 0.284406 0.40384899999999996 0.27149999999999996 0.411464 0.237953 0.40937199999999996 0.233812 0.374812 0.231234 0.366527 0.235359
27 0.0034727991631799166 0.540266 0.31646399999999997 0.5792189999999999 0.351255 0.535062 0.006945610878661088 0.501297 0.0034727991631799166 0.540266
52 0.375649 0.12987500000000002 0.378933 0.142672 0.457343 0.14857800000000002 0.46196699999999996 0.140703 0.47382799999999997 0.134297 0.477782 0.12346900000000001 0.471841 0.114125 0.464603 0.108219 0.466569 0.103297 0.45997899999999997 0.0919844 0.44682 0.08509370000000001 0.429017 0.0791875 0.416506 0.0708125 0.406611 0.0732812 0.404644 0.0880469 0.398054 0.09789060000000001 0.386192 0.102813 0.37828500000000004 0.0939531 0.364456 0.100844 0.35127600000000003 0.111172 0.34864 0.12346900000000001 0.35983299999999996 0.12790600000000002 0.37631800000000004 0.128391 0.375649 0.12987500000000002
52 0.0451255 0.294734 0.0451255 0.291938 0.03887029916317992 0.267578 0.036045999999999995 0.24306299999999997 0.04753139958158996 0.22845300000000002 0.0564435 0.211281 0.07008370083682008 0.20109400000000002 0.05481170083682008 0.191719 0.045000000000000005 0.179906 0.023702899581589956 0.168484 0.000794979079497908 0.167672 0 0.17093799999999998 0.0018828493723849371 0.30581200000000003 0 0.30971899999999997 0.028849399581589958 0.30971899999999997 0.0451255 0.294734