76 0.418203 0.455667 0.411313 0.546393 0.456719 0.546393 0.559891 0.542272 0.565391 0.41854800000000003 0.420953 0.404122 0.418203 0.465972 0.418203 0.455667
22 0.569828 0.868244 0.574125 0.851077 0.587016 0.8360420000000001 0.597031 0.8317559999999999 0.612781 0.829625 0.619938 0.829625 0.628531 0.8360420000000001 0.635687 0.829625 0.627094 0.718033 0.45815599999999995 0.733044 0.45959399999999995 0.904731 0.569828 0.868244
24 0.917266 0.646909 0.918859 0.631358 0.898906 0.6062299999999999 0.886937 0.5942620000000001 0.869375 0.587096 0.861391 0.613419 0.855016 0.607424 0.852625 0.602646 0.8350630000000001 0.633747 0.827875 0.648103 0.823094 0.651686 0.797547 0.6361359999999999 0.760828 0.631358 0.752062 0.643326 0.748062 0.6540750000000001 0.7329060000000001 0.656487 0.725719 0.663653 0.724125 0.686393 0.789562 0.687588 0.794359 0.6983370000000001 0.8510160000000001 0.6983370000000001 0.8582029999999999 0.79644 0.890922 0.797635 0.917266 0.646909
27 0.457969 0.782834 0.465094 0.735761 0.626375 0.716511 0.632078 0.793536 0.696313 0.793536 0.703437 0.712225 0.7890780000000001 0.6994150000000001 0.784781 0.688712 0.7405470000000001 0.64808 0.704859 0.64808 0.703437 0.6737470000000001 0.674891 0.671593 0.673469 0.6566040000000001 0.557859 0.645925 0.43370300000000006 0.643794 0.355203 0.643794 0.330953 0.6994150000000001 0.33951600000000004 0.712225 0.352359 0.7100939999999999 0.352359 0.958244 0.37518799999999997 0.932576 0.372344 0.934707 0.38517199999999996 0.791382 0.457969 0.782834
50 0.8019999999999999 0.564145 0.796922 0.600585 0.806719 0.601663 0.8096249999999999 0.581546 0.811812 0.57829 0.811078 0.573396 0.811078 0.560867 0.811812 0.548899 0.8128909999999999 0.533138 0.823063 0.5059250000000001 0.815438 0.47002299999999997 0.803453 0.459696 0.803453 0.437939 0.799828 0.43522200000000005 0.79075 0.42976600000000004 0.786406 0.44719 0.786406 0.45534 0.786766 0.461874 0.776594 0.467307 0.773703 0.503747 0.772609 0.533138 0.768609 0.548361 0.769344 0.55815 0.8019999999999999 0.564145
22 0.8535470000000001 0.7037 0.8574529999999999 0.7956439999999999 0.8757339999999999 0.798571 0.874422 0.822061 0.8900780000000001 0.822061 0.8907339999999999 0.788806 0.907703 0.684145 0.918797 0.630351 0.9142340000000001 0.620562 0.8972659999999999 0.602951 0.892703 0.605878 0.8992340000000001 0.623607 0.895891 0.634356 0.888828 0.6812880000000001 0.878344 0.688056 0.8574529999999999 0.6811939999999999 0.8241720000000001 0.678267 0.8209060000000001 0.677283 0.825484 0.705667 0.8535470000000001 0.7037
22 0.231203 0.562412 0.228313 0.581265 0.226484 0.607166 0.225953 0.624052 0.228063 0.626417 0.23512499999999997 0.627588 0.265781 0.6319199999999999 0.274953 0.633888 0.277312 0.630726 0.280719 0.624848 0.2815 0.6193439999999999 0.284125 0.618571 0.293547 0.617002 0.298 0.614637 0.280453 0.6118969999999999 0.26604700000000003 0.603653 0.26237499999999997 0.6024590000000001 0.261859 0.596956 0.261328 0.585574 0.261328 0.567916 0.261328 0.557307 0.256875 0.554567 0.25504699999999997 0.551429 0.242203 0.54356 0.23224999999999998 0.54356 0.231203 0.562412
22 0.11131200000000001 0.949859 0.11131200000000001 1 0.259016 0.995621 0.235391 0.7993210000000001 0.225531 0.7993210000000001 0.218641 0.808173 0.210766 0.814075 0.190078 0.824403 0.17039100000000001 0.843607 0.151688 0.864262 0.141828 0.884918 0.11032800000000001 0.942482 0.11131200000000001 0.949859
22 0.705781 0.701405 0.694531 0.705012 0.6953280000000001 0.845902 0.702562 0.843489 0.721844 0.8314520000000001 0.764437 0.8025530000000001 0.790953 0.7965340000000001 0.8110310000000001 0.807377 0.833531 0.80377 0.847984 0.80377 0.8439690000000001 0.705012 0.795766 0.701405 0.713812 0.701405 0.705781 0.701405
22 0.999687 0.815878 0.999188 0.707541 0.9921559999999999 0.709789 0.9580310000000001 0.707541 0.9580310000000001 0.8174 0.999687 0.815878
1 0.14446900000000001 0.636183 0.158 0.6383610000000001 0.178781 0.6369090000000001 0.177563 0.626393 0.17321899999999998 0.621335 0.16717200000000002 0.620609 0.16548400000000002 0.6180800000000001 0.162594 0.6191570000000001 0.15775 0.615527 0.153406 0.6180800000000001 0.151234 0.621686 0.14857800000000002 0.620609 0.141578 0.613724 0.13481300000000002 0.61445 0.129969 0.621686 0.13070299999999999 0.6318269999999999 0.14446900000000001 0.636183
78 0.802281 1 0.8055160000000001 0.972927 0.8065939999999999 0.9423189999999999 0.801219 0.927822 0.792609 0.9471430000000001 0.777562 0.976159 0.770031 0.979368 0.754984 0.963255 0.749609 0.9471430000000001 0.7474689999999999 0.92459 0.728109 0.914918 0.721672 0.9342619999999999 0.7195159999999999 0.951991 0.715219 0.997096 0.729187 1 0.744234 1 0.766813 1 0.7797189999999999 1 0.791531 1 0.796906 1 0.802281 1
78 0.9992190000000001 1 0.9992190000000001 0.95904 0.9864219999999999 0.95459 0.977563 0.9486889999999999 0.971641 0.936885 0.9726250000000001 0.9250820000000001 0.971641 0.917705 0.9509690000000001 0.9147540000000001 0.957859 0.928033 0.9490000000000001 0.936885 0.933234 0.9250820000000001 0.9302809999999999 1 0.9992190000000001 1
14 0.137469 0.65089 0.155922 0.6564169999999999 0.17571900000000001 0.6564169999999999 0.182422 0.649883 0.188797 0.639836 0.192828 0.6322949999999999 0.192828 0.627752 0.182422 0.6302810000000001 0.17671900000000001 0.626745 0.17671900000000001 0.633302 0.175047 0.636815 0.16195299999999999 0.6388290000000001 0.155594 0.636815 0.150891 0.634801 0.14150000000000001 0.634309 0.13278099999999998 0.631288 0.11699999999999999 0.627752 0.127078 0.640328 0.137469 0.65089
12 0.592156 0.315761 0.594141 0.317377 0.594141 0.32142899999999996 0.593422 0.323044 0.619313 0.323583 0.621828 0.317635 0.620203 0.309836 0.612484 0.309836 0.6101409999999999 0.312529 0.602766 0.31171 0.598812 0.309836 0.593234 0.313607 0.592156 0.315761
78 0.292172 0.6865810000000001 0.284484 0.688033 0.28568699999999997 0.690539 0.28664100000000003 0.696323 0.28735900000000003 0.7060420000000001 0.286406 0.720117 0.284484 0.741007 0.28015599999999996 0.763021 0.27775 0.777073 0.274859 0.790047 0.269563 0.807002 0.265484 0.832225 0.26210900000000004 0.8433959999999999 0.260672 0.854941 0.25801599999999997 0.8697189999999999 0.2585 0.896768 0.258266 0.919836 0.26042200000000004 0.9306559999999999 0.267641 0.9367679999999999 0.283516 0.9400229999999999 0.291938 0.9400229999999999 0.298906 0.937869 0.306375 0.928852 0.308531 0.9111710000000001 0.30924999999999997 0.890632 0.305641 0.8628810000000001 0.30131199999999997 0.833677 0.29578099999999996 0.804473 0.292891 0.7803040000000001 0.294516 0.752763 0.296891 0.729016 0.298875 0.711194 0.302031 0.6898130000000001 0.299266 0.686862 0.293719 0.686862 0.292172 0.6865810000000001
78 0.355516 0.82192 0.336922 0.716604 0.33175 0.710398 0.33175 0.694918 0.340016 0.6654800000000001 0.338984 0.649977 0.322453 0.6515460000000001 0.320391 0.671663 0.327625 0.742927 0.329688 0.790937 0.31625000000000003 0.857564 0.310047 0.925714 0.332781 0.942763 0.355516 0.930351 0.355516 0.82192
12 0.322703 0.525597 0.314875 0.559813 0.314875 0.568103 0.319766 0.568103 0.328891 0.523162 0.324656 0.520234 0.322703 0.525597
78 0.6787340000000001 0.6459020000000001 0.681719 0.6511239999999999 0.690688 0.654848 0.701625 0.656347 0.702625 0.656347 0.704125 0.649625 0.708094 0.539251 0.686703 0.541475 0.680234 0.539977 0.67725 0.539977 0.67625 0.632482 0.6787340000000001 0.6459020000000001
78 0.301891 0.533115 0.302063 0.545246 0.302734 0.558407 0.30156299999999997 0.563466 0.30325 0.56548 0.30831200000000003 0.566511 0.313031 0.5667449999999999 0.314547 0.564731 0.314891 0.5586650000000001 0.315062 0.5475180000000001 0.314891 0.538923 0.312859 0.5272830000000001 0.311688 0.5176810000000001 0.30965600000000004 0.520703 0.304766 0.520703 0.301891 0.533115
78 0.300859 0.436323 0.302047 0.46768099999999996 0.315016 0.46768099999999996 0.31540599999999996 0.43690900000000005 0.312812 0.43363 0.312812 0.428548 0.30325 0.42915699999999996 0.303641 0.433934 0.300859 0.436323
78 0.29068700000000003 0.388548 0.29196900000000003 0.40161600000000003 0.29268700000000003 0.405878 0.294828 0.410609 0.31098400000000004 0.41082 0.314266 0.404614 0.31570299999999996 0.395386 0.314703 0.38276299999999996 0.313266 0.37718999999999997 0.311125 0.372904 0.299406 0.372037 0.29268700000000003 0.38018699999999994 0.29068700000000003 0.388548
22 0.817656 0.578407 0.811125 0.579368 0.8098280000000001 0.573021 0.801984 0.561756 0.785656 0.560281 0.772906 0.559789 0.762141 0.558314 0.758219 0.558314 0.749719 0.550984 0.7445 0.557354 0.757234 0.564684 0.774875 0.570562 0.78075 0.573489 0.778797 0.585246 0.769969 0.621475 0.761813 0.6229509999999999 0.753641 0.6234430000000001 0.727187 0.6175640000000001 0.729469 0.607775 0.7095469999999999 0.607775 0.707906 0.615597 0.7077340000000001 0.627143 0.760969 0.6281260000000001 0.7864530000000001 0.63007 0.785141 0.612951 0.786125 0.598735 0.8070309999999999 0.600211 0.818125 0.605105 0.818125 0.6144029999999999 0.8199529999999999 0.613653 0.822563 0.583302 0.817656 0.578407
22 0.750047 0.526323 0.750047 0.516487 0.755469 0.518197 0.755469 0.526745 0.771469 0.525902 0.7617499999999999 0.513068 0.756609 0.495504 0.738047 0.495504 0.739484 0.528478 0.750047 0.526323
24 0.28214100000000003 0.6326930000000001 0.27825 0.6583840000000001 0.325781 0.661897 0.337469 0.6607259999999999 0.346828 0.6560659999999999 0.360063 0.6455500000000001 0.370203 0.6397189999999999 0.380328 0.636206 0.39123399999999997 0.642037 0.390453 0.617518 0.347594 0.623349 0.290719 0.6280330000000001 0.28214100000000003 0.6326930000000001
24 0.753406 0.627096 0.740938 0.623583 0.705875 0.627096 0.707422 0.652787 0.754188 0.642272 0.753406 0.627096
24 0.673141 0.623583 0.641969 0.623583 0.632625 0.630609 0.638859 0.650445 0.682484 0.655129 0.680156 0.631756 0.673141 0.623583