69 0.450234 0.522583 0.441609 0.5413330000000001 0.446078 0.5504169999999999 0.446078 0.5635 0.444484 0.570889 0.444484 0.619639 0.447672 0.648083 0.451828 0.6986669999999999 0.449594 0.765722 0.47389099999999995 0.762306 0.47389099999999995 0.747528 0.46845299999999995 0.676028 0.46367200000000003 0.632333 0.459187 0.5982219999999999 0.459187 0.579472 0.46142200000000005 0.557861 0.46334400000000003 0.539694 0.45659400000000006 0.519667 0.450234 0.522583
69 0.680422 0.582528 0.674969 0.576806 0.667281 0.576806 0.6637500000000001 0.589361 0.666312 0.605861 0.666641 0.62125 0.668562 0.634917 0.668234 0.646889 0.668562 0.660556 0.680422 0.645167 0.678813 0.622389 0.684906 0.618389 0.6826559999999999 0.608139 0.685219 0.601306 0.680734 0.582528 0.680422 0.582528
50 0.538062 0.57 0.480281 0.488667 0.507969 0.394528 0.521203 0.330306 0.513984 0.2875 0.47787499999999994 0.221139 0.44896900000000006 0.229694 0.41648399999999997 0.263944 0.405625 0.336722 0.41045300000000007 0.379528 0.41045300000000007 0.42877800000000005 0.365922 0.463 0.337016 0.463 0.31775 0.540056 0.314141 0.548611 0.347859 0.585 0.362297 0.585 0.387578 0.621361 0.380344 0.685583 0.351469 0.706972 0.357484 0.771194 0.53325 0.7733329999999999 0.538062 0.57
50 0.297297 0.8289720000000002 0.292469 0.933833 0.3635 0.987361 0.439344 0.983056 0.438141 0.863222 0.350266 0.843944 0.311734 0.811833 0.297297 0.8289720000000002
50 0.217422 1 0.207297 0.964056 0.206047 0.9348329999999999 0.20351599999999997 0.9168609999999999 0.217422 0.8786390000000001 0.230063 0.822472 0.236375 0.8 0.238906 0.777528 0.25028100000000003 0.784278 0.274297 0.809 0.28946900000000003 0.817972 0.303375 0.817972 0.31475 0.80225 0.331188 0.775278 0.342562 0.734833 0.352672 0.698889 0.37542200000000003 0.694389 0.383 0.685389 0.384266 0.678639 0.376688 0.689889 0.384266 0.6561670000000001 0.388063 0.6314719999999999 0.37921900000000003 0.609 0.370359 0.60225 0.356453 0.615722 0.329922 0.6314719999999999 0.31601599999999996 0.658417 0.281875 0.539333 0.260391 0.46291699999999997 0.25028100000000003 0.43819400000000003 0.219937 0.40900000000000003 0.185812 0.382028 0.192141 0.355056 0.213625 0.323583 0.230063 0.25169400000000003 0.232578 0.170778 0.228797 0.139333 0.21109399999999998 0.11236099999999999 0.198453 0.060666700000000004 0.188344 0.0449444 0.171906 0.026972199999999998 0.122609 0.024722199999999996 0.07964059999999999 0.06741670000000001 0.0644687 0.139333 0.0594063 0.184278 0.0366563 0.182028 0.0278125 0.220222 0.0315937 0.267417 0.0480312 0.28313900000000003 0.0606719 0.278639 0.0632031 0.278639 0.0619375 0.323583 0.055625 0.352806 0 0.420222 0.0012656296875 1 0.217422 1
50 0.631094 0.49655600000000005 0.607766 0.5191669999999999 0.550969 0.568056 0.5503750000000001 0.5840000000000001 0.542 0.666917 0.547984 0.764722 0.551562 0.761528 0.573094 0.756222 0.582656 0.722194 0.600594 0.713694 0.599406 0.6935 0.647234 0.695611 0.648438 0.754083 0.676531 0.728583 0.678328 0.696694 0.678328 0.691361 0.6813119999999999 0.655222 0.6813119999999999 0.641417 0.684312 0.614833 0.683109 0.591444 0.686703 0.570194 0.6986559999999999 0.565944 0.703437 0.555306 0.705234 0.5340560000000001 0.707625 0.506417 0.716594 0.48938899999999996 0.726766 0.469194 0.7279530000000001 0.45858299999999996 0.7279530000000001 0.441556 0.7279530000000001 0.42775 0.7273590000000001 0.411806 0.7273590000000001 0.408611 0.722578 0.38947200000000004 0.713609 0.375667 0.6992499999999999 0.360778 0.681906 0.35866699999999996 0.677125 0.362917 0.659797 0.38097200000000003 0.653219 0.39797200000000005 0.6424529999999999 0.461778 0.631094 0.49655600000000005
26 0.605438 0.7414440000000001 0.604828 0.7838609999999999 0.608187 0.7903889999999999 0.6412340000000001 0.7931110000000001 0.6421560000000001 0.788778 0.643984 0.746889 0.6464369999999999 0.739278 0.647969 0.695194 0.602984 0.690861 0.603297 0.738167 0.605438 0.7414440000000001
14 0.577375 0.7332500000000001 0.577531 0.752917 0.580406 0.762889 0.588594 0.776083 0.589359 0.780667 0.606031 0.7801389999999999 0.603906 0.720028 0.577531 0.7208330000000001 0.577375 0.7332500000000001
22 0.389328 1 0.261656 0.9280829999999999 0.236375 0.921361 0.230063 0.9033610000000001 0.22373400000000002 0.988778 0.228797 1 0.389328 1
27 0.702813 0.80675 0.676266 0.79775 0.677531 0.764056 0.6484530000000001 0.761806 0.645922 0.696639 0.604219 0.694389 0.577672 0.719111 0.570078 0.764056 0.356453 0.768528 0.348875 0.840444 0.702813 0.930333 0.702813 0.80675
50 1 0.0176944 0.997812 0.005055561111111111 0.888969 0.013305599999999999 0.878547 0.177972 0.8924369999999999 0.289139 0.8924369999999999 0.30561099999999997 0.827594 0.340611 0.810219 0.382361 0.760437 0.435889 0.722219 0.470889 0.712953 0.5038330000000001 0.7083280000000001 0.51825 0.69675 0.7776109999999999 0.69675 0.831139 0.7083280000000001 0.9793609999999999 0.722219 0.991722 0.9920310000000001 0.9896670000000001 1 0.9896670000000001 1 0.454417 1 0.0176944
14 0.317531 0.65675 0.331172 0.623611 0.322531 0.620361 0.30025 0.622806 0.317531 0.65675
22 0.3 0.825861 0.279656 0.825861 0.276859 0.9364720000000001 0.28803100000000004 0.9414440000000001 0.300406 0.867 0.30359400000000003 0.835083 0.3 0.834361 0.3 0.825861