27 0.004493460784313725 0.709739 0.0067483692810457515 0.98165 0.9977450000000001 0.98165 1 0.599624 0.8247220000000001 0.5906370000000001 0.766291 0.6243460000000001 0.705621 0.619853 0.653938 0.588382 0.465163 0.604118 0.41797399999999996 0.6243460000000001 0.41348 0.6355879999999999 0.373039 0.62884 0.33933 0.617598 0.314608 0.5906370000000001 0.12585000000000002 0.579395 0.004493460784313725 0.709739
50 0.32676499999999997 0.601242 0.36018 0.6276309999999999 0.409428 0.634657 0.430523 0.617075 0.414706 0.590686 0.405899 0.557271 0.44988600000000006 0.45526099999999997 0.44988600000000006 0.49746699999999994 0.44988600000000006 0.532647 0.47098 0.555507 0.534297 0.537925 0.571242 0.534412 0.5976140000000001 0.5519930000000001 0.625768 0.557271 0.639837 0.569575 0.6433500000000001 0.576618 0.669739 0.594199 0.703154 0.608284 0.773497 0.625866 0.813954 0.6047549999999999 0.835065 0.576618 0.813954 0.522092 0.78933 0.453497 0.769984 0.379624 0.7664709999999999 0.326863 0.731291 0.27585 0.6855559999999999 0.261781 0.669739 0.260033 0.6750160000000001 0.18263100000000002 0.660931 0.119314 0.60817 0.03313730065359478 0.525507 0.013790800653594773 0.47274499999999997 0.041928099673202615 0.43756500000000004 0.119314 0.423497 0.18616 0.428775 0.261781 0.444608 0.309281 0.402386 0.32334999999999997 0.383039 0.40601299999999996 0.36720600000000003 0.45526099999999997 0.356667 0.506258 0.333791 0.555507 0.32676499999999997 0.601242
32 0.56469 0.544771 0.590539 0.550768 0.614085 0.562304 0.623317 0.567843 0.645948 0.570621 0.644101 0.563693 0.614085 0.5567650000000001 0.600703 0.5410780000000001 0.588235 0.536454 0.56884 0.535065 0.540229 0.5378430000000001 0.524069 0.542451 0.5236109999999999 0.5442969999999999 0.52268 0.551683 0.56469 0.544771
50 0.314118 0.15223899999999999 0.320964 0.136601 0.32683 0.11800700000000001 0.308235 0.107255 0.31117599999999995 0.08767969934640522 0.302369 0.08279409967320261 0.287696 0.08279409967320261 0.284771 0.11018 0.27596400000000004 0.116046 0.271078 0.119967 0.270098 0.144412 0.28281 0.14833300000000002 0.313137 0.15223899999999999 0.314118 0.15223899999999999
50 0.168203 0.326912 0.178301 0.31978799999999996 0.177696 0.280605 0.191961 0.22835 0.183056 0.201618 0.17354599999999998 0.176683 0.162271 0.15530999999999998 0.13683 0.12111100000000001 0.12831700000000001 0.116863 0.12601300000000001 0.10622499999999999 0.10521199999999999 0.0681045996732026 0.09598040032679737 0.05192809967320262 0.08326800000000001 0.024215699346405228 0.07287580065359477 0.023055599673202615 0.06248369934640523 0.031143800653594775 0.06248369934640523 0.05078430065359477 0.0670915 0.0611765 0.07171569934640523 0.07272880065359477 0.07171569934640523 0.080817 0.06825159967320261 0.08890519934640523 0.06594769934640522 0.09351309967320261 0.0775 0.103922 0.08789219934640523 0.10854600000000002 0.08905230065359478 0.11201000000000001 0.09251630065359477 0.11893800000000002 0.102908 0.13972199999999999 0.10521199999999999 0.14318599999999998 0.12601300000000001 0.145507 0.130637 0.153595 0.156046 0.177843 0.152582 0.209036 0.147958 0.23560499999999998 0.145654 0.266797 0.151422 0.27835 0.149118 0.285278 0.14563700000000002 0.275261 0.15691200000000002 0.31861100000000003 0.168203 0.326912
50 0.25725499999999996 0.129592 0.27053900000000003 0.11897100000000001 0.269657 0.10656900000000001 0.26566999999999996 0.0963725 0.25415000000000004 0.07689540032679738 0.24130699999999997 0.07423199999999999 0.23201 0.08352940032679738 0.220931 0.09771240032679739 0.223595 0.10258199999999999 0.243513 0.115425 0.25725499999999996 0.129592
26 0.919281 0.732288 0.995523 0.754706 1 0.514804 0.9663729999999999 0.50134 0.9148040000000001 0.508072 0.92152 0.519281 0.919281 0.6919280000000001 0.919281 0.732288
41 0.523954 0.541601 0.42134 0.575147 0.412958 0.584837 0.39810500000000004 0.5906370000000001 0.403268 0.599036 0.476846 0.57902 0.492337 0.575801 0.514918 0.558366 0.523954 0.541601
51 0.497761 0.8606539999999999 0.514771 0.8755390000000001 0.5402779999999999 0.8914709999999999 0.581732 0.922304 0.638072 0.954199 0.691225 0.8893460000000001 0.713546 0.848954 0.651895 0.6788730000000001 0.591307 0.696944 0.545605 0.716078 0.503072 0.743725 0.486062 0.779869 0.487141 0.843644 0.497761 0.8606539999999999
51 0.72585 0.826585 0.784265 0.8513069999999999 0.898873 0.8715360000000001 0.957304 0.8715360000000001 0.9438239999999999 0.815359 0.829216 0.72098 0.7325820000000001 0.6940029999999999 0.705621 0.779395 0.72585 0.826585
51 0.204493 0.838203 0.188758 0.8651629999999999 0.15281 0.8629249999999999 0.10562099999999999 0.86067 0.004493460784313725 0.849444 0.004493460784313725 0.975278 0.161797 0.98652 0.296634 0.9685459999999999 0.373039 0.9191010000000001 0.424722 0.8022549999999999 0.330343 0.746062 0.188758 0.849444 0.204493 0.838203
22 0.148317 0.516846 0.116846 0.397745 0.116846 0.350556 0.114608 0.30562100000000003 0.0988725 0.24719000000000002 0.0561765 0.24719000000000002 0.026960800653594772 0.258431 0.013480400326797386 0.30336599999999997 0.011241800653594772 0.341569 0.011241800653594772 0.395507 0 0.41348 0.008986929738562091 0.45843100000000003 0.02246730065359477 0.48089899999999997 0.04269609967320262 0.5820259999999999 0.05393790032679739 0.584265 0.051683 0.465163 0.07191180065359477 0.44269600000000003 0.07864380065359478 0.424722 0.08539219934640524 0.41348 0.08988559967320262 0.404493 0.096634 0.402255 0.134837 0.5123530000000001 0.148317 0.516846
22 0.343938 0.252484 0.291176 0.245882 0.273023 0.24835 0.26560500000000004 0.247533 0.257369 0.258252 0.25902000000000003 0.335752 0.271373 0.325033 0.276324 0.31349699999999997 0.288693 0.314314 0.281275 0.261552 0.287042 0.254118 0.295294 0.254118 0.303529 0.311846 0.31424799999999997 0.311013 0.303529 0.257418 0.318382 0.260719 0.32084999999999997 0.28792500000000004 0.333219 0.264837 0.348889 0.263203 0.367843 0.356373 0.37279399999999996 0.33986900000000003 0.361258 0.24011400000000002 0.357958 0.196405 0.354657 0.16919900000000002 0.354657 0.168366 0.343121 0.23433 0.343938 0.252484
50 0.23975500000000002 0.144314 0.24187900000000004 0.171961 0.247206 0.171961 0.253578 0.156013 0.262075 0.157075 0.273775 0.162386 0.273775 0.150686 0.262075 0.140065 0.257827 0.128366 0.242941 0.11348 0.225931 0.103922 0.21849700000000002 0.10604600000000002 0.21531 0.129428 0.216373 0.137941 0.20999999999999996 0.145376 0.199363 0.159199 0.208938 0.176209 0.23232000000000003 0.178333 0.229134 0.149624 0.23975500000000002 0.144314
50 0.22701 0.21447700000000003 0.222745 0.23042499999999996 0.221683 0.246356 0.235507 0.26018 0.23338200000000003 0.232549 0.24081700000000003 0.247418 0.246144 0.268676 0.262075 0.283562 0.26634 0.267614 0.255703 0.232549 0.255703 0.217663 0.265278 0.217663 0.279085 0.210212 0.27165 0.190016 0.23232000000000003 0.196405 0.23125800000000002 0.201716 0.22701 0.21447700000000003
50 0.175082 0.17941200000000002 0.18978799999999998 0.17941200000000002 0.193987 0.208807 0.228971 0.203203 0.23035899999999998 0.197614 0.22196100000000002 0.186422 0.21147100000000002 0.17941200000000002 0.202369 0.16681400000000002 0.199575 0.154918 0.20098 0.13183 0.193987 0.12204200000000001 0.182092 0.115049 0.165997 0.11294099999999999 0.149902 0.11923199999999999 0.147794 0.13602899999999998 0.175082 0.17941200000000002
50 0.774363 0.363758 0.787092 0.340278 0.733284 0.207255 0.713725 0.186716 0.674592 0.167141 0.676552 0.172042 0.672647 0.258105 0.745997 0.281585 0.774363 0.363758
50 0.355556 0.139935 0.341895 0.128464 0.327141 0.128464 0.314575 0.135572 0.31183 0.143219 0.31183 0.148676 0.310735 0.15414999999999998 0.309101 0.166716 0.318938 0.17217300000000002 0.32166700000000004 0.177092 0.317304 0.18366 0.31183 0.19403600000000001 0.305278 0.186389 0.294346 0.171078 0.28341500000000003 0.177647 0.287794 0.190752 0.292712 0.201683 0.281781 0.205507 0.265392 0.21317 0.25884 0.219722 0.261569 0.230654 0.255 0.241569 0.285605 0.24867599999999998 0.326046 0.25032699999999997 0.346258 0.24813700000000002 0.349542 0.18091500000000002 0.346814 0.172729 0.350082 0.16617600000000002 0.355556 0.149771 0.355556 0.139935
22 0.188987 0.255801 0.184526 0.29299 0.188235 0.317549 0.15848 0.33093100000000003 0.139134 0.335392 0.128725 0.350278 0.135425 0.361438 0.148807 0.360686 0.157729 0.375572 0.16888899999999998 0.427647 0.186748 0.473039 0.194935 0.470065 0.167402 0.365163 0.179314 0.362173 0.203121 0.371846 0.22097999999999998 0.45815399999999995 0.22915 0.45740200000000003 0.230654 0.44104599999999994 0.20833300000000002 0.35995099999999997 0.221716 0.341356 0.230654 0.33986900000000003 0.242549 0.37781 0.24924799999999997 0.426912 0.264869 0.425425 0.265621 0.41351299999999996 0.239575 0.322745 0.236601 0.300425 0.226928 0.264722 0.22544099999999997 0.24016300000000002 0.22469 0.209673 0.221716 0.197761 0.191961 0.226781 0.188987 0.255801
27 0.218807 0.17884 0.229837 0.198023 0.264722 0.175343 0.21414999999999998 0.171863 0.218807 0.17884
50 0.0106536 0.36067 0.00727124 0.303121 0.0298693 0.24545800000000004 0.0626634 0.24433 0.0909314 0.242075 0.0999673 0.230768 0.102239 0.158415 0.0954575 0.133529 0.0909314 0.11205900000000002 0.0728431 0.0984967 0.0660621 0.0849183 0.0660621 0.0713562 0.0615359 0.0374346 0.0570098 0.018219 0.0615359 0.00238562 0.0027451 0 0.00161765 0.00119281 0.000473856 0.194412 0.005 0.413742 0.0140523 0.413742 0.00839869 0.399101 0.0106536 0.36067
22 0.187157 0.177794 0.170882 0.177451 0.182908 0.200784 0.195997 0.21246700000000002 0.198824 0.210343 0.19317 0.182042 0.187157 0.177794
22 0.785065 0.40518 0.779003 0.411242 0.803252 0.479428 0.803252 0.438513 0.785065 0.40518
22 0.700212 0.515801 0.735065 0.524886 0.713856 0.458219 0.710817 0.461242 0.700212 0.515801
22 0.451699 0.45518 0.445637 0.458219 0.42442799999999997 0.514281 0.42594800000000005 0.53701 0.409265 0.552173 0.42442799999999997 0.574902 0.472908 0.553676 0.454739 0.521863 0.454739 0.458219 0.451699 0.45518
22 0.838105 0.576405 0.833562 0.574902 0.816895 0.602173 0.8547709999999998 0.59915 0.838105 0.576405