50 0.6320159999999999 0.334833 0.625281 0.373042 0.598313 0.40897900000000004 0.583141 0.496625 0.586516 0.539333 0.601687 0.525833 0.603375 0.557312 0.583141 0.649438 0.581453 0.656188 0.586516 0.6876460000000001 0.5932660000000001 0.716854 0.608422 0.716854 0.606734 0.685396 0.6320159999999999 0.557312 0.637078 0.559542 0.620219 0.669667 0.623594 0.6988749999999999 0.625281 0.725833 0.643813 0.723604 0.643813 0.7078749999999999 0.648875 0.6786460000000001 0.6640469999999999 0.5483119999999999 0.6707810000000001 0.546063 0.6707810000000001 0.557312 0.684266 0.552813 0.687641 0.512354 0.694375 0.485396 0.6893279999999999 0.40675 0.667422 0.38427100000000003 0.660672 0.36404200000000003 0.660672 0.334833 0.647188 0.319104 0.6320159999999999 0.334833
50 0.283188 0.348813 0.272688 0.34356200000000003 0.25560900000000003 0.340062 0.24510900000000002 0.34356200000000003 0.233281 0.359333 0.20176599999999997 0.394354 0.195203 0.425854 0.20176599999999997 0.457375 0.212281 0.509896 0.213594 0.5344169999999999 0.22671899999999998 0.551937 0.22409400000000002 0.627208 0.212281 0.644729 0.21490599999999999 0.665729 0.209656 0.69375 0.200453 0.714771 0.197828 0.749792 0.196516 0.753292 0.197828 0.779542 0.19914099999999998 0.802312 0.20176599999999997 0.805813 0.22671899999999998 0.804063 0.241172 0.7848120000000001 0.275312 0.804063 0.277938 0.783042 0.277938 0.762042 0.276625 0.753292 0.275312 0.734021 0.281875 0.7095210000000001 0.288438 0.663979 0.288438 0.6359790000000001 0.29895299999999997 0.585187 0.30026600000000003 0.567688 0.308141 0.544917 0.31601599999999996 0.5239170000000001 0.322578 0.506396 0.330469 0.502896 0.339656 0.483646 0.347531 0.473146 0.344906 0.429354 0.33703099999999997 0.387333 0.32784399999999997 0.359333 0.32784399999999997 0.34356200000000003 0.32784399999999997 0.326062 0.331781 0.312042 0.331781 0.30154200000000003 0.330469 0.298042 0.330469 0.291042 0.31339100000000003 0.291042 0.29106299999999996 0.322563 0.283188 0.348813
50 0.406391 0.390688 0.392297 0.405729 0.386656 0.42266699999999996 0.372547 0.444292 0.363375 0.465917 0.363375 0.48756299999999997 0.36548400000000003 0.506167 0.375359 0.546604 0.379594 0.555083 0.390875 0.5701250000000001 0.390875 0.601146 0.393703 0.6331249999999999 0.388766 0.6462920000000001 0.395813 0.652875 0.390172 0.663229 0.390875 0.698021 0.390875 0.727167 0.39864099999999997 0.762917 0.409922 0.776083 0.41698399999999997 0.7695000000000001 0.418391 0.7393959999999999 0.4205 0.7140000000000001 0.423328 0.685792 0.419094 0.653813 0.42120300000000005 0.629375 0.427562 0.639708 0.428266 0.657583 0.428266 0.685792 0.430375 0.717771 0.430375 0.750687 0.448719 0.7704369999999999 0.45789099999999994 0.7695000000000001 0.45718800000000004 0.7572709999999999 0.455063 0.738458 0.45295300000000005 0.721521 0.45789099999999994 0.71025 0.45646899999999996 0.701771 0.455063 0.680146 0.462109 0.65025 0.467047 0.642729 0.465641 0.6333129999999999 0.464234 0.619208 0.465641 0.604167 0.467766 0.5919380000000001 0.46846899999999997 0.572187 0.470578 0.5675 0.471281 0.554333 0.467766 0.512292 0.470578 0.511354 0.482578 0.49912500000000004 0.484687 0.48314599999999996 0.48398399999999997 0.46339600000000003 0.48115600000000003 0.432354 0.478344 0.414479 0.472703 0.404146 0.455063 0.386375 0.465641 0.374146 0.466344 0.355333 0.464234 0.32993700000000004 0.45365599999999995 0.32525 0.44095300000000004 0.326187 0.42967199999999994 0.347812 0.42896900000000004 0.3685 0.42473400000000006 0.383542 0.41485900000000003 0.390125 0.406391 0.390688
60 0.40575 0.818958 0.415578 0.8297709999999999 0.425406 0.829208 0.4283910000000001 0.823521 0.417281 0.780792 0.403188 0.769958 0.40575 0.818958
60 0.498031 0.821229 0.504437 0.821229 0.505297 0.821229 0.465125 0.783646 0.457016 0.773375 0.447187 0.776229 0.482656 0.8275 0.498031 0.821229
60 0.373 0.844917 0.284766 0.802146 0.276734 0.796792 0.270719 0.810167 0.346922 0.855625 0.373 0.844917
60 0.246656 0.893042 0.272734 0.895729 0.274734 0.895729 0.228609 0.823521 0.212562 0.820854 0.246656 0.893042
60 0.582875 0.776 0.594922 0.776 0.607938 0.776 0.611297 0.768917 0.591547 0.763792 0.554922 0.743875 0.533734 0.734875 0.532281 0.7374379999999999 0.512047 0.731667 0.550109 0.759292 0.582875 0.776
60 0.46820300000000004 0.731667 0.455672 0.717521 0.44892199999999993 0.718812 0.4850630000000001 0.7580000000000001 0.522172 0.797187 0.539516 0.806188 0.551078 0.799125 0.553 0.793333 0.551562 0.784979 0.508188 0.758646 0.499516 0.745167 0.48554700000000006 0.743875 0.46820300000000004 0.731667
60 0.279562 0.797937 0.281687 0.795125 0.276734 0.782854 0.265437 0.785687 0.251297 0.786625 0.23575 0.764958 0.230797 0.751771 0.227969 0.741396 0.226547 0.763083 0.228672 0.783813 0.270375 0.815854 0.279562 0.797937
60 0.198281 0.786625 0.19475 0.751771 0.184859 0.750812 0.175656 0.758354 0.177078 0.7724999999999999 0.20534400000000003 0.823396 0.21242200000000003 0.819625 0.232203 0.818667 0.234328 0.8130210000000001 0.22301599999999996 0.797 0.20534400000000003 0.796063 0.198281 0.786625
50 0.484938 0.360271 0.479531 0.364687 0.473719 0.38075 0.475797 0.407333 0.47787499999999994 0.411208 0.484516 0.45054200000000005 0.484516 0.462729 0.484109 0.480458 0.481609 0.5015 0.483266 0.535833 0.48368700000000003 0.552458 0.482437 0.5690620000000001 0.48285900000000004 0.586229 0.47621900000000006 0.5939789999999999 0.46375 0.647708 0.46167199999999997 0.659896 0.460844 0.690917 0.45460900000000004 0.720812 0.45876599999999995 0.733563 0.462094 0.738 0.474547 0.7446459999999999 0.492406 0.7501669999999999 0.49531200000000003 0.747958 0.49448400000000003 0.738542 0.493656 0.727458 0.499062 0.729125 0.507359 0.734667 0.516094 0.734667 0.521906 0.7324579999999999 0.532281 0.7413120000000001 0.528141 0.723042 0.519828 0.708646 0.518578 0.697 0.520656 0.679833 0.528969 0.635521 0.528969 0.631646 0.533125 0.621688 0.534781 0.6095 0.546406 0.572396 0.547656 0.566854 0.555141 0.54525 0.558047 0.5247499999999999 0.558453 0.5192289999999999 0.558453 0.495396 0.5626089999999999 0.484875 0.570922 0.482667 0.577562 0.47768700000000003 0.580891 0.471583 0.581719 0.45331299999999997 0.575906 0.418979 0.568844 0.395167 0.565516 0.385187 0.556375 0.374667 0.548906 0.360812 0.546406 0.356396 0.545172 0.34975 0.545172 0.33479200000000003 0.545172 0.328146 0.5435 0.312625 0.537281 0.303208 0.523984 0.303208 0.519 0.30433299999999996 0.513594 0.30764600000000003 0.511109 0.31872900000000004 0.5094369999999999 0.332562 0.5094369999999999 0.343104 0.5115160000000001 0.350292 0.484938 0.360271
60 0.361937 0.742479 0.356344 0.737271 0.354094 0.716375 0.348062 0.709021 0.345875 0.711833 0.343766 0.715375 0.3435 0.720667 0.3435 0.733708 0.349594 0.754188 0.361766 0.813458 0.367047 0.816625 0.376312 0.815583 0.377031 0.800667 0.361937 0.742479
60 0.401656 0.8275209999999998 0.388781 0.711146 0.377031 0.712646 0.378156 0.735771 0.383188 0.820813 0.389344 0.823792 0.401656 0.8275209999999998