21 0.43716000000000005 0.351547 0.447723 0.336281 0.453685 0.333844 0.455047 0.34025 0.449085 0.356438 0.446808 0.36498400000000003 0.46284 0.360094 0.468803 0.350938 0.47523499999999996 0.305766 0.44129100000000004 0.304844 0.43716000000000005 0.350938 0.43716000000000005 0.351547
9 0.700657 0.426016 0.616432 0.4349839999999999 0.57939 0.4506720000000001 0.576009 0.44170300000000007 0.569272 0.44395299999999993 0.495164 0.43721899999999997 0.451385 0.44170300000000007 0.400845 0.45292199999999994 0.394108 0.470859 0.427793 0.47534399999999993 0.407582 0.495516 0.42443699999999995 0.506719 0.431174 0.504484 0.451385 0.48431199999999996 0.471596 0.473094 0.495164 0.470859 0.714131 0.470859 0.724225 0.46189099999999994 0.7377 0.46189099999999994 0.744437 0.473094 0.761268 0.491031 0.778122 0.486547 0.778122 0.47534399999999993 0.778122 0.46189099999999994 0.774742 0.45292199999999994 0.774742 0.4506720000000001 0.700657 0.426016
9 0.545704 0.511203 0.478333 0.511203 0.458122 0.515688 0.451385 0.526906 0.44464800000000004 0.5695 0.44800500000000004 0.598656 0.44800500000000004 0.623313 0.44800500000000004 0.650219 0.44464800000000004 0.677125 0.44800500000000004 0.692828 0.451385 0.710766 0.458122 0.719734 0.458122 0.728703 0.471596 0.762328 0.48507000000000006 0.8295939999999999 0.48507000000000006 0.8340780000000001 0.512019 0.8565000000000002 0.518756 0.847531 0.565915 0.843047 0.555798 0.820625 0.552441 0.8116559999999999 0.525493 0.798203 0.525493 0.78475 0.538967 0.775781 0.555798 0.766813 0.57939 0.744391 0.589484 0.730938 0.599601 0.721969 0.6029580000000001 0.704031 0.616432 0.686094 0.6256234148677849 0.6846065375400089 0.6464459106954494 0.655148759758655 0.6315663677576933 0.6510696702301324 0.633286 0.645734 0.636643 0.64125 0.6204661216452638 0.6340715039770405 0.57939 0.636766 0.5727854302741954 0.612913178750532 0.555798 0.605375 0.552441 0.567266 0.5590323355489974 0.5632430073803314 0.555798 0.551562 0.595874792028238 0.5231149315943607 0.596221 0.522422 0.565915 0.506719 0.545704 0.511203
9 0.619812 0.692828 0.619812 0.746641 0.616432 0.769062 0.616432 0.793719 0.619812 0.8385619999999999 0.633286 0.874437 0.656854 0.923766 0.666972 0.9417030000000001 0.700657 0.9708590000000001 0.714131 0.973094 0.7377 0.977578 0.747817 0.977578 0.757911 0.977578 0.768005 0.977578 0.7848589999999999 0.9708590000000001 0.80507 0.966375 0.808427 0.9461869999999999 0.821901 0.919281 0.825282 0.8968589999999999 0.8286379999999999 0.8722030000000001 0.825282 0.847531 0.825282 0.8116559999999999 0.808427 0.775781 0.80169 0.755609 0.7949530000000001 0.739906 0.781479 0.719734 0.774742 0.704031 0.7511740000000001 0.683859 0.7410799999999998 0.665922 0.720869 0.6435 0.687183 0.645734 0.646761 0.654703 0.6464459106954494 0.655148759758655 0.7062846333949361 0.6715529939602509 0.6256234148677849 0.6846065375400089 0.619812 0.692828
9 0.8185450000000001 0.621078 0.791596 0.48879700000000004 0.727606 0.502234 0.697277 0.506719 0.646761 0.508969 0.606338 0.515688 0.595874792028238 0.5231149315943607 0.592864 0.529141 0.592864 0.542594 0.5590323355489974 0.5632430073803314 0.5727854302741954 0.612913178750532 0.6204661216452638 0.6340715039770405 0.8185450000000001 0.621078
9 0.36716 0.663672 0.350329 0.632281 0.343592 0.582953 0.336854 0.562781 0.336854 0.5695 0.309906 0.558297 0.279577 0.560531 0.276221 0.558297 0.266103 0.562781 0.252629 0.587437 0.249272 0.607625 0.235798 0.623313 0.22232400000000002 0.650219 0.20885 0.670406 0.20885 0.677125 0.188638 0.695062 0.185258 0.710766 0.175164 0.713 0.20885 0.739906 0.229061 0.751125 0.24253500000000003 0.778031 0.256009 0.8183909999999999 0.282958 0.8565000000000002 0.32338 0.85875 0.377277 0.8497809999999999 0.404225 0.8295939999999999 0.41431899999999994 0.816141 0.42443699999999995 0.78475 0.434531 0.766813 0.437911 0.748875 0.441268 0.744391 0.431174 0.748875 0.41431899999999994 0.730938 0.394108 0.717484 0.377277 0.697313 0.36716 0.663672
18 0.214131 0.21853099999999998 0.153662 0.225422 0.115657 0.241531 0.16058699999999998 0.241531 0.17786399999999997 0.40023400000000003 0.227958 0.404828 0.240047 0.4174840000000001 0.25216 0.426687 0.253873 0.353078 0.283239 0.362281 0.291878 0.343875 0.298803 0.324328 0.317793 0.300187 0.355822 0.267984 0.38203128354580085 0.21658162347671417 0.386901 0.20703100000000002 0.309155 0.20817199999999997 0.214131 0.21853099999999998
18 0.509577 0.286375 0.532042 0.299031 0.556221 0.315125 0.575235 0.343875 0.602887 0.368031 0.628803 0.361125 0.633967 0.326625 0.640892 0.304781 0.640892 0.287531 0.6132389999999999 0.274875 0.589061 0.269125 0.557958 0.249578 0.533779 0.225422 0.480211 0.21278100000000003 0.494038 0.241531 0.497488 0.270281 0.509577 0.286375
18 0.722418 0.264344 0.712746 0.298656 0.7175819999999999 0.31475 0.720798 0.366234 0.765915 0.376969 0.798146 0.355516 0.92385 0.366234 0.943192 0.215 0.819108 0.216078 0.722418 0.268625 0.722418 0.264344
18 0 0.306156 0.008262910798122065 0.306156 0.046784 0.28948399999999996 0.05159619953051643 0.237562 0.11035199999999999 0.243328 0.14502299999999999 0.22475 0.12767599999999998 0.209359 0.0005633802816901409 0.19975 0 0.306156
50 0.362981 0.716094 0.416761 0.729516 0.45373199999999997 0.722813 0.436925 0.704922 0.436925 0.633328 0.45708899999999997 0.6042500000000001 0.45373199999999997 0.521469 0.47054 0.525938 0.500775 0.49909400000000004 0.517582 0.46106199999999997 0.524319 0.44764099999999996 0.399953 0.467781 0.406667 0.449875 0.497418 0.440937 0.537746 0.43198400000000003 0.54784 0.385 0.591526 0.398422 0.6755629999999999 0.43645300000000004 0.74277 0.440937 0.6721830000000001 0.411844 0.571362 0.322359 0.504155 0.29775 0.500775 0.230641 0.45373199999999997 0.192609 0.386502 0.203797 0.35626800000000003 0.268672 0.285681 0.331313 0.282324 0.411844 0.275587 0.528188 0.31929599999999997 0.5550309999999999 0.349531 0.577391 0.369695 0.702672 0.362981 0.716094
36 0.699296 0.49496900000000005 0.784883 0.486047 0.786948 0.47918700000000003 0.763239 0.442812 0.71993 0.429766 0.6858920000000001 0.433891 0.61784 0.398875 0.564225 0.403 0.552887 0.455156 0.51885 0.477125 0.547723 0.510766 0.699296 0.49496900000000005
18 0.713991 0.305844 0.715704 0.274187 0.8210090000000001 0.218797 0.885563 0.218797 0.856667 0.167922 0.676643 0.162266 0.6103989999999999 0.174703 0.49488299999999996 0.21201599999999998 0.522066 0.224453 0.5747180000000001 0.266281 0.630775 0.276453 0.644366 0.29906299999999997 0.635869 0.326203 0.717394 0.334109 0.713991 0.305844