28 0.685875 0.9043910000000001 0.684479 0.917891 0.681708 0.927234 0.676167 0.937625 0.6720210000000001 0.9480000000000001 0.667875 0.9521559999999999 0.620792 0.999938 0.745396 0.999938 0.7467919999999999 0.991625 0.775875 0.979156 0.785562 0.962547 0.799417 0.9397030000000001 0.800792 0.9220470000000001 0.8104790000000001 0.886734 0.818792 0.8628439999999999 0.834021 0.856625 0.83125 0.8524689999999999 0.832646 0.8451869999999999 0.8215629999999999 0.8400000000000001 0.811875 0.849344 0.8104790000000001 0.8431089999999999 0.800792 0.841047 0.799417 0.8441560000000001 0.7869379999999999 0.849344 0.7841670000000001 0.851422 0.773104 0.868047 0.7509370000000001 0.8524689999999999 0.742646 0.8535 0.731563 0.8535 0.7232500000000001 0.8576560000000001 0.713562 0.870125 0.7232500000000001 0.881547 0.713562 0.884656 0.708021 0.8898440000000001 0.6867920000000001 0.9022970000000001 0.685875 0.9043910000000001
27 1 0.581078 0.997 0.454953 0.888896 0.43018799999999996 0.717708 0.46846899999999997 0.615625 0.4955 0.576583 0.671172 0.618625 0.6936880000000001 0.663667 0.540547 0.885896 0.612609 0.843854 0.799547 0.864875 0.828828 0.882875 0.813063 0.9369379999999999 0.623875 0.991 0.596844 1 0.581078
50 0.113854 0.555203 0.113854 0.48779700000000004 0.137833 0.454078 0.137833 0.424875 0.116854 0.391156 0.006 0.386672 0.003 0.404641 0.017979199999999997 0.582172 0.008979170833333333 0.613641 0.0838958 0.5889059999999999 0.113854 0.555203
42 0.729042 0.515313 0.8034579999999999 0.516453 0.84675 0.467453 0.815625 0.440688 0.7791669999999999 0.481703 0.710812 0.48454699999999995 0.729042 0.515313
12 0.17885399999999999 0.743703 0.170979 0.726187 0.149083 0.680234 0.143833 0.681547 0.152292 0.698172 0.16308299999999998 0.723344 0.183521 0.759906 0.188479 0.758141 0.17885399999999999 0.743703
22 0.295917 0.469359 0.28889600000000004 0.477234 0.28452099999999997 0.49409400000000003 0.365062 0.5306409999999999 0.368271 0.528234 0.370604 0.486656 0.363021 0.47482800000000003 0.34902099999999997 0.46892199999999995 0.331208 0.463891 0.31604200000000005 0.462141 0.308167 0.463016 0.295917 0.469359
12 0.149333 0.681531 0.149 0.683188 0.16106199999999998 0.705797 0.169937 0.7212500000000001 0.189917 0.758359 0.19531199999999999 0.757172 0.201333 0.754547 0.201021 0.7512190000000001 0.15504199999999999 0.6803440000000001 0.149333 0.681531
12 0.108125 0.797766 0.123125 0.871937 0.131458 0.872359 0.119792 0.803609 0.11089600000000001 0.7927660000000001 0.108125 0.797766
12 0.145313 0.764938 0.126 0.684609 0.118958 0.687891 0.14004200000000003 0.768875 0.145313 0.764938
12 0.25316700000000003 0.730031 0.349271 0.698484 0.273187 0.656438 0.241146 0.683469 0.241146 0.709 0.251167 0.727016 0.25316700000000003 0.730031
12 0.785396 0.42276600000000003 0.807958 0.43112500000000004 0.811375 0.426828 0.8151039999999999 0.423828 0.816812 0.421266 0.818229 0.410344 0.818812 0.40520300000000004 0.817375 0.403484 0.8096669999999999 0.402625 0.802813 0.402844 0.7879579999999999 0.404563 0.7716879999999999 0.405406 0.7702500000000001 0.404563 0.767396 0.415906 0.785396 0.42276600000000003
12 0.873792 0.440297 0.873792 0.429891 0.856063 0.42121899999999995 0.830625 0.42179700000000003 0.873792 0.440297
12 0.0974792 0.6917340000000001 0.09083329999999999 0.6953590000000001 0.108354 0.781391 0.118604 0.776859 0.0974792 0.6917340000000001
12 0.15179199999999998 0.760328 0.158 0.765609 0.16131299999999998 0.7625 0.140604 0.684531 0.129417 0.687328 0.148896 0.757531 0.15179199999999998 0.760328
12 0.207021 0.750578 0.159167 0.679609 0.154396 0.680016 0.203292 0.750984 0.207021 0.750578
12 0.214896 0.746188 0.22945800000000002 0.748297 0.23133299999999998 0.7447809999999999 0.194729 0.682844 0.172208 0.674031 0.162812 0.678266 0.17877099999999999 0.689172 0.21395799999999998 0.746188 0.214896 0.746188
12 0.125646 0.7880309999999999 0.119354 0.791 0.126229 0.798875 0.129438 0.832625 0.136292 0.871391 0.147833 0.8690939999999999 0.146729 0.859328 0.137604 0.796141 0.125938 0.787937 0.125646 0.7880309999999999
12 0.132396 0.8728910000000001 0.13949999999999999 0.871297 0.123188 0.797875 0.1175 0.787766 0.111125 0.787234 0.11254199999999999 0.790969 0.118917 0.8032030000000001 0.132396 0.8728910000000001