18 0 0.525833 0.0606719 0.510104 0.058984400000000006 0.465167 0.0370781 0.435958 0.0016875000000000002 0.43820800000000004 0 0.525833
18 0.0795469 0.434 0.0756563 0.435937 0.0654687 0.460521 0.0601406 0.463104 0.0615938 0.498021 0.0824531 0.5006039999999999 0.08439060000000001 0.514854 0.09651560000000001 0.514188 0.0989375 0.5045 0.108156 0.5045 0.10864100000000002 0.514188 0.117859 0.512896 0.122234 0.505792 0.144063 0.505792 0.147937 0.5135419999999999 0.15570299999999998 0.5135419999999999 0.159094 0.499312 0.162969 0.492854 0.162969 0.462458 0.13871899999999998 0.432708 0.08051559999999999 0.432062 0.0795469 0.434
18 0.710859 0.467833 0.781781 0.468771 0.785984 0.46689600000000003 0.7873910000000001 0.44629199999999997 0.781781 0.436937 0.731922 0.43224999999999997 0.722797 0.44441699999999995 0.715078 0.448167 0.709453 0.462208 0.710859 0.467833
75 0.208984 0.40897900000000004 0.22078099999999998 0.43370800000000004 0.207297 0.456188 0.22078099999999998 0.505625 0.24270299999999997 0.539333 0.229219 0.552813 0.207297 0.519104 0.21235900000000002 0.5820209999999999 0.271344 0.6045 0.281453 0.631458 0.326969 0.633708 0.342141 0.615729 0.396062 0.613479 0.411234 0.649438 0.456734 0.6471870000000001 0.492141 0.6045 0.583141 0.591021 0.594938 0.6179790000000001 0.610109 0.615729 0.616859 0.5707920000000001 0.650563 0.5752710000000001 0.653937 0.552813 0.647188 0.5483119999999999 0.648875 0.467417 0.6320159999999999 0.453937 0.626969 0.44045799999999996 0.6134839999999999 0.32135400000000003 0.606734 0.32135400000000003 0.520781 0.294375 0.5157339999999999 0.271917 0.476969 0.258417 0.42640599999999995 0.262917 0.42303100000000005 0.27639600000000003 0.372469 0.269667 0.348875 0.269667 0.323594 0.247188 0.267984 0.249438 0.267984 0.269667 0.21067200000000003 0.271917 0.205625 0.40675 0.208984 0.40897900000000004
75 0.8026719999999999 0.534979 0.809891 0.5385829999999999 0.810797 0.577125 0.8252499999999999 0.573521 0.836984 0.5470210000000001 0.870406 0.555458 0.883953 0.5626669999999999 0.8902810000000001 0.549438 0.920984 0.5578540000000001 0.930016 0.581937 0.9471719999999999 0.565083 0.9489839999999999 0.531375 0.967047 0.551833 0.977891 0.5626669999999999 0.991437 0.541 0.992328 0.537396 0.9941409999999999 0.50125 0.983297 0.471146 0.968844 0.445854 0.967047 0.413354 0.965234 0.402521 0.9291090000000001 0.398896 0.9083439999999999 0.39649999999999996 0.871312 0.41093799999999997 0.8523440000000001 0.398896 0.8135 0.397687 0.8053750000000001 0.40972899999999995 0.8044689999999999 0.459104 0.800859 0.462729 0.793641 0.513292 0.8026719999999999 0.534979
73 0.771891 0.268917 0.765891 0.268458 0.766234 0.266771 0.773844 0.266771 0.77325 0.257854 0.759797 0.259333 0.759797 0.281542 0.771813 0.275563 0.771891 0.268917
73 0.9205310000000001 0.27237500000000003 0.932109 0.272937 0.9364060000000001 0.270646 0.935547 0.262646 0.9346880000000001 0.254063 0.9329689999999999 0.24089600000000003 0.93125 0.231167 0.929969 0.22774999999999998 0.928672 0.22774999999999998 0.9222340000000001 0.22945800000000002 0.917516 0.234042 0.916234 0.241479 0.916234 0.24489599999999997 0.917516 0.252917 0.917094 0.268375 0.9205310000000001 0.27237500000000003
73 0.800094 0.379583 0.8020630000000001 0.36170800000000003 0.792219 0.36122899999999997 0.792344 0.362708 0.7930780000000001 0.380729 0.793937 0.381729 0.7956559999999999 0.380896 0.800328 0.37975 0.800094 0.379583
50 0.194609 0.62275 0.195094 0.6337499999999999 0.196547 0.6544380000000001 0.199469 0.6628539999999999 0.20140600000000003 0.6777289999999999 0.20625 0.6854790000000001 0.20818799999999998 0.698417 0.212562 0.7029580000000001 0.217891 0.702313 0.220328 0.698417 0.226141 0.695833 0.23245300000000002 0.694542 0.239234 0.692604 0.240687 0.687438 0.233906 0.6809580000000001 0.230516 0.676438 0.223719 0.6706040000000001 0.221297 0.6673749999999999 0.217891 0.657667 0.216922 0.629208 0.216922 0.622104 0.216922 0.614333 0.216438 0.605292 0.21401599999999998 0.598167 0.210625 0.585875 0.20625 0.5690620000000001 0.207219 0.55225 0.207219 0.549021 0.20818799999999998 0.544479 0.207219 0.5380210000000001 0.204312 0.528958 0.20479699999999998 0.517312 0.20770300000000003 0.519917 0.213531 0.525083 0.220812 0.530896 0.226625 0.536729 0.229531 0.544479 0.23245300000000002 0.547083 0.235844 0.5451250000000001 0.236328 0.536083 0.230016 0.5244380000000001 0.221781 0.516667 0.214984 0.507625 0.210625 0.498563 0.20867200000000002 0.48820800000000003 0.20673400000000003 0.47462499999999996 0.20818799999999998 0.466875 0.20770300000000003 0.460396 0.20334400000000002 0.45135400000000003 0.205281 0.446167 0.20770300000000003 0.447479 0.213531 0.448125 0.21401599999999998 0.442292 0.215469 0.435187 0.214984 0.429354 0.21401599999999998 0.42677099999999996 0.213047 0.42354200000000003 0.212078 0.412542 0.210141 0.409958 0.199469 0.403479 0.191703 0.405438 0.187328 0.410604 0.186844 0.420958 0.188797 0.431292 0.168266 0.449042 0.16012500000000002 0.490875 0.161297 0.5388750000000001 0.164781 0.5605619999999999 0.165938 0.5884579999999999 0.157812 0.6380210000000001 0.147344 0.682937 0.149672 0.695333 0.16942200000000002 0.699979 0.182203 0.6968960000000001 0.182203 0.687583 0.17175 0.673646 0.16942200000000002 0.651958 0.175234 0.631833 0.189172 0.603938 0.194609 0.62275
18 0.633906 0.446354 0.640156 0.457 0.639469 0.452375 0.653 0.451896 0.653344 0.435708 0.645016 0.436625 0.633906 0.446354
18 0.659938 0.46347900000000003 0.67 0.463938 0.669656 0.457917 0.671734 0.438937 0.668969 0.436625 0.660281 0.436625 0.659938 0.45375 0.659938 0.46347900000000003
18 0.751687 0.433896 0.778922 0.436125 0.788375 0.445188 0.787406 0.461875 0.791578 0.46910399999999997 0.798797 0.468729 0.800328 0.46206200000000003 0.8136720000000001 0.461313 0.8368909999999999 0.454646 0.833969 0.448542 0.824516 0.445938 0.8119999999999999 0.432417 0.80325 0.430188 0.7678130000000001 0.43277099999999996 0.751687 0.431479 0.751687 0.433896
73 0.7019059999999999 0.34027100000000005 0.703453 0.368708 0.713156 0.369229 0.712953 0.34027100000000005 0.7019059999999999 0.34027100000000005
73 0.786906 0.360542 0.775828 0.360542 0.773703 0.378729 0.787328 0.38041699999999995 0.786906 0.360542
73 0.675969 0.385542 0.692906 0.38387499999999997 0.692906 0.364583 0.675547 0.36735399999999996 0.675969 0.385542
18 0.676438 0.426938 0.673859 0.432 0.67075 0.438437 0.671094 0.464208 0.671094 0.466979 0.694391 0.46675 0.695078 0.424167 0.682141 0.422104 0.676438 0.426938
18 0.707859 0.468125 0.710266 0.46675 0.710781 0.465583 0.712 0.458 0.712516 0.449708 0.716484 0.446271 0.722703 0.444646 0.727531 0.438896 0.733219 0.433146 0.751 0.432917 0.743062 0.42370800000000003 0.703016 0.42370800000000003 0.701984 0.422563 0.701813 0.467667 0.707859 0.468125