2 0.22191999999999998 0.780211 0.21813999999999997 0.7894559999999999 0.22428 0.794441 0.24126 0.783051 0.24692 0.759547 0.23748 0.7395769999999999 0.22806 0.746707 0.229 0.747432 0.22663999999999998 0.768792 0.22191999999999998 0.780211
36 0.8403400000000001 0.851994 0.8409800000000001 0.851994 0.8481000000000001 0.8500300000000001 0.85912 0.851027 0.8643 0.851027 0.8610599999999999 0.8402720000000001 0.8603999999999999 0.8285199999999999 0.8603999999999999 0.815801 0.8603999999999999 0.8148340000000001 0.85782 0.8089729999999999 0.85782 0.799184 0.85588 0.8001510000000001 0.85652 0.801148 0.84746 0.803082 0.84616 0.7972210000000001 0.84292 0.7972210000000001 0.8403400000000001 0.801148 0.83904 0.801148 0.8345 0.802115 0.8345 0.8089729999999999 0.8345 0.8275530000000001 0.8345 0.833414 0.8345 0.841239 0.83516 0.853958 0.8403400000000001 0.851994
65 0.30048 0.7873720000000001 0.29746 0.794199 0.2979704087684489 0.7990586287480214 0.29898 0.8086709999999999 0.29900970515564906 0.8088204700480935 0.302 0.823867 0.30452 0.823112 0.30754 0.8109369999999999 0.30954 0.8003019999999998 0.30602 0.793444 0.30048 0.7873720000000001
65 0.2733 0.8010570000000001 0.2718 0.814743 0.27934 0.8299400000000001 0.27984 0.8299400000000001 0.28034 0.817795 0.27934 0.809426 0.27934 0.799547 0.28488 0.78281 0.27934 0.779758 0.27532 0.78281 0.27532 0.791178 0.2733 0.8010570000000001
65 0.29344 0.8406040000000001 0.29998 0.8375530000000001 0.29696 0.823867 0.29546 0.811692 0.2889 0.811692 0.2894 0.824622 0.2894 0.833746 0.29344 0.8406040000000001
50 0.19848 0.8750450000000001 0.21218 0.872326 0.21575999999999998 0.838127 0.23126 0.850725 0.23424 0.875952 0.24376 0.8525380000000001 0.22112 0.8228400000000001 0.22946 0.797644 0.22290000000000001 0.782326 0.22828 0.747221 0.2235 0.7247129999999999 0.20802 0.7202109999999999 0.20444 0.73284 0.2104 0.7490330000000001 0.2086 0.755317 0.20206 0.767915 0.2086 0.775136 0.20682 0.8102420000000001 0.20802 0.856133 0.19788 0.870544 0.19848 0.8750450000000001
36 0.8643200000000001 0.7813289999999999 0.86754 0.7961929999999999 0.86524 0.809335 0.8709600000000001 0.809698 0.8778400000000001 0.8062239999999999 0.8835599999999999 0.7944709999999999 0.88286 0.778218 0.8792000000000001 0.768187 0.8641 0.769909 0.8643200000000001 0.7813289999999999
36 0.35831999999999997 0.74571 0.35892 0.76432 0.35710000000000003 0.7759210000000001 0.36660000000000004 0.780816 0.37510000000000004 0.781118 0.37894 0.758822 0.37933999999999996 0.7466160000000001 0.37510000000000004 0.751178 0.37104000000000004 0.751511 0.36882 0.749063 0.37024 0.742024 0.36196 0.738973 0.35831999999999997 0.74571
50 0.66462 0.680967 0.662 0.675408 0.66096 0.670665 0.6586000000000001 0.663535 0.65544 0.6627190000000001 0.65126 0.666284 0.6507200000000001 0.67423 0.64574 0.6789729999999999 0.64574 0.692054 0.6496799999999999 0.700755 0.65046 0.735619 0.65518 0.741964 0.662 0.740363 0.66426 0.686707 0.66462 0.680967
50 0.27924 0.856979 0.28486 0.8555889999999999 0.28816 0.817281 0.29238 0.811601 0.30176 0.8548640000000001 0.3088 0.8477640000000001 0.29942 0.806647 0.306 0.779698 0.30739999999999995 0.73432 0.29613999999999996 0.716586 0.29192 0.696042 0.28158 0.700997 0.27876 0.715891 0.28252 0.724411 0.27736 0.743535 0.27736 0.768369 0.27782 0.804532 0.27924 0.8421150000000001 0.27924 0.856979
50 0.85288 0.744924 0.84092 0.731269 0.8383399999999999 0.723474 0.8335 0.714683 0.83156 0.713233 0.82802 0.712749 0.82414 0.712749 0.82026 0.71861 0.81898 0.724441 0.82124 0.728852 0.82478 0.739094 0.82324 0.73997 0.8209 0.753444 0.82746 0.754139 0.83074 0.788882 0.83222 0.8054080000000001 0.84126 0.801027 0.84384 0.79565 0.84512 0.7907849999999998 0.84804 0.7873720000000001 0.85094 0.7893049999999999 0.85868 0.803958 0.86804 0.8102720000000001 0.8645 0.782961 0.85288 0.744924
50 0.8443 0.8528700000000001 0.8403400000000001 0.8528700000000001 0.82842 0.872356 0.82048 0.887341 0.84132 0.887341 0.8582 0.887341 0.86514 0.88435 0.86416 0.860363 0.86118 0.849879 0.85026 0.85136 0.8443 0.8528700000000001
50 0.1303 0.889003 0.15428 0.8971600000000001 0.1504 0.860967 0.15503999999999998 0.844592 0.162 0.789698 0.17128 0.771027 0.16432 0.72432 0.15428 0.705619 0.14268 0.7277950000000001 0.12954 0.745317 0.12798 0.7978850000000001 0.13494 0.8457699999999999 0.12179999999999999 0.8703019999999999 0.1303 0.889003
50 0.618 0.878157 0.6152799999999999 0.86281 0.6207 0.836163 0.63224 0.826949 0.6410399999999999 0.841299 0.64036 0.861782 0.63902 0.872024 0.63088 0.875076 0.64376 0.8802110000000001 0.65258 0.8802110000000001 0.64648 0.833112 0.6397 0.800332 0.63562 0.7880360000000001 0.63766 0.7665259999999999 0.6397 0.75423 0.63224 0.7306950000000001 0.62748 0.712236 0.6173200000000001 0.700967 0.61122 0.7061029999999999 0.61122 0.7255590000000001 0.6159600000000001 0.740937 0.6139199999999999 0.75423 0.6085 0.779849 0.60172 0.787009 0.5962999999999999 0.797251 0.60172 0.8023870000000001 0.6152799999999999 0.7880360000000001 0.6152799999999999 0.8054380000000001 0.6091799999999999 0.8351360000000001 0.6044400000000001 0.8607549999999999 0.5962999999999999 0.866888 0.6058 0.883293 0.61936 0.8853169999999999 0.618 0.878157
50 0.09414 0.863474 0.09414 0.852205 0.11514 0.830695 0.1138 0.857311 0.11921999999999999 0.869607 0.126 0.8654979999999999 0.12395999999999999 0.8583379999999999 0.12532 0.8296680000000001 0.12938 0.8173720000000001 0.12532 0.800997 0.12532 0.791782 0.12804 0.756949 0.126 0.736465 0.13074000000000002 0.7231420000000001 0.12668000000000001 0.7108760000000001 0.11785999999999999 0.7077950000000001 0.11581999999999999 0.715982 0.11718 0.732356 0.10972 0.739547 0.09278 0.7938069999999999 0.0948 0.798943 0.10634 0.77435 0.11448 0.818399 0.09074 0.844018 0.0887 0.860393 0.09414 0.863474
50 0.35804 0.779426 0.36482 0.7812080000000001 0.36482 0.796828 0.37072000000000005 0.802175 0.37132 0.8298190000000001 0.36748000000000003 0.838731 0.3725 0.84139 0.37692000000000003 0.8351660000000001 0.3775 0.824894 0.3778 0.7981570000000001 0.3846 0.8222360000000001 0.38518 0.833807 0.3896 0.8302419999999999 0.39404 0.814199 0.38932 0.7981570000000001 0.38783999999999996 0.7910269999999999 0.38814 0.770967 0.38814 0.7397579999999999 0.39286 0.738429 0.39168000000000003 0.724592 0.38312 0.710785 0.38045999999999996 0.710332 0.37692000000000003 0.698036 0.37368 0.694048 0.36806 0.697613 0.3654 0.702508 0.36894 0.715438 0.3663 0.722568 0.36216000000000004 0.733263 0.36128 0.739063 0.35922000000000004 0.741088 0.35892 0.765619 0.35804 0.779426
50 0.75736 0.844592 0.74182 0.828429 0.7413200000000001 0.796103 0.74424 0.7571899999999999 0.74278 0.724169 0.73452 0.700665 0.72868 0.713142 0.7291799999999999 0.758671 0.72674 0.792447 0.7374400000000001 0.8504529999999999 0.7471599999999999 0.8680659999999999 0.75932 0.865891 0.75736 0.844592
50 0.6045 0.761329 0.6045 0.748489 0.6080800000000001 0.731601 0.6031599999999999 0.726858 0.60182 0.720091 0.6040599999999999 0.704562 0.60898 0.69713 0.61434 0.700514 0.6134400000000001 0.698489 0.6121 0.694411 0.61122 0.680906 0.60494 0.680906 0.60092 0.683625 0.60002 0.686979 0.60136 0.702538 0.59958 0.705227 0.58794 0.710634 0.58258 0.72145 0.58572 0.7282179999999999 0.5919800000000001 0.729577 0.59734 0.7700910000000001 0.6045 0.761329
50 0.60512 0.7048639999999999 0.60288 0.717855 0.60288 0.7252270000000001 0.60812 0.7359519999999999 0.60476 0.761994 0.59802 0.774985 0.5953999999999999 0.7891239999999999 0.59838 0.791964 0.60738 0.777251 0.60738 0.7823559999999999 0.59764 0.796495 0.60176 0.8049550000000001 0.6025 0.831541 0.60176 0.8507849999999999 0.59576 0.8643500000000001 0.60624 0.8587009999999999 0.6077400000000001 0.814592 0.6107400000000001 0.812326 0.61186 0.820816 0.6156 0.806677 0.6156 0.703172 0.61112 0.698066 0.60512 0.7048639999999999
2 0.63458 0.7903020000000001 0.63622 0.79136 0.64254 0.78713 0.6491 0.775801 0.6479400000000001 0.770151 0.64254 0.759184 0.63998 0.758459 0.6381 0.759517 0.6374 0.766254 0.63458 0.7903020000000001
2 0.9733200000000001 0.787311 0.97158 0.766224 0.9611000000000001 0.763595 0.95238 0.771511 0.9552999999999999 0.809275 0.95762 0.8154380000000001 0.9721599999999999 0.8110269999999999 0.9733200000000001 0.787311
2 0.70748 0.802447 0.70724 0.773172 0.69814 0.76858 0.69556 0.781994 0.6888 0.789396 0.68552 0.8261029999999999 0.69044 0.8303320000000001 0.69276 0.838097 0.70608 0.839154 0.70748 0.802447
50 0.8804 0.826465 0.8813 0.799668 0.8875 0.778248 0.87698 0.752719 0.86924 0.738943 0.8684 0.728489 0.8637 0.717221 0.8532000000000001 0.717613 0.85458 0.737251 0.85652 0.758157 0.8651 0.784048 0.86702 0.797432 0.86648 0.820816 0.8684 0.8475530000000001 0.8659199999999999 0.869275 0.86398 0.870544 0.86426 0.8747130000000001 0.87118 0.877644 0.8761599999999999 0.8767980000000001 0.87726 0.8404530000000001 0.89136 0.855076 0.8949600000000001 0.861329 0.89552 0.873867 0.9060199999999999 0.870937 0.9025599999999999 0.867946 0.9007999999999999 0.8451960000000001 0.8804 0.826465
50 0.71724 0.722779 0.71512 0.709426 0.7144199999999999 0.703021 0.71194 0.69716 0.70912 0.6934440000000001 0.70772 0.6934440000000001 0.70064 0.6987610000000001 0.69888 0.7003630000000001 0.6985399999999999 0.707825 0.7002999999999999 0.715287 0.70594 0.723837 0.7056 0.726495 0.70382 0.7329 0.7027599999999999 0.7547729999999999 0.7041799999999999 0.785317 0.7027599999999999 0.8130510000000001 0.70772 0.813595 0.70878 0.823716 0.71124 0.8567980000000001 0.7041799999999999 0.873323 0.71054 0.873323 0.7221799999999999 0.873867 0.72784 0.8669490000000001 0.73066 0.871722 0.73526 0.874924 0.7359600000000001 0.86855 0.73454 0.858943 0.72996 0.8301210000000001 0.7221799999999999 0.8034739999999999 0.72572 0.793867 0.72678 0.7848040000000001 0.72466 0.7832020000000001 0.72396 0.773051 0.72184 0.736254 0.71724 0.721299 0.71724 0.722779