79 0.223406 0.778373 0.231188 0.7754249999999999 0.242859 0.766627 0.245453 0.755873 0.238969 0.7226180000000001 0.24674999999999997 0.6991269999999999 0.261 0.702075 0.280438 0.736297 0.294703 0.773467 0.303125 0.827264 0.308953 0.8399760000000001 0.319969 0.875189 0.327094 0.835094 0.340062 0.7725000000000001 0.338109 0.705967 0.334875 0.6599999999999999 0.262297 0.660991 0.22599999999999998 0.660991 0.21823399999999998 0.7314149999999999 0.22017199999999998 0.7773819999999999 0.223406 0.778373
79 0.185969 1 0.202312 1 0.23526600000000003 0.995 0.238078 0.993939 0.24935900000000003 0.984363 0.257797 0.984363 0.268359 0.995 0.290906 0.982241 0.318359 0.9407780000000001 0.323297 0.909953 0.323297 0.885495 0.309922 0.868491 0.298641 0.866368 0.284562 0.858939 0.283156 0.846179 0.23737500000000003 0.801533 0.21835900000000003 0.7930190000000001 0.197938 0.796203 0.183859 0.803656 0.174703 0.810024 0.150766 0.83342 0.140906 0.863184 0.131047 0.9141979999999998 0.135266 0.950354 0.140203 0.965236 0.150766 0.981179 0.156391 0.990731 0.166953 1 0.178219 1 0.185969 1
79 0.151609 0.776887 0.149031 0.7914859999999999 0.149031 0.804151 0.147734 0.8197169999999999 0.144516 0.840165 0.143219 0.8450470000000001 0.149031 0.839198 0.15482800000000002 0.832382 0.162578 0.825566 0.169031 0.8197169999999999 0.181938 0.811934 0.189672 0.8060849999999999 0.20064099999999999 0.801226 0.205797 0.7983020000000001 0.21482800000000002 0.7983020000000001 0.22385899999999997 0.802193 0.237406 0.8080419999999999 0.247094 0.8138920000000001 0.258062 0.823632 0.265797 0.8304480000000001 0.272891 0.838231 0.279344 0.846014 0.283859 0.850896 0.28967200000000004 0.853821 0.291594 0.850896 0.295469 0.841156 0.298047 0.831415 0.299344 0.815825 0.295469 0.797335 0.293531 0.7758959999999999 0.289016 0.7622639999999999 0.283859 0.744741 0.28064100000000003 0.736958 0.267734 0.721368 0.259984 0.71066 0.25418799999999997 0.711627 0.24967199999999998 0.711627 0.245797 0.7145520000000001 0.24257800000000002 0.723325 0.24257800000000002 0.7320989999999999 0.245156 0.75059 0.24192200000000003 0.7700710000000001 0.231609 0.778821 0.221922 0.778821 0.205797 0.772005 0.189031 0.768113 0.168375 0.7700710000000001 0.15806199999999998 0.771038 0.151609 0.776887
79 0.880172 0.711816 0.885594 0.732288 0.8946249999999999 0.740472 0.909984 0.758208 0.9280630000000001 0.760943 0.927172 0.782759 0.9362030000000001 0.793679 0.9416249999999999 0.7527590000000001 0.938906 0.6613439999999999 0.872937 0.6517919999999999 0.880172 0.6749999999999999 0.880172 0.711816
79 0.219109 0.7783019999999999 0.211 0.741509 0.190703 0.7088210000000001 0.187984 0.74559 0.183938 0.761934 0.187984 0.768066 0.219109 0.7783019999999999
79 0.00798438 0.833443 0.0106875 0.915165 0.026937499999999996 0.949882 0.0391094 0.949882 0.0553594 0.93967 0.05670309999999999 0.917193 0.0188125 0.815047 0.00798438 0.833443
79 0.990953 0.6655659999999999 0.9506410000000001 0.6619809999999999 0.939578 0.667358 0.9399839999999999 0.73059 0.9676410000000001 0.703137 0.9937189999999999 0.706132 0.9885780000000001 0.667948 0.990953 0.6655659999999999
79 0.943047 0.747901 0.940828 0.770212 0.937875 0.795566 0.9482189999999999 0.8022640000000001 0.9497030000000001 0.811179 0.956359 0.81342 0.9593130000000001 0.831274 0.964484 0.840189 0.964484 0.861392 0.973359 0.860259 0.979266 0.865849 0.986656 0.8624999999999999 0.9940469999999999 0.869198 0.999953 0.869198 0.9992190000000001 0.712995 0.985172 0.70967 0.962266 0.70967 0.941578 0.7330899999999999 0.943047 0.747901
17 0.47300000000000003 0.983113 0.990766 0.987618 0.9922660000000001 0.9560850000000001 1 0.890755 0.974359 0.899764 0.9683909999999999 0.841226 0.9430160000000001 0.78941 0.938547 0.78717 0.928094 0.7758959999999999 0.901234 0.7488680000000001 0.89825 0.7466269999999999 0.8878130000000001 0.733113 0.8848280000000001 0.726344 0.8818440000000001 0.679057 0.859453 0.6452589999999999 0.856469 0.640755 0.852 0.584458 0.847516 0.561934 0.847516 0.559693 0.780375 0.521392 0.749047 0.5146459999999999 0.723672 0.49212300000000003 0.684875 0.501132 0.6550469999999999 0.516887 0.6311720000000001 0.532665 0.607297 0.570943 0.590875 0.609245 0.571484 0.6452589999999999 0.558047 0.692571 0.549094 0.744363 0.5431250000000001 0.771392 0.537156 0.78717 0.5237339999999999 0.8232079999999999 0.484938 0.843467 0.453609 0.8727590000000001 0.446141 0.938066 0.45957800000000004 0.96283 0.47300000000000003 0.983113
79 0.362187 0.7644580000000001 0.36118700000000004 0.729387 0.358234 0.665991 0.33599999999999997 0.666722 0.339953 0.766675 0.337469 0.786816 0.332531 0.806226 0.334016 0.809198 0.344891 0.7987500000000001 0.362187 0.7644580000000001
79 0.335422 0.792311 0.325797 0.825967 0.32667199999999996 0.837854 0.339797 0.824646 0.352484 0.809458 0.367344 0.8008730000000001 0.37784399999999996 0.798892 0.40146899999999996 0.802193 0.41939099999999996 0.83059 0.431203 0.8497410000000001 0.43514099999999994 0.8490800000000001 0.43076600000000004 0.811439 0.42245299999999997 0.77316 0.409766 0.726958 0.398406 0.7038439999999999 0.394906 0.699882 0.392719 0.701203 0.387031 0.704505 0.389219 0.726297 0.387906 0.7447640000000001 0.386156 0.7592920000000001 0.37784399999999996 0.766557 0.36298400000000003 0.7725000000000001 0.342422 0.764575 0.335422 0.792311
79 0.526563 0.742854 0.543766 0.787005 0.554094 0.768821 0.5609689999999999 0.6701419999999999 0.53 0.664929 0.526563 0.742854
26 0.21853099999999998 0.7999999999999999 0.252953 0.812995 0.32 0.870189 0.32987500000000003 0.8366750000000001 0.339734 0.758443 0.33357800000000004 0.6634669999999999 0.273109 0.659741 0.22253099999999998 0.6690569999999999 0.22006199999999998 0.754717 0.21853099999999998 0.7999999999999999
26 0.228313 1 0.270797 0.99783 0.308578 0.963986 0.321563 0.924788 0.319203 0.874882 0.284969 0.8303539999999999 0.241297 0.8036319999999999 0.199984 0.800047 0.174016 0.8107549999999999 0.13387500000000002 0.855283 0.130328 0.914104 0.148031 0.980024 0.181094 1 0.228313 1
26 0.344562 0.9666750000000001 0.375641 0.9695520000000001 0.399734 0.962854 0.387688 0.9322170000000001 0.388313 0.915943 0.399734 0.905401 0.412422 0.913066 0.430813 0.9245519999999999 0.44032799999999994 0.915943 0.44667199999999996 0.885307 0.438422 0.848915 0.429547 0.8250000000000001 0.414953 0.800094 0.387688 0.7991510000000001 0.350906 0.798184 0.335672 0.8250000000000001 0.326797 0.850849 0.320453 0.9025240000000001 0.329328 0.940825 0.348359 0.9618869999999999 0.344562 0.9666750000000001
26 0.8757659999999999 0.706344 0.872594 0.712075 0.8763909999999999 0.71875 0.882094 0.732123 0.882719 0.733066 0.890312 0.7340329999999999 0.898531 0.7340329999999999 0.900438 0.736887 0.9010619999999999 0.7512260000000001 0.9055 0.75217 0.913078 0.761722 0.927641 0.7626649999999999 0.926375 0.782736 0.928266 0.78559 0.9364839999999999 0.78559 0.9326869999999999 0.792264 0.93775 0.8008730000000001 0.942187 0.7435849999999999 0.93775 0.6585850000000001 0.870703 0.659552 0.875125 0.698703 0.8757659999999999 0.706344
26 0.940641 0.732665 0.941094 0.802311 0.9573750000000001 0.816651 0.9596410000000001 0.8125709999999999 0.9623440000000001 0.807783 0.9668749999999999 0.805047 0.9718439999999999 0.800967 0.980453 0.798915 0.9994529999999999 0.799599 0.9994529999999999 0.7115090000000001 0.996734 0.7108249999999999 0.9931089999999999 0.710142 0.988141 0.708774 0.9836090000000001 0.707406 0.978641 0.706722 0.973203 0.707406 0.960094 0.7115090000000001 0.9433590000000001 0.731297 0.940641 0.732665
26 0.991187 0.665684 0.9843590000000001 0.664316 0.9698119999999999 0.662948 0.946625 0.662948 0.9379839999999999 0.6649999999999999 0.942531 0.73434 0.961172 0.708939 0.9711719999999999 0.7068869999999999 0.9902659999999999 0.706179 0.9902659999999999 0.667759 0.991187 0.665684
26 0.507625 0.727264 0.5403279999999999 0.745448 0.543766 0.781816 0.566141 0.6701419999999999 0.504188 0.6701419999999999 0.507625 0.727264
26 0.47675 0.84066 0.466172 0.792783 0.495984 0.741981 0.47098399999999996 0.7347410000000001 0.442141 0.743443 0.431562 0.7608490000000001 0.45560900000000004 0.895802 0.47675 0.84066
27 0.383734 0.965448 0.335547 0.939481 0.326953 0.926486 0.313188 0.947264 0.332109 0.97066 0.301141 0.973255 0.295969 0.986226 0.394062 0.981038 0.383734 0.965448
27 0.0017187500000000002 0.957665 0 0.986226 0.0602344 0.983632 0.05850000000000001 0.973255 0.0722656 0.960259 0.0464687 0.962854 0.0189219 0.936887 0.0017187500000000002 0.957665
27 0.141109 0.952476 0.11701599999999998 0.952476 0.120453 0.983632 0.153156 0.986226 0.141109 0.952476
79 0.530422 0.670354 0.520047 0.667382 0.5042340000000001 0.671108 0.497797 0.692005 0.496812 0.738986 0.511641 0.741981 0.525969 0.748679 0.530422 0.670354
79 0.14701599999999998 1 0.113594 0.968231 0.113594 0.950873 0.127172 0.909882 0.142844 0.851533 0.154328 0.805802 0.154328 0.734858 0.143891 0.6560140000000001 0.0216562 0.659151 0.015390599999999999 0.8026650000000001 0.038375 0.870472 0.0644844 0.946156 0.0707656 0.9729479999999999 0.046734399999999995 1 0.14701599999999998 1