13 0.0047 0.33810799999999996 0.00156 0.528679 0 0.5616220000000001 0.01568 0.707508 0.08306000000000001 0.855766 0.10342 0.8486790000000001 0.13476 0.8486790000000001 0.16297999999999999 0.796937 0.15669999999999998 0.766336 0.105 0.552222 0.07052 0.5192789999999999 0.02664 0.38282299999999997 0.01724 0.345165 0.0047 0.33810799999999996
13 0.39176 0.774264 0.40586 0.830751 0.4372 0.851922 0.47952 0.847207 0.49362 0.8142639999999999 0.5093 0.741321 0.49832 0.604865 0.48266000000000003 0.550751 0.46698 0.496637 0.44974000000000003 0.404865 0.45132 0.362523 0.44504000000000005 0.33897900000000003 0.41528 0.336637 0.39804 0.36015 0.3996 0.40015000000000006 0.38864 0.466036 0.39333999999999997 0.541321 0.37610000000000005 0.595465 0.3855 0.7766369999999999 0.39176 0.774264
13 0.3742 0.663363 0.3647 0.609099 0.35328 0.556246 0.3333 0.524805 0.31522 0.43768799999999997 0.30286 0.40054100000000004 0.2943 0.336246 0.27052 0.330541 0.24958 0.346246 0.24578 0.370541 0.2572 0.553393 0.25054 0.570541 0.24862 0.609099 0.2572 0.700511 0.27622 0.717658 0.30476 0.727658 0.35614 0.716216 0.37136 0.687658 0.3742 0.663363
13 0.29048 0.744805 0.27052 0.734805 0.26194 0.727658 0.27242 0.809069 0.29144 0.837658 0.31142 0.8490690000000001 0.3352 0.851922 0.3723 0.831922 0.38372 0.8019520000000001 0.38848 0.764805 0.37706 0.709099 0.35614 0.730511 0.339 0.747658 0.29048 0.744805
13 0.50264 0.0931532012012012 0.50422 0.12147100000000001 0.48222000000000004 0.133243 0.49007999999999996 0.173363 0.56704 0.182793 0.6063200000000001 0.16390400000000002 0.5953200000000001 0.10729699999999999 0.6204400000000001 0.07663660060060061 0.62358 0.005885888888888889 0.47908 0.0011711711711711711 0.47594 0.0672072012012012 0.50264 0.0931532012012012
13 0.54848 0.40399399999999996 0.5359400000000001 0.523994 0.5359400000000001 0.552222 0.52654 0.58988 0.52026 0.651051 0.5093 0.716937 0.5093 0.761622 0.514 0.7922220000000001 0.5327999999999999 0.8275079999999999 0.56414 0.8369369999999999 0.5892200000000001 0.8416220000000001 0.6299600000000001 0.818108 0.6377999999999999 0.599279 0.6142799999999999 0.566336 0.6001799999999999 0.40399399999999996 0.6033200000000001 0.38045 0.60488 0.368679 0.60646 0.345165 0.59862 0.333393 0.58138 0.326336 0.561 0.333393 0.55004 0.356937 0.55318 0.373393 0.54848 0.40399399999999996
13 0.65186 0.556607 0.63458 0.823123 0.66914 0.87027 0.73354 0.846697 0.7476799999999999 0.811321 0.76966 0.6061259999999999 0.76966 0.58018 0.76024 0.561321 0.7524 0.405646 0.76182 0.375015 0.76024 0.356126 0.74926 0.334895 0.73198 0.33018 0.7209800000000001 0.332553 0.7037 0.35141100000000003 0.7084199999999999 0.36792800000000003 0.677 0.535375 0.65186 0.556607
13 0.9096000000000001 0.175495 0.92602 0.152913 0.9424199999999999 0.0636036006006006 0.94516 0.0235434984984985 0.9205399999999999 0.002012009009009009 0.86176 0.008168171171171171 0.82756 0.0060960990990990985 0.80706 0.004054051051051051 0.78654 0.013303300300300299 0.78312 0.0338137987987988 0.77698 0.09849850150150151 0.7797000000000001 0.136486 0.8084199999999999 0.177538 0.85354 0.194985 0.89046 0.199099 0.9096000000000001 0.175495
13 0.15708000000000003 0.344354 0.13038 0.32783799999999996 0.10052 0.35378400000000004 0.1021 0.386787 0.13038 0.544805 0.12724 0.615556 0.16963999999999999 0.825465 0.18064 0.8514109999999999 0.24346 0.8443539999999999 0.27488 0.820751 0.25132 0.646216 0.22304 0.544805 0.16022 0.393874 0.15863999999999998 0.35141100000000003 0.15708000000000003 0.344354
13 0.76002 0.8400000000000001 0.8054600000000001 0.8800000000000001 0.83368 0.8776579999999999 0.8587400000000001 0.842342 0.8947999999999999 0.762342 0.9042 0.658829 0.9042 0.581171 0.90576 0.510601 0.9136 0.409399 0.9120199999999999 0.348228 0.8806799999999999 0.33645600000000003 0.8540399999999999 0.355285 0.83368 0.421171 0.8086 0.510601 0.78824 0.574114 0.7616 0.6023419999999999 0.75846 0.656456 0.76316 0.8188289999999999 0.76002 0.8400000000000001
13 0.1641 0.0026726696696696695 0.17134 0.0492492012012012 0.17754 0.0818619009009009 0.17858000000000002 0.09738739939939939 0.18374000000000001 0.102042 0.19202000000000002 0.11444399999999999 0.19512000000000002 0.133063 0.18891999999999998 0.133063 0.18891999999999998 0.153243 0.19613999999999998 0.168769 0.21166 0.182763 0.23234 0.187417 0.24888 0.185856 0.26336000000000004 0.178108 0.28506 0.164114 0.30368 0.13927900000000001 0.30368 0.116006 0.27782 0.131532 0.25922 0.10979000000000001 0.29954000000000003 0.0865164984984985 0.28816 0.0011411411411411411 0.1641 0.0026726696696696695
13 0.06688 0.19036 0.12142 0.186066 0.16016 0.145105 0.16448 0.106336 0.12142 0.142973 0.11712 0.110631 0.15586000000000003 0.0847747987987988 0.13863999999999999 0.0050450510510510515 0.02094 0.007207210210210211 0.0152 0.033063099099099096 0.045340000000000005 0.117117 0.04248 0.16021 0.06688 0.19036
13 0.6593600000000001 0.163724 0.6805599999999999 0.18018 0.72222 0.186757 0.7529 0.171411 0.76606 0.143964 0.7719 0.118739 0.7609400000000001 0.123123 0.7551 0.122012 0.74778 0.10774799999999998 0.74706 0.10336300000000001 0.76386 0.0890990990990991 0.7741 0.0781380990990991 0.7755599999999999 0.0638739009009009 0.7755599999999999 0.0397296996996997 0.7784800000000001 0.00021021021021021022 0.64986 0 0.64254 0.0814113993993994 0.65424 0.098979 0.67032 0.111051 0.6666599999999999 0.11543500000000001 0.6593600000000001 0.124204 0.64474 0.125315 0.6469400000000001 0.138468 0.6593600000000001 0.163724
13 0.1159 0.483123 0.10034 0.433754 0.08476 0.358438 0.07266 0.324685 0.06054 0.280511 0.04844 0.22597599999999998 0.0121 0.22855899999999998 0.00518 0.30390399999999995 0.02076 0.368829 0.04498 0.43117099999999997 0.0692 0.49351399999999995 0.07958 0.527267 0.1159 0.561051 0.1159 0.558438 0.12282 0.52988 0.1159 0.483123