74 0.9107810000000001 0.853932 0.939125 0.770798 0.9305 0.6674070000000001 0.886125 0.301111 0.8750310000000001 0.280912 0.845453 0.251681 0.759188 0.251681 0.660594 0.24045600000000003 0.5706249999999999 0.27641 0.5841719999999999 0.278661 0.563234 0.28988600000000003 0.518859 0.298889 0.478188 0.303362 0.451078 0.312365 0.442453 0.328091 0.42889099999999997 0.328091 0.400547 0.32583999999999996 0.395609 0.33034199999999997 0.380828 0.341567 0.35617200000000004 0.341567 0.336453 0.35729299999999997 0.319203 0.38202299999999995 0.304406 0.38202299999999995 0.29209399999999996 0.379772 0.255109 0.397749 0.24771899999999997 0.4 0.235391 0.4 0.221844 0.4 0.208281 0.417977 0.187328 0.431453 0.171313 0.43370400000000003 0.146656 0.44717900000000005 0.12693700000000002 0.45843300000000003 0.107219 0.462934 0.0998281 0.465157 0.0998281 0.624729 0.0985938 0.6292019999999999 0.7025 0.8741599999999999 0.9107810000000001 0.853932
50 0.6211409999999999 0.637493 0.620859 0.626439 0.6211409999999999 0.614587 0.616203 0.604815 0.6099840000000001 0.595812 0.608859 0.592479 0.598141 0.587322 0.596016 0.595299 0.594047 0.595299 0.593187 0.60302 0.597 0.604558 0.6002500000000001 0.6117659999999999 0.599266 0.616923 0.598984 0.625413 0.608437 0.6367240000000001 0.6211409999999999 0.637493
50 0.557547 0.614103 0.553641 0.612821 0.552219 0.6096010000000001 0.551516 0.607635 0.552578 0.595356 0.552578 0.587607 0.551859 0.58567 0.54725 0.575299 0.543703 0.577892 0.540516 0.579829 0.537328 0.586296 0.53625 0.596638 0.531297 0.6011679999999999 0.531641 0.607635 0.529156 0.613476 0.5181720000000001 0.641937 0.518516 0.650342 0.539453 0.6522789999999999 0.538734 0.63416 0.548672 0.634815 0.548672 0.6251 0.556125 0.614758 0.557547 0.614103
50 0.46623400000000004 0.643162 0.47303100000000003 0.640057 0.47303100000000003 0.625812 0.47946900000000003 0.6227349999999999 0.493734 0.622108 0.496109 0.609117 0.487625 0.596752 0.48795299999999997 0.588689 0.486937 0.5769230000000001 0.47946900000000003 0.574473 0.476422 0.576325 0.47439099999999995 0.5837319999999999 0.474047 0.594872 0.476422 0.603533 0.47439099999999995 0.609117 0.466922 0.622108 0.4625 0.640684 0.46623400000000004 0.643162
18 0.0019375 0.5179769999999999 0.0019375 0.557009 0.0033125000000000003 0.586068 0.0014843796875000002 0.603504 0.0083125 0.610969 0.0115 0.620085 0.0151406 0.6258969999999999 0.0351719 0.6242449999999999 0.0410937 0.6151 0.046093800000000004 0.587721 0.046093800000000004 0.575271 0.0447344 0.565299 0.037 0.560313 0.0269844 0.547037 0.0187812 0.529601 0.0119531 0.527123 0.0101406 0.514672 0.0033125000000000003 0.513846 0.0019375 0.5179769999999999
50 0.41403100000000004 0.632108 0.41840599999999994 0.629829 0.419656 0.617835 0.424047 0.612707 0.438141 0.6115670000000001 0.437516 0.593875 0.437828 0.569886 0.434375 0.5618799999999999 0.430312 0.56245 0.424984 0.5653279999999999 0.425609 0.58302 0.425609 0.594444 0.421234 0.5978629999999999 0.416531 0.602991 0.412141 0.615556 0.41151600000000005 0.621852 0.409328 0.629829 0.41403100000000004 0.632108
50 0.325359 0.611225 0.325359 0.566296 0.3155 0.568547 0.3155 0.590997 0.314266 0.597749 0.310578 0.617977 0.325359 0.617977 0.325359 0.611225
50 0.587984 0.58792 0.589922 0.59943 0.590172 0.6065240000000001 0.584578 0.613618 0.586047 0.635755 0.606687 0.635755 0.599641 0.626011 0.597938 0.6149290000000001 0.593562 0.603875 0.596969 0.593675 0.596484 0.57906 0.594547 0.57641 0.594781 0.575527 0.587734 0.5781769999999999 0.587984 0.58792
50 0.559812 0.578832 0.559812 0.5872930000000001 0.560391 0.596467 0.560781 0.600342 0.561156 0.601738 0.561937 0.603162 0.561937 0.604929 0.559422 0.607749 0.5572969999999999 0.6126780000000001 0.556516 0.614103 0.548969 0.625385 0.548 0.641624 0.548 0.6525639999999999 0.551094 0.658205 0.5582659999999999 0.661738 0.562125 0.655385 0.563297 0.649373 0.563875 0.5724790000000001 0.563875 0.571396 0.561156 0.573533 0.559812 0.578832
50 0.20018799999999998 0.580057 0.197922 0.586125 0.197 0.593191 0.197266 0.597322 0.20606200000000002 0.598291 0.208203 0.572991 0.20339100000000002 0.5761539999999999 0.20018799999999998 0.580057
50 0.21825 0.599573 0.226688 0.5998009999999999 0.227516 0.599573 0.227281 0.5632480000000001 0.225406 0.5632480000000001 0.224578 0.5656129999999999 0.224578 0.569886 0.224578 0.576296 0.22574999999999998 0.5788599999999999 0.22610899999999998 0.579915 0.223531 0.582707 0.221766 0.584615 0.219891 0.587407 0.21871900000000002 0.5908260000000001 0.218141 0.598718 0.21825 0.599573
75 0 0.523647 0.00571875 0.516154 0.0132031 0.529088 0.028328100000000002 0.5587179999999999 0.0391562 0.563846 0.044578099999999996 0.569972 0.046453100000000004 0.579174 0.0483125 0.591083 0.06381250000000001 0.596182 0.06792190000000001 0.594843 0.0733437 0.6013109999999999 0.0763281 0.597892 0.081375 0.588006 0.081 0.5740460000000001 0.08399999999999999 0.550199 0.08604690000000001 0.48208 0.0443906 0.48208 0.0244062 0.48208 0.0245938 0.451425 0.0225312 0.45076900000000003 0.0208594 0.45244999999999996 0.0197344 0.45621100000000003 0.0191719 0.46575500000000003 0.0197344 0.481083 0 0.48139600000000005 0 0.48208 0 0.523647