9 0.76125 0.6260659999999999 0.762172 0.629859 0.761016 0.633302 0.752969 0.635363 0.745828 0.644356 0.742844 0.658829 0.746297 0.673326 0.755266 0.677822 0.76425 0.673677 0.765859 0.665738 0.768391 0.65815 0.768625 0.65089 0.768844 0.645035 0.772297 0.650562 0.77575 0.6543559999999999 0.777828 0.654684 0.780813 0.656768 0.781734 0.661593 0.785656 0.669532 0.791859 0.671265 0.790953 0.672295 0.799922 0.664005 0.802687 0.655738 0.803375 0.640211 0.799 0.633302 0.794625 0.6277749999999999 0.787031 0.628829 0.785422 0.630211 0.783578 0.626393 0.784734 0.619508 0.785875 0.616066 0.786797 0.612951 0.789562 0.613981 0.791406 0.61192 0.790719 0.609508 0.789562 0.607424 0.786797 0.608126 0.784953 0.608454 0.7845 0.6098359999999999 0.783125 0.613302 0.782422 0.622951 0.780594 0.625714 0.778062 0.625714 0.781969 0.627447 0.781969 0.6301192612799698 0.7697646321778355 0.6253345899860245 0.769313 0.6233020000000001 0.759406 0.621218 0.76125 0.6260659999999999
16 0.8441089999999999 0.44943799999999995 0.805125 0.426956 0.557734 0.45393399999999995 0.54125 0.48089 0.48128099999999996 0.496628 0.479781 0.507869 0.47828100000000007 0.550562 0.48128099999999996 0.586511 0.52025 0.588759 0.54725 0.606745 0.577234 0.6337 0.583234 0.667424 0.602719 0.658431 0.734656 0.642693 0.758641 0.6337 0.761641 0.6247310000000001 0.757141 0.615738 0.755641 0.6 0.758641 0.582014 0.763141 0.564052 0.772141 0.5663 0.781141 0.582014 0.784125 0.597752 0.776641 0.6247310000000001 0.794625 0.6269559999999998 0.824609 0.6247310000000001 0.8515940000000001 0.629204 0.8620940000000001 0.6269559999999998 0.869594 0.6269559999999998 0.881594 0.6202339999999998 0.8890779999999999 0.615738 0.890578 0.501124 0.8980780000000002 0.45393399999999995 0.883094 0.45393399999999995 0.8441089999999999 0.44943799999999995
74 0.1055 0.591475 0.125812 0.595269 0.124547 0.614309 0.156281 0.602881 0.167703 0.587658 0.199453 0.583864 0.1945476001259245 0.4331258339601253 0.194375 0.427822 0.0940781 0.443044 0.1055 0.591475
74 0.224844 0.564824 0.22229700000000002 0.425925 0.209609 0.431639 0.215953 0.570539 0.224844 0.564824
74 0.278156 0.431639 0.236266 0.425925 0.237531 0.574333 0.278156 0.551499 0.278156 0.431639
74 0.0432969 0.600984 0.101688 0.593372 0.0851875 0.439251 0.00648438 0.45447300000000007 0.0153594 0.610492 0.0432969 0.600984
74 0.664813 0.37220099999999995 0.659234 0.38829 0.658402478932647 0.44127018572444116 0.652359 0.441733 0.658375 0.44302099999999994 0.7023079640369825 0.4379078698285668 0.741281 0.4333719999999999 0.735266 0.355457 0.664813 0.37220099999999995
74 0.650203 0.439813 0.632172 0.35997699999999994 0.613266 0.367049 0.600375 0.34452 0.501141 0.361265 0.500703 0.360609 0.475797 0.376066 0.49082799999999993 0.383162 0.417375 0.397963 0.4216559999999999 0.41147500000000004 0.395453 0.419204 0.398891 0.466206 0.43196899999999994 0.466862 0.431109 0.517728 0.474078 0.51644 0.4715 0.48166300000000006 0.451312 0.454614 0.453031 0.448173 0.63475 0.424356 0.650203 0.439813
50 0.306594 0.7895319999999999 0.314 0.78637 0.31559400000000004 0.788759 0.320344 0.7950820000000001 0.32564099999999996 0.797471 0.328281 0.7895319999999999 0.331453 0.776862 0.328813 0.759415 0.328281 0.747541 0.32193700000000003 0.747541 0.314531 0.750703 0.312953 0.756253 0.316125 0.761803 0.317266 0.766253 0.308453 0.787611 0.306594 0.7895319999999999
50 0.415344 0.544988 0.41612499999999997 0.54185 0.415078 0.544988 0.40618699999999996 0.543044 0.404359 0.542646 0.40175 0.546159 0.400437 0.551663 0.397828 0.557916 0.40121900000000005 0.560281 0.403578 0.565363 0.41298399999999996 0.562623 0.421875 0.563419 0.41951599999999994 0.552037 0.415344 0.544988
50 0.415078 0.574778 0.412203 0.571639 0.40959400000000007 0.571639 0.410109 0.573208 0.412203 0.582225 0.41298399999999996 0.586909 0.41639100000000007 0.588876 0.41899999999999993 0.5826 0.41951599999999994 0.57281 0.41951599999999994 0.57007 0.417172 0.573981 0.415078 0.574778
50 0.429859 0.589485 0.42810899999999996 0.594707 0.43332800000000005 0.594707 0.43475 0.591616 0.438703 0.583583 0.44312500000000005 0.593513 0.450547 0.589977 0.4455 0.581686 0.445969 0.576464 0.44375 0.561803 0.446594 0.558009 0.44423399999999996 0.546393 0.441547 0.540492 0.43839100000000003 0.534098 0.436172 0.53007 0.43332800000000005 0.526745 0.43064099999999994 0.5272129999999999 0.429531 0.530773 0.429531 0.5374 0.43128099999999997 0.540492 0.428437 0.552319 0.429375 0.558009 0.430328 0.5639339999999999 0.43379700000000004 0.573162 0.43237500000000006 0.575761 0.43017200000000005 0.591148 0.429859 0.589485
18 0.977781 0.52089 0.978375 0.539578 0.9852029999999999 0.546253 0.9932190000000001 0.551593 1 0.554262 0.9997339999999999 0.495527 0.988766 0.5013110000000001 0.977781 0.52089
50 0.753 0.619274 0.7618280000000001 0.5920139999999999 0.766781 0.599438 0.764031 0.61267 0.759625 0.6225759999999999 0.764578 0.625878 0.766781 0.6151519999999999 0.768437 0.619274 0.770641 0.6349650000000001 0.781672 0.647377 0.781672 0.6341450000000001 0.777266 0.621756 0.783875 0.605222 0.783875 0.598618 0.785531 0.5895320000000001 0.779469 0.585386 0.769547 0.5762999999999999 0.768437 0.563091 0.761266 0.559766 0.7552030000000001 0.564731 0.757969 0.579602 0.7568590000000001 0.597799 0.753547 0.608525 0.749688 0.61267 0.753 0.619274
16 0.238516 0.686089 0.252109 0.700913 0.252109 0.710187 0.243469 0.730562 0.224922 0.7601870000000001 0.207625 0.773162 0.207625 0.767611 0.20514100000000002 0.737963 0.20514100000000002 0.712037 0.19524999999999998 0.713888 0.189078 0.747237 0.187844 0.769461 0.177953 0.784286 0.175484 0.808361 0.169297 0.825035 0.169297 0.847283 0.17671900000000001 0.880609 0.192781 0.904707 0.21379700000000001 0.9232319999999999 0.234813 0.9232319999999999 0.238516 0.9325060000000001 0.254594 0.9399059999999999 0.278078 0.928782 0.29167200000000004 0.904707 0.292906 0.901007 0.344828 0.875059 0.35965600000000003 0.886183 0.448656 0.8639579999999999 0.45112500000000005 0.8787590000000001 0.479547 0.871358 0.48820300000000005 0.839859 0.538891 0.8213349999999999 0.587094 0.810211 0.572266 0.6527400000000001 0.5685469999999999 0.6230910000000001 0.556187 0.610141 0.543828 0.593466 0.512922 0.584192 0.47460899999999995 0.584192 0.294141 0.615691 0.243469 0.6490400000000001 0.238516 0.686089