79 0.692922 0.705771 0.692609 0.7278129999999999 0.7037340000000001 0.7579170000000001 0.713266 0.7685 0.712641 0.789271 0.707547 0.793521 0.6996089999999999 0.7956249999999999 0.696734 0.798604 0.697375 0.805375 0.700875 0.8100419999999999 0.712313 0.8134370000000001 0.732344 0.8113119999999999 0.739344 0.804104 0.739016 0.796896 0.7332970000000001 0.7909579999999999 0.725359 0.789687 0.7205779999999999 0.788417 0.719625 0.77275 0.722813 0.768937 0.725984 0.7608750000000001 0.74125 0.7358750000000001 0.7367969999999999 0.6938960000000001 0.733938 0.690521 0.718359 0.6892499999999999 0.699281 0.690083 0.692922 0.705771
79 0.9474219999999999 0.438646 0.9474219999999999 0.419896 0.9384840000000001 0.410958 0.9375160000000001 0.411396 0.925391 0.410958 0.9247499999999998 0.410958 0.9212339999999999 0.414792 0.920594 0.428833 0.926656 0.442042 0.934328 0.448437 0.936234 0.45225 0.940078 0.453958 0.941672 0.445437 0.9474219999999999 0.438646
79 0.849016 0.40275 0.8515309999999999 0.405271 0.8531090000000001 0.410521 0.8612970000000001 0.41512499999999997 0.8612970000000001 0.410521 0.864922 0.406938 0.865875 0.39939600000000003 0.864609 0.386375 0.852328 0.385313 0.849016 0.40275
79 0.7226090000000001 0.653125 0.718156 0.6887500000000001 0.730031 0.6907289999999999 0.7315159999999999 0.639271 0.741906 0.6234369999999999 0.743391 0.587812 0.737453 0.548229 0.704797 0.548229 0.701828 0.607604 0.716672 0.6353120000000001 0.7226090000000001 0.653125
79 0.259156 0.440062 0.26307800000000003 0.440542 0.263781 0.439583 0.267891 0.43364600000000003 0.26806199999999997 0.417479 0.258797 0.41652100000000003 0.253266 0.41793800000000003 0.253797 0.43268799999999996 0.25825 0.43935399999999997 0.259156 0.440062
26 0.463375 0.65125 0.47343799999999997 0.649875 0.479 0.639229 0.47829699999999997 0.586938 0.47482800000000003 0.582313 0.464766 0.580458 0.454359 0.581396 0.45365599999999995 0.588333 0.455047 0.647104 0.463375 0.65125
27 0.285875 0.682958 0.33799999999999997 0.6739999999999999 0.36995300000000003 0.721083 0.35314100000000004 0.779375 0.42712500000000003 0.779375 0.460766 0.81525 0.448984 0.922875 0.46748399999999996 0.938562 0.477578 0.965479 0.51625 0.940812 0.539797 0.965479 0.531391 0.987896 0.9736560000000001 0.9856459999999999 0.971969 0.972187 0.9921559999999999 0.952021 0.951797 0.759188 0.729828 0.660542 0.724781 0.6919369999999999 0.743281 0.700896 0.729828 0.7524580000000001 0.721406 0.786104 0.7399060000000001 0.804042 0.709641 0.8062710000000001 0.689469 0.797312 0.709641 0.781604 0.709641 0.7636869999999999 0.7029219999999999 0.761437 0.6793750000000001 0.770396 0.654141 0.754708 0.654141 0.67175 0.6491089999999999 0.633625 0.613797 0.617938 0.613797 0.714354 0.605375 0.768167 0.566703 0.761437 0.544844 0.7479790000000001 0.5330779999999999 0.725562 0.514578 0.7076250000000001 0.49607799999999996 0.7076250000000001 0.48262499999999997 0.6784789999999999 0.485984 0.608958 0.491031 0.588792 0.47926599999999997 0.60225 0.474219 0.6426040000000001 0.45235900000000007 0.644833 0.435531 0.629146 0.428812 0.595521 0.41200000000000003 0.575333 0.420406 0.5551670000000001 0.41031300000000004 0.5551670000000001 0.405266 0.591042 0.39517199999999997 0.608958 0.36828099999999997 0.593271 0.366594 0.5551670000000001 0.364906 0.541708 0.3565 0.5596460000000001 0.35314100000000004 0.5731040000000001 0.348094 0.5775830000000001 0.346406 0.595521 0.326234 0.60225 0.307734 0.5820620000000001 0.314469 0.5596460000000001 0.289234 0.561875 0.282516 0.5775830000000001 0.270734 0.5596460000000001 0.258969 0.5596460000000001 0.248875 0.5596460000000001 0.230375 0.564125 0.216922 0.694167 0.285875 0.682958
50 0.792141 0.689896 0.849437 0.5752710000000001 0.894937 0.532583 0.926969 0.467417 0.9235939999999999 0.382021 0.910109 0.355063 0.893266 0.305625 0.866297 0.294375 0.851125 0.310104 0.846063 0.35954200000000003 0.825844 0.36404200000000003 0.8072969999999999 0.417979 0.7887660000000001 0.5011249999999999 0.768547 0.6741670000000001 0.780344 0.676396 0.792141 0.689896
50 0.6403909999999999 0.576729 0.6252340000000001 0.61925 0.651547 0.635188 0.6650940000000001 0.534208 0.6690940000000001 0.477875 0.681844 0.478937 0.685828 0.495938 0.689813 0.500188 0.689813 0.507625 0.689813 0.554396 0.736859 0.550146 0.740844 0.504437 0.776719 0.478937 0.7663439999999999 0.377937 0.740844 0.34075 0.719313 0.332229 0.720906 0.301417 0.717719 0.26739599999999997 0.685828 0.264208 0.676266 0.279083 0.672281 0.31735399999999997 0.6786559999999999 0.34924999999999995 0.657922 0.362 0.641188 0.397083 0.641188 0.377937 0.642781 0.356687 0.637203 0.3365 0.626031 0.338625 0.617266 0.362 0.622844 0.385396 0.618062 0.457667 0.627625 0.473625 0.656328 0.458729 0.652344 0.490625 0.603719 0.491687 0.588562 0.494875 0.5869690000000001 0.549083 0.602922 0.5661039999999999 0.614078 0.586292 0.614078 0.595854 0.609297 0.611812 0.624437 0.617125 0.630016 0.591604 0.6252340000000001 0.544833 0.648359 0.539521 0.6403909999999999 0.576729
50 0.601094 0.322729 0.5945159999999999 0.30372899999999997 0.583 0.300083 0.5671090000000001 0.304458 0.556141 0.322 0.5566880000000001 0.34102099999999996 0.535297 0.358563 0.530359 0.38122900000000004 0.525984 0.403167 0.512813 0.434604 0.512813 0.466042 0.514469 0.479187 0.507891 0.48650000000000004 0.489797 0.520125 0.511719 0.519396 0.514469 0.581542 0.533656 0.570583 0.532562 0.527438 0.551203 0.522333 0.550656 0.564729 0.556141 0.561083 0.568203 0.512813 0.565453 0.476271 0.573688 0.468229 0.5786089999999999 0.471875 0.582453 0.49381200000000003 0.5945159999999999 0.49235399999999996 0.608219 0.459458 0.617547 0.40241699999999997 0.591234 0.372458 0.606031 0.360021 0.6038439999999999 0.32493700000000003 0.601094 0.322729
50 0.438063 0.4645 0.43498400000000004 0.430396 0.440109 0.459042 0.444203 0.476771 0.456484 0.495875 0.456484 0.524521 0.483078 0.5422499999999999 0.49740599999999996 0.524521 0.507641 0.483604 0.507641 0.471312 0.5168440000000001 0.444042 0.527078 0.41264599999999996 0.533219 0.38264600000000004 0.517875 0.362167 0.517875 0.35262499999999997 0.517875 0.32397899999999996 0.502516 0.291229 0.471828 0.2885 0.460562 0.30760400000000004 0.456484 0.35262499999999997 0.44726600000000005 0.358083 0.424766 0.379917 0.416578 0.420833 0.427828 0.43993699999999997 0.42884399999999995 0.461771 0.41453100000000004 0.48768700000000004 0.438063 0.4645
50 0.237812 0.532292 0.239828 0.537687 0.24726599999999999 0.555688 0.268859 0.555688 0.266156 0.516083 0.268187 0.497188 0.272906 0.46929200000000004 0.272906 0.42968799999999996 0.278984 0.424292 0.28506200000000004 0.432375 0.289109 0.460292 0.293844 0.494479 0.301938 0.485479 0.309359 0.474687 0.312063 0.463875 0.310719 0.450375 0.307344 0.433292 0.297219 0.40537500000000004 0.286406 0.38558299999999995 0.273594 0.372979 0.251984 0.363083 0.24726599999999999 0.353167 0.247938 0.329771 0.245906 0.313562 0.242531 0.300979 0.225656 0.29287500000000005 0.207437 0.303667 0.20406200000000002 0.311771 0.20540600000000003 0.321667 0.20540600000000003 0.330667 0.20878100000000002 0.343271 0.216203 0.36487499999999995 0.198656 0.374771 0.187172 0.381979 0.182453 0.402687 0.181781 0.422479 0.18110900000000002 0.453979 0.1865 0.482792 0.19528099999999998 0.497188 0.202703 0.5070830000000001 0.20607799999999998 0.526896 0.237812 0.532292
13 0.661281 0.7687080000000001 0.6833750000000001 0.770667 0.695172 0.766729 0.698859 0.758875 0.698125 0.7490629999999999 0.694438 0.708771 0.699594 0.6940419999999999 0.706219 0.674396 0.698125 0.619375 0.684125 0.567292 0.681906 0.486729 0.682641 0.47691700000000004 0.662016 0.47691700000000004 0.659062 0.540771 0.651703 0.603646 0.6480159999999999 0.6282080000000001 0.6457970000000001 0.6773330000000001 0.654641 0.761833 0.661281 0.7687080000000001
13 0.493078 0.7168119999999999 0.519437 0.718167 0.5234840000000001 0.712083 0.528047 0.636396 0.513859 0.5999169999999999 0.509297 0.5168130000000001 0.49560899999999997 0.515458 0.49510899999999997 0.597208 0.484469 0.6262709999999999 0.4875 0.7019369999999999 0.493078 0.7168119999999999
13 0.594391 0.557167 0.593406 0.545333 0.5855159999999999 0.526938 0.5786089999999999 0.482229 0.5756560000000001 0.469083 0.568766 0.47041700000000003 0.568766 0.508521 0.56975 0.524292 0.559891 0.536125 0.558906 0.561104 0.594391 0.557167
13 0.292469 0.486979 0.286719 0.45287499999999997 0.285109 0.420333 0.281422 0.418167 0.274969 0.418792 0.273359 0.42124999999999996 0.273125 0.437208 0.271281 0.456563 0.271516 0.47960400000000003 0.269672 0.494333 0.26875 0.502625 0.269906 0.54625 0.271047 0.553917 0.273578 0.5637500000000001 0.278422 0.5720419999999999 0.288781 0.573896 0.295469 0.5720419999999999 0.297078 0.569583 0.297078 0.562208 0.29639099999999996 0.5112289999999999 0.293391 0.490042 0.292469 0.486979
13 0.353172 0.49725 0.344484 0.480937 0.342125 0.441458 0.33303099999999997 0.440917 0.331062 0.48831199999999997 0.337781 0.49620800000000004 0.343703 0.57675 0.355938 0.574646 0.353172 0.49725
13 0.31740599999999997 0.486521 0.308953 0.49779199999999996 0.312797 0.581771 0.312797 0.589958 0.31740599999999997 0.60225 0.32431299999999996 0.605333 0.329688 0.60225 0.341219 0.60225 0.344281 0.599187 0.341984 0.594062 0.341984 0.5889380000000001 0.33890600000000004 0.496771 0.331234 0.48754200000000003 0.328156 0.45068800000000003 0.323547 0.45068800000000003 0.318172 0.454771 0.31740599999999997 0.486521
13 0.42728099999999997 0.551708 0.437953 0.543583 0.441 0.520563 0.442516 0.50025 0.449625 0.483313 0.441 0.469083 0.43743699999999996 0.441313 0.438453 0.429792 0.431844 0.427771 0.430328 0.433188 0.430328 0.47112499999999996 0.42423400000000006 0.48262499999999997 0.423719 0.5347919999999999 0.42676600000000003 0.548333 0.42728099999999997 0.551708
13 0.533297 0.579979 0.533578 0.605521 0.529344 0.6175630000000001 0.526813 0.629208 0.5285 0.636708 0.523984 0.715979 0.524547 0.722375 0.531031 0.729146 0.538359 0.731396 0.5377970000000001 0.6820419999999999 0.541469 0.615167 0.538078 0.5853750000000001 0.551328 0.5628329999999999 0.547937 0.525625 0.534141 0.5271250000000001 0.533297 0.579979
79 0.11204699999999998 0.541125 0.11243699999999998 0.541125 0.119953 0.527958 0.119953 0.527438 0.122313 0.503729 0.122313 0.502687 0.117188 0.483729 0.115609 0.469521 0.0954688 0.470562 0.0741406 0.471625 0.0697969 0.493729 0.07375 0.532687 0.0895469 0.547958 0.0919062 0.559542 0.102969 0.554292 0.11204699999999998 0.541125
79 0.0048125 0.329646 0.00240625 0.363146 0.0083906296875 0.390292 0.0167813 0.40225000000000005 0.0227656 0.410229 0.023953099999999998 0.403854 0.032343699999999996 0.396667 0.037718800000000004 0.361563 0.040718700000000004 0.32883300000000004 0.0077968703125 0.32725000000000004 0.0048125 0.329646
79 0.06554689999999999 0.4125 0.0699063 0.42012499999999997 0.0704531 0.42302100000000004 0.0696406 0.425208 0.06554689999999999 0.429917 0.06554689999999999 0.43064600000000003 0.0652812 0.431375 0.08051559999999999 0.429917 0.07725 0.42664599999999997 0.07507810000000001 0.42375 0.07725 0.415771 0.07834379999999999 0.405958 0.07725 0.391437 0.0630938 0.39327100000000004 0.0622812 0.403792 0.06554689999999999 0.4125
79 0.36809400000000003 0.6037079999999999 0.381922 0.6067710000000001 0.381922 0.5504370000000001 0.378844 0.5422499999999999 0.36425 0.544292 0.36809400000000003 0.6037079999999999
79 0.44712500000000005 0.376458 0.453078 0.381417 0.448625 0.388354 0.450844 0.38885400000000003 0.45401600000000003 0.38289599999999996 0.45773400000000003 0.38016700000000003 0.460703 0.365292 0.44749999999999995 0.364563 0.44712500000000005 0.376458
26 0.401266 0.59575 0.405797 0.59525 0.4061719999999999 0.543458 0.40278099999999994 0.542958 0.391469 0.544479 0.39825 0.59375 0.401266 0.59575
26 0.386188 0.537438 0.362797 0.541458 0.369219 0.600792 0.380531 0.607833 0.378266 0.5485 0.390328 0.545479 0.389578 0.537438 0.386188 0.537438
50 0.37078099999999997 0.31872900000000004 0.364047 0.32995800000000003 0.372469 0.36141700000000004 0.350562 0.381646 0.335391 0.406375 0.316859 0.458062 0.332016 0.46929200000000004 0.335391 0.444562 0.347187 0.449063 0.335391 0.48052100000000003 0.364047 0.509729 0.387641 0.467042 0.40449999999999997 0.503 0.433141 0.464792 0.42303100000000005 0.424354 0.42640599999999995 0.40187500000000004 0.40112500000000006 0.386146 0.411234 0.343438 0.39437500000000003 0.30525 0.37078099999999997 0.3075 0.37078099999999997 0.31872900000000004
50 0.0993906 0.466125 0.108859 0.471021 0.113062 0.479438 0.11884399999999999 0.513813 0.119906 0.5222289999999999 0.129375 0.5285420000000001 0.139359 0.5376460000000001 0.15776600000000002 0.552375 0.167766 0.647062 0.169344 0.654062 0.177234 0.670896 0.18143800000000002 0.7045619999999999 0.19775 0.705271 0.209313 0.698958 0.198797 0.6793119999999999 0.195641 0.668083 0.188797 0.59375 0.19301600000000002 0.600062 0.201953 0.6197079999999999 0.209313 0.6386459999999999 0.208266 0.660375 0.218266 0.658979 0.225094 0.595167 0.21720299999999998 0.576229 0.207734 0.544667 0.204578 0.534146 0.19617199999999999 0.508188 0.19195299999999998 0.490667 0.185125 0.48224999999999996 0.183547 0.46891700000000003 0.18143800000000002 0.45629200000000003 0.18090599999999998 0.429646 0.18143800000000002 0.430354 0.179859 0.425438 0.167234 0.388979 0.153031 0.381958 0.15040599999999998 0.37914600000000004 0.155141 0.37704200000000004 0.158828 0.367229 0.158828 0.35460400000000003 0.15776600000000002 0.339875 0.15725 0.33077100000000004 0.14725 0.31604200000000005 0.138313 0.310417 0.135672 0.304104 0.111484 0.29920800000000003 0.100969 0.313937 0.0957031 0.34550000000000003 0.0935938 0.36020800000000003 0.0925469 0.365833 0.0951719 0.37704200000000004 0.0962344 0.389667 0.094125 0.39247899999999997 0.0851875 0.401604 0.0820312 0.413521 0.0983281 0.466812 0.0993906 0.466125
50 0.373312 0.895271 0.336156 0.825458 0.278719 0.789417 0.153719 0.895271 0.06925 0.863729 0.05743750000000001 0.845729 0.0337812 0.780396 0.0016875000000000002 0.721854 0 0.985354 0.307437 0.987604 0.415547 0.987604 0.417234 0.967333 0.402031 0.942562 0.373312 0.895271
50 0.025281199999999997 0.651687 0.0117969 0.723604 0.0657344 0.8494379999999999 0.15337499999999998 0.889896 0.2545 0.7910210000000001 0.303375 0.779771 0.34550000000000003 0.817979 0.364047 0.885396 0.438203 0.979771 0.470219 0.8247289999999999 0.43145300000000003 0.775271 0.362359 0.7685420000000001 0.37415600000000004 0.725833 0.353938 0.685396 0.311797 0.6786460000000001 0.133141 0.728083 0.0370781 0.651687 0.0404531 0.642687 0 0.5415829999999999 0.025281199999999997 0.651687
79 0.549219 0.353646 0.550156 0.357396 0.548281 0.36114599999999997 0.544531 0.358646 0.540781 0.359271 0.5393749999999999 0.364896 0.542188 0.372375 0.546406 0.374875 0.5506249999999999 0.37174999999999997 0.550109 0.366271 0.549859 0.364583 0.552609 0.362583 0.554125 0.36158300000000004 0.5578909999999999 0.36158300000000004 0.5626559999999999 0.36158300000000004 0.564719 0.360479 0.563656 0.35693800000000003 0.560484 0.350562 0.559422 0.34774999999999995 0.559047 0.34552099999999997 0.5506249999999999 0.351146 0.549219 0.353646
22 0.957359 0.759813 0.967297 0.8071870000000001 0.9758279999999999 0.755396 0.980094 0.7415 0.9767810000000001 0.733917 0.972031 0.71875 0.972516 0.7004370000000001 0.9767810000000001 0.6884370000000001 0.9834059999999999 0.680854 0.9905160000000001 0.679604 0.9999840000000001 0.684021 1 0.613917 0.9928750000000001 0.613917 0.9611409999999999 0.6095 0.900984 0.6492920000000001 0.900984 0.6518130000000001 0.903344 0.678333 0.9028750000000001 0.732646 0.957359 0.759813
13 0.583047 0.767396 0.611109 0.7602709999999999 0.617781 0.7050420000000001 0.609766 0.601688 0.599078 0.569625 0.5643279999999999 0.560708 0.538938 0.603479 0.533594 0.749583 0.583047 0.767396
79 0.0008281250000000001 0.7223539999999999 0.005453129687500001 0.718812 0.0107344 0.704729 0.0199844 0.6659579999999999 0.0173437 0.628979 0.0027968703125 0.583167 0.0008281250000000001 0.7223539999999999
41 0.453031 0.679833 0.45514099999999996 0.675229 0.466781 0.6741879999999999 0.47314100000000003 0.6709999999999999 0.447469 0.670646 0.40379699999999996 0.6777080000000001 0.40195299999999995 0.6829999999999999 0.40485899999999997 0.690063 0.453031 0.679833
50 0.876938 0.5491879999999999 0.854594 0.557604 0.846344 0.5854370000000001 0.848781 0.612 0.8477969999999999 0.623646 0.833719 0.6482500000000001 0.823516 0.658625 0.791469 0.6910000000000001 0.852656 0.7123539999999999 0.861406 0.7000620000000001 0.86675 0.7123539999999999 0.873062 0.713 0.868688 0.722729 0.887141 0.729854 0.903656 0.7285419999999999 0.905594 0.722729 0.904625 0.7136669999999999 0.9041410000000001 0.6994170000000001 0.903172 0.689688 0.905109 0.6722079999999999 0.899766 0.6515000000000001 0.907047 0.6463129999999999 0.9240470000000001 0.6353120000000001 0.9517340000000001 0.6158750000000001 0.963391 0.606812 0.997875 0.6113540000000001 0.999812 0.552417 0.9988440000000001 0.497375 1 0.424854 0.994953 0.438437 0.981844 0.422896 0.9677659999999999 0.396354 0.955141 0.387292 0.940078 0.37562500000000004 0.9289059999999999 0.38016700000000003 0.920172 0.38987499999999997 0.9153119999999999 0.402833 0.9138590000000001 0.413188 0.919687 0.413833 0.9289059999999999 0.40606200000000003 0.931828 0.407375 0.943 0.41966699999999996 0.9536720000000001 0.44104200000000005 0.9682499999999999 0.467583 0.975047 0.48054199999999997 0.977953 0.484417 0.969219 0.499312 0.9599840000000001 0.513563 0.950766 0.520687 0.944828 0.5268539999999999 0.9425000000000001 0.538167 0.905109 0.546583 0.876938 0.5491879999999999
79 0.639078 0.33033300000000004 0.640922 0.328625 0.645172 0.324854 0.649297 0.318417 0.65 0.31275 0.650563 0.295167 0.647156 0.290813 0.644609 0.289104 0.641344 0.288729 0.634266 0.288917 0.629859 0.291958 0.629297 0.295167 0.628437 0.301583 0.627734 0.312938 0.630281 0.322396 0.633969 0.328625 0.634406 0.334313 0.637953 0.3345 0.639078 0.33033300000000004