9 0.599759 0.642609 0.566761 0.582641 0.560766 0.544109 0.560766 0.514125 0.55477 0.511984 0.506805 0.526969 0.479803 0.541969 0.464814 0.563375 0.485799 0.578359 0.488796 0.623328 0.569781 0.627609 0.575777 0.696141 0.575777 0.74325 0.632735 0.751812 0.614748 0.691859 0.599759 0.642609
9 0.836674 0.760375 0.860656 0.777516 0.899628 0.781797 0.929628 0.84175 0.956608 0.8760160000000001 0.9926040000000002 0.918844 0.9986 0.44989099999999993 0.968621 0.456313 0.977615 0.467016 0.989606 0.471297 0.989606 0.535531 0.839672 0.497 0.836674 0.505563 0.827659 0.518406 0.974617 0.556953 0.872648 0.721828 0.806674 0.597641 0.785689 0.631906 0.833676 0.726109 0.806674 0.762516 0.806674 0.775375 0.836674 0.760375
50 0.667155 0.987016 0.787374 0.989156 0.8144199999999999 0.954828 0.823435 0.8968909999999999 0.820438 0.845391 0.8264330000000001 0.832516 0.805405 0.735938 0.775339 0.6265 0.8114220000000001 0.570703 0.832451 0.517062 0.8835449999999999 0.44409400000000004 0.89256 0.33035899999999996 0.886543 0.23809399999999997 0.865514 0.188734 0.823435 0.17585900000000002 0.715252 0.1265 0.706236 0.111484 0.7272649999999999 0.0685625 0.709234 0.0642656 0.6942010000000001 0.025640600000000003 0.628096 0.0063281203125 0.586018 0.0385156 0.555974 0.07285939999999999 0.577002 0.117922 0.610066 0.143672 0.619081 0.16728099999999999 0.561969 0.21878099999999998 0.577002 0.30032800000000004 0.516893 0.336797 0.44778999999999997 0.341094 0.42674 0.353969 0.41170700000000005 0.381859 0.477834 0.366844 0.577002 0.338953 0.598031 0.353969 0.577002 0.424781 0.558972 0.484875 0.567987 0.572859 0.598031 0.654406 0.6250979999999999 0.701609 0.646127 0.761688 0.6250979999999999 0.8196410000000001 0.5469579999999999 0.856109 0.555974 0.8968909999999999 0.700219 0.868984 0.667155 0.987016
36 0.279869 0.858125 0.289147 0.81175 0.270591 0.780266 0.250875 0.744656 0.20216599999999998 0.728094 0.09080959956236323 0.726438 0.04789929978118162 0.734719 0.01658640043763676 0.786078 0.013107199124726476 0.795188 0.027024100656455143 0.81175 0.053697999999999996 0.829969 0.11748399999999999 0.8664059999999999 0.123282 0.8722030000000001 0.1314 0.873859 0.20216599999999998 0.892078 0.279869 0.858125
36 0.436718 0.337625 0.515689 0.329562 0.522451 0.295734 0.5563020000000001 0.29895299999999997 0.554048 0.279625 0.511182 0.23450000000000001 0.45702400000000004 0.21678099999999997 0.36901500000000004 0.20873400000000003 0.321641 0.213563 0.29455099999999995 0.231281 0.28553599999999996 0.24095300000000003 0.28553599999999996 0.334406 0.28553599999999996 0.344062 0.434464 0.348906 0.436718 0.337625
65 0.253523 0.619047 0.248271 0.620922 0.232495 0.63875 0.21540499999999999 0.667844 0.212779 0.725078 0.248271 0.741969 0.264026 0.7550939999999999 0.27849 0.788875 0.285055 0.789813 0.29293199999999997 0.7485310000000001 0.30477 0.732578 0.513698 0.738203 0.529475 0.766359 0.526849 0.805766 0.5373519999999999 0.805766 0.564945 0.8020160000000001 0.576761 0.787 0.574136 0.649078 0.5701970000000001 0.635 0.553129 0.622797 0.49267 0.618109 0.45063499999999995 0.615297 0.42698 0.607781 0.395427 0.607781 0.35733000000000004 0.6115470000000001 0.264026 0.6162340000000001 0.253523 0.619047
50 1 0.122063 0.9836320000000001 0.12687500000000002 0.9954270000000001 0.173844 0.9870019999999999 0.18468800000000002 0.975186 0.190703 0.9701310000000001 0.199125 0.9701310000000001 0.20274999999999999 0.963392 0.197922 0.944836 0.200344 0.939781 0.20635900000000001 0.9431510000000001 0.223219 0.927965 0.242484 0.927965 0.258141 0.944836 0.271391 0.965077 0.267781 0.965077 0.283422 0.954967 0.312328 0.946521 0.350859 0.9482060000000001 0.39782799999999996 0.938096 0.45564099999999996 0.9414659999999999 0.477313 0.907746 0.485734 0.911116 0.492969 0.9515750000000001 0.501391 1 0.5037969999999999 1 0.358094 1 0.122063
65 0.05544859956236324 0.72725 0.012975899343544858 0.782031 0.011597400437636761 0.798656 0.132144 0.873969 0.17461700000000002 0.892563 0.275974 0.8641880000000001 0.288315 0.787891 0.245842 0.731156 0.06914659956236324 0.724313 0.05544859956236324 0.72725
65 0.16503299999999999 0.682359 0.16969399999999998 0.693141 0.215033 0.6906559999999999 0.22199100000000002 0.653297 0.251072 0.6176090000000001 0.36965 0.6117969999999999 0.460306 0.615938 0.475427 0.613453 0.481247 0.573609 0.463807 0.563641 0.445208 0.561984 0.432407 0.570281 0.42428899999999997 0.5885469999999999 0.146433 0.581078 0.141794 0.6790309999999999 0.16503299999999999 0.682359
65 0.42 0.862703 0.519781 0.855859 0.532079 0.769984 0.5143110000000001 0.7358279999999999 0.305208 0.7358279999999999 0.299737 0.739734 0.295624 0.787547 0.29153199999999996 0.808047 0.30247300000000005 0.856844 0.310678 0.862703 0.410438 0.8646559999999999 0.42 0.862703
65 0.311554 0.20673400000000003 0.48779 0.220219 0.525558 0.24493700000000002 0.512976 0.175281 0.261204 0.177531 0.251772 0.238203 0.276937 0.262922 0.311554 0.20673400000000003
65 0.443742 0.346062 0.519256 0.330344 0.560175 0.312359 0.547593 0.251688 0.5224070000000001 0.229219 0.44687099999999996 0.220219 0.311554 0.20673400000000003 0.276937 0.260672 0.286389 0.341578 0.443742 0.346062
65 0.05787749890590809 0.269188 0.063151 0.276719 0.0684245010940919 0.28676599999999997 0.07192559956236323 0.345766 0.13698 0.34325 0.284661 0.34199999999999997 0.272363 0.24659399999999998 0.149278 0.256625 0.073698 0.257891 0.05787749890590809 0.269188
65 0.02522980087527352 0.766891 0.047308501094091904 0.739859 0.217637 0.733109 0.205011 0.694813 0.06308529978118162 0.690312 0.018927800875273522 0.728609 0.02522980087527352 0.766891