54 0.609924 0.41139099999999995 0.58443 0.437906 0.58443 0.439562 0.617975 0.461094 0.636759 0.437906 0.640785 0.419688 0.609924 0.41139099999999995
54 0.48108900000000004 0.529016 0.4797469999999999 0.550547 0.49316499999999996 0.555516 0.517342 0.546406 0.524051 0.548063 0.529418 0.547234 0.571013 0.5025 0.556253 0.500016 0.521367 0.484281 0.48243 0.519891 0.48108900000000004 0.529016
22 0.873418 0.159266 0.8653670000000001 0.14104699999999998 0.8412149999999999 0.13442199999999999 0.788861 0.136078 0.762025 0.14104699999999998 0.749949 0.17665599999999998 0.744582 0.20564100000000002 0.7003039999999999 0.21143800000000001 0.713722 0.233812 0.729823 0.242922 0.770076 0.24375 0.8532909999999999 0.242922 0.892203 0.23629699999999998 0.898911 0.219734 0.893544 0.212281 0.8653670000000001 0.213109 0.866709 0.182453 0.873418 0.159266
22 0.47557000000000005 0.12825 0.489342 0.13920300000000002 0.48146799999999995 0.14650000000000002 0.48344299999999996 0.153781 0.49918999999999997 0.175672 0.5110129999999999 0.23282799999999998 0.542557 0.244984 0.5484559999999999 0.22675 0.534658 0.22675 0.5228349999999999 0.17810900000000002 0.505114 0.156219 0.49918999999999997 0.11243700000000001 0.47557000000000005 0.110016 0.47557000000000005 0.12825
22 0.873443 0.167875 0.8959239999999999 0.22895300000000002 0.9184300000000001 0.226187 0.92519 0.32475 0.956658 0.328922 0.956658 0.18731199999999998 0.972405 0.10262500000000001 0.95443 0.09290620000000001 0.9206840000000001 0.160938 0.891443 0.160938 0.873443 0.167875
22 0.8736200000000001 0.157578 0.892962 0.10387500000000001 0.87243 0.103125 0.8639490000000001 0.138922 0.8736200000000001 0.157578
27 0.604051 0.183047 0.626886 0.190625 0.6257038100880905 0.2091597461954416 0.5744161218152284 0.21348341527233958 0.574177 0.21882799999999997 0.5498579719850515 0.21561603425656997 0.544304 0.24268799999999996 0.546051 0.311016 0.556582 0.312094 0.575924 0.307766 0.618101 0.328359 0.656759 0.327281 0.6552193636386453 0.2066715177244074 0.6549869999999999 0.188469 0.749899 0.186297 0.751646 0.160266 0.597013 0.167859 0.604051 0.183047
27 0.946684 0.162437 0.871139 0.167859 0.871139 0.188469 0.915063 0.188469 0.9256199999999999 0.333797 0.932633 0.333797 0.950203 0.330531 0.946684 0.162437
54 0.473342 0.5154219999999999 0.49197500000000005 0.5100469999999999 0.514962 0.48589099999999996 0.477671 0.47401600000000005 0.468987 0.47515599999999997 0.44103800000000004 0.503922 0.465266 0.515797 0.473342 0.5154219999999999
50 0.450304 0.9065 0.353519 0.870125 0.34508900000000003 0.851953 0.38719000000000003 0.838969 0.38719000000000003 0.833766 0.34929099999999996 0.8129839999999999 0.378759 0.761031 0.420835 0.6779219999999999 0.311418 0.558437 0.366127 0.558437 0.39559500000000003 0.467531 0.46293700000000004 0.47792199999999996 0.49238000000000004 0.472734 0.5723539999999999 0.5065000000000001 0.618633 0.46493799999999996 0.576557 0.43635900000000005 0.479772 0.420781 0.41243 0.376625 0.429266 0.311688 0.420835 0.24415599999999998 0.391392 0.202594 0.45450599999999997 0.189609 0.47554399999999997 0.16103099999999998 0.49238000000000004 0.12987500000000002 0.47134200000000004 0.1065 0.46713899999999997 0.051953099999999995 0.538684 0.0337656 0.48397500000000004 0.005187499999999999 0.19359500000000002 0 0.14729099999999998 0.0337656 0.109418 0.070125 0.10101299999999999 0.0909062 0.105215 0.101297 0.12205099999999999 0.11948399999999999 0.15149400000000002 0.124672 0.16832899999999998 0.12987500000000002 0.16832899999999998 0.14804699999999998 0.239873 0.179219 0.214633 0.215578 0.19359500000000002 0.257141 0.07154430126582279 0.503891 0.0673418 0.542859 0.08837970126582279 0.574031 0.117848 0.594812 0.15149400000000002 0.612984 0.185165 0.6337659999999999 0.23567100000000002 0.664937 0.248304 0.6727339999999999 0.218835 0.722078 0.218835 0.748047 0.214633 0.789609 0.214633 0.8 0.19359500000000002 0.792203 0.19359500000000002 0.838969 0.185165 0.854547 0.185165 0.857141 0.18939199999999998 0.870125 0.21043 0.8805160000000001 0.21043 0.896109 0.21043 0.903891 0.223038 0.927266 0.433468 0.9376559999999999 0.450304 0.9065
22 0.578709 0.167687 0.556076 0.106766 0.539646 0.106766 0.535519 0.109312 0.549924 0.16896899999999998 0.578709 0.167687