50 0.22645300000000002 0.908521 0.24371900000000002 0.9030210000000001 0.239594 0.8905 0.238078 0.8619789999999999 0.244844 0.859479 0.27937500000000004 0.8544579999999999 0.28276599999999996 0.8354370000000001 0.283891 0.803396 0.278625 0.784875 0.2685 0.775875 0.26887500000000003 0.765354 0.259859 0.754854 0.24821900000000002 0.762354 0.24821900000000002 0.7698750000000001 0.253484 0.784875 0.245219 0.796396 0.241844 0.823937 0.23507799999999998 0.827938 0.235828 0.8334379999999999 0.24259400000000003 0.8384370000000001 0.22381299999999998 0.842958 0.222688 0.850958 0.22343799999999997 0.8855000000000001 0.230203 0.895521 0.226078 0.9030210000000001 0.22645300000000002 0.908521
50 0.914062 0.8768119999999999 0.924109 0.872354 0.932484 0.856729 0.932484 0.8299369999999999 0.932484 0.792 0.934156 0.771917 0.922438 0.7518119999999999 0.922438 0.722812 0.9090469999999999 0.711646 0.902344 0.7295 0.902344 0.742896 0.8889530000000001 0.762979 0.878906 0.778604 0.878906 0.803167 0.8839219999999999 0.836646 0.887281 0.870125 0.902344 0.896917 0.9073589999999999 0.9236869999999999 0.9274530000000001 0.9393119999999999 0.9123910000000001 0.899146 0.914062 0.8768119999999999
50 0.8702970000000001 0.811771 0.874547 0.810833 0.877391 0.8079999999999999 0.879516 0.8004370000000001 0.880937 0.794771 0.880937 0.776833 0.880937 0.762646 0.877391 0.762646 0.871016 0.771146 0.872422 0.791 0.8667659999999999 0.797604 0.863922 0.810833 0.863922 0.814604 0.865391 0.832583 0.8702970000000001 0.811771
50 0.606609 0.827333 0.5969059999999999 0.821792 0.589609 0.829646 0.5882189999999999 0.85325 0.585453 0.8782289999999999 0.593078 0.8847079999999999 0.603141 0.8870210000000001 0.6145940000000001 0.888417 0.613906 0.863896 0.606609 0.827333
50 0.6750160000000001 0.872 0.682203 0.8741249999999999 0.686984 0.836917 0.692562 0.836917 0.692562 0.8698750000000001 0.700531 0.8741249999999999 0.706109 0.845437 0.703719 0.814604 0.712484 0.7912079999999999 0.7092970000000001 0.772083 0.696547 0.760396 0.698141 0.7476459999999999 0.690172 0.73275 0.679797 0.7348750000000001 0.6805939999999999 0.7497710000000001 0.670234 0.768896 0.667844 0.775271 0.667047 0.803979 0.669438 0.819917 0.6774060000000001 0.843313 0.675812 0.870938 0.6750160000000001 0.872
50 0.413891 0.8024789999999999 0.413891 0.8071459999999999 0.41325 0.811417 0.41260899999999995 0.818646 0.41325 0.827167 0.416437 0.828875 0.419953 0.828437 0.419953 0.8250419999999999 0.419313 0.818646 0.41867200000000004 0.812687 0.41964100000000004 0.8101459999999999 0.420922 0.8024789999999999 0.420281 0.798646 0.419313 0.7935420000000001 0.41612499999999997 0.790979 0.415813 0.796521 0.41453100000000004 0.797354 0.413891 0.8024789999999999
50 0.540578 0.770875 0.538672 0.7717080000000001 0.537406 0.774813 0.538672 0.7781870000000001 0.5367810000000001 0.781542 0.536359 0.783521 0.5367810000000001 0.7874580000000001 0.536359 0.7941870000000001 0.536359 0.7953119999999999 0.537406 0.797562 0.536562 0.801771 0.534672 0.807396 0.534672 0.809083 0.537625 0.8037500000000001 0.539937 0.7986869999999999 0.539937 0.7956040000000001 0.540781 0.801771 0.541625 0.807396 0.542891 0.8096460000000001 0.543313 0.8096460000000001 0.543313 0.806542 0.542469 0.793917 0.542469 0.789979 0.5437339999999999 0.785208 0.543313 0.7840830000000001 0.544781 0.7840830000000001 0.544578 0.782667 0.543313 0.779854 0.543516 0.779021 0.541625 0.7765000000000001 0.542469 0.772271 0.540578 0.770875
50 0.375688 0.889938 0.396719 0.8819370000000001 0.391141 0.8590420000000001 0.39885899999999996 0.847604 0.397141 0.833292 0.395 0.828146 0.38384399999999996 0.813271 0.378688 0.800667 0.366672 0.796104 0.360672 0.8149789999999999 0.35465599999999997 0.826417 0.352078 0.833854 0.345219 0.839583 0.352078 0.8412919999999999 0.355953 0.85675 0.35293800000000003 0.865333 0.348219 0.8779170000000001 0.36581199999999997 0.8865 0.375688 0.889938
8 0.298609 0.9022290000000001 0.298609 0.897708 0.29715600000000003 0.868021 0.302969 0.868021 0.304906 0.8951250000000001 0.312172 0.901583 0.33926599999999996 0.893208 0.33635899999999996 0.8609380000000001 0.349922 0.857708 0.35185900000000003 0.853833 0.34750000000000003 0.847375 0.327656 0.839646 0.28409399999999996 0.8428540000000001 0.280219 0.850604 0.24489100000000003 0.857708 0.24634399999999998 0.8654580000000001 0.25940599999999997 0.8731880000000001 0.261344 0.898354 0.298609 0.9022290000000001
50 0.171766 0.850167 0.172266 0.855146 0.172266 0.856479 0.166797 0.861771 0.166047 0.863104 0.179984 0.8660829999999999 0.181219 0.8829999999999999 0.165547 0.8859999999999999 0.166297 0.891958 0.165547 0.899938 0.164047 0.9035829999999999 0.165547 0.9108750000000001 0.16853100000000001 0.9078959999999999 0.16978100000000002 0.906562 0.170031 0.910542 0.17450000000000002 0.906896 0.188938 0.899271 0.193906 0.893625 0.194406 0.889313 0.19292199999999998 0.886979 0.190672 0.8820209999999999 0.184453 0.877708 0.185453 0.874708 0.189688 0.8737290000000001 0.190672 0.869729 0.18843700000000002 0.863771 0.184453 0.860125 0.181219 0.857125 0.18171900000000002 0.849167 0.18171900000000002 0.842542 0.18071900000000002 0.838896 0.177484 0.838562 0.174 0.8432080000000001 0.172266 0.844854 0.171766 0.850167
8 0.08126560000000001 0.941875 0.08745309999999999 0.939896 0.0983594 0.938729 0.11042199999999999 0.9355829999999999 0.108656 0.897104 0.12456199999999999 0.892792 0.123969 0.929292 0.12456199999999999 0.9312710000000001 0.146063 0.9304790000000001 0.16403099999999998 0.924979 0.164328 0.88925 0.181703 0.8837499999999999 0.180516 0.866479 0.161375 0.8629370000000001 0.0494687 0.8755000000000001 0.0485781 0.8982709999999999 0.06920309999999999 0.899458 0.0677188 0.9277289999999999 0.0680156 0.936771 0.08126560000000001 0.941875
40 0.325547 0.355479 0.328156 0.356479 0.32984399999999997 0.356479 0.332266 0.358208 0.337484 0.35672899999999996 0.339719 0.35920799999999997 0.342516 0.363188 0.34735900000000003 0.366167 0.381641 0.3925 0.3835 0.39027100000000003 0.37978100000000004 0.388271 0.35965600000000003 0.37287499999999996 0.344562 0.360458 0.344562 0.357958 0.348094 0.35522899999999996 0.350344 0.34604199999999996 0.35592199999999996 0.34454199999999996 0.358344 0.34008299999999997 0.350344 0.338833 0.343438 0.339333 0.329281 0.33858299999999997 0.326297 0.342813 0.32667199999999996 0.349271 0.325734 0.353 0.325547 0.355479
40 0.639078 0.536312 0.648313 0.535208 0.6465 0.532146 0.646172 0.529292 0.652438 0.530375 0.656391 0.5314789999999999 0.654094 0.525771 0.648969 0.524229 0.642375 0.5244380000000001 0.6377659999999999 0.527958 0.637437 0.532792 0.63925 0.535438 0.639078 0.536312
40 0.5702659999999999 0.519542 0.5752659999999999 0.512854 0.561562 0.502604 0.556891 0.5057079999999999 0.557219 0.510625 0.563906 0.521771 0.5702659999999999 0.519542
40 0.44525 0.630958 0.449078 0.623792 0.447547 0.612521 0.44446899999999995 0.606375 0.432188 0.6012500000000001 0.416047 0.5981869999999999 0.416047 0.600229 0.420656 0.6155830000000001 0.4245 0.631979 0.43295300000000003 0.624813 0.44446899999999995 0.6329999999999999 0.44525 0.630958
40 0.623297 0.452042 0.619953 0.452833 0.617922 0.455729 0.618938 0.458646 0.623297 0.459229 0.627672 0.45981299999999997 0.630141 0.462917 0.6381560000000001 0.46989600000000004 0.639313 0.464667 0.642219 0.464854 0.642375 0.454187 0.640766 0.452625 0.640766 0.449146 0.637281 0.44835400000000003 0.6324690000000001 0.447979 0.624906 0.450292 0.623297 0.452042
40 0.6716719999999999 0.567875 0.675531 0.5706249999999999 0.689953 0.580229 0.702328 0.581771 0.705156 0.582646 0.7095309999999999 0.5901879999999999 0.709797 0.597229 0.714687 0.6005 0.726656 0.624708 0.7322029999999999 0.630188 0.732703 0.634146 0.733484 0.642042 0.734906 0.633458 0.7322029999999999 0.625208 0.723313 0.613021 0.719313 0.6051249999999999 0.715328 0.599292 0.711719 0.587438 0.7075940000000001 0.582812 0.7059219999999999 0.5785210000000001 0.698844 0.5785210000000001 0.687906 0.5757709999999999 0.685063 0.571833 0.680688 0.568042 0.675406 0.565479 0.672187 0.5598120000000001 0.6689689999999999 0.561875 0.6687190000000001 0.565646 0.6716719999999999 0.567875
40 0.589109 0.40858300000000003 0.588094 0.399792 0.585047 0.393042 0.575422 0.39237500000000003 0.570859 0.403187 0.574406 0.40791700000000003 0.577953 0.40925 0.588094 0.41397900000000004 0.589109 0.40858300000000003
40 0.8874380000000001 0.565687 0.892984 0.5872080000000001 0.9060940000000001 0.595938 0.925766 0.5972919999999999 0.930813 0.622854 0.941406 0.6322709999999999 0.933344 0.618146 0.934844 0.61075 0.929813 0.595938 0.935359 0.594604 0.942922 0.609396 0.9691560000000001 0.63025 0.978734 0.63025 0.961078 0.616792 0.9530160000000001 0.599313 0.9918440000000001 0.627563 0.9948750000000001 0.626208 0.985797 0.618146 0.956031 0.591917 0.939391 0.5825 0.9676410000000001 0.585187 0.9893280000000001 0.609396 0.996391 0.608063 0.9852969999999999 0.5999789999999999 0.9711719999999999 0.581146 0.961078 0.576438 0.9772190000000001 0.573083 0.991344 0.5804790000000001 0.9852969999999999 0.57375 0.9772190000000001 0.565 0.9661250000000001 0.567021 0.9535159999999999 0.5589580000000001 0.936875 0.562313 0.935359 0.567708 0.918703 0.55425 0.8990309999999999 0.5508959999999999 0.889953 0.564333 0.8874380000000001 0.565687
40 0.455844 0.523729 0.463875 0.525062 0.47657800000000006 0.5277499999999999 0.483922 0.527292 0.500312 0.524625 0.5110159999999999 0.5290830000000001 0.5220469999999999 0.538438 0.53275 0.536208 0.5330779999999999 0.533104 0.518031 0.523729 0.506 0.517042 0.469219 0.516167 0.46253099999999997 0.51125 0.455172 0.5032289999999999 0.441125 0.502792 0.435109 0.504563 0.430438 0.511708 0.43343699999999996 0.520625 0.455516 0.522396 0.455844 0.523729
40 0.46767200000000003 0.626062 0.467328 0.624917 0.465266 0.6189579999999999 0.463375 0.6221669999999999 0.45839100000000005 0.6223960000000001 0.45564099999999996 0.629958 0.46096899999999996 0.636833 0.464234 0.638896 0.47231199999999995 0.632938 0.49121899999999996 0.633167 0.504625 0.635229 0.525766 0.632938 0.529031 0.628354 0.5274840000000001 0.6184999999999999 0.522328 0.617125 0.5168280000000001 0.613229 0.512359 0.6150629999999999 0.510469 0.620792 0.512016 0.625833 0.498781 0.6269790000000001 0.47231199999999995 0.629042 0.46767200000000003 0.626062
40 0.828 0.294313 0.820703 0.296292 0.823891 0.305271 0.8291090000000001 0.30975 0.839766 0.33339599999999997 0.8446089999999999 0.337146 0.8306089999999999 0.3075 0.833219 0.303521 0.828547 0.295792 0.828 0.294313
2 0.988141 0.919438 0.999906 0.910583 1 0.90325 0.988141 0.898958 0.9820779999999999 0.904771 0.980937 0.9128539999999999 0.974484 0.911083 0.9767659999999999 0.917667 0.973344 0.9239999999999999 0.9845470000000001 0.934875 0.991187 0.940438 0.9902340000000001 0.926021 0.988141 0.919438
40 0.429984 0.482417 0.43135899999999994 0.483917 0.44534399999999996 0.481833 0.449141 0.477125 0.448625 0.472625 0.448203 0.47170799999999996 0.443703 0.471375 0.439906 0.469417 0.435156 0.467792 0.43196899999999994 0.46975 0.428422 0.473083 0.426609 0.475396 0.429984 0.482417
50 0.746016 0.971708 0.758578 0.976125 0.757906 0.9673130000000001 0.759234 0.930312 0.7671560000000001 0.9267920000000001 0.761219 0.890667 0.773766 0.903 0.7764059999999999 0.895958 0.763859 0.8712920000000001 0.755922 0.8475 0.753953 0.814917 0.7413909999999999 0.8122710000000001 0.734781 0.818438 0.731484 0.841333 0.7268589999999999 0.8501460000000001 0.724219 0.870396 0.732141 0.879208 0.730828 0.919729 0.736766 0.953208 0.7354529999999999 0.973479 0.746016 0.971708
40 0.697031 0.359271 0.703141 0.35874999999999996 0.705141 0.35712499999999997 0.7042029999999999 0.355604 0.704 0.353208 0.7082499999999999 0.35245800000000005 0.712359 0.355667 0.7163280000000001 0.35491700000000004 0.711656 0.34962499999999996 0.705688 0.34604199999999996 0.702156 0.345833 0.6966249999999999 0.347354 0.694344 0.351896 0.6946410000000001 0.356813 0.697031 0.359271
50 0.669516 0.880521 0.668469 0.87525 0.670578 0.8668119999999999 0.66925 0.860125 0.668984 0.849562 0.668469 0.840063 0.664766 0.830562 0.6613279999999999 0.8224579999999999 0.656313 0.814708 0.654734 0.8062710000000001 0.652359 0.8006460000000001 0.644703 0.7988959999999999 0.642062 0.802771 0.641813 0.806979 0.6407499999999999 0.815083 0.641547 0.819646 0.643922 0.8242290000000001 0.6407499999999999 0.825979 0.633094 0.831271 0.628609 0.841479 0.6288750000000001 0.851333 0.628344 0.866458 0.630984 0.872792 0.633094 0.874896 0.632562 0.8787710000000001 0.631516 0.88475 0.634422 0.8925 0.669781 0.891792 0.669516 0.880521
50 0.976047 0.9394790000000001 0.972016 0.916917 0.979266 0.9115420000000001 0.978453 0.854583 0.977656 0.834146 0.976047 0.811583 0.973625 0.795458 0.9687810000000001 0.7761250000000001 0.9623440000000001 0.768583 0.9574999999999999 0.7524789999999999 0.955078 0.746021 0.9462189999999999 0.743875 0.942187 0.74925 0.9413750000000001 0.765375 0.934937 0.7793329999999999 0.9389689999999999 0.828771 0.943797 0.845979 0.943797 0.865313 0.949437 0.905083 0.9502499999999999 0.9158329999999999 0.9502499999999999 0.9255 0.952672 0.941625 0.959922 0.9383959999999999 0.976047 0.9394790000000001
50 0.196 0.838479 0.195781 0.840167 0.195359 0.841021 0.195359 0.843292 0.196859 0.844729 0.200047 0.8435830000000001 0.199625 0.841021 0.199625 0.838479 0.200047 0.835354 0.201969 0.8325 0.201969 0.829667 0.201531 0.826833 0.200687 0.821438 0.201969 0.818312 0.20303100000000002 0.817458 0.20303100000000002 0.816312 0.201531 0.8151879999999999 0.201328 0.814604 0.199828 0.811208 0.199406 0.807792 0.198984 0.805521 0.196859 0.804667 0.194938 0.805813 0.194078 0.809208 0.19237500000000002 0.811208 0.191531 0.816604 0.192172 0.820292 0.19237500000000002 0.823708 0.192812 0.826833 0.194719 0.833646 0.196 0.838479