13 0.516875 0.674722 0.510729 0.676917 0.510312 0.691694 0.504563 0.709222 0.497583 0.821444 0.5177080000000001 0.8367779999999999 0.521813 0.814333 0.524687 0.714694 0.520167 0.696083 0.521813 0.677472 0.516875 0.674722
44 0.8284579999999999 0.6058330000000001 0.8562080000000001 0.624694 0.8776670000000001 0.616306 0.888667 0.621889 0.898104 0.63375 0.9148540000000001 0.6274719999999999 0.9179999999999999 0.612111 0.9284579999999999 0.578611 0.916937 0.556972 0.894958 0.552778 0.887625 0.55625 0.880812 0.5395 0.89025 0.536028 0.872958 0.520667 0.863021 0.5171669999999999 0.849396 0.52625 0.835792 0.550667 0.8268749999999999 0.596056 0.8284579999999999 0.6058330000000001
44 1 0.6465000000000001 0.992854 0.605028 0.9737290000000001 0.592278 0.951396 0.581639 0.9258959999999999 0.537 0.941833 0.586972 0.941833 0.594417 0.937042 0.609278 0.929083 0.631611 0.9250830000000001 0.6635000000000001 0.9330630000000001 0.679444 0.949813 0.7145279999999999 0.96575 0.733667 0.977708 0.733667 1 0.7123889999999999 1 0.6465000000000001
13 0.473104 0.5487500000000001 0.493875 0.5468890000000001 0.489021 0.529361 0.484521 0.498889 0.48175 0.49841699999999994 0.47760400000000003 0.530278 0.47656200000000004 0.537667 0.473104 0.5487500000000001
22 0.18314599999999998 0.8150830000000001 0.185562 0.811194 0.186521 0.807333 0.185083 0.80475 0.184104 0.8028059999999999 0.18168700000000002 0.795083 0.17975 0.791833 0.178292 0.78475 0.178292 0.7789440000000001 0.177812 0.771194 0.175875 0.7634439999999999 0.17975 0.751194 0.180729 0.743444 0.184104 0.730528 0.190896 0.7195560000000001 0.192333 0.714417 0.190896 0.708583 0.188458 0.703444 0.186521 0.696972 0.18120799999999998 0.691167 0.175875 0.6737500000000001 0.168104 0.651222 0.16181199999999998 0.641333 0.15725 0.632944 0.154958 0.624556 0.148104 0.6176940000000001 0.140083 0.610083 0.12981199999999998 0.601694 0.121229 0.599417 0.118938 0.601694 0.11437499999999999 0.607806 0.112646 0.615417 0.111521 0.626833 0.10979199999999999 0.643611 0.112083 0.661139 0.116646 0.6977220000000001 0.125792 0.724389 0.131521 0.748778 0.141875 0.777139 0.15143800000000002 0.814333 0.159396 0.819639 0.180938 0.8153889999999999 0.18314599999999998 0.8150830000000001
22 0.0893333 0.801861 0.0707917 0.810861 0.07247920000000001 0.8333330000000001 0.094375 0.8985 0.06741670000000001 0.90975 0.05225 0.8939999999999999 0.042124999999999996 0.9075 0.0792083 0.974917 0.151688 0.990639 0.14662499999999998 0.968167 0.227521 0.970417 0.264604 0.9636669999999999 0.28652099999999997 0.986139 0.315167 0.990639 0.294937 0.954694 0.273042 0.9366939999999999 0.24606199999999998 0.929972 0.134833 0.947944 0.128083 0.916472 0.111229 0.849056 0.0994375 0.804111 0.131458 0.8423330000000001 0.178646 0.8423330000000001 0.180333 0.815361 0.138208 0.822111 0.12304200000000001 0.815361 0.10618799999999999 0.797389 0.0893333 0.801861
22 0.217417 0.615889 0.208979 0.609139 0.20393699999999998 0.593417 0.1955 0.5507219999999999 0.175271 0.541722 0.16516699999999998 0.5596939999999999 0.160104 0.6113890000000001 0.180333 0.687778 0.217417 0.615889
22 0.20008299999999998 0.559472 0.203146 0.5785830000000001 0.206229 0.599028 0.214417 0.6126670000000001 0.215438 0.611306 0.219521 0.601778 0.22362500000000002 0.596306 0.233854 0.579944 0.237937 0.575833 0.242042 0.5703889999999999 0.23895799999999998 0.563556 0.21133300000000002 0.506278 0.194979 0.49944399999999994 0.19189599999999998 0.503528 0.19087500000000002 0.504917 0.188833 0.5103610000000001 0.184729 0.513083 0.186792 0.526722 0.20008299999999998 0.548556 0.20008299999999998 0.559472
79 0.5752710000000001 0.9036669999999999 0.592083 0.8837499999999999 0.598917 0.8497500000000001 0.5951869999999999 0.8364720000000001 0.577146 0.8281670000000001 0.559708 0.830667 0.552875 0.835639 0.556604 0.8729720000000001 0.559083 0.895389 0.569667 0.907833 0.569667 0.9169439999999999 0.575896 0.9277500000000001 0.5752710000000001 0.918611 0.5752710000000001 0.9036669999999999
79 0.481312 0.739944 0.480271 0.767889 0.489167 0.781833 0.501729 0.7916110000000001 0.500167 0.818139 0.494917 0.8404999999999999 0.502792 0.846083 0.51325 0.847472 0.511167 0.827917 0.511688 0.828611 0.511688 0.795806 0.516917 0.786722 0.520583 0.782528 0.527396 0.772056 0.528438 0.7539170000000001 0.529479 0.744139 0.528438 0.730889 0.525292 0.7218060000000001 0.516917 0.719 0.504875 0.715528 0.48812500000000003 0.719694 0.481312 0.739944
26 0.484333 0.6451939999999999 0.48456299999999997 0.6421669999999999 0.479542 0.637278 0.470625 0.6385000000000001 0.46422899999999995 0.6406390000000001 0.465833 0.6543329999999999 0.46422899999999995 0.6811389999999999 0.468792 0.6845 0.479771 0.684194 0.482271 0.675667 0.483875 0.644917 0.484333 0.6451939999999999
41 0.462979 0.8494440000000001 0.45695800000000003 0.838444 0.366104 0.844944 0.366104 0.8544439999999999 0.462979 0.8494440000000001
41 0.61525 0.743778 0.6246670000000001 0.7457779999999999 0.632208 0.73825 0.638625 0.732722 0.6446459999999999 0.730194 0.645042 0.7201390000000001 0.641271 0.722167 0.613729 0.73925 0.61525 0.743778
50 0.7684580000000001 0.684972 0.777167 0.698222 0.777167 0.718083 0.775292 0.7495560000000001 0.7734380000000001 0.8009170000000001 0.7746879999999999 0.8033889999999999 0.777167 0.8083609999999999 0.7945620000000001 0.800083 0.803875 0.80175 0.8405210000000001 0.819139 0.8504579999999999 0.833222 0.856667 0.805056 0.849229 0.790139 0.8411460000000001 0.776889 0.829958 0.731722 0.816917 0.70275 0.82375 0.677889 0.813812 0.668778 0.811333 0.6406390000000001 0.792687 0.624889 0.777167 0.605 0.770333 0.5859719999999999 0.726854 0.582639 0.714417 0.595083 0.695167 0.6058330000000001 0.693312 0.615778 0.690812 0.631528 0.688958 0.634833 0.704479 0.64725 0.7684580000000001 0.684972
50 0.684521 0.536472 0.673229 0.526417 0.666646 0.49880599999999997 0.642146 0.474944 0.6092080000000001 0.4875 0.5969580000000001 0.513861 0.6054379999999999 0.561583 0.603563 0.584167 0.6045 0.609278 0.5941460000000001 0.6230829999999999 0.600729 0.638139 0.641208 0.6607500000000001 0.693937 0.643167 0.689229 0.634389 0.695833 0.6054999999999999 0.6769999999999999 0.610528 0.6581670000000001 0.595472 0.681708 0.577889 0.698646 0.557806 0.6995830000000001 0.540222 0.7014790000000001 0.5377219999999999 0.693937 0.527667 0.684521 0.536472
50 0.576417 0.6177499999999999 0.588583 0.606056 0.5939789999999999 0.597944 0.60275 0.583556 0.600729 0.548444 0.5966670000000001 0.516944 0.604771 0.493556 0.6189579999999999 0.48725 0.614229 0.44763899999999995 0.600042 0.429639 0.583167 0.435944 0.564271 0.450333 0.558875 0.493556 0.566292 0.507056 0.560896 0.508861 0.5527920000000001 0.513361 0.556167 0.533139 0.559542 0.569167 0.564937 0.58175 0.560896 0.593444 0.5575209999999999 0.602444 0.568312 0.609667 0.5771040000000001 0.619556 0.576417 0.6177499999999999
50 0.320062 0.572306 0.337208 0.570778 0.333771 0.565444 0.336625 0.557056 0.33833299999999994 0.541056 0.342917 0.538 0.348625 0.525806 0.345771 0.500667 0.338917 0.486944 0.337771 0.481611 0.334333 0.46330599999999994 0.304042 0.453417 0.302333 0.448833 0.287479 0.455694 0.26975 0.473972 0.264042 0.506 0.264042 0.539528 0.262313 0.549444 0.236021 0.570778 0.214875 0.613444 0.201729 0.668333 0.193167 0.701111 0.184021 0.736917 0.173146 0.760556 0.176 0.7925559999999999 0.188583 0.795611 0.202313 0.746833 0.218875 0.708722 0.238875 0.681278 0.271458 0.644694 0.319479 0.637083 0.301187 0.587556 0.320062 0.572306
50 0.446167 0.639944 0.427021 0.591028 0.427021 0.5899719999999999 0.372812 0.5612779999999999 0.3465 0.593167 0.324979 0.626111 0.27475 0.6420560000000001 0.273167 0.643139 0.224521 0.693083 0.195833 0.759 0.172708 0.839778 0.14800000000000002 0.8950560000000001 0.153583 0.9365 0.19264599999999998 0.939694 0.289896 0.939694 0.320188 0.9971110000000001 0.35208300000000003 0.9971110000000001 0.352875 0.922694 0.358458 0.897167 0.348896 0.8578610000000001 0.360063 0.8089439999999999 0.378396 0.7919439999999999 0.409479 0.777056 0.40868699999999997 0.76325 0.417458 0.7430559999999999 0.415063 0.729222 0.385562 0.741972 0.361646 0.756861 0.34410399999999997 0.78875 0.331354 0.8004439999999999 0.325771 0.727111 0.347313 0.707972 0.372812 0.7186109999999999 0.393542 0.713278 0.433396 0.681389 0.431813 0.663333 0.43979199999999996 0.631444 0.446167 0.639944
50 0.838375 0.945194 0.8295619999999999 0.933417 0.824271 0.928722 0.797792 0.905194 0.771333 0.8863610000000001 0.7625 0.8628330000000001 0.764271 0.83225 0.7695620000000001 0.796944 0.773083 0.7381389999999999 0.7625 0.686361 0.7130829999999999 0.655778 0.679562 0.651056 0.663667 0.662833 0.647792 0.679306 0.647792 0.700472 0.646021 0.75225 0.640729 0.766361 0.6389790000000001 0.796944 0.640729 0.808722 0.649563 0.829889 0.656625 0.848722 0.6336670000000001 0.8675280000000001 0.635437 0.879306 0.556021 0.9428329999999999 0.5719169999999999 0.928722 0.5648540000000001 0.907528 0.550729 0.914583 0.541917 0.928722 0.5225000000000001 0.9428329999999999 0.5225000000000001 0.975778 0.533083 1 0.848979 0.999306 0.850729 0.999306 0.847208 0.9828330000000001 0.838375 0.945194
50 0.34552099999999997 0.495944 0.347479 0.512111 0.347479 0.523111 0.342125 0.537333 0.337292 0.547028 0.33825000000000005 0.555444 0.337292 0.563861 0.331458 0.5741940000000001 0.318354 0.576806 0.302354 0.582611 0.311583 0.607194 0.316917 0.629194 0.32225000000000004 0.624667 0.32758299999999996 0.603306 0.335833 0.596194 0.346979 0.589083 0.349417 0.592972 0.35620799999999997 0.5819719999999999 0.366396 0.5735560000000001 0.375125 0.567083 0.376083 0.555444 0.378521 0.544444 0.372208 0.5360560000000001 0.36735399999999996 0.52375 0.365417 0.477 0.35910400000000003 0.462111 0.344562 0.453722 0.331458 0.447889 0.31885399999999997 0.449833 0.323708 0.454361 0.33825000000000005 0.461667 0.340687 0.483 0.34552099999999997 0.495944
50 0.41070799999999996 0.501056 0.441417 0.52425 0.43935399999999997 0.536528 0.453688 0.542 0.461875 0.526972 0.47108300000000003 0.528333 0.480292 0.542 0.495646 0.552889 0.49972900000000003 0.5474439999999999 0.488479 0.520167 0.486438 0.490139 0.480292 0.47241700000000003 0.459833 0.462861 0.462896 0.44102800000000003 0.461875 0.42194400000000004 0.457771 0.41511100000000006 0.430146 0.40555599999999997 0.423 0.411028 0.415833 0.43694399999999994 0.414813 0.45877799999999996 0.389229 0.469667 0.388208 0.48333299999999996 0.41070799999999996 0.501056
50 0.886313 0.628361 0.882458 0.626417 0.876667 0.623194 0.8723120000000001 0.62 0.8684580000000001 0.6206389999999999 0.866521 0.622556 0.856854 0.6270560000000001 0.849125 0.631583 0.842375 0.636722 0.8361040000000001 0.642528 0.8341670000000001 0.649611 0.8278960000000001 0.654111 0.818229 0.6663330000000001 0.8167709999999999 0.6695559999999999 0.820646 0.6734169999999999 0.8245 0.6798609999999999 0.823063 0.6850280000000001 0.820646 0.690167 0.8187080000000001 0.702417 0.824021 0.714639 0.829812 0.732667 0.833688 0.7358889999999999 0.834646 0.741028 0.8361040000000001 0.757139 0.839958 0.7687219999999999 0.8409169999999999 0.7687219999999999 0.843812 0.77 0.846729 0.778389 0.850583 0.793833 0.85975 0.798333 0.857833 0.809278 0.853958 0.818944 0.849625 0.834389 0.8476870000000001 0.831833 0.843812 0.821528 0.814354 0.8079999999999999 0.795521 0.8021940000000001 0.784896 0.805417 0.780083 0.8086390000000001 0.7742920000000001 0.8183060000000001 0.770417 0.8260279999999999 0.7665620000000001 0.841472 0.76125 0.852417 0.770896 0.849861 0.767042 0.853722 0.763667 0.8640279999999999 0.762687 0.868528 0.7651039999999999 0.8730279999999999 0.7665620000000001 0.883333 0.7684789999999999 0.884611 0.776208 0.891694 0.789729 0.886556 0.8051879999999999 0.885278 0.810979 0.885917 0.812438 0.8962220000000001 0.820646 0.906528 0.825958 0.9193889999999999 0.829333 0.9271109999999999 0.837063 0.9451390000000001 0.8428540000000001 0.95675 0.845271 0.972194 0.849625 0.9985830000000001 0.996417 1 0.998833 0.986361 0.998833 0.858861 1 0.78225 0.9925630000000001 0.772583 0.982896 0.764861 0.9771040000000001 0.7545559999999999 0.9655210000000001 0.748111 0.954417 0.746833 0.951021 0.7358889999999999 0.9491040000000001 0.730083 0.946208 0.717222 0.942333 0.708194 0.938479 0.686306 0.927375 0.665056 0.9206040000000001 0.657972 0.9095 0.651528 0.9003329999999999 0.638028 0.8872920000000001 0.628361 0.886313 0.628361
77 0.289896 0.23594400000000001 0.30168700000000004 0.146056 0.303375 0.14158300000000001 0.32022900000000004 0.211222 0.33033300000000004 0.249444 0.369104 0.249444 0.5831459999999999 0.258417 0.795333 0.277917 0.833771 0.21702800000000003 0.8612920000000001 0.288944 0.924021 0.29730599999999996 0.991062 0.30680599999999997 0.994375 0.0022500000000000003 0.578083 0.0022500000000000003 0.0050625 0.0022500000000000003 0 0.209 0.26629200000000003 0.23819400000000002 0.289896 0.23594400000000001
77 0.193875 0.252222 0.20281200000000002 0.252222 0.23108299999999998 0.262139 0.33225 0.283972 0.42002100000000003 0.297833 0.51225 0.317694 0.591104 0.311722 0.582167 0.422806 0.589604 0.422806 0.598542 0.319667 0.6045 0.317694 0.705646 0.341472 0.7294579999999999 0.319667 0.945167 0.357361 0.974938 0.34744400000000003 0.9957499999999999 0.359333 0.99725 0.337528 0.9957499999999999 0.311722 0.869292 0.297833 0.830625 0.226444 0.800875 0.276028 0.702688 0.274056 0.591104 0.256194 0.32777100000000003 0.24627799999999997 0.306958 0.149083 0.290583 0.23238899999999998 0.196854 0.228417 0.19091699999999998 0.254194 0.193875 0.252222
13 0.580375 0.8275560000000001 0.595333 0.833611 0.599875 0.844889 0.599875 0.8535560000000001 0.606375 0.843167 0.608333 0.811944 0.599875 0.7937219999999999 0.599875 0.7841940000000001 0.6011869999999999 0.759056 0.6011869999999999 0.741694 0.590771 0.728694 0.5894790000000001 0.743444 0.584917 0.7573059999999999 0.584271 0.7798609999999999 0.584271 0.792861 0.5790620000000001 0.80675 0.5790620000000001 0.831028 0.580375 0.8275560000000001
79 0.441313 0.626278 0.447375 0.635028 0.45293700000000003 0.6390830000000001 0.45293700000000003 0.647833 0.441812 0.645139 0.44283300000000003 0.655944 0.45293700000000003 0.658639 0.463063 0.659306 0.468104 0.650528 0.463063 0.645139 0.458 0.6444719999999999 0.45749999999999996 0.637722 0.463063 0.635028 0.466083 0.6127779999999999 0.466083 0.591222 0.457 0.587167 0.445875 0.587167 0.444854 0.591889 0.44435399999999997 0.591889 0.441313 0.618194 0.441313 0.626278
22 0.529208 0.523583 0.532583 0.478639 0.5578749999999999 0.478639 0.562917 0.458417 0.5814579999999999 0.440444 0.578083 0.420222 0.5612290000000001 0.4045 0.535958 0.40900000000000003 0.5241669999999999 0.426972 0.522479 0.451694 0.515729 0.507861 0.529208 0.523583
52 0.834937 0.56475 0.836396 0.560222 0.833 0.558944 0.8542919999999999 0.529889 0.861563 0.522167 0.8480000000000001 0.502139 0.822354 0.4815 0.792833 0.480861 0.760896 0.483444 0.741521 0.49569399999999997 0.736208 0.506028 0.7386250000000001 0.523444 0.752167 0.5311939999999999 0.766687 0.546028 0.773958 0.555722 0.773479 0.578306 0.778312 0.5853889999999999 0.782667 0.6002500000000001 0.784604 0.610556 0.7937919999999999 0.62025 0.7894380000000001 0.609917 0.788479 0.600889 0.7918540000000001 0.5899169999999999 0.796229 0.5815279999999999 0.8092919999999999 0.5853889999999999 0.818 0.5899169999999999 0.818479 0.5957220000000001 0.828167 0.603472 0.831562 0.573139 0.834937 0.56475
50 0.247 0.557111 0.259583 0.55 0.262 0.534528 0.264437 0.481611 0.27895800000000004 0.461611 0.288146 0.451917 0.296854 0.44675000000000004 0.30460400000000004 0.452556 0.310417 0.455806 0.31718799999999997 0.4545 0.31718799999999997 0.451278 0.323 0.447417 0.332187 0.44547200000000003 0.341396 0.450639 0.35010399999999997 0.447417 0.353979 0.43772199999999994 0.349604 0.417083 0.33847900000000003 0.40416700000000005 0.33025000000000004 0.39899999999999997 0.312354 0.39899999999999997 0.30314599999999997 0.401583 0.291042 0.41255600000000003 0.293479 0.427389 0.291042 0.44288900000000003 0.285729 0.44547200000000003 0.278458 0.44997200000000004 0.271208 0.46225 0.262979 0.476444 0.240229 0.509361 0.23877099999999998 0.537111 0.244583 0.556472 0.247 0.557111
50 0.650625 0.46491699999999997 0.642396 0.481056 0.653521 0.49202799999999997 0.6695 0.528806 0.683542 0.533333 0.6883750000000001 0.528806 0.694667 0.529444 0.6956249999999999 0.534611 0.701917 0.535889 0.729521 0.521694 0.7111249999999999 0.521056 0.704833 0.508806 0.701438 0.49330599999999997 0.688854 0.47394400000000003 0.671438 0.46491699999999997 0.651583 0.462972 0.650625 0.46491699999999997
13 0.5155 0.848139 0.51325 0.8958609999999999 0.527792 0.907806 0.53675 0.902583 0.538417 0.866028 0.545708 0.840667 0.5406669999999999 0.8145560000000001 0.5406669999999999 0.776528 0.528917 0.7742779999999999 0.527792 0.7742779999999999 0.5210830000000001 0.820528 0.5155 0.848139
13 0.469604 0.5401940000000001 0.46997900000000004 0.530861 0.467021 0.530861 0.46481300000000003 0.531833 0.46333300000000005 0.543639 0.4615 0.548583 0.462229 0.553 0.46812499999999996 0.555472 0.472188 0.560861 0.471833 0.547083 0.469604 0.5401940000000001
55 0.37775 0.797028 0.37120800000000004 0.801667 0.369917 0.805167 0.393437 0.810389 0.404771 0.809806 0.41568700000000003 0.7958609999999999 0.414813 0.787722 0.423083 0.7825 0.425271 0.777861 0.417854 0.7749440000000001 0.408708 0.7749440000000001 0.405646 0.7761110000000001 0.401292 0.7825 0.39997900000000003 0.783667 0.39387500000000003 0.786556 0.37775 0.797028
22 0.484771 0.39797199999999994 0.4731250000000001 0.394028 0.461292 0.396639 0.451417 0.405083 0.44925 0.41113900000000003 0.457542 0.416639 0.45775 0.426389 0.460708 0.43061099999999997 0.462083 0.445083 0.458521 0.451917 0.456958 0.462972 0.467208 0.46980599999999995 0.480833 0.4700829999999999 0.487938 0.401917 0.484771 0.39797199999999994
22 0.534604 0.393306 0.527146 0.388333 0.517563 0.3855 0.510625 0.3855 0.503708 0.38975 0.501563 0.391889 0.499979 0.394722 0.498917 0.399694 0.498375 0.401111 0.501563 0.40394399999999997 0.5351459999999999 0.40680600000000006 0.534604 0.393306
27 0.533646 0.649333 0.528458 0.6438889999999999 0.521437 0.6438889999999999 0.5129170000000001 0.647833 0.501833 0.649333 0.49774999999999997 0.641417 0.49368799999999996 0.6438889999999999 0.494417 0.652778 0.483687 0.652778 0.48516699999999996 0.684361 0.47147900000000004 0.685333 0.477021 0.705083 0.484063 0.7213609999999999 0.49774999999999997 0.733694 0.503313 0.716417 0.506625 0.697194 0.508479 0.678917 0.514042 0.6725 0.52625 0.667083 0.5432710000000001 0.657722 0.5436460000000001 0.657722 0.5366040000000001 0.657222 0.533646 0.649333
27 0.352188 0.9979439999999999 0.527521 1 0.525083 0.956639 0.525896 0.9522780000000001 0.535667 0.9326939999999999 0.540563 0.9239999999999999 0.558521 0.9207500000000001 0.579708 0.910972 0.6074369999999999 0.891389 0.6310830000000001 0.883778 0.651479 0.843556 0.644146 0.8152780000000001 0.638437 0.785917 0.640875 0.739167 0.636792 0.71525 0.621313 0.684778 0.578896 0.684778 0.5633959999999999 0.642389 0.6017290000000001 0.641306 0.531604 0.539083 0.46145800000000003 0.540167 0.442708 0.536917 0.42639600000000005 0.54125 0.419063 0.533639 0.40599999999999997 0.521694 0.384813 0.53225 0.37420800000000004 0.555083 0.37174999999999997 0.571389 0.397854 0.5735560000000001 0.429667 0.5931390000000001 0.437812 0.615972 0.437812 0.630111 0.43618799999999996 0.645333 0.433729 0.6627219999999999 0.425583 0.686639 0.411708 0.697528 0.398667 0.711667 0.382354 0.726889 0.382354 0.7345 0.40927100000000005 0.723611 0.41741700000000004 0.724694 0.422313 0.7366670000000001 0.423146 0.7486109999999999 0.419063 0.758417 0.414979 0.769278 0.372583 0.794306 0.35543800000000003 0.8258329999999999 0.352188 0.9979439999999999
14 0.44227099999999997 0.928306 0.460687 0.921389 0.471562 0.910667 0.470625 0.898056 0.443208 0.893667 0.435187 0.905 0.433292 0.916972 0.44133300000000003 0.928306 0.44227099999999997 0.928306