13 0.182094 0.147729 0.170219 0.116812 0.151781 0.07320829999999999 0.152969 0.0563542 0.150594 0.0317917 0.144063 0 0.0364531 0.000875 0.0560781 0.061125 0.06737499999999999 0.0848958 0.0637969 0.111042 0.07153129999999999 0.125312 0.0792656 0.141958 0.08342190000000001 0.145125 0.0852031 0.168125 0.09175 0.18635400000000002 0.09293749999999999 0.202208 0.0959062 0.220438 0.10006299999999999 0.243417 0.10303100000000001 0.26799999999999996 0.113141 0.29197900000000004 0.12146900000000001 0.305458 0.12265600000000002 0.320521 0.12681199999999998 0.339542 0.12978099999999998 0.352208 0.148219 0.35460400000000003 0.179125 0.34825 0.196969 0.333979 0.20945299999999997 0.321313 0.21835900000000003 0.304667 0.204094 0.242833 0.182094 0.147729
13 0.152313 0.0784792 0.183469 0.158729 0.19975 0.237104 0.21604700000000002 0.252208 0.22453099999999998 0.252208 0.230906 0.24560400000000002 0.19975 0.046375000000000006 0.207547 0.0341042 0.239406 0.0256042 0.236578 0.0029375 0.145937 0.0010416708333333333 0.143813 0.00010416666666666667 0.155141 0.0633542 0.152313 0.0784792
27 0.804047 0.12162500000000001 0.773656 0.12162500000000001 0.763516 0.10810399999999999 0.621625 0.101354 0.6368280000000001 0.135125 0.807438 0.157667 0.785469 0.17341700000000002 0.6537189999999999 0.150896 0.648656 0.222979 0.586156 0.25675 0.391891 0.25 0.329391 0.209458 0.336156 0.146396 0.34459399999999996 0.119375 0.300672 0.12162500000000001 0.26520299999999997 0.119375 0.26520299999999997 0.202708 0.221281 0.24325000000000002 0.20945299999999997 0.24775 0.216219 0.304062 0.20776599999999998 0.333333 0.138516 0.360354 0.128375 0.396396 0.130062 0.459458 0.0827656 0.5045 0.037156299999999996 0.488729 0.0118281 0.44143699999999997 0 0.44143699999999997 0.0033750000000000004 1 1 0.99325 0.998312 0.5517920000000001 0.8986560000000001 0.527021 0.7618280000000001 0.45495800000000003 0.6993280000000001 0.380625 0.6554059999999999 0.319812 0.6587810000000001 0.27477100000000004 0.697641 0.207208 0.729734 0.189188 0.775344 0.184688 0.846281 0.175667 0.981422 0.186938 0.8986560000000001 0.10810399999999999 0.8243280000000001 0.10810399999999999 0.804047 0.12162500000000001
26 0.243828 0.30931200000000003 0.26737500000000003 0.318271 0.297641 0.307062 0.334641 0.29360400000000003 0.301016 0.0290417 0.260656 0.0133333 0.230375 0.0155833 0.198437 0.0290417 0.195062 0.0514583 0.218609 0.168042 0.243828 0.30931200000000003
32 0.634672 0.487 0.6560469999999999 0.505417 0.6524840000000001 0.506 0.6400159999999999 0.497687 0.645813 0.506 0.652047 0.511354 0.6484840000000001 0.512542 0.644469 0.514313 0.6417970000000001 0.528375 0.653375 0.534917 0.6702969999999999 0.530167 0.680094 0.526 0.697016 0.526 0.721078 0.531938 0.734875 0.537875 0.795453 0.5741040000000001 0.883188 0.632896 0.890312 0.634667 0.9001089999999999 0.6352709999999999 0.9067970000000001 0.6299170000000001 0.911687 0.616854 0.9081250000000001 0.611521 0.871609 0.596083 0.753578 0.529563 0.718406 0.517687 0.691672 0.512938 0.677422 0.505229 0.650703 0.491562 0.6222030000000001 0.463646 0.634672 0.487
32 0.42571899999999996 0.139396 0.44035900000000006 0.152917 0.466641 0.149896 0.494047 0.141396 0.49704699999999996 0.136396 0.472266 0.142896 0.494422 0.13289600000000001 0.469266 0.14089600000000002 0.497422 0.127375 0.49704699999999996 0.125375 0.46289100000000005 0.13689600000000002 0.444859 0.137896 0.422344 0.12587500000000001 0.39304700000000004 0.119375 0.307828 0.102354 0.307828 0.117875 0.332984 0.120375 0.412203 0.12987500000000002 0.42571899999999996 0.139396
41 0.426281 0.513563 0.44168799999999997 0.47933299999999995 0.43289099999999997 0.451937 0.384469 0.511604 0.340453 0.5663959999999999 0.264891 0.657354 0.246547 0.673 0.192266 0.739521 0.20253100000000002 0.767896 0.21720299999999998 0.766917 0.22748400000000002 0.7620210000000001 0.361734 0.580083 0.426281 0.513563
51 0.567984 0.640188 0.647188 0.512104 0.6320159999999999 0.478396 0.5662969999999999 0.413229 0.46179699999999996 0.37952100000000005 0.411234 0.593 0.567984 0.640188
51 0.894391 0.333083 0.915516 0.347917 0.904406 0.315292 0.876609 0.264896 0.855469 0.226333 0.800984 0.213 0.7365 0.25006300000000004 0.706469 0.304917 0.713141 0.343458 0.793203 0.347917 0.889953 0.336062 0.894391 0.333083
51 0.499078 0.2475 0.5132030000000001 0.25127099999999997 0.5301560000000001 0.242479 0.5631090000000001 0.22239599999999998 0.581937 0.203562 0.5898749999999999 0.180771 0.59175 0.171708 0.588359 0.155625 0.578188 0.1345 0.568375 0.124958 0.560828 0.12645800000000001 0.546875 0.125958 0.527641 0.13047899999999998 0.517844 0.12143799999999999 0.5065310000000001 0.11991700000000001 0.49860899999999997 0.133 0.48578099999999996 0.150104 0.46881300000000004 0.163167 0.45259400000000005 0.174229 0.443922 0.17625 0.447328 0.18479199999999998 0.46128099999999994 0.194854 0.47484400000000004 0.21243800000000002 0.489938 0.227521 0.499359 0.244125 0.499078 0.2475
51 1 0.42774999999999996 0.9456089999999999 0.371354 0.893656 0.339125 0.8888130000000001 0.342354 0.805438 0.352021 0.732938 0.38745799999999997 0.755891 0.421292 0.799391 0.461583 0.906938 0.513125 0.969781 0.527625 0.9999840000000001 0.52925 1 0.527625 1 0.42774999999999996
22 0.35225 0.116854 0.343812 0.0112292 0.358984 0.008979170833333333 0.364047 0.103375 0.37584399999999996 0.10562500000000001 0.37415600000000004 0.017979199999999997 0.399438 0.017979199999999997 0.40449999999999997 0.0853958 0.42471899999999996 0.0876458 0.412922 0.0269583 0.49045300000000003 0.022479199999999998 0.485391 0.0786458 0.529219 0.0876458 0.527531 0.0022500000000000003 0.318547 0.0022500000000000003 0.337078 0.114604 0.35225 0.116854
22 0.57075 0.0271667 0.566922 0.0884792 0.580641 0.0906042 0.588953 0.000770833 0.573297 0.00204167 0.57075 0.0271667
22 0.76875 0.0216042 0.760516 0.105458 0.770219 0.105063 0.781094 0.0106458 0.803125 0.008687499999999999 0.82075 0.000854167 0.782562 0.000458333 0.699984 0.0000625 0.710859 0.00633333 0.769625 0.00985417 0.76875 0.0216042
22 0.826047 0.106229 0.8351559999999999 0.0341458 0.8425 0 0.8292810000000002 0.00125 0.823406 0.0227917 0.813703 0.10585400000000002 0.826047 0.106229
22 0.678016 0.109458 0.678016 0.105583 0.684797 0.000395833 0.672203 0.0016875 0.659141 0.110104 0.678016 0.109458
41 0.571094 0.1305 0.599672 0.139042 0.664187 0.14691700000000002 0.782891 0.166625 0.783375 0.163333 0.780422 0.157417 0.694719 0.139042 0.567656 0.123938 0.571094 0.1305
13 0 0.0958542 0.003875 0.421437 0.0213125 0.431771 0.0387656 0.49637499999999996 0.07751559999999999 0.498958 0.135656 0.470542 0.13178099999999998 0.424021 0.120156 0.41110399999999997 0.13178099999999998 0.372333 0.12790600000000002 0.318083 0.108531 0.287062 0.0969062 0.199208 0.0852656 0.150125 0.0658906 0.113937 0.00775 0.0958542 0 0.0958542