68 0.423574 0.65174 0.420661 0.65174 0.41969999999999996 0.65174 0.417748 0.65238 0.41483499999999995 0.6607799999999999 0.417748 0.66916 0.42453500000000005 0.6807799999999999 0.427447 0.68788 0.43519500000000005 0.69756 0.431321 0.71176 0.42936899999999995 0.7279 0.43519500000000005 0.75242 0.458438 0.77888 0.489459 0.79114 0.503033 0.7885599999999999 0.514655 0.7821 0.502042 0.75242 0.47783800000000004 0.72014 0.447778 0.69756 0.438108 0.6775599999999999 0.42453500000000005 0.6511 0.423574 0.65174
50 0.400751 0.65006 0.42300299999999996 0.6856599999999999 0.44747699999999996 0.6856599999999999 0.440811 0.7360599999999999 0.398498 0.74348 0.42300299999999996 0.81168 0.44747699999999996 0.8220599999999999 0.445255 0.83392 0.48756799999999995 0.84578 0.532072 0.8428 0.538769 0.8324199999999999 0.48978999999999995 0.7746000000000001 0.496456 0.7400599999999999 0.56997 0.70616 0.56997 0.64842 0.592583 0.6321 0.5869070000000001 0.59066 0.566186 0.51786 0.571832 0.5053 0.549219 0.45508 0.549219 0.4099 0.537898 0.3785 0.487027 0.376 0.46063099999999996 0.39986 0.47195200000000004 0.4325 0.46063099999999996 0.44254000000000004 0.436126 0.44377999999999995 0.396547 0.48396 0.38711700000000004 0.53544 0.398438 0.6434 0.400751 0.65006
50 0.7212310000000001 0.2539 0.735495 0.25332 0.740841 0.2349 0.735495 0.22956000000000001 0.728348 0.22006 0.7176579999999999 0.2064 0.70964 0.19394 0.693574 0.19334 0.6855559999999999 0.1963 0.6837840000000001 0.20224 0.689129 0.20818 0.689129 0.2165 0.681982 0.2349 0.7212310000000001 0.24262 0.7212310000000001 0.2539
50 0.123574 0.2432 0.127538 0.23766 0.134264 0.2321 0.133093 0.22656 0.12276300000000001 0.22576 0.121982 0.22232 0.117598 0.21096 0.11048 0.2099 0.101742 0.21018 0.0965766006006006 0.21492 0.09738739939939939 0.22497999999999999 0.0882583003003003 0.22762000000000002 0.0807206996996997 0.23052 0.0759459009009009 0.23898 0.0834835015015015 0.23976 0.0902402012012012 0.24294 0.117598 0.24374 0.123574 0.2432
50 0.055585600600600596 0.33194 0.06618620120120121 0.31910000000000005 0.0787386996996997 0.30368 0.0768167987987988 0.29084 0.0690990990990991 0.27798 0.055585600600600596 0.26706 0.050750798798798805 0.26127999999999996 0.027597600600600604 0.2632 0.030510501501501502 0.28376 0.016035999999999998 0.2889 0.004444441441441442 0.30368 0.0034834804804804807 0.31460000000000005 0.0015615585585585586 0.32746 0.00735736036036036 0.3326 0.008318321321321322 0.3326 0.0391892012012012 0.3326 0.055585600600600596 0.33194
50 0.133664 0.43274 0.213784 0.4313 0.212162 0.42119999999999996 0.193754 0.41328 0.201892 0.40822 0.204595 0.39922 0.20135099999999997 0.39488 0.193754 0.38912 0.183483 0.38912 0.17048 0.39958 0.166156 0.40642 0.16669699999999998 0.41292 0.144505 0.41724 0.133664 0.42842 0.133664 0.43274
50 0.38018 0.36028 0.380811 0.3573 0.38594599999999996 0.35176 0.396156 0.35006 0.39936900000000003 0.34836 0.401922 0.34452 0.401922 0.34324 0.401922 0.34026 0.403183 0.3343 0.403844 0.33302 0.404474 0.33046 0.403844 0.32792 0.39999999999999997 0.32748 0.392312 0.32748 0.38402400000000003 0.33132 0.381471 0.33388 0.381471 0.3377 0.382102 0.34154 0.382102 0.34366 0.381471 0.34622 0.375075 0.3475 0.368679 0.3492 0.365465 0.3526 0.364835 0.359 0.38018 0.36028
50 0.7424919999999999 0.43004000000000003 0.751772 0.43116000000000004 0.7678079999999999 0.43116000000000004 0.7948050000000001 0.43088 0.7943840000000001 0.42386 0.802402 0.41542 0.817568 0.41262 0.818018 0.40222 0.8116819999999999 0.39942 0.8070269999999999 0.39464 0.8053450000000001 0.38845999999999997 0.8003000000000001 0.37666000000000005 0.793964 0.3702 0.787628 0.3688 0.779189 0.37160000000000004 0.7733030000000001 0.37833999999999995 0.768649 0.39688 0.759369 0.4011 0.7560060000000001 0.40448 0.73955 0.41936 0.7391289999999999 0.42638 0.7500899999999999 0.42834 0.7424919999999999 0.43004000000000003
50 0.8372970000000001 0.38742000000000004 0.8405710000000001 0.38742000000000004 0.8528830000000001 0.39233999999999997 0.8586189999999999 0.3978 0.8635440000000001 0.406 0.87009 0.41528 0.8799399999999999 0.42457999999999996 0.887327 0.42622000000000004 0.891441 0.42402 0.891441 0.4142 0.8889790000000001 0.40436 0.8857059999999999 0.3967 0.8766670000000001 0.39342 0.8602700000000001 0.38304000000000005 0.8635440000000001 0.37594 0.854505 0.36884 0.8381080000000001 0.36610000000000004 0.8249850000000001 0.36992 0.824144 0.38304000000000005 0.825796 0.39124000000000003 0.8372970000000001 0.38742000000000004
50 0.9969370000000001 1 1 0.90924 0.964505 0.89844 0.911802 0.89664 0.86991 0.91284 0.834775 0.9497599999999999 0.837477 0.99926 0.834775 1 0.9969370000000001 1
50 0.760961 0.36496 0.740631 0.34882 0.736757 0.3398 0.7280179999999999 0.33204 0.719309 0.32946 0.7115619999999999 0.33527999999999997 0.69991 0.3585 0.685375 0.37527999999999995 0.755165 0.37464 0.760961 0.36496
22 0.308498 0.51752 0.307357 0.53124 0.293634 0.53886 0.265015 0.54114 0.265015 0.53962 0.259279 0.5518200000000001 0.289039 0.55104 0.29819799999999996 0.55334 0.295916 0.57162 0.332523 0.57392 0.332523 0.58382 0.338258 0.5853400000000001 0.338258 0.5754400000000001 0.358859 0.57162 0.36 0.58154 0.365706 0.58154 0.373724 0.48856 0.32909900000000003 0.49007999999999996 0.308498 0.49007999999999996 0.305075 0.48856 0.303934 0.50304 0.308498 0.51752
50 0.387778 0.08685999999999999 0.38225200000000004 0.08602 0.375856 0.08685999999999999 0.375435 0.09366 0.378829 0.10104 0.375856 0.10642 0.371171 0.10840000000000001 0.374174 0.1135 0.377147 0.12088 0.389069 0.12314 0.39417399999999997 0.12882 0.40141099999999996 0.14044 0.403514 0.14072 0.41969999999999996 0.13166 0.411622 0.12258 0.415015 0.1135 0.415015 0.10388 0.39798799999999995 0.1016 0.392462 0.0897 0.387778 0.08685999999999999
8 0.696216 0.37933999999999996 0.702402 0.3862 0.706517 0.3965 0.710631 0.39992 0.7147749999999999 0.4061 0.721982 0.4157 0.721982 0.4308 0.740541 0.4315 0.7394890000000001 0.41914 0.759069 0.4006 0.765255 0.39854 0.768348 0.3958 0.772462 0.38001999999999997 0.7776280000000001 0.37522000000000005 0.6931229999999999 0.37657999999999997 0.696216 0.37933999999999996
8 0.758258 0.37436 0.776607 0.37436 0.7779879999999999 0.37210000000000004 0.7861260000000001 0.36984 0.793604 0.37074 0.7983779999999999 0.37436 0.8242039999999999 0.37392000000000003 0.82964 0.36984 0.842583 0.36576 0.854114 0.36848000000000003 0.8581980000000001 0.373 0.975165 0.37028 0.976517 0.35896 0.7487389999999999 0.36032 0.758258 0.37436
8 0.39 0.35064 0.292492 0.35584 0.292492 0.36624 0.382192 0.36884 0.39 0.35064
8 0.295736 0.40127999999999997 0.291111 0.41768 0.314204 0.41922000000000004 0.331171 0.41462 0.334234 0.41154 0.33348300000000003 0.39666 0.33270299999999997 0.39562 0.294955 0.3941 0.295736 0.40127999999999997
8 0.297087 0.3892 0.336787 0.3912 0.356637 0.386 0.371682 0.3896 0.377718 0.37557999999999997 0.29405400000000004 0.37677999999999995 0.297087 0.3892
8 0.753153 0.35894 0.758168 0.36644 0.760661 0.37433999999999995 0.689339 0.37518 0.6955859999999999 0.37894 0.7012309999999999 0.38726 0.704985 0.39102 0.707477 0.39768000000000003 0.712492 0.39852 0.715616 0.4031 0.7212310000000001 0.41186 0.728138 0.41268 0.728739 0.41436 0.723123 0.42601999999999995 0.72 0.43101999999999996 0.74 0.43144 0.7381380000000001 0.42936 0.7381380000000001 0.42475999999999997 0.738769 0.42060000000000003 0.749399 0.41226 0.7562760000000001 0.40102 0.766907 0.39976 0.767538 0.39268000000000003 0.77006 0.38144 0.776306 0.37394 0.783814 0.36894 0.795706 0.37060000000000004 0.803844 0.38018 0.807598 0.39186 0.8138439999999999 0.39936 0.818228 0.4006 0.820721 0.40018 0.821351 0.39644 0.828228 0.39102 0.824474 0.38768 0.8257359999999999 0.3831 0.8251050000000001 0.37894 0.828228 0.37433999999999995 0.833874 0.36768 0.8482580000000001 0.36601999999999996 0.8601500000000001 0.37144 0.8645349999999999 0.37933999999999996 0.8651349999999999 0.38894 0.8695200000000001 0.3931 0.88015 0.39394 0.889489 0.40102 0.890541 0.4183 0.888438 0.43136 0.892673 0.43136 0.896907 0.43206 0.892673 0.47758 0.896907 0.47334 0.9032730000000001 0.4684 0.910691 0.46806 0.918709 0.46806 0.9259459999999999 0.47126 0.961261 0.46644 0.9618920000000001 0.44788 0.985766 0.44658 0.985766 0.42969999999999997 0.999429 0.42969999999999997 1 0.36066000000000004 0.988529 0.35646 0.752492 0.35836 0.753153 0.35894
8 0.31009 0.18526 0.345195 0.18526 0.345195 0.1764 0.345195 0.17452 0.309159 0.17452 0.288288 0.1764 0.3093219683426443 0.1764 0.31009 0.18526
8 0.452342 0.18526 0.451411 0.17198 0.41819800000000007 0.17262 0.41819800000000007 0.1764 0.423904 0.18272 0.435285 0.18146 0.452342 0.18526
8 0.288288 0.1764 0.25985 0.17578 0.256997 0.1884 0.282583 0.18652 0.288288 0.1764
8 0.0117718 0.37382 0.0786186 0.3799 0.0846847 0.3637 0.0117718 0.36168 0.0117718 0.37382
8 0.20321299999999998 0.38798 0.197117 0.36572 0.166757 0.36572 0.160661 0.36978 0.16979 0.38596 0.20321299999999998 0.38798
8 0.695646 0.44010000000000005 0.699369 0.43974 0.709459 0.45283999999999996 0.732282 0.45530000000000004 0.732282 0.45212 0.7317720000000001 0.44645999999999997 0.733874 0.44010000000000005 0.738679 0.43444 0.757267 0.43407999999999997 0.7646850000000001 0.43692000000000003 0.7710509999999999 0.44045999999999996 0.774264 0.44612 0.795495 0.45248 0.8794289999999999 0.44964 0.8804799999999999 0.47866000000000003 0.884745 0.47866000000000003 0.885255 0.45318 0.884745 0.43195999999999996 0.6881980000000001 0.43195999999999996 0.695646 0.44010000000000005
8 0.657598 0.43742 0.65994 0.42962 0.622883 0.43086 0.624775 0.434 0.618198 0.43806 0.618198 0.43836 0.618679 0.43836 0.657598 0.43742
8 0.542733 0.43244 0.546006 0.43992 0.545075 0.44054 0.554895 0.44148 0.560991 0.44118 0.572252 0.43712 0.578348 0.43712 0.583033 0.43774 0.59006 0.43992 0.597117 0.4393 0.594775 0.43244 0.542733 0.43244
50 0.566967 0.4213 0.568078 0.4213 0.57033 0.4213 0.581532 0.41981999999999997 0.5916220000000001 0.42801999999999996 0.594955 0.42504000000000003 0.596096 0.42056 0.603934 0.41831999999999997 0.60952 0.41831999999999997 0.61961 0.41906 0.626336 0.42876 0.627447 0.431 0.635285 0.43324 0.642012 0.42801999999999996 0.644234 0.41684 0.644234 0.40714 0.6409009999999999 0.3952 0.625195 0.39446 0.618498 0.39072 0.61961 0.38848 0.627447 0.36984 0.618498 0.36388 0.602823 0.36462 0.5916220000000001 0.37057999999999996 0.592733 0.39296 0.5736939999999999 0.39818000000000003 0.565856 0.41981999999999997 0.566967 0.4213
50 0.227628 0.5525599999999999 0.261231 0.5518200000000001 0.261231 0.55032 0.263483 0.5443600000000001 0.28027 0.53988 0.303784 0.5354 0.308288 0.53242 0.306036 0.52346 0.307147 0.49886 0.292583 0.47424 0.274685 0.47052 0.274685 0.46828 0.281411 0.4638 0.281411 0.4556 0.273544 0.44514 0.25675699999999996 0.44439999999999996 0.25117100000000003 0.44664 0.24780800000000003 0.45633999999999997 0.255646 0.46902 0.241081 0.47498 0.236607 0.49063999999999997 0.22987999999999997 0.50034 0.235465 0.50332 0.224264 0.5175 0.214204 0.519 0.20075099999999999 0.5227200000000001 0.20075099999999999 0.55032 0.227628 0.5525599999999999