69 0.83825 0.7312379999999999 0.864016 0.6541819999999999 0.8605 0.620911 0.8511409999999999 0.559626 0.842938 0.526379 0.846453 0.5123599999999999 0.846453 0.498364 0.8394220000000001 0.48785 0.831234 0.501846 0.8288909999999999 0.528107 0.823031 0.538621 0.818344 0.55264 0.8136720000000001 0.591145 0.817172 0.659439 0.83825 0.7312379999999999
69 0.145578 0.532874 0.145578 0.503411 0.136484 0.480724 0.145578 0.532874
69 0.202687 0.515911 0.20345300000000002 0.525864 0.21334399999999998 0.545491 0.212766 0.535818 0.207063 0.518178 0.20610900000000001 0.516776 0.206875 0.505374 0.202687 0.501682 0.200406 0.51222 0.202687 0.515911
50 0.710828 0.986519 0.9948589999999999 0.988762 1 0.6786449999999999 0.9948589999999999 0.588762 0.982844 0.537079 0.906188 0.483154 0.8851559999999999 0.465164 0.8821559999999999 0.426963 0.8881560000000001 0.408995 0.909203 0.368528 0.915203 0.346075 0.9197190000000001 0.31460299999999997 0.918219 0.256168 0.906188 0.204486 0.8716250000000001 0.159556 0.807016 0.16852799999999998 0.782969 0.21796700000000002 0.782969 0.289883 0.758922 0.35955600000000004 0.773953 0.395514 0.772437 0.39999999999999997 0.754406 0.420234 0.704812 0.449439 0.6417029999999999 0.465164 0.622156 0.5101169999999999 0.622156 0.546075 0.608641 0.577523 0.6056250000000001 0.505607 0.6161559999999999 0.426963 0.628172 0.373037 0.617656 0.334836 0.592109 0.334836 0.560547 0.37528 0.539516 0.404486 0.528984 0.435958 0.528984 0.489883 0.510953 0.5146029999999999 0.504938 0.550561 0.519969 0.608995 0.512453 0.7325929999999999 0.5154690000000001 0.7999999999999999 0.595109 0.7999999999999999 0.622156 0.779766 0.647703 0.7325929999999999 0.655219 0.7370789999999999 0.640203 0.851682 0.640203 0.885397 0.628172 0.9820329999999999 0.710828 0.986519
50 0.273359 0.8522660000000001 0.287047 0.889089 0.345438 0.905467 0.37645300000000004 0.872734 0.458578 0.868621 0.48503100000000005 0.876822 0.48320299999999994 0.803154 0.474078 0.785421 0.452187 0.722664 0.433031 0.66535 0.422984 0.613505 0.427547 0.558949 0.45765599999999995 0.530304 0.46951599999999993 0.5043690000000001 0.45401600000000003 0.445701 0.44032799999999994 0.44707899999999995 0.435766 0.455257 0.450359 0.468902 0.453094 0.5057480000000001 0.42846900000000004 0.516659 0.41478099999999996 0.52757 0.40292199999999995 0.470257 0.383766 0.46616799999999997 0.36642199999999997 0.489369 0.374641 0.528925 0.358219 0.51528 0.335406 0.508458 0.32993700000000004 0.482547 0.337234 0.445701 0.320813 0.436168 0.318063 0.453902 0.314422 0.497547 0.322625 0.52757 0.354563 0.558949 0.355469 0.56986 0.353656 0.614883 0.339969 0.651706 0.315328 0.721285 0.275188 0.849533 0.273359 0.8522660000000001
50 0.329359 0.477523 0.329891 0.483808 0.333031 0.501869 0.3375 0.50736 0.344062 0.513248 0.361141 0.518762 0.372172 0.530935 0.373734 0.527383 0.371109 0.520327 0.36875 0.516402 0.364812 0.512079 0.350109 0.508154 0.345109 0.505 0.345375 0.49165900000000007 0.34775 0.480654 0.350625 0.47280400000000006 0.354578 0.46534999999999993 0.365078 0.458668 0.367969 0.456706 0.372172 0.447687 0.372172 0.44729 0.366656 0.44336400000000004 0.360344 0.439836 0.35825 0.436285 0.360078 0.431589 0.364281 0.422944 0.366391 0.415888 0.365078 0.406846 0.362187 0.39743 0.361391 0.393879 0.359828 0.387991 0.357719 0.388388 0.351422 0.385257 0.343547 0.38682200000000005 0.339078 0.3962379999999999 0.338813 0.405678 0.338031 0.412336 0.336984 0.4162620000000001 0.339344 0.422944 0.341703 0.433154 0.340922 0.43472 0.338547 0.44257 0.336984 0.44257 0.336984 0.442967 0.336984 0.450421 0.333031 0.463785 0.330937 0.461425 0.329359 0.469276 0.329359 0.477523
50 0.3115 0.466145 0.308094 0.484603 0.308875 0.501472 0.309141 0.519533 0.308094 0.54271 0.308094 0.556051 0.310719 0.598458 0.312031 0.607103 0.317016 0.611822 0.320172 0.618481 0.322562 0.6775929999999999 0.3235 0.6965889999999999 0.326328 0.695864 0.34325 0.668458 0.350297 0.6410510000000001 0.354531 0.60521 0.354531 0.58271 0.353578 0.56514 0.350297 0.554603 0.326797 0.531402 0.317391 0.509603 0.314562 0.489229 0.318328 0.459696 0.318328 0.45317799999999997 0.3115 0.466145
50 0.217375 0.43074799999999996 0.219781 0.44425200000000004 0.223406 0.46946299999999996 0.224609 0.50007 0.23732799999999998 0.528832 0.243219 0.6276400000000001 0.253031 0.658925 0.245828 0.683388 0.247141 0.761636 0.253688 0.808598 0.264813 0.7978270000000001 0.254344 0.775327 0.25171899999999997 0.751846 0.260875 0.715654 0.273312 0.615888 0.275922 0.568949 0.287047 0.546449 0.301437 0.513178 0.299469 0.474065 0.288359 0.442757 0.272656 0.428084 0.268078 0.40950899999999996 0.26284399999999997 0.370374 0.25171899999999997 0.359626 0.239297 0.366472 0.234063 0.387009 0.236672 0.41341100000000003 0.23209399999999997 0.416355 0.21640600000000002 0.428084 0.217375 0.43074799999999996
50 0.172828 0.492126 0.150281 0.573037 0.162297 0.707874 0.175828 0.766285 0.183344 0.894393 0.220906 0.88764 0.205891 0.851682 0.262984 0.871916 0.266 0.874159 0.253969 0.82472 0.24645299999999998 0.725841 0.253969 0.6651640000000001 0.232938 0.532593 0.22692199999999998 0.478645 0.211891 0.415724 0.183344 0.420234 0.172828 0.467407 0.172828 0.492126
50 0.155938 0.428248 0.146937 0.41254700000000005 0.12745299999999998 0.40806099999999995 0.109453 0.434977 0.113953 0.45965 0.0989688 0.479813 0.0899688 0.511215 0.0899688 0.551565 0.0899688 0.576238 0.100469 0.596402 0.09446879999999999 0.665911 0.09446879999999999 0.724206 0.0974688 0.7690650000000001 0.101969 0.816145 0.104953 0.838575 0.119953 0.863224 0.143953 0.856495 0.134953 0.8071729999999999 0.137953 0.7600929999999999 0.142453 0.7309349999999999 0.15143800000000002 0.784743 0.157438 0.816145 0.172437 0.8497659999999999 0.173937 0.766822 0.161938 0.69507 0.155938 0.621075 0.152938 0.551565 0.161938 0.506729 0.169437 0.493271 0.160438 0.47757 0.152938 0.466379 0.155938 0.428248
50 0.368188 0.516846 0.377203 0.5101169999999999 0.38020299999999996 0.49663599999999997 0.38321900000000003 0.480888 0.392234 0.471916 0.40425000000000005 0.476402 0.407266 0.483154 0.41326599999999997 0.49663599999999997 0.417781 0.519112 0.423797 0.525841 0.43281200000000003 0.5146029999999999 0.426797 0.483154 0.423797 0.469673 0.41176599999999997 0.46067800000000003 0.39975 0.449439 0.393734 0.435958 0.395234 0.408995 0.390734 0.40224299999999996 0.378703 0.408995 0.369688 0.413481 0.372703 0.429206 0.372703 0.451682 0.363687 0.45843500000000004 0.35465599999999997 0.467407 0.34865599999999997 0.483154 0.347156 0.505607 0.368188 0.516846
69 0.349891 0.461565 0.34914100000000003 0.464907 0.348781 0.467687 0.351 0.467687 0.355969 0.46509300000000003 0.358312 0.464533 0.358563 0.463808 0.356219 0.460093 0.356219 0.457687 0.354969 0.453411 0.352859 0.452313 0.350641 0.451939 0.349391 0.453061 0.347906 0.455093 0.348406 0.45897200000000005 0.349891 0.461565
50 0.445844 0.6971729999999999 0.463656 0.752196 0.465141 0.764182 0.474031 0.8085509999999999 0.478484 0.828528 0.485609 0.824977 0.48056299999999996 0.801005 0.479672 0.75486 0.477594 0.6758879999999999 0.48624999999999996 0.652991 0.490937 0.6477339999999999 0.491922 0.618738 0.48624999999999996 0.583621 0.482719 0.568972 0.47606200000000004 0.564579 0.46334400000000003 0.551986 0.464516 0.53764 0.46725000000000005 0.528575 0.468438 0.518925 0.46353099999999997 0.518925 0.45668699999999995 0.523902 0.445531 0.534439 0.44337499999999996 0.537056 0.442 0.541168 0.440437 0.557266 0.43064099999999994 0.565748 0.427703 0.570724 0.426344 0.573668 0.42262500000000003 0.590631 0.42262500000000003 0.592991 0.424781 0.6275229999999999 0.430844 0.654743 0.43573399999999995 0.666752 0.43789100000000003 0.68021 0.445844 0.6971729999999999
50 0.6011409999999999 0.507033 0.601562 0.529042 0.6041559999999999 0.5853039999999999 0.621031 0.560724 0.625781 0.54972 0.628812 0.536799 0.628812 0.530327 0.629687 0.52257 0.631844 0.512874 0.634875 0.49993000000000004 0.638328 0.483762 0.643516 0.47275700000000004 0.646547 0.46759300000000004 0.6474219999999999 0.457243 0.6474219999999999 0.446238 0.64525 0.429439 0.640062 0.418435 0.631844 0.414556 0.621469 0.415841 0.6188589999999999 0.41778000000000004 0.616266 0.424252 0.612375 0.440421 0.612375 0.462407 0.612812 0.48116800000000004 0.60675 0.488925 0.6011409999999999 0.507033
50 0.301828 0.511145 0.30959400000000004 0.510467 0.31078100000000003 0.498621 0.30975 0.48020999999999997 0.312969 0.465514 0.314875 0.458061 0.31928100000000004 0.45191600000000004 0.31957800000000003 0.443785 0.317969 0.44049099999999997 0.316344 0.43523399999999995 0.313422 0.429089 0.31078100000000003 0.42472 0.30740599999999996 0.42404200000000003 0.303141 0.42493 0.301234 0.430187 0.300797 0.43588800000000005 0.30196900000000004 0.438318 0.299187 0.444883 0.296547 0.453668 0.295812 0.456963 0.294203 0.457617 0.296844 0.465958 0.301234 0.47077100000000005 0.3005 0.497547 0.301828 0.511145
50 0.500687 0.73972 0.489313 0.7609809999999999 0.49712499999999993 0.781168 0.512766 0.776916 0.51775 0.742897 0.511344 0.708879 0.51775 0.598341 0.511344 0.566449 0.493578 0.573879 0.489313 0.711005 0.500687 0.73972
50 0.435719 0.495257 0.436891 0.501589 0.44349999999999995 0.508645 0.45246899999999995 0.506893 0.451516 0.482196 0.449391 0.47091099999999997 0.44326600000000005 0.47091099999999997 0.442563 0.470187 0.437359 0.484299 0.435719 0.495257
27 0.0974688 0.597079 0.09435940000000001 0.5993930000000001 0.090875 0.59243 0.087 0.579696 0.0842813 0.568084 0.07768749999999999 0.568668 0.0703281 0.5495329999999999 0.058703099999999994 0.5396960000000001 0.0416406 0.560561 0.027296900000000002 0.556495 0.027296900000000002 0.548388 0.0327188 0.540257 0.0362188 0.532734 0.025359399999999997 0.52229 0.0160469 0.518808 0.0121719 0.528084 0.002875 0.530981 0.0005468749999999999 0.532734 0 0.6631539999999999 0.0090781203125 0.6695329999999999 0.0133437 0.6683640000000001 0.0187656 0.659673 0.023031199999999998 0.656192 0.0354375 0.6631539999999999 0.0416406 0.655047 0.043578099999999995 0.65215 0.053656300000000004 0.6567759999999999 0.0606406 0.6475 0.0668438 0.645771 0.0761406 0.652734 0.0819531 0.6405609999999999 0.090875 0.6475 0.0978437 0.648084 0.100172 0.6347430000000001 0.10134399999999999 0.598808 0.0974688 0.597079