10 0.2744 0.762073 0.27102 0.763045 0.27008 0.7687400000000001 0.2827 0.769475 0.28704 0.765774 0.29062 0.7529129999999999 0.29364 0.7529129999999999 0.30362 0.75168 0.30569999999999997 0.757612 0.30776 0.763045 0.30907999999999997 0.768005 0.30851999999999996 0.7732020000000001 0.29663999999999996 0.7732020000000001 0.29722000000000004 0.775906 0.29948 0.779134 0.30494 0.7818639999999999 0.31362 0.781601 0.31756 0.778871 0.31794 0.774672 0.31644 0.763806 0.31436000000000003 0.755381 0.30757999999999996 0.746982 0.31626 0.747717 0.31851999999999997 0.750919 0.32095999999999997 0.7526510000000001 0.32662 0.75315 0.33096 0.7501840000000001 0.33396 0.7412859999999999 0.33002 0.733622 0.32227999999999996 0.727428 0.31568 0.721496 0.30306 0.7113649999999999 0.29496 0.7051709999999999 0.28384 0.7036749999999999 0.27572 0.714068 0.26838 0.7059059999999999 0.26195999999999997 0.706404 0.25858 0.7083729999999999 0.2514 0.7121 0.25216 0.7172970000000001 0.25952 0.7192649999999999 0.26780000000000004 0.723465 0.26988 0.730892 0.2727 0.73189 0.27516 0.73189 0.2812 0.733123 0.28798 0.740052 0.28534 0.7452489999999999 0.28552 0.7487140000000001 0.27968 0.760814 0.2727 0.763045 0.2744 0.762073
18 0.28266 0.7512599999999999 0.18458000000000002 0.668241 0.26527999999999996 0.706877 0.28818 0.7455120000000001 0.35354 0.762441 0.4022 0.7404719999999999 0.41134 0.684593 0.7535599999999999 0.644672 0.80376 0.6865880000000001 0.8630599999999999 0.628688 0.91022 0.602756 0.91934 0.562835 0.9163 0.542861 0.9163 0.522913 0.8828400000000001 0.484987 0.72162 0.45503899999999997 0.5438200000000001 0.373097 0.32398000000000005 0.399134 0.21322 0.477218 0.081 0.507585 0.08264 0.594357 0.06778 0.620394 0.0876 0.683307 0.28266 0.7512599999999999
18 0.68 0.43632499999999996 0.73466 0.454252 0.81838 0.472205 0.80984 0.425118 0.762 0.42063 0.69536 0.38251999999999997 0.59114 0.384751 0.68 0.43632499999999996
18 1 0.454987 0.99394 0.454987 0.9960399999999999 0.452205 0.94316 0.468871 0.9057999999999999 0.496168 0.9005 0.500787 0.9036799999999999 0.506325 0.90862 0.5151180000000001 0.9146 0.521155 0.91848 0.529475 0.91918 0.54105 0.91814 0.55769 0.9177799999999999 0.561864 0.91496 0.581759 0.91426 0.585459 0.9138999999999999 0.591024 0.9132 0.592861 0.93612 0.59748 0.94352 0.599344 0.95374 0.605827 0.95938 0.6072179999999999 0.97384 0.607664 0.983 0.602126 0.98688 0.594252 0.989 0.587297 1 0.585932 1 0.454987
18 0.9272999999999999 0.421234 0.91622 0.425249 0.9127799999999999 0.432257 0.912 0.45333300000000004 0.91812 0.477927 0.92692 0.477927 0.94948 0.466877 0.96782 0.460866 0.9984 0.452835 1 0.37658800000000003 0.9682000000000001 0.400656 0.9532999999999999 0.415197 0.92692 0.421732 0.9272999999999999 0.421234
18 0.96386 0.408583 0.99952 0.375276 1 0.359974 0.95562 0.365381 0.9378 0.388766 0.91584 0.408583 0.9144800000000001 0.421181 0.9282 0.422966 0.96248 0.41396299999999997 0.96386 0.408583
18 0 0.644751 0.02178 0.644751 0.0237 0.506037 0.0237 0.46947500000000003 0.05062 0.46947500000000003 0.05062 0.5136219999999999 0.041960000000000004 0.517402 0.0458 0.590525 0.0583 0.637192 0.0679 0.637192 0.06886 0.619528 0.08328 0.596824 0.08424 0.503517 0.11785999999999999 0.494698 0.08904000000000001 0.49091900000000005 0.00354 0.440472 0 0.440472 0 0.644751
18 0.11898 0.495118 0.1561 0.498058 0.20372 0.492651 0.22268000000000002 0.470026 0.25606 0.44687699999999997 0.2298 0.43606300000000003 0.18818000000000001 0.433596 0.16944 0.43950100000000003 0.14356 0.444436 0.09090000000000001 0.49068199999999995 0.11898 0.495118
18 0.1683 0.433255 0.17018 0.43916000000000005 0.18780000000000002 0.433255 0.22341999999999998 0.434724 0.23354 0.437192 0.2403 0.426378 0.23542 0.41850400000000004 0.17768 0.42144400000000004 0.17318 0.424882 0.16791999999999999 0.433753 0.1683 0.433255
18 0.29502 0.41721800000000003 0.25683999999999996 0.420131 0.24766 0.42469799999999996 0.23748 0.438031 0.25534 0.44650900000000004 0.29502 0.41721800000000003
75 0.03692 0.432126 0.034140000000000004 0.43577400000000005 0.03344 0.444882 0.032740000000000005 0.456719 0.07234 0.483176 0.09458 0.49228299999999997 0.15084 0.446693 0.16266 0.44123399999999996 0.16682 0.43577400000000005 0.15084 0.401129 0.1425 0.389265 0.053579999999999996 0.398373 0.04316 0.43028900000000003 0.03692 0.432126