76 0.714771 0.469484 0.82475 0.473609 0.8275 0.409687 0.7065210000000001 0.409687 0.714771 0.469484
24 0.401167 0.629078 0.192625 0.634953 0.208292 0.6587970000000001 0.234354 0.6587970000000001 0.286479 0.635328 0.302104 0.633375 0.325583 0.6450940000000001 0.286479 0.738953 0.294313 0.766328 0.278646 0.781953 0.20306300000000002 0.791719 0.0701042 0.795641 0.03625 0.695937 0.0701042 0.598172 0.0935833 0.572781 0.0753333 0.549312 0.0649167 0.551266 0.0570833 0.578625 0.046645799999999994 0.557125 0.046645799999999994 0.539531 0.0649167 0.533656 0.0414375 0.525844 0 0.553219 0.004958329166666667 0.985266 0.362063 0.987219 0.41160399999999997 0.684187 0.390729 0.641188 0.401167 0.629078
50 0.0459583 0.629797 0.036083300000000006 0.672797 0.042 0.751359 0.0795625 0.786953 0.132938 0.786953 0.219917 0.783984 0.253521 0.764703 0.269333 0.7810159999999999 0.29504199999999997 0.7721250000000001 0.28712499999999996 0.735062 0.316792 0.6935469999999999 0.312833 0.652031 0.306896 0.634234 0.285146 0.641656 0.227833 0.660922 0.206083 0.659453 0.20014600000000002 0.638687 0.186313 0.595688 0.168521 0.564562 0.18829200000000001 0.563078 0.190271 0.54825 0.194229 0.531937 0.19225 0.526016 0.180375 0.491906 0.14479199999999998 0.480047 0.10527099999999999 0.48153100000000004 0.0874792 0.503781 0.0756042 0.5275000000000001 0.0657292 0.536391 0.0400417 0.5497340000000001 0.0479375 0.570484 0.0617708 0.5690000000000001 0.0578333 0.561594 0.0677083 0.5467660000000001 0.08549999999999999 0.5497340000000001 0.0914375 0.564562 0.0756042 0.583828 0.0459583 0.625344 0.0459583 0.629797
50 0.47118699999999997 0.13953100000000002 0.457958 0.147906 0.46 0.156297 0.462042 0.162391 0.46508299999999997 0.175344 0.47118699999999997 0.183734 0.483375 0.189062 0.50675 0.197453 0.501667 0.204312 0.46406200000000003 0.219547 0.455937 0.23326600000000003 0.469146 0.306438 0.605313 0.300344 0.606333 0.2165 0.580917 0.203547 0.590063 0.162391 0.580917 0.134953 0.469146 0.141813 0.47118699999999997 0.13953100000000002
26 0.06739579999999999 0.48875 0.06739579999999999 0.466094 0.049666699999999994 0.465016 0.035270800000000005 0.46896899999999997 0.0347917 0.47292199999999995 0.0290417 0.475094 0.030000000000000002 0.48515600000000003 0.0347917 0.477609 0.0381458 0.47796900000000003 0.0405417 0.48371899999999995 0.043416699999999996 0.489828 0.054458299999999994 0.490188 0.06739579999999999 0.48875
22 0.33489599999999997 0.634922 0.36779199999999995 0.634062 0.39956200000000003 0.6400159999999999 0.404083 0.662141 0.442646 0.657875 0.50275 0.654484 0.532229 0.6391720000000001 0.526563 0.617063 0.5175 0.576234 0.514083 0.532 0.5345 0.511594 0.543583 0.499672 0.507271 0.485219 0.4245 0.489469 0.350771 0.497969 0.30087499999999995 0.510734 0.294083 0.5235000000000001 0.291812 0.533703 0.309958 0.543906 0.32583300000000004 0.556656 0.336042 0.634062 0.33489599999999997 0.634922
27 0.6621670000000001 0.9146089999999999 0.6651670000000001 0.988766 0.976771 0.9775309999999999 0.973792 0.8943749999999999 1 0.892141 0.99775 0.811234 0.808979 0.6134839999999999 0.563292 0.626969 0.620229 0.9146089999999999 0.6621670000000001 0.9146089999999999
42 0.461083 0.489094 0.451625 0.425609 0.343312 0.43537499999999996 0.353375 0.49042199999999997 0.351604 0.49618799999999996 0.34864599999999996 0.499297 0.461083 0.489094
45 0.853 0.496 0.8631460000000001 0.495062 0.862896 0.491734 0.8574579999999999 0.48857799999999996 0.85325 0.48784400000000006 0.8468330000000001 0.489687 0.852021 0.49618799999999996 0.853 0.496
39 0.7114379999999999 0.5061880000000001 0.831437 0.49837499999999996 0.8262079999999999 0.490547 0.702313 0.4925 0.717958 0.503266 0.7114379999999999 0.5061880000000001
23 0.706792 0.11717200000000001 0.702083 0.10423400000000001 0.692167 0.100312 0.681708 0.100312 0.674396 0.100719 0.668125 0.104625 0.664479 0.10893699999999999 0.6618539999999999 0.11756200000000001 0.663438 0.128531 0.668125 0.13323400000000002 0.672312 0.135969 0.681708 0.135969 0.6937289999999999 0.135187 0.697917 0.132047 0.703125 0.128922 0.706792 0.11717200000000001