7 0.171531 1 0.161437 0.945292 0.15975 0.8062710000000001 0.119391 0.617938 0.07062500000000001 0.39595800000000003 0.037 0.382521 0.0033593703125 0.353354 0.0050468796875 0.36233299999999996 0 1 0.171531 1
42 0.237641 0.838208 0.389328 0.719104 0.311797 0.6045 0.28482799999999997 0.492125 0.134828 0.6 0.182016 0.741583 0.237641 0.838208
12 0.21779700000000002 0.203854 0.21939099999999997 0.20725000000000002 0.332187 0.183875 0.33281299999999997 0.18345799999999998 0.33281299999999997 0.178354 0.32964099999999996 0.17622900000000002 0.330594 0.166896 0.223219 0.186 0.21812499999999999 0.166458 0.210156 0.16943699999999998 0.210156 0.182604 0.21779700000000002 0.203854
12 0.21103100000000002 0.188583 0.208625 0.175729 0.21103100000000002 0.170583 0.208625 0.16481300000000002 0.13539099999999998 0.182792 0.13539099999999998 0.207208 0.21103100000000002 0.188583
12 0.216344 0.224896 0.209734 0.19162500000000002 0.129766 0.210208 0.136375 0.247396 0.216344 0.224896
12 0.22078099999999998 0.224354 0.225844 0.224354 0.332016 0.199625 0.330344 0.181646 0.313484 0.190646 0.237641 0.206375 0.21909399999999998 0.206375 0.21404700000000002 0.197375 0.22078099999999998 0.224354
2 0.5974999999999999 0.6288959999999999 0.604063 0.606125 0.604063 0.5500830000000001 0.604063 0.518583 0.596187 0.495813 0.590938 0.457292 0.587 0.425771 0.571234 0.389 0.558109 0.353979 0.541031 0.339979 0.497703 0.322479 0.463547 0.334729 0.429406 0.368 0.405766 0.509813 0.393953 0.530833 0.388703 0.565854 0.375563 0.579854 0.375563 0.600875 0.39001600000000003 0.618375 0.395266 0.6288959999999999 0.43334400000000006 0.6533960000000001 0.441234 0.669167 0.450422 0.711187 0.46223400000000003 0.7391869999999999 0.5134529999999999 0.7391869999999999 0.568609 0.735687 0.600125 0.709437 0.608 0.623625 0.5974999999999999 0.6288959999999999
65 0.741578 0.813479 0.746625 0.777521 0.751687 0.7460629999999999 0.755062 0.6988749999999999 0.778656 0.6741670000000001 0.783703 0.6539370000000001 0.785391 0.644937 0.7887660000000001 0.615729 0.797187 0.5685420000000001 0.803937 0.519104 0.805625 0.451688 0.805625 0.386521 0.793813 0.370792 0.778656 0.352812 0.755062 0.33258299999999996 0.731453 0.33258299999999996 0.707859 0.33258299999999996 0.6910160000000001 0.32583300000000004 0.679219 0.361792 0.658984 0.382021 0.598313 0.6741670000000001 0.6 0.705625 0.6134839999999999 0.734833 0.620219 0.7460629999999999 0.6455 0.764042 0.650563 0.786521 0.655625 0.80225 0.6640469999999999 0.820229 0.679219 0.835958 0.6707810000000001 0.813479 0.6657339999999999 0.786521 0.672469 0.775271 0.687641 0.779771 0.69775 0.7977500000000001 0.7112339999999999 0.8112290000000001 0.728094 0.8157289999999999 0.741578 0.813479
12 0.210281 0.163729 0.21568700000000002 0.162292 0.218938 0.161208 0.218938 0.159042 0.21867200000000003 0.146063 0.21840600000000002 0.145 0.209469 0.106167 0.18298399999999998 0.14583300000000002 0.17757799999999999 0.15231199999999998 0.175406 0.153396 0.122234 0.150042 0.133313 0.181042 0.134672 0.181771 0.13728100000000001 0.181396 0.20975000000000002 0.16445800000000002 0.210281 0.163729
12 0.222219 0.24206200000000003 0.269422 0.22839600000000002 0.272547 0.22483299999999998 0.284125 0.2195 0.29659399999999997 0.221875 0.335344 0.211167 0.33132799999999996 0.207021 0.330891 0.199292 0.22400000000000003 0.227813 0.215531 0.213563 0.222219 0.24206200000000003
12 0.21035900000000002 0.106646 0.20043700000000003 0.07110419999999999 0.149625 0.079375 0.114906 0.129771 0.11925 0.151271 0.17626599999999998 0.154562 0.209125 0.10497899999999999 0.21035900000000002 0.106646
12 0.384031 0.614938 0.307391 0.577042 0.32060900000000003 0.632542 0.366844 0.676604 0.386672 0.6387079999999999 0.384031 0.614938