52 0.0003125 0.702559 0.014124999999999999 0.702559 0.013140599999999999 0.692183 0.0160938 0.623991 0.0052343796875000004 0.580986 0.014124999999999999 0.56615 0.014124999999999999 0.5424410000000001 0.008203129687500001 0.45497699999999996 0.0121563 0.449038 0.0220156 0.44460099999999997 0.030906299999999998 0.41640799999999994 0.0407656 0.42086900000000005 0.0545781 0.440141 0.0644531 0.429765 0.044718799999999996 0.376385 0.0693906 0.36157300000000003 0.0407656 0.349695 0.0506406 0.334883 0.0358281 0.33784 0.0358281 0.325986 0.023 0.325986 0.027937499999999997 0.314131 0.0200469 0.28446 0.0012968703125 0.336362 0.0003125 0.702559
52 0.128266 0.599577 0.154297 0.595657 0.154953 0.573169 0.158203 0.574131 0.16015600000000002 0.573169 0.16276600000000002 0.5673 0.16603099999999998 0.55946 0.16603099999999998 0.54284 0.150391 0.545775 0.145844 0.545775 0.140625 0.541854 0.13151600000000002 0.531103 0.13281199999999999 0.53892 0.133469 0.5526289999999999 0.132172 0.5623940000000001 0.132172 0.592723 0.128266 0.599577
76 0.43574999999999997 0.411808 0.436578 0.302817 0.34320300000000004 0.292817 0.341531 0.292817 0.339859 0.41054 0.43574999999999997 0.411808
24 0.579531 0.599366 0.585734 0.6981459999999999 0.631656 0.717723 0.691828 0.729836 0.712297 0.7326290000000001 0.740219 0.715869 0.732781 0.683239 0.729672 0.6375590000000001 0.729672 0.58723 0.7365 0.579789 0.7774530000000001 0.576995 0.827703 0.5667369999999999 0.832047 0.494953 0.828937 0.491244 0.8215 0.488451 0.820875 0.47446 0.811562 0.46978899999999996 0.80475 0.462347 0.775594 0.46699500000000005 0.7445630000000001 0.46608 0.6936880000000001 0.476315 0.679422 0.480047 0.6676409999999999 0.527582 0.662047 0.535047 0.644062 0.52946 0.635375 0.534108 0.629797 0.544366 0.6155160000000001 0.544366 0.582641 0.544366 0.580156 0.544366 0.578297 0.550892 0.575812 0.575117 0.579531 0.599366
24 0.135984 0.643005 0.140281 0.615047 0.123109 0.615047 0.0944688 0.615047 0.0787344 0.610751 0.0787344 0.59784 0.0959062 0.582793 0.131688 0.582793 0.134563 0.544085 0.150297 0.541925 0.158891 0.578498 0.1775 0.572042 0.157453 0.544085 0.158891 0.4472999999999999 0.141719 0.434413 0.127406 0.44516399999999995 0.0687031 0.425798 0.0272031 0.443005 0.0243281 0.443005 0.00429688 0.45161999999999997 0.0143125 0.559131 0.00571875 0.587089 0.01575 0.627958 0.0229062 0.7032159999999998 0.0229062 0.763451 0.0415156 0.761291 0.044375 0.733333 0.134563 0.716127 0.140281 0.70108 0.0400781 0.716127 0.0343594 0.69892 0.134563 0.675258 0.141719 0.660211 0.130266 0.6473 0.135984 0.643005
24 0.544953 0.5040140000000001 0.541828 0.514296 0.541828 0.535822 0.545563 0.53115 0.5486869999999999 0.548944 0.5486869999999999 0.562981 0.574234 0.570469 0.5792189999999999 0.570469 0.5792189999999999 0.544249 0.6327969999999999 0.540516 0.636531 0.5330280000000001 0.640281 0.530211 0.656469 0.528333 0.660219 0.53115 0.6614530000000001 0.5330280000000001 0.682641 0.479671 0.732484 0.465634 0.7742340000000001 0.467488 0.772984 0.461878 0.5835779999999999 0.46 0.56925 0.504953 0.544953 0.5040140000000001
12 0.126328 0.33561 0.182844 0.341549 0.182453 0.27385 0.126328 0.264953 0.126328 0.33561
12 0.137328 0.44636200000000004 0.143125 0.441995 0.142391 0.385986 0.135516 0.385986 0.137328 0.44636200000000004
78 0.167797 0.19741799999999998 0.17196899999999998 0.229883 0.188656 0.23044599999999998 0.192078 0.19741799999999998 0.187906 0.170634 0.17045300000000002 0.17122099999999998 0.170844 0.17122099999999998 0.16932799999999998 0.19115000000000001 0.167797 0.19741799999999998
22 0.281625 0.6052109999999999 0.276594 0.61277 0.28250000000000003 0.650023 0.270391 0.655352 0.26093700000000003 0.662465 0.257703 0.6682159999999999 0.256516 0.6917369999999999 0.260359 0.706831 0.26507800000000004 0.707723 0.264484 0.720587 0.264484 0.737887 0.268922 0.7454230000000001 0.266859 0.819531 0.27217199999999997 0.828404 0.280734 0.82885 0.28575 0.825305 0.28368699999999997 0.804437 0.350734 0.8297420000000001 0.39414099999999996 0.841268 0.395031 0.8616900000000001 0.40064099999999997 0.871878 0.40654700000000005 0.8710089999999999 0.41215599999999997 0.866573 0.410391 0.772934 0.428406 0.765845 0.493969 0.787136 0.496328 0.811103 0.5052030000000001 0.814202 0.510219 0.8102109999999999 0.509625 0.72723 0.511984 0.725469 0.512281 0.6571359999999999 0.514641 0.576385 0.522328 0.48852100000000004 0.5235000000000001 0.453474 0.5167189999999999 0.44415499999999997 0.502234 0.445047 0.494266 0.436596 0.48481199999999997 0.42241799999999996 0.472406 0.416643 0.460297 0.41798100000000005 0.421312 0.440164 0.410984 0.440164 0.392969 0.424624 0.369344 0.431291 0.36076600000000003 0.429953 0.345406 0.443263 0.343047 0.461009 0.351906 0.514695 0.359594 0.59946 0.35929700000000003 0.6061030000000001 0.35398399999999997 0.608333 0.318828 0.605657 0.294609 0.601667 0.281625 0.6052109999999999
22 0.765094 0.836854 0.7524219999999999 0.853991 0.75875 0.884437 0.814484 0.895845 0.8664059999999999 0.888239 0.8714689999999999 0.873005 0.8740159999999999 0.861596 0.8524839999999999 0.846362 0.832219 0.833052 0.824609 0.7930989999999999 0.820813 0.741714 0.823344 0.7284039999999999 0.8740159999999999 0.732207 0.895547 0.713169 0.900609 0.682723 0.905672 0.585681 0.8714689999999999 0.5666669999999999 0.799281 0.576174 0.7498910000000001 0.576174 0.734687 0.579977 0.730891 0.6104229999999999 0.733422 0.690352 0.747359 0.7169719999999999 0.799281 0.7303050000000001 0.8106880000000001 0.737911 0.809422 0.814014 0.8119529999999999 0.838756 0.781547 0.836854 0.765094 0.836854
22 0.132625 0.641455 0.1385 0.635563 0.1385 0.613005 0.0732344 0.603216 0.0758438 0.592418 0.128047 0.582629 0.130016 0.564977 0.161984 0.56007 0.154812 0.566948 0.156109 0.578709 0.168516 0.580657 0.175031 0.570869 0.174391 0.565962 0.155453 0.549296 0.154812 0.542418 0.152844 0.505164 0.154812 0.450282 0.144375 0.447324 0.130656 0.450282 0.101953 0.436549 0.0699844 0.43065699999999996 0.0334375 0.45223 0.0249531 0.44438999999999995 0.00864063 0.445376 0.0158125 0.559085 0.005375 0.596338 0.0184219 0.632629 0.0203906 0.690469 0.133281 0.678685 0.141109 0.665962 0.1385 0.6541780000000001 0.132625 0.641455
22 0.881922 0.567723 0.886937 0.574319 0.9032030000000001 0.579014 0.905719 0.6119249999999999 0.901953 0.682465 0.893188 0.719131 0.891313 0.79061 0.881297 0.7887320000000001 0.856266 0.794366 0.844375 0.808474 0.85 0.8207040000000001 0.873172 0.831995 0.930125 0.844225 0.9520310000000001 0.8207040000000001 0.939516 0.8047179999999999 0.911344 0.797207 0.9069689999999999 0.797207 0.904469 0.7849769999999999 0.904469 0.768991 0.901953 0.6984509999999999 0.926375 0.700329 0.972063 0.683404 0.983953 0.625094 0.977078 0.6194599999999999 0.966437 0.6232160000000001 0.9564220000000001 0.588427 0.9520310000000001 0.572441 0.9908440000000001 0.5583330000000001 0.9852190000000001 0.550798 0.948906 0.5526760000000001 0.880672 0.560211 0.881922 0.567723
27 1 0.5523939999999999 0.9949999999999999 0.5523939999999999 0.9767810000000001 0.5582630000000001 0.965062 0.561197 0.9533440000000001 0.569038 0.9520310000000001 0.579789 0.9572499999999999 0.6130519999999999 0.9611560000000001 0.6179340000000001 0.981984 0.621854 1 0.6257510000000001 1 0.621854 1 0.604249 1 0.578803 1 0.5523939999999999
12 0.134141 0.22410800000000003 0.133734 0.164272 0.130078 0.162136 0.130281 0.225023 0.134141 0.22410800000000003
12 0.14650000000000002 0.44096199999999997 0.148688 0.44183100000000003 0.148984 0.385939 0.145203 0.384624 0.142734 0.384836 0.143453 0.442042 0.14650000000000002 0.44096199999999997
12 0.207969 0.427113 0.208766 0.44446 0.20970300000000003 0.440657 0.213672 0.440892 0.215406 0.442793 0.21635900000000002 0.442793 0.216984 0.432089 0.218094 0.430681 0.218891 0.424249 0.207969 0.427113
12 0.22364100000000003 0.445423 0.22743799999999997 0.445423 0.227281 0.425681 0.222688 0.424953 0.221578 0.43115 0.223172 0.431854 0.22364100000000003 0.445423
12 0.511844 0.370258 0.511172 0.338498 0.507891 0.338498 0.508281 0.37084500000000004 0.511844 0.370258
12 0.233141 0.344155 0.23148399999999997 0.28119700000000003 0.22762500000000002 0.28204199999999996 0.22707799999999997 0.286174 0.22762500000000002 0.344155 0.233141 0.344155
12 0.49448400000000003 0.434155 0.493719 0.411315 0.48992199999999997 0.41187799999999997 0.48992199999999997 0.429014 0.49448400000000003 0.434155
78 0.194984 0.31596199999999997 0.195719 0.32554 0.197437 0.33624400000000004 0.198172 0.34269999999999995 0.21254699999999999 0.342512 0.21290599999999998 0.333474 0.214875 0.323709 0.2145 0.31227699999999997 0.21340599999999998 0.304343 0.21290599999999998 0.298427 0.21303100000000003 0.294366 0.210203 0.292535 0.206031 0.291972 0.202219 0.291408 0.198172 0.29216000000000003 0.19731300000000002 0.293263 0.195844 0.303404 0.194984 0.31596199999999997
12 0.155531 0.449343 0.160219 0.449343 0.16209400000000002 0.449343 0.163266 0.38845100000000005 0.155531 0.39091499999999996 0.153422 0.444413 0.155531 0.449343
12 0.508297 0.367606 0.508297 0.338099 0.504578 0.337488 0.504578 0.36699499999999996 0.508297 0.367606
12 0.503891 0.293803 0.504094 0.262793 0.498672 0.261549 0.49846899999999994 0.291291 0.503891 0.293803
22 0.311797 0.44462399999999996 0.309328 0.481761 0.311797 0.539343 0.27470300000000003 0.550493 0.25739100000000004 0.5653520000000001 0.25739100000000004 0.600634 0.238844 0.60993 0.24379699999999999 0.6284979999999999 0.24379699999999999 0.680516 0.245031 0.7213849999999999 0.25987499999999997 0.725094 0.262344 0.667512 0.280891 0.6489440000000001 0.280891 0.634085 0.27717200000000003 0.596925 0.324156 0.613638 0.363719 0.615493 0.346406 0.45018800000000003 0.32168800000000003 0.44462399999999996 0.311797 0.44462399999999996
24 0.272844 0.6535449999999999 0.256984 0.664131 0.259625 0.680023 0.259625 0.7078169999999999 0.264031 0.7197180000000001 0.266672 0.742207 0.269313 0.8361500000000001 0.285172 0.822934 0.284281 0.808357 0.30365600000000004 0.812347 0.382938 0.8348359999999999 0.392625 0.8348359999999999 0.39437500000000003 0.8626290000000001 0.398781 0.8705630000000001 0.412875 0.867911 0.41551600000000005 0.856009 0.41375 0.7686620000000001 0.500063 0.732958 0.49390599999999996 0.752793 0.49654699999999996 0.818944 0.515047 0.807042 0.513281 0.7250000000000001 0.515922 0.5873940000000001 0.5212030000000001 0.46169 0.522094 0.448474 0.500953 0.44713600000000003 0.482453 0.42333299999999996 0.46835899999999997 0.416714 0.45779699999999995 0.416714 0.436656 0.431268 0.42432800000000004 0.441854 0.41904700000000006 0.445822 0.39967199999999997 0.44316900000000004 0.378531 0.431268 0.363547 0.431268 0.35475 0.435235 0.350344 0.44316900000000004 0.341531 0.45375600000000005 0.338016 0.47492999999999996 0.35826600000000003 0.5927 0.363547 0.6165020000000001 0.36179700000000004 0.620469 0.282531 0.611221 0.276359 0.607254 0.286047 0.6535449999999999 0.272844 0.6535449999999999