3 0.637422 0.20770300000000003 0.6911200000000001 0.204328 0.7191930000000001 0.20289100000000002 0.7625000000000001 0.17882800000000001 0.799375 0.12687500000000002 0.800964 0.104266 0.784141 0.09801560000000001 0.757682 0.10570299999999999 0.666276 0.172578 0.637422 0.18701600000000002 0.637422 0.20770300000000003
3 0.689349 0.24196900000000002 0.7071869999999999 0.253109 0.7383850000000001 0.259359 0.76737 0.26381299999999996 0.7933849999999999 0.26114099999999996 0.814167 0.254891 0.832005 0.245531 0.848359 0.233047 0.8661979999999999 0.22325 0.8765890000000001 0.220578 0.8788279999999999 0.214328 0.8713799999999999 0.209422 0.86099 0.20764100000000002 0.8505729999999999 0.20764100000000002 0.8505729999999999 0.210766 0.840182 0.213891 0.819375 0.213891 0.788177 0.213891 0.7599480000000001 0.213891 0.7361719999999999 0.213891 0.7079430000000001 0.213891 0.694557 0.217 0.684167 0.213891 0.67151 0.20764100000000002 0.663359 0.20764100000000002 0.640312 0.206312 0.629922 0.210766 0.624714 0.215219 0.629167 0.22325 0.632135 0.224578 0.6447660000000001 0.22635900000000003 0.6529429999999999 0.22325 0.6529429999999999 0.221906 0.67599 0.232609 0.689349 0.24196900000000002
3 0.576536 0.171406 0.600703 0.12468699999999999 0.584583 0.0425156 0.547005 0.0360625 0.528203 0.058625000000000003 0.517448 0.0989063 0.528203 0.134344 0.563099 0.177859 0.576536 0.171406
3 0.6618229999999999 0.309422 0.681927 0.316 0.714766 0.312719 0.742161 0.297375 0.756771 0.286422 0.7558590000000001 0.279297 0.740339 0.274375 0.724818 0.274922 0.660911 0.280953 0.619844 0.283141 0.6052339999999999 0.28532799999999997 0.579688 0.278203 0.584245 0.290797 0.610729 0.300109 0.6618229999999999 0.309422
3 0.5305730000000001 0.290234 0.512865 0.296609 0.5305730000000001 0.315734 0.5305730000000001 0.325313 0.527031 0.337 0.527031 0.35826600000000003 0.557135 0.35295299999999996 0.62625 0.354016 0.640417 0.354016 0.6687500000000001 0.363578 0.681172 0.363578 0.6917970000000001 0.363578 0.723672 0.34762499999999996 0.7378650000000001 0.343375 0.755573 0.35295299999999996 0.755573 0.376328 0.778594 0.36995300000000003 0.79987 0.365703 0.8140360000000001 0.346562 0.7378650000000001 0.32637499999999997 0.7041930000000001 0.321062 0.651042 0.304047 0.620938 0.30298400000000003 0.571328 0.280656 0.5305730000000001 0.290234
3 0.588958 0.16109400000000001 0.6046090000000001 0.18268800000000002 0.631172 0.177047 0.6608850000000001 0.174234 0.679661 0.145156 0.6859109999999999 0.0963594 0.676536 0.0635156 0.640573 0.0682031 0.6264839999999999 0.114187 0.587396 0.158281 0.588958 0.16109400000000001
3 0.6851820000000001 0.0719063 0.688854 0.12173400000000001 0.688854 0.126125 0.6839580000000001 0.141516 0.7706770000000001 0.039671899999999996 0.7999740000000001 0.0008281250000000001 0.716927 0.0015625 0.663203 0.0623906 0.6851820000000001 0.0719063
3 0.450208 0.18904700000000002 0.442057 0.205672 0.432266 0.216438 0.43390599999999996 0.226219 0.445312 0.250672 0.46486999999999995 0.25360900000000003 0.484453 0.25360900000000003 0.492604 0.249688 0.507266 0.239906 0.50237 0.218391 0.492604 0.21253099999999997 0.458359 0.19492199999999998 0.450208 0.18904700000000002
3 0.41026 0 0.399245 0.008078129687500001 0.399245 0.027906300000000002 0.413021 0.0527031 0.448828 0.0874062 0.48877600000000004 0.100625 0.498411 0.10971900000000001 0.523203 0.123766 0.521823 0.12232799999999999 0.525964 0.1155 0.519062 0.100625 0.525964 0.0783125 0.528698 0.0609531 0.5493750000000001 0.0361719 0.583802 0.042781200000000005 0.5893229999999999 0.0609531 0.605833 0.05104689999999999 0.576927 0.033687499999999995 0.547995 0 0.41026 0
3 0.34710899999999995 0.224203 0.3475 0.212078 0.34710899999999995 0.205281 0.336979 0.20115599999999997 0.330521 0.19921899999999998 0.321224 0.19970300000000002 0.31596399999999997 0.20164100000000001 0.30502599999999996 0.20818799999999998 0.294922 0.211109 0.28197900000000004 0.20868699999999998 0.28643199999999996 0.215469 0.28239600000000004 0.215469 0.265391 0.204312 0.26177100000000003 0.20042200000000002 0.253672 0.19 0.24638000000000002 0.18562499999999998 0.239115 0.18562499999999998 0.236276 0.187328 0.242344 0.19120299999999998 0.24679700000000002 0.192656 0.254089 0.200922 0.229818 0.20115599999999997 0.22901000000000002 0.198969 0.22778600000000002 0.19606300000000002 0.222943 0.194125 0.21362 0.195094 0.20838500000000001 0.198484 0.209193 0.20406200000000002 0.212812 0.209172 0.242344 0.211594 0.24760400000000002 0.223969 0.244766 0.226875 0.241953 0.23659400000000003 0.241953 0.24459399999999998 0.239505 0.24701599999999999 0.234661 0.252609 0.23750000000000002 0.25454699999999997 0.251641 0.256734 0.257318 0.25454699999999997 0.259323 0.24726599999999999 0.26257800000000003 0.25139100000000003 0.26054700000000003 0.25478100000000004 0.26257800000000003 0.265219 0.251641 0.272266 0.257708 0.275422 0.27026 0.271781 0.284818 0.2725 0.288464 0.274438 0.295339 0.274922 0.31677099999999997 0.28512499999999996 0.31677099999999997 0.287547 0.319609 0.28996900000000003 0.32484399999999997 0.28803100000000004 0.34630200000000005 0.293859 0.35437500000000005 0.293859 0.368542 0.295312 0.376615 0.29798399999999997 0.37987 0.303078 0.384714 0.306969 0.39400999999999997 0.307688 0.41263 0.309625 0.419089 0.312547 0.421927 0.307688 0.42434900000000003 0.304297 0.431641 0.298469 0.433984 0.286391 0.429583 0.28185899999999997 0.426432 0.272219 0.419505 0.258984 0.408464 0.244234 0.419818 0.241766 0.42421899999999996 0.24234399999999998 0.424844 0.247438 0.424844 0.251797 0.429271 0.251609 0.437135 0.248203 0.437786 0.246125 0.434297 0.240266 0.427057 0.239875 0.422344 0.237047 0.41224 0.23628100000000002 0.398385 0.240078 0.393333 0.238172 0.380104 0.24196900000000002 0.36497399999999997 0.235156 0.34763000000000005 0.22337500000000002 0.34710899999999995 0.224203
3 0.427448 0.16817200000000002 0.451953 0.187391 0.46513 0.202094 0.5065890000000001 0.21339100000000003 0.525443 0.21339100000000003 0.553698 0.208875 0.5555990000000001 0.197563 0.549922 0.182875 0.5480470000000001 0.167047 0.546172 0.15234399999999998 0.5235420000000001 0.15234399999999998 0.49150999999999995 0.14668699999999998 0.451953 0.136516 0.43875 0.133125 0.435 0.125219 0.425573 0.11617200000000001 0.43309899999999996 0.104859 0.421797 0.10825 0.41992199999999996 0.11729700000000001 0.42369799999999996 0.127469 0.418021 0.130859 0.41614599999999996 0.148953 0.427448 0.16817200000000002
3 0.42091100000000004 0.153422 0.419219 0.141594 0.418359 0.13387500000000002 0.418359 0.125641 0.419219 0.11432800000000001 0.42606799999999995 0.103531 0.433776 0.101469 0.43463500000000005 0.116906 0.43463500000000005 0.125641 0.443203 0.130266 0.44921900000000003 0.13592200000000002 0.5297919999999999 0.153938 0.5297919999999999 0.152391 0.517786 0.13953100000000002 0.49294299999999996 0.118438 0.44151 0.09220310000000001 0.42177099999999995 0.0819219 0.404635 0.07368749999999999 0.37377600000000005 0.059812500000000005 0.361771 0.0613437 0.356641 0.0639219 0.358333 0.0901563 0.36862 0.110219 0.37890599999999997 0.124094 0.38919299999999996 0.137984 0.413203 0.157016 0.42091100000000004 0.153422
3 0.6909109999999999 0.136094 0.697943 0.138406 0.709453 0.140703 0.756094 0.107344 0.767604 0.102359 0.7688799999999999 0.0923906 0.7433329999999999 0.0712969 0.687083 0.134953 0.6909109999999999 0.136094