13 0.758703 0.514813 0.765234 0.490833 0.770687 0.468333 0.767953 0.442188 0.766875 0.410958 0.770687 0.380458 0.788109 0.336875 0.794109 0.319438 0.796281 0.297667 0.801734 0.252625 0.805547 0.224312 0.8142660000000002 0.188 0.813172 0.153854 0.794109 0.0957708 0.785937 0.0725208 0.787031 0.0500208 0.791375 0.0434792 0.795734 0.0362083 0.797922 0.015875 0.794109 0.008625 0.795734 0.00208333 0.738 0.000625 0.740734 0.008625 0.742359 0.0100625 0.734734 0.0195208 0.732016 0.0369375 0.736922 0.037666700000000004 0.734734 0.0471042 0.732016 0.0645417 0.691156 0.138604 0.682453 0.16475 0.679172 0.183646 0.680813 0.19525 0.672641 0.261354 0.668281 0.283854 0.666656 0.32525 0.672641 0.347042 0.669375 0.393521 0.665016 0.429104 0.655219 0.454521 0.654125 0.49375 0.653578 0.501 0.659031 0.511167 0.675359 0.515521 0.691703 0.523521 0.712953 0.530062 0.72875 0.535854 0.741266 0.538771 0.743453 0.538771 0.758703 0.514813
53 0.239859 0.28491700000000003 0.302359 0.282667 0.34290600000000004 0.266896 0.376688 0.242125 0.402031 0.237604 0.435813 0.24662499999999998 0.44425 0.262396 0.586156 0.255625 0.603047 0.0011250000000000001 0.158781 0.005625000000000001 0.182438 0.264646 0.239859 0.28491700000000003
22 0.815734 0.107875 0.8140470000000001 0.0876458 0.800563 0.0876458 0.798875 0.096625 0.798875 0.119104 0.8072969999999999 0.152812 0.808984 0.18202100000000002 0.808984 0.2 0.8072969999999999 0.235958 0.9977499999999999 0.29662499999999997 0.994375 0.152812 0.824156 0.110104 0.815734 0.107875
22 0 0.43581200000000003 0.0033750000000000004 0.43581200000000003 0.05575 0.402021 0 0.20158299999999998 0 0.43581200000000003
27 0.668734 0.340292 0.683969 0.292896 0.670422 0.25225 0.6535 0.254521 0.529906 0.240979 0.431719 0.261292 0.450344 0.340292 0.516359 0.340292 0.599328 0.340292 0.668734 0.340292
27 0.7656811860715622 0.4004880623474523 0.760156 0.466708 0.760156 0.543458 0.8034663662622034 0.5733595247398308 0.854969 0.608917 0.932844 0.699208 0.961625 0.816583 0.948078 0.927208 0.932844 0.972354 0.932844 0.985896 1 0.985896 0.998875 0.715021 0.9396090000000001 0.611167 0.9413129999999998 0.588604 0.8905160000000001 0.478 0.7999332266073633 0.4217557035361156 0.805875 0.342542 0.792328 0.317729 0.766937 0.385437 0.7656811860715622 0.4004880623474523
27 0.41478099999999996 0.536687 0.2895 0.541187 0.286125 0.518625 0.284422 0.613437 0.41478099999999996 0.536687
27 0.0016875000000000002 0.983625 0.00507813 0.985896 0.343672 0.983625 0.292891 0.8684999999999999 0.228563 0.71275 0.00676562 0.859479 0.00507813 0.972354 0.0016875000000000002 0.983625
26 0.804813 0.506208 0.8043279999999999 0.519771 0.812562 0.5347919999999999 0.841109 0.545771 0.861438 0.546417 0.8725780000000001 0.5418959999999999 0.891938 0.481875 0.9195309999999999 0.39539599999999997 0.927266 0.373458 0.929203 0.364438 0.940344 0.332625 0.9519529999999999 0.322937 0.951469 0.312625 0.935984 0.295833 0.8890309999999999 0.281646 0.855641 0.277125 0.818375 0.28487500000000004 0.8086869999999999 0.29324999999999996 0.809172 0.306813 0.813531 0.313271 0.8062659999999999 0.474604 0.804813 0.506208
51 0.588203 0.703375 0.541016 0.7460629999999999 0.500563 0.8 0.48876600000000003 0.853938 0.44326600000000005 0.898875 0.552813 0.9348329999999999 0.699437 0.946063 0.746625 0.903375 0.7365160000000001 0.878646 0.623594 0.716854 0.588203 0.703375
12 0.549438 0.496625 0.658984 0.505625 0.653937 0.48089600000000005 0.65225 0.45841699999999996 0.660672 0.435958 0.6690940000000001 0.40675 0.672469 0.38877100000000003 0.6707810000000001 0.350562 0.6690940000000001 0.33033300000000004 0.448313 0.314604 0.436516 0.292125 0.411234 0.289896 0.382578 0.298875 0.343812 0.305625 0.288203 0.307875 0.251125 0.303375 0.21404700000000002 0.29662499999999997 0.126406 0.40897900000000004 0.136516 0.41122899999999996 0.161797 0.40675 0.182016 0.413479 0.197188 0.424729 0.208984 0.40225000000000005 0.21909399999999998 0.3955 0.251125 0.40449999999999997 0.283141 0.413479 0.286516 0.447188 0.279781 0.47639600000000004 0.281453 0.47191700000000003 0.414609 0.48089600000000005 0.549438 0.496625
13 0.335297 0.101167 0.335297 0.094125 0.326469 0.0352917 0.312359 0.004708329166666666 0.303531 0.0211667 0.298234 0.0494167 0.30529700000000004 0.10822899999999999 0.335297 0.101167
51 0.8302189999999999 0.879938 0.851125 0.8164370000000001 0.8592660000000001 0.768417 0.832531 0.726583 0.779094 0.7234999999999999 0.6292340000000001 0.698708 0.6176090000000001 0.704896 0.665234 0.7777080000000001 0.779094 0.920208 0.8302189999999999 0.879938
21 0.9803750000000001 0.6031460000000001 1 0.594167 0.9972030000000001 0.5 0.9736560000000001 0.461875 0.899656 0.461875 0.899656 0.504479 0.9215310000000001 0.551562 0.92825 0.565021 0.950109 0.5964170000000001 0.9803750000000001 0.6031460000000001
13 0.285078 0 0.278219 0.0025833291666666667 0.278219 0.004875 0.267094 0.0162917 0.267094 0.0368542 0.272234 0.08941669999999999 0.272234 0.0939792 0.273938 0.104271 0.278219 0.107687 0.285078 0.113396 0.298797 0.112271 0.30135900000000004 0.07341669999999999 0.298797 0.030000000000000002 0.29279700000000003 0.007145829166666667 0.291938 0 0.285078 0
13 0.409516 0 0.409297 0.110125 0.43734400000000007 0.108625 0.438016 0.0455208 0.432172 0.026375 0.436219 0.0111042 0.43464099999999994 0 0.409516 0
13 0.461453 0.0010833291666666666 0.441516 0.00010416666666666667 0.43857799999999997 0.0323542 0.438203 0.11110400000000001 0.467734 0.112083 0.46809399999999995 0.103229 0.46735899999999997 0.10295800000000001 0.46735899999999997 0.029125 0.461453 0.0010833291666666666
13 0.47595299999999996 0 0.46854699999999994 0.031625 0.46928099999999995 0.0414792 0.46854699999999994 0.09674999999999999 0.46928099999999995 0.10858300000000001 0.473719 0.10858300000000001 0.480391 0.10858300000000001 0.491484 0.10858300000000001 0.49740599999999996 0.10562500000000001 0.499625 0.09674999999999999 0.500375 0.0848958 0.499625 0.07702079999999999 0.501109 0.0434583 0.49592200000000003 0.005958329166666667 0.493703 0 0.47595299999999996 0
13 0.36428099999999997 0.1065 0.360391 0.041562499999999995 0.3565 0.0026041708333333336 0.333109 0.0077916708333333334 0.327266 0.0311667 0.33896899999999996 0.103896 0.36428099999999997 0.1065
32 0.159625 0.675021 0.151234 0.691479 0.16209400000000002 0.6927920000000001 0.18925 0.6578959999999999 0.21640600000000002 0.6519790000000001 0.233203 0.636167 0.243078 0.605896 0.247031 0.571 0.243578 0.570333 0.231234 0.609833 0.23962500000000003 0.570333 0.233703 0.571646 0.22876599999999997 0.5999580000000001 0.230234 0.572313 0.22678099999999998 0.572313 0.224812 0.586146 0.205063 0.639458 0.195188 0.643417 0.16012500000000002 0.676333 0.159625 0.675021
51 0.484703 0.828708 0.5058119999999999 0.7973960000000001 0.551578 0.736375 0.5961719999999999 0.7035210000000001 0.6184689999999999 0.7129169999999999 0.6184689999999999 0.7035210000000001 0.629031 0.701958 0.8344060000000001 0.734812 0.8379220000000001 0.716042 0.8344060000000001 0.6972710000000001 0.8179690000000001 0.675354 0.793328 0.6471870000000001 0.759297 0.608083 0.717047 0.584604 0.684187 0.581479 0.6607190000000001 0.570521 0.646641 0.5658329999999999 0.590313 0.570521 0.583266 0.5564370000000001 0.578578 0.553312 0.5586249999999999 0.55175 0.541031 0.543917 0.526938 0.561146 0.5058119999999999 0.5720829999999999 0.48 0.5720829999999999 0.42835900000000005 0.589292 0.41662499999999997 0.609562 0.410766 0.608 0.393156 0.623646 0.396687 0.637729 0.389641 0.650229 0.37790599999999996 0.673708 0.367344 0.687792 0.363828 0.7237709999999999 0.370859 0.767583 0.396687 0.817667 0.43540599999999996 0.8739790000000001 0.46943799999999997 0.858333 0.49524999999999997 0.819229 0.484703 0.828708
13 0.556891 0.10697899999999999 0.5587340000000001 0.035375000000000004 0.5550309999999999 0.008208329166666667 0.540219 0.00575 0.530953 0.0279792 0.532813 0.074875 0.534672 0.10697899999999999 0.553188 0.10697899999999999 0.556891 0.10697899999999999