60 0.266594 0.923458 0.273734 0.913917 0.267234 0.899188 0.241219 0.894854 0.186594 0.894854 0.113094 0.867104 0.12414100000000002 0.902646 0.260734 0.928667 0.266594 0.923458
60 0.7025 0.911813 0.695422 0.911292 0.694625 0.911813 0.664297 0.910771 0.652469 0.911813 0.677297 0.918125 0.697781 0.916021 0.7025 0.911813
60 0.648937 0.9238960000000002 0.648141 0.926521 0.732437 0.934417 0.751359 0.933354 0.756469 0.929688 0.756469 0.926521 0.753719 0.926521 0.750953 0.929146 0.714719 0.928625 0.677687 0.926 0.659563 0.923375 0.648937 0.9238960000000002
60 0.46575 0.807917 0.504203 0.810146 0.504203 0.809708 0.4955 0.807021 0.46575 0.807917
60 0.541641 0.8155 0.555359 0.812375 0.532281 0.809708 0.511219 0.809708 0.512563 0.812375 0.541641 0.8155
50 0.704187 0.7279789999999999 0.710797 0.7338539999999999 0.696859 0.7583129999999999 0.696125 0.7945 0.685109 0.813083 0.690984 0.824813 0.702719 0.799375 0.70125 0.819917 0.700516 0.864917 0.7056560000000001 0.9128539999999999 0.684375 0.9216460000000001 0.7203280000000001 0.930458 0.746734 0.916771 0.729125 0.845354 0.740141 0.820896 0.748203 0.7358119999999999 0.723266 0.714292 0.7188589999999999 0.702542 0.709328 0.7015619999999999 0.70125 0.707437 0.70125 0.727 0.702813 0.734458 0.704187 0.7279789999999999
50 0.672469 0.811354 0.673531 0.804354 0.671953 0.7903749999999999 0.676141 0.779875 0.678766 0.773563 0.680875 0.7679790000000001 0.672469 0.770771 0.673531 0.763771 0.674578 0.7595829999999999 0.674578 0.7567710000000001 0.6756249999999999 0.751875 0.677719 0.7462920000000001 0.677719 0.741375 0.672469 0.741375 0.667219 0.741375 0.666172 0.750479 0.6667029999999999 0.755375 0.6640780000000001 0.7602709999999999 0.6630309999999999 0.770771 0.6604059999999999 0.7833749999999999 0.6604059999999999 0.791771 0.663547 0.8029580000000001 0.665125 0.8085629999999999 0.6640780000000001 0.814167 0.6577810000000001 0.825354 0.6567339999999999 0.829542 0.659875 0.832354 0.665125 0.8351459999999999 0.668281 0.834458 0.670375 0.8309580000000001 0.670906 0.8309580000000001 0.668281 0.825354 0.672469 0.811354
50 0.659 0.7050630000000001 0.658469 0.694125 0.657031 0.684125 0.6523909999999999 0.6791250000000001 0.6523909999999999 0.6758120000000001 0.650609 0.672708 0.648656 0.674146 0.646875 0.6758120000000001 0.6477660000000001 0.6793750000000001 0.645969 0.682708 0.645969 0.6869789999999999 0.6461560000000001 0.692937 0.646516 0.6995830000000001 0.648656 0.703167 0.659 0.7050630000000001
50 0.49748400000000004 0.6113959999999999 0.496922 0.614083 0.49615600000000004 0.617271 0.495672 0.619812 0.49557799999999996 0.623646 0.496344 0.625417 0.497109 0.626687 0.497594 0.6297499999999999 0.49978100000000003 0.631667 0.5021720000000001 0.633062 0.5035160000000001 0.634208 0.5058119999999999 0.635625 0.506672 0.634208 0.506672 0.631792 0.507047 0.6296250000000001 0.506375 0.6261880000000001 0.5058119999999999 0.6225 0.506 0.619042 0.5071410000000001 0.6162500000000001 0.505328 0.6129370000000001 0.501984 0.609354 0.501797 0.607708 0.5012190000000001 0.6060420000000001 0.49910899999999997 0.605021 0.497781 0.6056670000000001 0.497016 0.608604 0.49748400000000004 0.610896 0.49748400000000004 0.6113959999999999
50 0.5805469999999999 0.6288959999999999 0.5805469999999999 0.6217919999999999 0.5792189999999999 0.620458 0.5765469999999999 0.619104 0.573547 0.626229 0.570203 0.6320209999999999 0.567531 0.6386869999999999 0.573203 0.6391249999999999 0.576875 0.635563 0.580875 0.636458 0.583547 0.64225 0.583891 0.636021 0.5805469999999999 0.6288959999999999
50 0.603828 0.624042 0.605422 0.631417 0.604938 0.634375 0.607781 0.632896 0.607953 0.627208 0.609375 0.6219370000000001 0.609375 0.616667 0.608422 0.613917 0.604469 0.615396 0.603828 0.624042
50 0.635891 0.619021 0.636703 0.6163120000000001 0.637375 0.612896 0.636437 0.607313 0.634141 0.6040620000000001 0.634266 0.601708 0.633047 0.599021 0.631844 0.599021 0.630344 0.602083 0.6300779999999999 0.6042500000000001 0.627922 0.609292 0.627375 0.614146 0.629141 0.616667 0.629547 0.616667 0.630625 0.6188330000000001 0.633188 0.621354 0.635891 0.619021
50 0.655859 0.622625 0.655188 0.615979 0.655047 0.608458 0.653438 0.602542 0.651547 0.599125 0.649 0.601104 0.646719 0.606667 0.644562 0.613479 0.644016 0.624229 0.645906 0.624229 0.650078 0.624229 0.654234 0.624063 0.655859 0.622625
50 0.152203 0.998958 0.152203 0.986917 0.154609 0.962812 0.154016 0.945937 0.163047 0.911396 0.14918800000000002 0.9065829999999999 0.13774999999999998 0.903375 0.125703 0.8985420000000001 0.124484 0.890521 0.12268699999999999 0.8865 0.119063 0.8776670000000001 0.11726600000000001 0.8640000000000001 0.11243700000000001 0.85275 0.11184400000000001 0.835896 0.115453 0.831875 0.146187 0.851146 0.169078 0.862396 0.17810900000000002 0.8656039999999999 0.177516 0.862396 0.176906 0.84875 0.17871900000000002 0.8382919999999999 0.184734 0.831875 0.185344 0.8206249999999999 0.185344 0.809375 0.190766 0.797333 0.190766 0.787687 0.187141 0.77725 0.17450000000000002 0.7547499999999999 0.164859 0.743521 0.16606300000000002 0.7394999999999999 0.16425 0.7226250000000001 0.16545300000000002 0.707354 0.157625 0.6969169999999999 0.148594 0.6945209999999999 0.137141 0.706562 0.132922 0.721021 0.133531 0.7338749999999999 0.119063 0.743521 0.102797 0.757167 0.08532809999999999 0.810979 0.084125 0.8423130000000001 0.0991875 0.8872920000000001 0.101594 0.903375 0.11184400000000001 0.934688 0.12268699999999999 0.9668329999999999 0.117859 0.997354 0.152203 0.998958
50 0.04825 0.706167 0.0502969 0.718 0.0502969 0.741667 0.0578125 0.746208 0.0591719 0.7398330000000001 0.0612188 0.729833 0.0619062 0.707083 0.0639531 0.700708 0.0639531 0.690687 0.0653125 0.678875 0.0653125 0.6761250000000001 0.0619062 0.668854 0.0605469 0.657937 0.055765600000000005 0.651563 0.052343799999999996 0.6524789999999999 0.04825 0.670667 0.0448438 0.697979 0.04825 0.706167
50 0.56175 0.810542 0.572063 0.819396 0.579437 0.8144790000000001 0.575016 0.803667 0.577219 0.794833 0.583125 0.785979 0.582391 0.77125 0.584594 0.760437 0.586812 0.746688 0.582391 0.736875 0.573547 0.740792 0.570594 0.763396 0.570594 0.7702709999999999 0.569859 0.786979 0.559547 0.8135 0.56175 0.810542
2 0.731609 0.7899170000000001 0.733313 0.788937 0.740141 0.787 0.741359 0.783417 0.742812 0.7739999999999999 0.743062 0.7629579999999999 0.744766 0.760375 0.747922 0.757771 0.746703 0.749333 0.744766 0.7457499999999999 0.743781 0.743812 0.7418440000000001 0.738604 0.7362339999999999 0.734396 0.731609 0.734063 0.726016 0.7347079999999999 0.720906 0.7360209999999999 0.719437 0.739917 0.7199220000000001 0.7457499999999999 0.721391 0.755167 0.718703 0.771417 0.715547 0.772375 0.7118909999999999 0.772708 0.7118909999999999 0.775312 0.7118909999999999 0.780813 0.71725 0.7824380000000001 0.720656 0.786021 0.7264999999999999 0.788937 0.731609 0.7899170000000001
60 0.448031 0.785708 0.445641 0.7885000000000001 0.438469 0.779333 0.43696900000000005 0.778542 0.443844 0.788896 0.44773399999999997 0.790104 0.448031 0.785708
60 0.432484 0.780521 0.43068800000000007 0.779333 0.438469 0.790896 0.441453 0.790104 0.438469 0.786896 0.432484 0.780521
60 0.581156 0.798375 0.577859 0.802229 0.585891 0.805521 0.585891 0.803042 0.581156 0.798375
60 0.612703 0.811021 0.587953 0.8052499999999999 0.584656 0.807167 0.612078 0.814333 0.612703 0.811021
60 0.605609 0.795 0.605125 0.7962709999999998 0.606734 0.7995 0.622312 0.810417 0.622953 0.8074169999999999 0.612344 0.800771 0.605609 0.795
60 0.627297 0.807625 0.632437 0.807625 0.631313 0.805063 0.622156 0.801854 0.617812 0.801208 0.6225197567507604 0.8043929947358598 0.627297 0.807625
60 0.117516 0.648979 0.10923400000000001 0.658729 0.10996900000000001 0.660021 0.118734 0.653208 0.117516 0.648979
60 0.0895156 0.697354 0.0965781 0.693146 0.0955938 0.68925 0.0882969 0.697354 0.0895156 0.697354
60 0.100719 0.702563 0.0934062 0.697688 0.0917031 0.698979 0.112156 0.715542 0.113625 0.715542 0.100719 0.702563
60 0.138031 0.658146 0.136391 0.655438 0.133125 0.654333 0.135719 0.660687 0.138031 0.658146
60 0.127828 0.6625 0.130812 0.6605 0.130812 0.655792 0.127 0.655979 0.127828 0.6625
50 0.128953 0.614375 0.125797 0.615021 0.125797 0.618896 0.127 0.621167 0.12725 0.624083 0.126281 0.6289370000000001 0.12554700000000002 0.638 0.126766 0.658083 0.12870299999999998 0.659375 0.129922 0.659062 0.131141 0.6425420000000001 0.133078 0.6425420000000001 0.132109 0.658417 0.135516 0.6574380000000001 0.13671899999999998 0.6567919999999999 0.136969 0.653229 0.13720300000000002 0.6347710000000001 0.137937 0.631521 0.138422 0.6214999999999999 0.142547 0.625062 0.143766 0.624729 0.143766 0.620521 0.141344 0.61825 0.138672 0.6133959999999999 0.136969 0.6111249999999999 0.13623400000000002 0.606604 0.134531 0.604979 0.133078 0.604646 0.132109 0.604333 0.129922 0.609188 0.128953 0.614375
2 0.42690599999999995 0.7369789999999999 0.427234 0.730563 0.42690599999999995 0.720708 0.425781 0.716417 0.424172 0.716208 0.421609 0.716208 0.416953 0.7166250000000001 0.414703 0.718771 0.41453100000000004 0.723271 0.41501599999999994 0.727563 0.415344 0.730333 0.415344 0.734625 0.41501599999999994 0.741062 0.41726599999999997 0.742771 0.42401600000000006 0.741479 0.42690599999999995 0.7369789999999999
2 0.351875 0.6832290000000001 0.354609 0.694583 0.356375 0.7018540000000001 0.35798399999999997 0.705292 0.359266 0.705708 0.36312500000000003 0.705292 0.36698400000000003 0.703146 0.367469 0.6958540000000001 0.3665 0.6862290000000001 0.365859 0.678729 0.367469 0.675521 0.367297 0.6733750000000001 0.36409400000000003 0.674646 0.363437 0.676583 0.35750000000000004 0.671229 0.35525 0.672292 0.35653100000000004 0.675729 0.359266 0.6761459999999999 0.362 0.6763750000000001 0.355734 0.6780830000000001 0.351875 0.6832290000000001
60 0.41229699999999997 0.747729 0.408938 0.742958 0.406484 0.745938 0.413875 0.763563 0.422391 0.763563 0.41229699999999997 0.747729