21 0.447781 0.150164 0.452172 0.13511700000000001 0.46468699999999996 0.110657 0.447156 0.111596 0.39582799999999996 0.127582 0.384563 0.13511700000000001 0.384563 0.17744100000000002 0.397078 0.174624 0.447156 0.167089 0.447781 0.150164
50 0.591 0.8836620000000001 0.568609 0.6796240000000001 0.588016 0.567535 0.608906 0.498028 0.602938 0.383662 0.601453 0.28277 0.586531 0.179624 0.580562 0.16394399999999998 0.54325 0.121338 0.499969 0.14152599999999999 0.47160900000000006 0.0854695 0.459672 0.083216 0.455187 0.08995310093896713 0.459672 0.123592 0.44773399999999997 0.134789 0.449219 0.15720699999999999 0.46414099999999997 0.16394399999999998 0.449219 0.208779 0.438781 0.271573 0.440266 0.354531 0.43429700000000004 0.392629 0.33431299999999997 0.367981 0.353703 0.264836 0.405938 0.188592 0.391016 0.16842700000000002 0.388031 0.130305 0.37609400000000004 0.130305 0.359672 0.14152599999999999 0.331313 0.186362 0.316391 0.25361500000000003 0.29700000000000004 0.31415499999999996 0.274609 0.40159599999999995 0.341766 0.46887300000000004 0.396984 0.580986 0.417875 0.634789 0.38953099999999996 0.888146 0.37160899999999997 0.975587 0.610406 0.97784 0.591 0.8836620000000001
50 0.929688 0.759061 0.927797 0.7516670000000001 0.9232340000000001 0.75223 0.915656 0.7516670000000001 0.9073119999999999 0.753944 0.903141 0.7602110000000001 0.8978440000000001 0.753357 0.8895 0.772746 0.887219 0.8262909999999999 0.886734 0.845469 0.886734 0.871127 0.888406 0.890728 0.8930939999999999 0.893239 0.8920939999999999 0.9053049999999999 0.8900779999999999 0.924413 0.886406 0.9591080000000001 0.885734 0.975704 0.8957660000000001 0.978216 0.8991250000000001 0.997324 0.9145160000000001 1 0.916188 0.97723 0.922875 0.982746 0.9242190000000001 0.9998360000000001 0.9412969999999999 1 0.9396089999999999 0.978732 0.949984 0.975211 0.947313 0.947559 0.944297 0.917371 0.9376089999999999 0.888732 0.948656 0.8922300000000001 0.945641 0.85554 0.9446410000000001 0.839437 0.935266 0.824859 0.935266 0.7961969999999999 0.936266 0.7675350000000001 0.9292339999999999 0.756479 0.929688 0.759061
50 0.375922 0.9942719999999999 0.374437 0.985305 0.37742200000000004 0.929249 0.353531 0.900094 0.349062 0.830587 0.34756200000000004 0.7319479999999999 0.371437 0.700563 0.39382799999999996 0.597418 0.362484 0.534624 0.344578 0.467371 0.277422 0.39561 0.299812 0.32835699999999995 0.28935900000000003 0.33283999999999997 0.26846899999999996 0.337324 0.24459399999999998 0.35751200000000005 0.222203 0.384413 0.21473399999999998 0.420282 0.222203 0.467371 0.24459399999999998 0.507723 0.250563 0.543592 0.24160900000000002 0.6243190000000001 0.24607800000000002 0.655704 0.217719 0.680376 0.21325 0.702793 0.24459399999999998 0.7969719999999999 0.26846899999999996 0.801455 0.287875 0.76108 0.28935900000000003 0.8866430000000001 0.284891 0.927019 0.26846899999999996 0.996526 0.366969 0.996526 0.375922 0.9942719999999999
36 0.403203 0.942793 0.407531 0.905399 0.404281 0.80784 0.419438 0.768826 0.416188 0.640399 0.4335 0.482676 0.471375 0.41277 0.450812 0.39976500000000004 0.44215600000000005 0.409531 0.40860900000000006 0.539601 0.35125 0.7184269999999999 0.35125 0.780211 0.352344 0.8517370000000001 0.3545 0.898897 0.393453 0.916784 0.403203 0.942793
36 0.870172 0.947793 0.879172 0.967817 0.8911720000000001 0.94831 0.8921720000000001 0.9272769999999999 0.897172 0.905258 0.9115 0.871221 0.9115 0.863192 0.907828 0.8622070000000001 0.8955 0.887723 0.879172 0.918756 0.870172 0.947793
36 0.7698750000000001 0.997934 0.806391 0.984601 0.798484 0.946056 0.789609 0.93716 0.774813 0.898615 0.781719 0.929742 0.781719 0.954953 0.767891 0.954953 0.762969 0.984601 0.7698750000000001 0.997934
50 0.760484 0.525892 0.731766 0.534319 0.728641 0.56061 0.733016 0.5887560000000001 0.728641 0.6084510000000001 0.7086560000000001 0.6422300000000001 0.708031 0.6844600000000001 0.718016 0.790493 0.712391 0.813005 0.712391 0.813944 0.723016 0.833638 0.727391 0.8618079999999999 0.7342500000000001 0.9105869999999999 0.733641 0.9406100000000001 0.723641 0.995962 0.762984 0.995962 0.762984 0.971573 0.775484 0.950939 0.777984 0.928427 0.778594 0.90777 0.786922 0.903028 0.7912969999999999 0.850399 0.79325 0.815305 0.79325 0.760469 0.784484 0.72831 0.8073589999999999 0.72392 0.809797 0.708568 0.795687 0.6866430000000001 0.777672 0.64277 0.759672 0.628873 0.761125 0.609131 0.769891 0.603286 0.774266 0.571127 0.785953 0.575516 0.7883910000000001 0.560164 0.773297 0.554319 0.763563 0.52946 0.760484 0.525892
50 0.829953 1 0.856469 1 0.854266 0.9857980000000001 0.852047 0.9384739999999999 0.841547 0.892817 0.8260780000000001 0.849648 0.8222190000000001 0.825587 0.816141 0.778263 0.8211090000000001 0.760822 0.813922 0.7359150000000001 0.8111560000000001 0.7193189999999999 0.784094 0.730939 0.792922 0.7666430000000001 0.791266 0.833873 0.78575 0.900282 0.780766 0.9110799999999999 0.780766 0.918545 0.790172 0.940962 0.799 0.9442719999999999 0.801219 0.901948 0.8056409999999999 0.918545 0.8122659999999999 0.923521 0.820547 0.948427 0.8260780000000001 0.9600470000000001 0.829953 1
50 0.602938 0.891995 0.6096250000000001 0.886972 0.602938 0.868146 0.590406 0.8041309999999999 0.59875 0.7501410000000001 0.6012660000000001 0.811667 0.616297 0.850563 0.611281 0.861878 0.637188 0.874413 0.649734 0.8631220000000001 0.660594 0.850563 0.647219 0.839272 0.626328 0.79784 0.622156 0.7815259999999999 0.606281 0.672559 0.606281 0.594718 0.612125 0.552042 0.6238279999999999 0.47671399999999997 0.612125 0.462911 0.602938 0.4127 0.602938 0.451596 0.600422 0.525681 0.567 0.676315 0.5770310000000001 0.736573 0.5962500000000001 0.884718 0.602938 0.891995
50 1 0.8903289999999999 0.9914529999999999 0.893239 0.978984 0.904085 0.971781 0.931291 0.9752810000000001 0.941831 0.974312 0.9427230000000001 0.960094 0.941831 0.9458589999999999 0.957653 0.939828 0.967887 0.937688 0.977254 0.9402189999999999 0.9889669999999999 0.9540469999999999 0.9936619999999999 0.952094 1 1 1 1 0.915211 1 0.8903289999999999
69 0.332156 0.577042 0.34229699999999996 0.591338 0.347516 0.5715020000000001 0.352109 0.558122 0.346891 0.547981 0.335844 0.537371 0.32570299999999996 0.545211 0.323563 0.560423 0.332156 0.577042
21 0.27385899999999996 0.696268 0.276953 0.700329 0.278875 0.708474 0.285078 0.708474 0.290875 0.705563 0.298219 0.696268 0.312156 0.670704 0.30248400000000003 0.6701170000000001 0.302859 0.659648 0.276953 0.6759390000000001 0.27501600000000004 0.682324 0.258766 0.6852349999999999 0.27385899999999996 0.696268