50 0.247391 0.404122 0.27737500000000004 0.417611 0.287859 0.57267 0.323844 0.628829 0.361328 0.667049 0.358328 0.747939 0.358328 0.833326 0.415313 0.909742 0.43779700000000005 0.894005 0.400312 0.8468150000000001 0.403313 0.8153630000000001 0.404812 0.752436 0.407813 0.718735 0.407813 0.678267 0.409312 0.6535599999999999 0.43779700000000005 0.691756 0.452781 0.7591800000000001 0.464781 0.8580559999999999 0.496266 0.885012 0.52325 0.871546 0.511266 0.819859 0.5007659999999999 0.7277049999999999 0.482781 0.6423190000000001 0.443797 0.586136 0.428797 0.527705 0.403313 0.49625300000000006 0.412312 0.437822 0.422797 0.401874 0.463281 0.408618 0.48426600000000003 0.433326 0.515766 0.471546 0.52625 0.5029980000000001 0.54125 0.49850099999999997 0.5427500000000001 0.46480099999999996 0.52325 0.41086700000000004 0.49326600000000004 0.361429 0.46178100000000005 0.343443 0.389813 0.280515 0.391313 0.267049 0.403313 0.246815 0.395813 0.222108 0.398813 0.199625 0.376328 0.17042200000000002 0.361328 0.143443 0.341844 0.147939 0.341844 0.161429 0.341844 0.18388800000000002 0.335844 0.204122 0.33884400000000003 0.244567 0.341844 0.262553 0.33884400000000003 0.267049 0.308859 0.285012 0.256375 0.320984 0.233891 0.37042200000000003 0.247391 0.404122
50 0.08462499999999999 0.239321 0.12834399999999999 0.229532 0.11985900000000001 0.187471 0.11529700000000001 0.08967210070257613 0.11203099999999999 0.06716629976580796 0.11920299999999999 0.06032789929742389 0.11856199999999999 0.0006557377049180329 0.059828099999999995 0.0016393395784543325 0.051343799999999995 0.037822 0.0604688 0.07402810070257611 0.057859400000000005 0.08672129976580796 0.0735313 0.13955499999999998 0.0865781 0.204122 0.0761406 0.226604 0.0767969 0.233466 0.08462499999999999 0.239321
50 0.5187809999999999 0.002669789227166276 0.46482799999999996 0.002669789227166276 0.45634399999999997 0.022318501170960185 0.46482799999999996 0.03618270023419204 0.471 0.05002340046838407 0.474078 0.09969559953161591 0.484875 0.133208 0.493344 0.184028 0.503359 0.218689 0.49179700000000004 0.238337 0.488719 0.255667 0.497203 0.266042 0.5257189999999999 0.274145 0.534188 0.255667 0.531109 0.215222 0.531109 0.15976600000000002 0.531875 0.10779899999999999 0.514922 0.024613599531615925 0.5187809999999999 0.002669789227166276
50 0.592969 0.10149899999999999 0.600672 0.131054 0.6135309999999999 0.177307 0.613969 0.19786900000000002 0.611828 0.21006999999999998 0.6135309999999999 0.22356 0.6148279999999999 0.22934400000000002 0.608391 0.23704899999999998 0.601969 0.24541 0.600672 0.262108 0.6135309999999999 0.26918 0.6268279999999999 0.261475 0.63625 0.242834 0.637969 0.210726 0.640109 0.136183 0.6418280000000001 0.08929740046838407 0.63925 0.05009370023419204 0.636688 0.030843100702576114 0.6354059999999999 0.0025526908665105385 0.5822499999999999 0.0025526908665105385 0.583969 0.019906299765807964 0.5822499999999999 0.05009370023419204 0.592969 0.10149899999999999
50 0.9697660000000001 0.04634659953161593 0.998594 0.054566700234192037 0.9972340000000001 0.005175639344262295 0.9670159999999999 0.0031147494145199062 0.964266 0.01339580093676815 0.9807499999999999 0.029882899297423885 0.964266 0.04428570023419204 0.9697660000000001 0.04634659953161593
60 0.560156 0.871686 0.556609 0.8543560000000001 0.538812 0.865012 0.514813 0.883677 0.427672 0.906347 0.427672 0.921007 0.519409274301807 0.8951562715225806 0.545937 0.8876810000000002 0.560156 0.871686
60 0.660641 0.8556909999999999 0.660641 0.838361 0.647312 0.83171 0.620625 0.874356 0.525484 0.910328 0.528156 0.918337 0.648203 0.869016 0.660641 0.8556909999999999
50 0.862719 0.005971899297423888 0.829875 0.0014988290398126464 0.814953 0.017142899297423887 0.817937 0.104403 0.8313750000000001 0.193888 0.8448119999999999 0.281124 0.8373440000000001 0.296792 0.8448119999999999 0.301265 0.8448119999999999 0.30351300000000003 0.8373440000000001 0.330351 0.908984 0.321405 0.908984 0.30351300000000003 0.9045159999999999 0.25206100000000004 0.888094 0.140187 0.889578 0 0.862719 0.005971899297423888
50 0.902703 0.011311501170960187 0.902703 0.024285700234192038 0.8994690000000001 0.045339599531615926 0.8994690000000001 0.115059 0.9135310000000001 0.199344 0.928672 0.251218 0.92975 0.280398 0.918937 0.293372 0.905953 0.311194 0.9210940000000001 0.330656 0.990312 0.332272 0.9816560000000001 0.257705 0.9621869999999999 0.124778 0.9600310000000001 0.024964899297423886 0.902703 0.011311501170960187
50 0.303969 0 0.259766 0.0003044496487119438 0.259766 0.021077299765807963 0.263063 0.068548 0.272297 0.07845429976580796 0.27825 0.130867 0.286813 0.182295 0.283516 0.191194 0.269672 0.20009400000000002 0.278906 0.20800900000000003 0.307938 0.207002 0.306609 0.176347 0.308594 0.150632 0.30331199999999997 0.10911 0.302656 0.051733 0.303969 0
50 0.15275 0.068103 0.147672 0.08330210070257611 0.151609 0.09599529976580796 0.156125 0.109508 0.156125 0.13655699999999998 0.159516 0.13655699999999998 0.169656 0.135714 0.174734 0.134848 0.17585900000000002 0.12133500000000001 0.174172 0.04529270023419204 0.167406 0.0021779906323185013 0.16796899999999998 0.0021779906323185013 0.169656 0.0004918032786885246 0.13807799999999998 0.0047306791569086655 0.135828 0.0030445011709601877 0.138656 0.030070299765807964 0.142594 0.04105389929742388 0.150484 0.06133489929742389 0.15275 0.068103