18 0 0.985208 0.256953 0.987354 0.252141 0.948813 0.240906 0.931688 0.23126600000000003 0.92525 0.22162500000000002 0.903854 0.19753099999999998 0.886708 0.22162500000000002 0.8438960000000001 0.224844 0.863167 0.224844 0.84175 0.271406 0.8503120000000001 0.282656 0.8310420000000001 0.284266 0.794646 0.282656 0.786083 0.27301600000000004 0.779646 0.21520299999999998 0.764667 0.192719 0.8181879999999999 0.205563 0.837458 0.181484 0.871729 0.0963594 0.8438960000000001 0.0032187500000000003 0.5976459999999999 0.0048125 0.6062080000000001 0 0.5933539999999999 0 0.985208
50 0.0067968703125 0.569917 0.0442188 0.524562 0.0986406 0.54725 0.102047 0.615271 0.117344 0.7241040000000001 0.151359 0.730917 0.139453 0.583521 0.139453 0.513229 0.14965599999999998 0.476938 0.124156 0.397583 0.081625 0.365833 0.081625 0.352229 0.064625 0.30460400000000004 0.0340156 0.302333 0.0204063 0.32275 0.0204063 0.33408299999999996 0.0204063 0.39531299999999997 0.0085 0.406646 0.0067968703125 0.569917
50 0.110469 0.386458 0.12362500000000001 0.398146 0.129656 0.41204199999999996 0.135141 0.423 0.146656 0.46102099999999996 0.150484 0.478563 0.14171899999999998 0.491729 0.140625 0.499042 0.12198400000000001 0.5085419999999999 0.11868700000000001 0.510729 0.11868700000000001 0.534125 0.11868700000000001 0.54875 0.13239099999999998 0.577271 0.137875 0.597729 0.143359 0.643062 0.146109 0.6869379999999999 0.147203 0.704479 0.151594 0.713979 0.154328 0.725667 0.159812 0.738104 0.16420300000000002 0.738104 0.18723399999999998 0.732979 0.20039099999999999 0.724938 0.196547 0.716167 0.188875 0.7008120000000001 0.177906 0.624792 0.174063 0.605042 0.16803099999999999 0.575792 0.166938 0.5626460000000001 0.166938 0.550937 0.17242200000000002 0.533396 0.170234 0.518771 0.168578 0.504896 0.165297 0.493188 0.17242200000000002 0.469792 0.175172 0.45516700000000004 0.171875 0.421542 0.16420300000000002 0.387917 0.161453 0.35574999999999996 0.151594 0.34916699999999995 0.145562 0.34916699999999995 0.130203 0.36158300000000004 0.12032799999999999 0.36012500000000003 0.10771900000000001 0.368896 0.104438 0.379875 0.110469 0.386458
50 0.17568699999999998 0.469333 0.169641 0.480083 0.16628099999999998 0.493542 0.170984 0.515042 0.170984 0.516833 0.170313 0.5347500000000001 0.166953 0.5571459999999999 0.16896899999999998 0.5858329999999999 0.179047 0.611812 0.18912500000000002 0.696042 0.19048400000000001 0.696042 0.200563 0.6933539999999999 0.210641 0.7103750000000001 0.206609 0.717542 0.202578 0.725604 0.202578 0.7336670000000001 0.211313 0.735458 0.21937500000000001 0.735458 0.225422 0.723812 0.21534399999999998 0.685292 0.205266 0.631521 0.207953 0.60375 0.203922 0.5347500000000001 0.197875 0.514146 0.191156 0.503396 0.197203 0.493542 0.197203 0.47560399999999997 0.193172 0.468438 0.184422 0.460375 0.176359 0.464854 0.17568699999999998 0.469333
50 0.629703 0.272687 0.617094 0.290958 0.614344 0.310708 0.617094 0.333354 0.6198279999999999 0.343604 0.613797 0.35822899999999996 0.610516 0.366271 0.601734 0.378688 0.599 0.386 0.5979059999999999 0.413042 0.604484 0.432062 0.606672 0.451062 0.611609 0.46349999999999997 0.617094 0.484687 0.6198279999999999 0.506625 0.628062 0.508083 0.641219 0.50225 0.648891 0.489813 0.6516409999999999 0.470083 0.655469 0.44375 0.662047 0.430604 0.663703 0.425479 0.658219 0.272687 0.642859 0.268292 0.629703 0.272687
50 0.313484 0.975271 0.707859 0.984271 0.7112339999999999 0.964042 0.707859 0.925833 0.696063 0.853938 0.6910160000000001 0.826958 0.658984 0.732583 0.6117969999999999 0.683146 0.564609 0.660667 0.485391 0.626958 0.429781 0.611229 0.40112500000000006 0.667417 0.342141 0.703375 0.305063 0.788771 0.303375 0.8629169999999999 0.301687 0.930333 0.305063 0.979771 0.313484 0.975271
3 0.465562 0.506688 0.472609 0.476083 0.463797 0.431396 0.463797 0.40549999999999997 0.47790600000000005 0.40549999999999997 0.48673400000000006 0.433729 0.493797 0.478438 0.5220309999999999 0.544333 0.5626089999999999 0.5796250000000001 0.583797 0.5702079999999999 0.6085 0.530208 0.610266 0.478438 0.610266 0.410208 0.594375 0.334917 0.569672 0.280792 0.514969 0.264333 0.476141 0.261979 0.446141 0.273729 0.419672 0.301979 0.38614099999999996 0.32785400000000003 0.39673400000000003 0.379625 0.387906 0.421979 0.380844 0.42668700000000004 0.359672 0.459625 0.364969 0.511396 0.391437 0.560792 0.465562 0.511396 0.465562 0.506688
3 0.6149530000000001 0.4805 0.613547 0.499146 0.608422 0.530854 0.601422 0.542042 0.5902339999999999 0.55325 0.57625 0.567542 0.572047 0.585583 0.577172 0.5893130000000001 0.6023590000000001 0.581229 0.6088910000000001 0.566917 0.6154219999999999 0.545167 0.6182190000000001 0.519667 0.61775 0.47552099999999997 0.6149530000000001 0.4805
50 0.593047 0.329562 0.593047 0.338104 0.5922970000000001 0.348667 0.596063 0.361729 0.600969 0.369271 0.606625 0.370792 0.610781 0.36727099999999996 0.617188 0.35066699999999995 0.617188 0.337104 0.615672 0.324521 0.6122810000000001 0.310958 0.606625 0.302396 0.599469 0.300396 0.593422 0.30139600000000005 0.587391 0.309938 0.593047 0.329562
44 0 0.519667 0.007703120312500001 0.523167 0.031359399999999996 0.531354 0.0068281203125 0.576896 0.015593699999999999 0.632958 0.062015600000000004 0.7556039999999999 0.0874219 0.811667 0.0926875 0.767292 0.113703 0.767292 0.125969 0.752104 0.105813 0.650479 0.10318799999999999 0.5663959999999999 0.0891719 0.533687 0.0734062 0.530188 0.0953125 0.524333 0.11020300000000001 0.512667 0.105813 0.48112499999999997 0.12159400000000001 0.45427100000000004 0.139984 0.44375 0.139984 0.42856299999999997 0.134734 0.422729 0.107578 0.437917 0.0953125 0.48112499999999997 0.054140600000000004 0.467104 0.0173437 0.491646 0 0.493979 0 0.519667
44 0.669891 0.453083 0.672141 0.430542 0.658625 0.435042 0.649609 0.471104 0.642844 0.48614599999999997 0.611281 0.517687 0.600016 0.573292 0.58875 0.630396 0.600016 0.6754789999999999 0.6304369999999999 0.713042 0.6597500000000001 0.7491040000000001 0.669891 0.753625 0.674391 0.7491040000000001 0.666516 0.492146 0.662 0.492146 0.669891 0.453083
36 0.378422 0.996521 0.468391 0.739479 0.46325000000000005 0.730917 0.351437 0.981104 0.378422 0.996521
50 0.996094 0.9804790000000001 1 0.173187 0.9746090000000001 0.186208 0.9375 0.259104 0.929688 0.363292 0.957031 0.46225 0.988281 0.516937 0.988281 0.5898540000000001 0.972656 0.610687 0.890625 0.688812 0.871094 0.803396 0.875 0.9778749999999999 0.996094 0.9804790000000001