50 0.340453 0.40897900000000004 0.416297 0.453937 0.470219 0.505625 0.5157339999999999 0.5011249999999999 0.524156 0.5011249999999999 0.567984 0.5415829999999999 0.628656 0.586521 0.674156 0.60675 0.731453 0.6786460000000001 0.744938 0.676396 0.743266 0.660667 0.6893279999999999 0.5820209999999999 0.761797 0.629208 0.7870779999999999 0.649438 0.797187 0.644937 0.803937 0.631458 0.805625 0.624729 0.7870779999999999 0.5730419999999999 0.761797 0.5438120000000001 0.748313 0.530333 0.751687 0.498875 0.751687 0.492125 0.7179840000000001 0.478646 0.667422 0.469667 0.633703 0.45841699999999996 0.623594 0.45841699999999996 0.576406 0.431458 0.522469 0.39775 0.40449999999999997 0.25393699999999997 0.30842200000000003 0.173042 0.227531 0.107875 0.141578 0.0022500000000000003 0.0033750000000000004 0.0045000000000000005 0.0033750000000000004 0.11235400000000001 0.183703 0.28539600000000004 0.340453 0.40897900000000004
50 0.536 0.386146 0.5374380000000001 0.380438 0.540281 0.313833 0.553125 0.21679199999999998 0.565969 0.224396 0.587375 0.435604 0.607359 0.435604 0.651594 0.458437 0.691563 0.475562 0.724375 0.469854 0.724375 0.456542 0.7215309999999999 0.435604 0.718672 0.422292 0.711531 0.27958299999999997 0.711531 0.193958 0.7215309999999999 0.11975 0.725812 0.0017708291666666668 0.496047 0.005583329166666666 0.373312 0.0036666708333333337 0.379016 0.0721667 0.379016 0.123542 0.39614099999999997 0.239625 0.536 0.386146
26 0.367422 0.8428540000000001 0.42134400000000005 0.818125 0.439891 0.642854 0.42134400000000005 0.6136250000000001 0.362359 0.591167 0.298312 0.6158750000000001 0.288203 0.629354 0.288203 0.640604 0.298312 0.824875 0.367422 0.8428540000000001
3 0.285953 0.539792 0.291953 0.559771 0.299594 0.581958 0.309922 0.59925 0.321563 0.6081249999999999 0.371812 0.597917 0.382797 0.594375 0.391453 0.580167 0.392781 0.5531039999999999 0.390781 0.530917 0.370484 0.534917 0.36282800000000004 0.5380210000000001 0.353516 0.5451250000000001 0.342203 0.551771 0.32854700000000003 0.551771 0.299594 0.543354 0.285953 0.539792
3 0.27640600000000004 0.6089789999999999 0.27640600000000004 0.5932499999999999 0.27640600000000004 0.5730419999999999 0.27640600000000004 0.557312 0.27640600000000004 0.5550630000000001 0.269656 0.530333 0.259547 0.510104 0.24775 0.505625 0.235953 0.510104 0.203938 0.510104 0.183703 0.507875 0.161797 0.505625 0.141578 0.489896 0.117984 0.47639600000000004 0.112922 0.462917 0.0876406 0.451688 0.07584379999999999 0.494375 0.07584379999999999 0.510104 0.0960625 0.539333 0.12134400000000001 0.559542 0.123031 0.5617920000000001 0.12134400000000001 0.5617920000000001 0.10112499999999999 0.5617920000000001 0.0876406 0.5752710000000001 0.112922 0.626958 0.161797 0.629208 0.190453 0.626958 0.21235900000000002 0.626958 0.230906 0.6179790000000001 0.257859 0.638208 0.259547 0.638208 0.271344 0.6089789999999999 0.27640600000000004 0.6089789999999999
3 0.283312 0.478042 0.288937 0.49554200000000004 0.300187 0.5205420000000001 0.30581200000000003 0.529292 0.316125 0.536771 0.337672 0.536771 0.358297 0.535542 0.405156 0.521792 0.418281 0.509292 0.43890599999999996 0.5055419999999999 0.40328099999999995 0.493042 0.435156 0.471792 0.427656 0.453042 0.375172 0.428042 0.352672 0.446792 0.289875 0.453042 0.283312 0.478042
3 0.447203 0.508854 0.452781 0.521271 0.460859 0.527917 0.46831300000000003 0.5436460000000001 0.47390600000000005 0.558542 0.48509399999999997 0.5635209999999999 0.495656 0.5635209999999999 0.49751599999999996 0.558542 0.499375 0.5502710000000001 0.515531 0.534542 0.526094 0.525417 0.541 0.528729 0.555281 0.529563 0.5534220000000001 0.522937 0.552797 0.518792 0.531062 0.508021 0.51925 0.49974999999999997 0.512422 0.5013960000000001 0.501234 0.503062 0.484469 0.504708 0.47328099999999995 0.504708 0.462719 0.496437 0.45465600000000006 0.483187 0.431672 0.471583 0.44035900000000006 0.502229 0.447203 0.508854
3 0.185016 0.507458 0.22179700000000002 0.5087499999999999 0.224219 0.5016459999999999 0.235844 0.490042 0.242609 0.479063 0.23778100000000002 0.479063 0.21745299999999998 0.470042 0.21503100000000003 0.475833 0.198094 0.475833 0.18210900000000002 0.45647899999999997 0.170984 0.454542 0.162266 0.455188 0.157438 0.46358299999999997 0.159375 0.490042 0.1705 0.5068119999999999 0.185016 0.507458
3 0.175156 0.449021 0.189516 0.45839599999999997 0.204203 0.46520799999999995 0.21410900000000002 0.46691699999999997 0.21315599999999998 0.455833 0.19334400000000002 0.445625 0.177062 0.432417 0.175469 0.420938 0.180578 0.405167 0.17962499999999998 0.39835400000000004 0.176422 0.39835400000000004 0.173547 0.406458 0.16748400000000002 0.432417 0.175156 0.449021
3 0.278578 0.555458 0.2835 0.585417 0.27967200000000003 0.6073540000000001 0.27143700000000004 0.627104 0.285703 0.6505 0.294469 0.618313 0.315859 0.608083 0.314766 0.6037079999999999 0.296109 0.5649580000000001 0.286797 0.5401039999999999 0.34217200000000003 0.5517920000000001 0.357531 0.538625 0.389875 0.532062 0.39481299999999997 0.556917 0.39317199999999997 0.579583 0.383297 0.5949380000000001 0.366297 0.597854 0.38275000000000003 0.597854 0.403594 0.6073540000000001 0.412906 0.6102709999999999 0.416203 0.605167 0.429359 0.597125 0.43757799999999997 0.5788329999999999 0.439234 0.569333 0.431547 0.5591039999999999 0.435937 0.538625 0.444156 0.521813 0.43209400000000003 0.510125 0.420578 0.508667 0.40303100000000003 0.524021 0.38220299999999996 0.527667 0.358078 0.536438 0.329562 0.536438 0.314766 0.5371670000000001 0.30159400000000003 0.535708 0.28625 0.526208 0.27912499999999996 0.519625 0.269797 0.508667 0.278016 0.53425 0.278578 0.555458
50 0.197641 0.003375 0.197641 0.0281458 0.21284399999999998 0.0461667 0.239859 0.0596875 0.248312 0.13175 0.302359 0.167792 0.317563 0.003375 0.197641 0.003375
50 0.1875 0.284917 0.0016875000000000002 0.0957292 0.0016875000000000002 0.104729 0.0016875000000000002 0.201583 0.0236563 0.291667 0.0793906 0.494375 0.0793906 0.465083 0.10134400000000002 0.465083 0.126688 0.483104 0.150344 0.476354 0.165547 0.467333 0.189188 0.435812 0.20945299999999997 0.451583 0.19425 0.429062 0.202703 0.343458 0.1875 0.284917
26 0.673 0.726833 0.686875 0.737396 0.7232190000000001 0.7479790000000001 0.745016 0.746208 0.773438 0.732125 0.7787189999999999 0.7206670000000001 0.7787189999999999 0.7092080000000001 0.7787189999999999 0.702167 0.7800309999999999 0.6951250000000001 0.783344 0.682792 0.786641 0.655479 0.783344 0.6440210000000001 0.780703 0.641375 0.770125 0.634333 0.7582340000000001 0.624646 0.698766 0.579708 0.690188 0.577083 0.685562 0.5806039999999999 0.690844 0.588521 0.735109 0.647542 0.743031 0.661646 0.744359 0.6695620000000001 0.743703 0.6722079999999999 0.739734 0.674854 0.734453 0.675729 0.7285 0.673104 0.7218910000000001 0.661646 0.670359 0.607917 0.6677190000000001 0.607917 0.6617810000000001 0.6202500000000001 0.661109 0.626417 0.6617810000000001 0.633458 0.664422 0.641375 0.671687 0.715375 0.673 0.726833
14 0.7182660000000001 0.7440829999999999 0.7743439999999999 0.741896 0.782594 0.7155 0.787547 0.6429170000000001 0.7578590000000001 0.616521 0.733109 0.6033329999999999 0.705063 0.6033329999999999 0.744656 0.669312 0.741359 0.675917 0.729812 0.675917 0.6720780000000001 0.6099370000000001 0.665484 0.618729 0.663828 0.629729 0.677031 0.735292 0.7182660000000001 0.7440829999999999
14 0.341766 0.838167 0.367563 0.838167 0.40995299999999996 0.824667 0.42193800000000004 0.814833 0.436688 0.626854 0.41179699999999997 0.601042 0.368484 0.5899789999999999 0.319656 0.594896 0.285562 0.6452709999999999 0.294766 0.817292 0.341766 0.838167