12 0.528709 0.48528099999999996 0.432817 0.493 0.430728 0.506328 0.607723 0.523156 0.692019 0.512641 0.694131 0.500016 0.521338 0.483875 0.528709 0.48528099999999996
12 0.693192 0.297625 0.44434300000000004 0.302594 0.436878 0.327453 0.592418 0.321656 0.691948 0.321656 0.693192 0.297625
12 0.438967 0.552172 0.624131 0.573688 0.632934 0.57075 0.635892 0.572719 0.649108 0.573688 0.653521 0.571734 0.660869 0.565859 0.660869 0.558047 0.6652819999999999 0.558047 0.67115 0.561953 0.672629 0.551187 0.6755629999999999 0.547281 0.679977 0.547281 0.679977 0.552172 0.687324 0.550219 0.694671 0.550219 0.694671 0.559016 0.7122999999999999 0.547281 0.7108220000000001 0.5287029999999999 0.690258 0.524781 0.690258 0.512063 0.612371 0.525766 0.437488 0.509141 0.438967 0.552172
78 0.854155 0.988766 0.904789 0.988766 0.948662 0.988766 0.9993190000000001 0.9775309999999999 0.989178 0.791016 0.9824409999999999 0.773031 0.9385450000000001 0.7820159999999999 0.918286 0.8022500000000001 0.854155 0.815734 0.837254 0.957297 0.854155 0.988766
12 0.620657 0.344375 0.7051879999999999 0.345016 0.700329 0.323672 0.43507 0.324969 0.437981 0.34696899999999997 0.620657 0.344375
12 0.452934 0.365297 0.69338 0.361422 0.703075 0.34465599999999996 0.43450700000000003 0.34659399999999996 0.43450700000000003 0.365297 0.452934 0.365297
12 0.44213600000000003 0.214312 0.423404 0.214312 0.41791100000000003 0.362328 0.43331 0.361594 0.445423 0.300781 0.536808 0.29710899999999996 0.535704 0.222375 0.44213600000000003 0.214312
12 0.419413 0.20048400000000002 0.36657300000000004 0.20781299999999997 0.374272 0.36095299999999997 0.413897 0.36609400000000003 0.421596 0.21514099999999997 0.510775 0.22173400000000001 0.510775 0.213672 0.419413 0.20048400000000002
12 0.431174 0.551562 0.431174 0.49776600000000004 0.52885 0.473094 0.518756 0.40582799999999997 0.390751 0.408078 0.404225 0.553813 0.434531 0.560531 0.431174 0.551562
12 0.239507 0.36831200000000003 0.221878 0.194656 0.216385 0.193188 0.22960099999999997 0.36392199999999997 0.239507 0.36831200000000003
12 0.222981 0.19489099999999998 0.239507 0.366359 0.291244 0.36415600000000004 0.269225 0.19928099999999999 0.265915 0.189766 0.222981 0.19489099999999998
52 0.885164 0.9990780000000001 0.9900939999999999 0.9990780000000001 0.98054 0.792734 0.9996240000000001 0.760984 0.9757750000000001 0.6149530000000001 0.966244 0.6149530000000001 0.937629 0.595906 0.985329 0.573688 0.9996240000000001 0.491141 0.875634 0.481625 0.5799300000000001 0.589562 0.6562439999999999 0.595906 0.618075 0.687969 0.6323939999999999 0.754641 0.689624 0.745109 0.75162 0.773688 0.7373240000000001 0.824484 0.8613149999999999 0.8435309999999999 0.851784 0.964156 0.875634 1 0.885164 0.9990780000000001
26 0.860986 0.964203 0.8822770000000001 0.9720000000000001 0.911056 0.9720000000000001 0.9302349999999999 0.969172 0.951526 0.964203 0.9621829999999999 0.950734 0.9611270000000001 0.940094 0.963239 0.9216559999999999 0.968568 0.910313 0.965376 0.8982659999999999 0.954718 0.88975 0.935563 0.871312 0.906784 0.850047 0.899343 0.843656 0.892934 0.842953 0.8886850000000001 0.842953 0.8822770000000001 0.845078 0.8726999999999999 0.8457969999999999 0.865235 0.8408279999999999 0.869507 0.8273590000000001 0.857793 0.834437 0.8524649999999999 0.830188 0.843944 0.823813 0.8450000000000001 0.8599690000000001 0.853521 0.9493119999999999 0.860986 0.964203