22 0.626703 0.986511 0.6342030000000001 0.986511 0.7766409999999999 0.984262 0.7766409999999999 0.968548 0.779641 0.957307 0.785625 0.943817 0.787125 0.885386 0.787125 0.876393 0.784125 0.87192 0.7766409999999999 0.894379 0.7766409999999999 0.878642 0.772141 0.8741690000000001 0.767641 0.883138 0.700172 0.905621 0.670188 0.910117 0.658188 0.8988759999999999 0.650687 0.8966280000000001 0.6462030000000001 0.9011239999999999 0.643203 0.9078689999999999 0.640203 0.916862 0.635703 0.934824 0.6252030000000001 0.977518 0.6342030000000001 0.9460660000000001 0.626703 0.986511
22 0.0525937 0.863747 0.069125 0.987611 0.193844 0.989859 0.180328 0.906534 0.160781 0.91103 0.10968800000000001 0.91555 0.0766406 0.879508 0.067625 0.852482 0.0540937 0.859227 0.0525937 0.863747
26 0.337375 0.812131 0.337703 0.856885 0.34475 0.8599060000000001 0.371594 0.8618969999999999 0.371594 0.858384 0.376625 0.848337 0.375953 0.8352689999999999 0.372594 0.829719 0.371922 0.818665 0.367906 0.808103 0.34375 0.8066040000000001 0.337375 0.812131
26 0.434344 0.780281 0.434344 0.778993 0.441516 0.782225 0.446078 0.784169 0.44892200000000004 0.7879160000000001 0.450828 0.7879160000000001 0.45375 0.7858550000000001 0.45634399999999997 0.782482 0.455828 0.775504 0.45599999999999996 0.749906 0.456516 0.735948 0.45512499999999995 0.7300230000000001 0.452203 0.729227 0.443234 0.728712 0.43392200000000003 0.729227 0.433406 0.7444959999999999 0.433406 0.7786179999999999 0.434344 0.780281
26 0.31292200000000003 0.850539 0.323234 0.8486180000000001 0.337844 0.853115 0.337406 0.8196249999999999 0.33956200000000003 0.8074 0.343422 0.791944 0.343422 0.785504 0.334828 0.784215 0.325813 0.7816390000000001 0.312063 0.7816390000000001 0.312063 0.787447 0.312063 0.796464 0.311641 0.83445 0.31292200000000003 0.850539
26 0.5124690000000001 0.7454799999999999 0.5127189999999999 0.7486179999999999 0.5257970000000001 0.749391 0.5305 0.771335 0.525016 0.7889700000000001 0.524484 0.80267 0.529969 0.8046369999999999 0.529453 0.786628 0.5310159999999999 0.7721309999999999 0.533891 0.7697660000000001 0.538344 0.75096 0.5372969999999999 0.7184539999999999 0.521219 0.7162999999999999 0.520281 0.717705 0.5118590000000001 0.7205149999999999 0.5118590000000001 0.745059 0.5124690000000001 0.7454799999999999
32 0.383062 0.891499 0.389484 0.893349 0.396547 0.893724 0.42373399999999994 0.924122 0.426344 0.9254100000000001 0.431656 0.9226460000000001 0.396781 0.8916860000000001 0.387766 0.885761 0.377625 0.8690869999999999 0.369578 0.868337 0.37971900000000003 0.889461 0.383062 0.891499
27 0.5247499999999999 0.955199 0.563734 0.941733 0.569734 0.869813 0.583234 0.8428570000000001 0.611719 0.809133 0.613219 0.7889229999999999 0.589219 0.8046369999999999 0.575734 0.759696 0.577234 0.752951 0.455781 0.737237 0.341844 0.743981 0.29535900000000004 0.759696 0.26687500000000003 0.7776810000000001 0.259375 0.793419 0.265375 0.854075 0.268375 0.878806 0.274375 0.9237470000000001 0.371828 0.952951 0.5247499999999999 0.955199
50 0.0771094 1 0.0764844 0.9969319999999999 0.0702344 0.9753630000000001 0.0670937 0.957541 0.0589688 0.9199999999999999 0.0589688 0.896534 0.0608437 0.887166 0.0620938 0.875902 0.0714844 0.869321 0.079 0.874965 0.09214059999999999 0.889977 0.10842199999999999 0.9068620000000001 0.130328 0.912482 0.139094 0.854309 0.142844 0.83555 0.146609 0.817728 0.145984 0.810211 0.142844 0.805527 0.138469 0.794262 0.132828 0.782061 0.129078 0.774567 0.125312 0.77363 0.122188 0.7558079999999999 0.11404700000000001 0.743607 0.10654699999999999 0.7370260000000001 0.12156199999999999 0.7201409999999999 0.12845299999999998 0.7032550000000001 0.129078 0.68356 0.127203 0.650703 0.123438 0.6253630000000001 0.12156199999999999 0.6169319999999999 0.11968700000000002 0.6141220000000001 0.11781299999999999 0.604731 0.11529700000000001 0.59911 0.10967199999999999 0.591593 0.101531 0.585035 0.0927656 0.581265 0.0664687 0.581265 0.0508281 0.584098 0.0370469 0.596276 0.025781199999999997 0.613185 0.00010937500000000002 0.690117 0.003875 0.752974 0.000734375 0.825222 0.000734375 0.859016 0.0045 0.8843559999999999 0.0138906 0.924684 0.0170156 0.9547070000000001 0.0207813 1 0.0771094 1
50 0.128641 0.634286 0.13278099999999998 0.6611480000000001 0.13278099999999998 0.714918 0.113469 0.739742 0.12173400000000001 0.752155 0.135531 0.793489 0.150719 0.797635 0.171406 0.7686890000000001 0.174172 0.75007 0.205891 0.72733 0.208656 0.690117 0.22107800000000002 0.6259950000000001 0.190719 0.619813 0.199 0.559836 0.171406 0.518478 0.139672 0.514333 0.12587500000000001 0.5433020000000001 0.12450000000000001 0.5970489999999999 0.117594 0.617728 0.128641 0.634286
50 0.259375 0.8 0.272875 0.768548 0.299859 0.689883 0.302859 0.685386 0.316359 0.656183 0.310359 0.6224820000000001 0.28337500000000004 0.588759 0.245891 0.582014 0.218891 0.615738 0.208406 0.7213579999999999 0.173922 0.7505620000000001 0.146937 0.797752 0.128937 0.905621 0.181422 0.916862 0.20090599999999997 0.984262 0.290859 0.986511 0.259375 0.8
26 0.305266 0.818642 0.311141 0.818173 0.312063 0.793653 0.310828 0.791358 0.310203 0.7876350000000001 0.31175 0.785785 0.329656 0.7811710000000001 0.329969 0.7608199999999999 0.330891 0.758033 0.330266 0.756183 0.32873399999999997 0.755714 0.326266 0.754801 0.320703 0.753396 0.313906 0.7524820000000001 0.306813 0.754333 0.30371899999999996 0.754801 0.300641 0.75897 0.302187 0.760351 0.304953 0.812178 0.305266 0.818642
41 0.47765599999999997 0.909602 0.45121900000000004 0.87548 0.450547 0.8810070000000001 0.451547 0.8890399999999999 0.47631199999999996 0.919133 0.47765599999999997 0.909602
41 0.5194840000000001 0.877471 0.527875 0.8790399999999999 0.560625 0.8762759999999999 0.5677030000000001 0.8739340000000001 0.5677030000000001 0.8664639999999999 0.556953 0.868829 0.518188 0.8751049999999999 0.5194840000000001 0.877471
62 0.535141 0.869391 0.526672 0.8664639999999999 0.525375 0.872319 0.529938 0.8820840000000001 0.535141 0.884028 0.542953 0.878173 0.5533750000000001 0.87719 0.566391 0.874262 0.566391 0.868407 0.563797 0.864496 0.543609 0.870351 0.535141 0.869391
14 0.349922 0.91082 0.384219 0.909016 0.389641 0.90089 0.392641 0.89459 0.39685899999999996 0.886464 0.398672 0.8747309999999999 0.386625 0.863911 0.361344 0.858501 0.324641 0.854895 0.299953 0.862108 0.293938 0.8720370000000001 0.29575 0.879251 0.30356299999999997 0.88466 0.322828 0.902693 0.349922 0.91082
22 0.315297 0.652295 0.315297 0.664262 0.302953 0.6691569999999999 0.296422 0.66644 0.295328 0.683302 0.294234 0.717564 0.295328 0.757283 0.296422 0.753466 0.308031 0.7502110000000001 0.324359 0.7518499999999999 0.324 0.740422 0.32328100000000004 0.653934 0.317469 0.6517559999999999 0.315297 0.652295
50 0.629703 0.925831 0.640203 0.9011239999999999 0.727156 0.892131 0.7451559999999999 0.8449409999999999 0.737656 0.791007 0.7091719999999999 0.687635 0.7136720000000001 0.662927 0.7091719999999999 0.606745 0.7016720000000001 0.573044 0.676187 0.55281 0.653687 0.561803 0.628203 0.584262 0.608719 0.6471899999999999 0.6102190000000001 0.687635 0.623703 0.741569 0.590719 0.746066 0.5577340000000001 0.7752690000000001 0.565234 0.804496 0.584719 0.820234 0.562234 0.862927 0.5577340000000001 0.921358 0.53525 0.937073 0.490266 0.959555 0.458781 0.986511 0.6252030000000001 0.984262 0.629703 0.925831
50 0.8620939999999999 1 0.892078 0.923607 0.890578 0.860679 0.8755940000000001 0.7505620000000001 0.8680939999999999 0.685386 0.847109 0.6359480000000001 0.8396089999999999 0.606745 0.8291090000000001 0.546066 0.812625 0.5393209999999999 0.775141 0.564052 0.764641 0.586511 0.751141 0.6359480000000001 0.766141 0.674169 0.761641 0.692131 0.758641 0.7033720000000001 0.7451559999999999 0.739321 0.743656 0.779766 0.755641 0.820234 0.760141 0.84719 0.740656 0.87192 0.727156 0.892131 0.7331559999999999 0.894379 0.767641 0.867424 0.782641 0.8426929999999999 0.7931250000000001 0.869672 0.784125 0.914614 0.778141 0.9618030000000001 0.775141 1 0.8306089999999999 1 0.8620939999999999 1
50 0 0.693724 0.0112344 0.667681 0.0194375 0.652155 0.025687500000000002 0.628454 0.0356406 0.607963 0.0418906 0.595948 0.033296900000000004 0.578384 0.025093700000000004 0.568735 0.0231406 0.541218 0.018062500000000002 0.522763 0.0073281296875 0.502272 0.0020468796875000002 0.501405 0 0.502272 0 0.506674 0 0.523349 0 0.548244 0 0.594778 0 0.675574 0 0.693724
50 0.5818749999999999 0.509087 0.577375 0.5184540000000001 0.579922 0.5310539999999999 0.579922 0.534567 0.577578 0.542763 0.578937 0.552717 0.579922 0.566183 0.5889059999999999 0.588431 0.58675 0.5931150000000001 0.584406 0.597213 0.580891 0.6095079999999999 0.582656 0.6370260000000001 0.584016 0.650187 0.5863590000000001 0.6595549999999999 0.586172 0.68445 0.5863590000000001 0.692646 0.595156 0.700539 0.599641 0.719578 0.605891 0.753536 0.615266 0.7590870000000001 0.6262030000000001 0.765527 0.639484 0.760258 0.638312 0.736557 0.632062 0.729532 0.6234689999999999 0.7248479999999999 0.615859 0.6850350000000001 0.616437 0.649906 0.621328 0.612131 0.636656 0.577354 0.6338280000000001 0.548384 0.629781 0.5183139999999999 0.6221720000000001 0.501335 0.6122029999999999 0.49606599999999995 0.596 0.49606599999999995 0.587594 0.50192 0.5818749999999999 0.509087
50 0.772531 0.569766 0.773031 0.565176 0.774047 0.560609 0.776594 0.551475 0.780656 0.532412 0.781672 0.520211 0.781172 0.5126 0.775062 0.482881 0.769469 0.477541 0.757266 0.466862 0.751672 0.463817 0.736938 0.46534 0.724719 0.47220100000000004 0.717609 0.485152 0.716078 0.497354 0.714047 0.560609 0.715062 0.572037 0.717609 0.581194 0.725234 0.593372 0.722187 0.595667 0.718109 0.59719 0.704891 0.604052 0.705906 0.604824 0.709984 0.626909 0.712516 0.6558779999999999 0.715062 0.720656 0.715578 0.731335 0.719141 0.744286 0.722687 0.7755269999999999 0.725234 0.7831619999999999 0.731344 0.786956 0.734391 0.791546 0.729812 0.8037240000000001 0.72575 0.812881 0.730312 0.833466 0.731844 0.843372 0.732359 0.85555 0.732359 0.870796 0.737953 0.864707 0.757266 0.8502339999999999 0.764891 0.843372 0.766937 0.835738 0.764891 0.819742 0.760828 0.8113579999999999 0.754734 0.802974 0.751672 0.79459 0.746594 0.767916 0.747609 0.758759 0.748109 0.75267 0.752188 0.737424 0.758797 0.719906 0.761344 0.707705 0.763375 0.697026 0.765406 0.68637 0.762359 0.668829 0.762359 0.653583 0.762859 0.640632 0.764891 0.614731 0.767437 0.581194 0.772531 0.569766
50 0.846438 0.659789 0.8458439999999999 0.6696960000000001 0.847641 0.6759949999999999 0.853641 0.685902 0.8620470000000001 0.702084 0.872266 0.73 0.8746560000000001 0.7336069999999999 0.880062 0.74171 0.895687 0.764192 0.902281 0.7767919999999999 0.9064840000000001 0.784005 0.908891 0.791194 0.9197029999999999 0.794801 0.934109 0.796604 0.934719 0.8047069999999998 0.938312 0.815504 0.9419220000000001 0.814614 0.944328 0.793911 0.943719 0.7767919999999999 0.940719 0.767799 0.932906 0.759696 0.927516 0.756089 0.9197029999999999 0.7381030000000001 0.9082969999999999 0.715597 0.8902810000000001 0.682295 0.880062 0.667892 0.871063 0.659789 0.848234 0.6337 0.8410309999999999 0.630094 0.844641 0.6381970000000001 0.846438 0.659789
50 0.412312 0.71911 0.41829700000000003 0.72808 0.422797 0.7123649999999999 0.43779700000000005 0.7123649999999999 0.44529699999999994 0.7213579999999999 0.46628100000000006 0.7213579999999999 0.46628100000000006 0.739321 0.49776600000000004 0.741569 0.511266 0.741569 0.514266 0.723607 0.54575 0.7213579999999999 0.53075 0.68089 0.5127659999999999 0.653934 0.482781 0.6337 0.48128099999999996 0.6269560000000001 0.48576600000000003 0.6134890000000001 0.48426600000000003 0.5910070000000001 0.48426600000000003 0.5685479999999999 0.48128099999999996 0.543817 0.470781 0.52808 0.452781 0.521358 0.43779700000000005 0.548314 0.439297 0.577518 0.443797 0.604496 0.446797 0.6134890000000001 0.43029700000000004 0.6359480000000001 0.400312 0.656183 0.391313 0.716862 0.412312 0.71911
36 0.9211410000000001 0.956206 0.9115309999999999 0.943724 0.909609 0.937002 0.905125 0.899578 0.903844 0.8611709999999999 0.919219 0.796862 0.912172 0.793981 0.9076869999999999 0.817986 0.896797 0.8458309999999999 0.896797 0.881335 0.896797 0.917799 0.8910310000000001 0.952365 0.875672 0.998431 0.923063 0.996511 0.9313749999999998 0.99267 0.930734 0.979227 0.9211410000000001 0.956206
36 0.955078 0.972506 0.942266 0.830468 0.935859 0.806464 0.9313749999999998 0.8333490000000001 0.9345779999999999 0.867892 0.9371410000000001 0.890937 0.940344 0.942763 0.9384219999999999 0.988829 0.954438 0.977307 0.955078 0.972506
13 0.376656 0.73178 0.378297 0.73815 0.378625 0.7678219999999999 0.377969 0.7697890000000001 0.375516 0.7722249999999999 0.373078 0.774684 0.376344 0.7778689999999999 0.378297 0.779578 0.37845300000000004 0.784215 0.378953 0.802576 0.378297 0.827775 0.378781 0.828033 0.386625 0.827283 0.390375 0.826323 0.38971900000000004 0.779016 0.389391 0.773396 0.387281 0.769227 0.38614099999999996 0.765316 0.385813 0.757471 0.385813 0.743044 0.385813 0.733747 0.3845 0.7322719999999999 0.379281 0.7322719999999999 0.376656 0.73178
13 0.534703 0.8028569999999999 0.539687 0.8031849999999999 0.539266 0.818759 0.549 0.818759 0.5474840000000001 0.792459 0.546844 0.782084 0.5507340000000001 0.7785009999999999 0.550312 0.767471 0.547063 0.758689 0.547922 0.74733 0.5466249999999999 0.737588 0.548578 0.734988 0.548578 0.7291569999999999 0.547063 0.724614 0.5425 0.7233020000000001 0.5390469999999999 0.7268849999999999 0.539906 0.738244 0.539266 0.757073 0.5353589999999999 0.766815 0.534922 0.802529 0.534703 0.8028569999999999
13 0.452656 0.7899060000000001 0.45635899999999996 0.7990400000000001 0.460609 0.796651 0.470922 0.7974469999999999 0.47014100000000003 0.787939 0.466688 0.781569 0.46589099999999994 0.7418969999999999 0.456109 0.743888 0.456109 0.781194 0.452391 0.789508 0.452656 0.7899060000000001
79 0.399641 0.7533719999999999 0.400328 0.76466 0.404437 0.774403 0.410594 0.779532 0.410594 0.794403 0.41128099999999995 0.799016 0.414703 0.7985249999999999 0.416406 0.783115 0.42326600000000003 0.771827 0.426687 0.7487590000000001 0.426344 0.731827 0.424625 0.7266980000000001 0.418469 0.7246370000000001 0.40956200000000004 0.726183 0.399984 0.727213 0.400328 0.7313109999999999 0.399641 0.7431150000000001 0.399641 0.7533719999999999
79 0.424656 0.712904 0.418187 0.7121550000000001 0.41768700000000003 0.7226 0.425156 0.724075 0.428641 0.747963 0.428641 0.757658 0.42665600000000004 0.778525 0.43112500000000004 0.777049 0.43162500000000004 0.747963 0.44207799999999997 0.738993 0.44207799999999997 0.7121550000000001 0.420172 0.7121550000000001 0.424656 0.712904
26 0.509891 0.801335 0.522672 0.801335 0.524312 0.7822009999999999 0.525938 0.7507729999999999 0.5128440000000001 0.745878 0.503672 0.748806 0.49712500000000004 0.7556909999999999 0.490906 0.7566740000000001 0.48992199999999997 0.763536 0.49024999999999996 0.769438 0.49123400000000006 0.775316 0.493203 0.777775 0.495484 0.780234 0.49581200000000003 0.7836529999999999 0.49712500000000004 0.787588 0.497453 0.789555 0.498766 0.803794 0.49974999999999997 0.804778 0.506297 0.806253 0.509891 0.801335
26 0.422438 0.725738 0.425141 0.72637 0.427234 0.731054 0.42785900000000004 0.734169 0.42764100000000005 0.74103 0.42993800000000004 0.743536 0.434734 0.743232 0.436188 0.73822 0.43889100000000003 0.7322949999999999 0.43951599999999996 0.728852 0.439937 0.725105 0.441391 0.7198129999999999 0.44473399999999996 0.7163700000000001 0.444937 0.712927 0.442438 0.710117 0.436188 0.708876 0.425563 0.710117 0.417016 0.712623 0.41660899999999995 0.724801 0.422438 0.725738
26 0.571172 0.833068 0.571609 0.829813 0.578109 0.8184539999999999 0.579625 0.806768 0.577672 0.801241 0.574422 0.789883 0.573125 0.7830680000000001 0.566844 0.7830680000000001 0.558828 0.7843559999999999 0.551469 0.784684 0.546906 0.787611 0.546703 0.7882440000000001 0.547562 0.811639 0.55125 0.819415 0.555141 0.8281970000000001 0.556234 0.83534 0.556875 0.8359719999999999 0.55775 0.8363 0.565109 0.8363 0.571172 0.833068
26 0.388234 0.768197 0.39 0.770211 0.390891 0.823513 0.40423400000000004 0.8148479999999999 0.403344 0.7628809999999999 0.38778100000000004 0.7608900000000001 0.388234 0.768197
26 0.363078 0.745293 0.35945299999999997 0.739859 0.362172 0.736698 0.366703 0.73534 0.378781 0.739415 0.376672 0.7339810000000001 0.37728100000000003 0.730796 0.383625 0.728548 0.382719 0.719016 0.37728100000000003 0.71541 0.36579700000000004 0.7162999999999999 0.354016 0.7181259999999999 0.3525 0.721288 0.354922 0.72808 0.355531 0.7457379999999999 0.363078 0.745293
22 0.9251720000000001 0.783021 0.9187810000000001 0.7897419999999999 0.916859 0.79452 0.8708750000000001 0.7409129999999999 0.868953 0.779204 0.873437 0.841429 0.886844 0.9036529999999999 0.885563 0.933326 0.900891 0.9409839999999999 0.913672 0.947939 0.9366559999999999 0.79548 0.9251720000000001 0.783021
22 0.40476600000000007 0.652693 0.406266 0.6489700000000002 0.41370300000000004 0.640796 0.406266 0.639297 0.40476600000000007 0.652693
22 0.522406 0.654192 0.522406 0.64452 0.521906 0.639297 0.514469 0.639297 0.514469 0.645995 0.522406 0.654192
14 0.487297 0.8570260000000001 0.481328 0.864496 0.478344 0.8697189999999999 0.48431199999999996 0.8801640000000001 0.494266 0.887611 0.499734 0.889859 0.506703 0.9032789999999999 0.5191410000000001 0.91 0.5460160000000001 0.9114749999999999 0.566922 0.906253 0.565922 0.8935829999999999 0.564937 0.871194 0.572891 0.853302 0.5738909999999999 0.851803 0.5569689999999999 0.850328 0.535078 0.849578 0.525125 0.849578 0.524625 0.849578 0.501734 0.851054 0.487297 0.8570260000000001
26 0.536438 0.847471 0.541609 0.848899 0.549859 0.848899 0.5564530000000001 0.832319 0.554797 0.819953 0.543031 0.8174939999999999 0.5399689999999999 0.8174939999999999 0.538312 0.8051520000000001 0.530547 0.801616 0.515953 0.802319 0.5070159999999999 0.807611 0.508188 0.8510070000000001 0.523953 0.847471 0.536438 0.847471
26 0.395656 0.764754 0.40010899999999994 0.762412 0.40034400000000003 0.72829 0.41239100000000006 0.7242620000000001 0.41150000000000003 0.719251 0.406594 0.716909 0.394766 0.717564 0.386047 0.722248 0.38717199999999996 0.760398 0.395656 0.764754
26 0.342953 0.802248 0.357828 0.803794 0.355594 0.7816390000000001 0.369031 0.7786420000000001 0.36924999999999997 0.77192 0.369469 0.766557 0.366563 0.763536 0.354031 0.764215 0.343969 0.763208 0.33703099999999997 0.765878 0.342953 0.802248
26 0.379641 0.742155 0.381703 0.742014 0.384125 0.7418739999999999 0.385625 0.742998 0.386281 0.738665 0.386 0.730258 0.38384399999999996 0.7294149999999999 0.381516 0.7294149999999999 0.378063 0.730258 0.377219 0.731522 0.37712500000000004 0.733888 0.378625 0.742295 0.379641 0.742155