19 0.274141 0.6676110000000001 0.275703 0.665269 0.292984 0.6440980000000001 0.296125 0.6370260000000001 0.271 0.613513 0.258437 0.622927 0.247453 0.634684 0.245875 0.648806 0.256875 0.662927 0.274141 0.677026 0.274141 0.6676110000000001
48 0.013500000000000002 0.984262 0.9985310000000001 0.9820139999999999 0.995531 0.004496489461358314 0.260875 0 0.23689100000000002 0.02695550117096019 0.173922 0.07416859953161592 0.131937 0.130328 0.0914531 0.193255 0.0659687 0.289883 0.0419844 0.429204 0.056968700000000004 0.543817 0.0839531 0.651686 0.009 0.984262 0.013500000000000002 0.984262
19 0.347672 0.748407 0.347672 0.766066 0.350703 0.781429 0.357547 0.791124 0.379594 0.7974 0.393656 0.7933960000000001 0.396687 0.799672 0.404672 0.8025059999999999 0.42253100000000005 0.800796 0.432031 0.790562 0.429375 0.7865570000000001 0.426344 0.771756 0.43356300000000003 0.76548 0.435078 0.760351 0.43242200000000003 0.757518 0.41759399999999997 0.7540979999999999 0.414938 0.7438410000000001 0.402766 0.726745 0.38225 0.7256210000000001 0.364 0.726745 0.347672 0.73644 0.347672 0.748407
19 0.386 0.651429 0.39371900000000004 0.6620839999999999 0.40823400000000004 0.6718029999999999 0.41501599999999994 0.6653159999999999 0.42798400000000003 0.643115 0.434781 0.634309 0.41903100000000004 0.6139579999999999 0.411937 0.61904 0.411625 0.618595 0.395578 0.634778 0.386 0.651429
19 0.43334400000000006 0.478501 0.43867200000000006 0.49444999999999995 0.44475 0.501265 0.45196899999999995 0.493864 0.47325 0.475644 0.469453 0.46082 0.458047 0.44487099999999996 0.45121900000000004 0.445457 0.43068799999999996 0.46196699999999996 0.43334400000000006 0.478501
19 0.133438 0.586136 0.154422 0.660304 0.176922 0.655808 0.161922 0.583888 0.133438 0.586136
19 0.255797 0.378314 0.246125 0.432763 0.262594 0.45393399999999995 0.267297 0.446862 0.273062 0.451967 0.266 0.430422 0.26887500000000003 0.41475399999999996 0.276719 0.412389 0.256062 0.379485 0.255797 0.378314
19 0.31078100000000003 0.7590870000000001 0.313812 0.7856909999999999 0.350844 0.7811710000000001 0.34593799999999997 0.765878 0.347812 0.734145 0.325906 0.71829 0.314562 0.716581 0.313422 0.720562 0.316453 0.751148 0.31078100000000003 0.7590870000000001
19 0.526188 0.698571 0.5154219999999999 0.694052 0.503375 0.685667 0.496047 0.6850350000000001 0.49045300000000003 0.7069559999999999 0.48959400000000003 0.7295550000000001 0.494766 0.759251 0.500359 0.768923 0.525766 0.767635 0.5283439999999999 0.758595 0.535234 0.712131 0.526188 0.698571
19 0.297641 0.565222 0.29796900000000004 0.581311 0.301328 0.589344 0.31273399999999996 0.587354 0.31273399999999996 0.579813 0.31273399999999996 0.570258 0.31810900000000003 0.558689 0.31810900000000003 0.544098 0.31139100000000003 0.512927 0.293609 0.5305150000000001 0.296969 0.550141 0.297641 0.565222
19 0.282625 0.584145 0.276438 0.589485 0.268187 0.59452 0.264062 0.5933959999999999 0.25657800000000003 0.595363 0.250578 0.598454 0.249641 0.592834 0.253953 0.58808 0.254516 0.574871 0.247391 0.585269 0.24439099999999997 0.590047 0.243828 0.59733 0.244016 0.603513 0.24457800000000002 0.608009 0.250953 0.614754 0.257141 0.617845 0.260875 0.618407 0.265 0.618407 0.271 0.61363 0.27925 0.6021080000000001 0.28768699999999997 0.588923 0.289375 0.574028 0.289375 0.566721 0.284313 0.5774 0.282625 0.584145
19 0.296625 0.40679200000000004 0.310484 0.35925100000000004 0.290422 0.346136 0.284953 0.3363 0.276219 0.33412200000000003 0.263453 0.353232 0.268562 0.371827 0.262359 0.380023 0.256531 0.37892299999999995 0.27220300000000003 0.404614 0.273297 0.401874 0.287141 0.37564400000000003 0.295531 0.383302 0.296625 0.40679200000000004
19 0.598578 0.35178 0.579625 0.326089 0.5643119999999999 0.333747 0.546078 0.343044 0.551906 0.361616 0.548266 0.37637000000000004 0.547531 0.384028 0.549719 0.39166300000000004 0.575609 0.394941 0.577063 0.39878199999999997 0.584 0.39878199999999997 0.587641 0.38566700000000004 0.587281 0.373091 0.569781 0.370913 0.597484 0.357237 0.598578 0.35178
13 0 0 0.00053125 0.29831399999999997 0.050218700000000005 0.47096 0.0467187 0.430656 0.0531406 0.34826700000000005 0.0712656 0.267658 0.0888125 0.21857100000000002 0.10635900000000001 0.176511 0.126234 0.14407499999999998 0.123891 0.123934 0.0981719 0.0029976604215456674 0 0
19 0.246266 0.43466 0.255891 0.37906300000000004 0.24168699999999999 0.377705 0.231156 0.41887599999999997 0.233 0.431241 0.259547 0.457307 0.246266 0.43466