13 0.838406 0.598042 0.8306250000000001 0.6024999999999999 0.8217190000000001 0.6187919999999999 0.792812 0.734437 0.8083750000000001 0.756687 0.8372970000000001 0.7611249999999999 0.8372970000000001 0.747792 0.8528589999999999 0.700333 0.865094 0.6558539999999999 0.863984 0.615833 0.862859 0.599521 0.840625 0.589146 0.838406 0.598042
13 0.727734 0.799687 0.7341249999999999 0.774125 0.7405160000000001 0.7240629999999999 0.7381249999999999 0.688896 0.729328 0.670792 0.730938 0.661188 0.732531 0.6494789999999999 0.730938 0.642021 0.725344 0.635625 0.718938 0.635625 0.706156 0.635625 0.701359 0.6601250000000001 0.698172 0.664396 0.677391 0.684625 0.667 0.718729 0.666203 0.7485630000000001 0.655016 0.8167500000000001 0.645437 0.8540209999999999 0.648625 0.8561669999999999 0.652625 0.861479 0.6510309999999999 0.881729 0.659812 0.897708 0.6925779999999999 0.9105000000000001 0.705359 0.899833 0.7149530000000001 0.8838539999999999 0.720547 0.8476459999999999 0.727734 0.799687
50 0.767953 0.40608299999999997 0.778156 0.416958 0.778156 0.43058300000000005 0.7771410000000001 0.455083 0.790406 0.455083 0.793469 0.460521 0.8179690000000001 0.455083 0.821031 0.44418799999999997 0.833281 0.449625 0.8414529999999999 0.44418799999999997 0.842469 0.42241700000000004 0.8343130000000001 0.410167 0.822063 0.38975000000000004 0.828187 0.362521 0.826141 0.343458 0.8138909999999999 0.335292 0.796531 0.348896 0.793469 0.376125 0.7771410000000001 0.381583 0.7720309999999999 0.400625 0.767953 0.40608299999999997
50 0.5287189999999999 0.143021 0.523656 0.170042 0.525344 0.20158299999999998 0.535469 0.219604 0.518578 0.228604 0.498313 0.221854 0.467906 0.215083 0.44764099999999996 0.206083 0.445953 0.14752099999999999 0.43075 0.12725 0.417234 0.125 0.41892199999999996 0.149771 0.42735900000000004 0.199333 0.434125 0.24437499999999998 0.442563 0.266896 0.461156 0.302937 0.461156 0.429062 0.45439100000000004 0.505625 0.44932800000000006 0.649771 0.494937 0.667792 0.491547 0.6407710000000001 0.503375 0.634 0.5320940000000001 0.625 0.56925 0.611479 0.589531 0.597979 0.5962810000000001 0.582208 0.616547 0.485354 0.6368280000000001 0.45383300000000004 0.628375 0.363729 0.616547 0.30066699999999996 0.579391 0.224104 0.5929059999999999 0.20158299999999998 0.5929059999999999 0.179063 0.5929059999999999 0.156542 0.587844 0.13175 0.582766 0.12725 0.545609 0.125 0.5287189999999999 0.143021
50 0.603719 0.252937 0.597578 0.25183300000000003 0.597578 0.255125 0.606187 0.268771 0.613563 0.290083 0.6221720000000001 0.317417 0.6258589999999999 0.32943700000000004 0.632 0.374792 0.6344529999999999 0.38135399999999997 0.648797 0.398292 0.644297 0.4185 0.654547 0.432708 0.6537189999999999 0.442 0.6610940000000001 0.44964600000000005 0.6750309999999999 0.45075000000000004 0.679125 0.423958 0.686516 0.358937 0.692641 0.295854 0.679297 0.26766700000000004 0.6637190000000001 0.25433300000000003 0.6737339999999999 0.208375 0.660391 0.189104 0.639266 0.195021 0.623688 0.208375 0.623688 0.230604 0.6159060000000001 0.236542 0.6225780000000001 0.245438 0.621469 0.25729199999999997 0.632594 0.26027100000000003 0.632594 0.26916700000000005 0.61925 0.26175 0.600344 0.25433300000000003 0.603719 0.252937
50 0.755062 0.39325 0.7634839999999999 0.40675 0.751687 0.429208 0.751687 0.435958 0.75 0.47639600000000004 0.756734 0.5415829999999999 0.792141 0.586521 0.835953 0.5932499999999999 0.883141 0.6 0.938766 0.6404580000000001 0.940453 0.550562 0.9303440000000001 0.460667 0.920219 0.40449999999999997 0.874719 0.391021 0.8545 0.40449999999999997 0.844375 0.429208 0.8292189999999999 0.45841699999999996 0.8292189999999999 0.47639600000000004 0.8477499999999999 0.503375 0.819094 0.507875 0.803937 0.525833 0.7887660000000001 0.512354 0.778656 0.48089600000000005 0.7820159999999999 0.41572899999999996 0.755062 0.386521 0.755062 0.39325
50 1 0.37720800000000004 0.9985630000000001 0.381437 0.981859 0.42175 0.969125 0.463104 0.943672 0.5924999999999999 0.9452659999999999 0.63175 0.9516249999999999 0.634917 1 0.665687 1 0.37720800000000004
50 0.358984 0.25168799999999997 0.326969 0.137083 0.23932799999999999 0.139333 0.22246899999999997 0.233708 0.21404700000000002 0.274167 0.07584379999999999 0.370792 0.0320156 0.5707920000000001 0.05225 0.59775 0.058984400000000006 0.689896 0.106187 0.739333 0.18707800000000002 0.766292 0.259547 0.8494379999999999 0.316859 0.8629169999999999 0.306734 0.7977500000000001 0.230906 0.741583 0.30842200000000003 0.730333 0.315172 0.557312 0.326969 0.5752710000000001 0.340453 0.808979 0.387641 0.8045000000000001 0.37584399999999996 0.6 0.367422 0.38427100000000003 0.32190599999999997 0.341583 0.358984 0.25168799999999997
50 0.9734529999999999 0.444479 0.983344 0.41150000000000003 0.993781 0.393917 0.998719 0.381458 0.9910310000000001 0.38 0.981687 0.37854200000000005 0.9701409999999999 0.382937 0.965203 0.389521 0.9619059999999999 0.39685400000000004 0.958609 0.406375 0.958062 0.416646 0.958062 0.423958 0.958062 0.432021 0.959703 0.43935399999999997 0.9613590000000001 0.443021 0.9635469999999999 0.447417 0.9635469999999999 0.450354 0.960812 0.45839599999999997 0.954766 0.467187 0.950906 0.47525 0.9481719999999999 0.482583 0.9437659999999999 0.491375 0.9393750000000001 0.500896 0.9393750000000001 0.506042 0.9393750000000001 0.5192289999999999 0.9399219999999999 0.533146 0.941578 0.550729 0.9421250000000001 0.555854 0.942672 0.562458 0.9476089999999999 0.561729 0.9503590000000001 0.559521 0.9520160000000001 0.535333 0.966844 0.467187 0.9734529999999999 0.444479
54 0.853406 0.7915209999999999 0.870609 0.7903129999999999 0.8787499999999999 0.786687 0.9421250000000001 0.754104 0.9403119999999999 0.751687 0.9303440000000001 0.736 0.9203910000000001 0.7311669999999999 0.8878130000000001 0.733583 0.847078 0.7432289999999999 0.839828 0.7673749999999999 0.8488749999999999 0.787896 0.853406 0.7915209999999999
14 0.423766 0.8989999999999999 0.5330779999999999 0.8451869999999999 0.543156 0.820521 0.489344 0.802583 0.42545299999999997 0.813792 0.400219 0.825 0.364906 0.8765630000000001 0.36828099999999997 0.939354 0.423766 0.8989999999999999
51 0.402141 0.789125 0.389672 0.781292 0.383797 0.781292 0.375 0.807708 0.371328 0.814562 0.360328 0.823354 0.35225 0.82825 0.346391 0.826292 0.34125 0.823354 0.346391 0.8165209999999999 0.342719 0.814562 0.339781 0.804771 0.34125 0.796958 0.339781 0.7822709999999999 0.337578 0.7627079999999999 0.33684400000000003 0.756854 0.32364099999999996 0.75 0.308234 0.747062 0.290625 0.747062 0.275219 0.748042 0.263484 0.75 0.256891 0.751958 0.25248400000000004 0.756854 0.266422 0.7695620000000001 0.281094 0.775438 0.29135900000000003 0.779354 0.298703 0.7871670000000001 0.304562 0.798917 0.306031 0.814562 0.310438 0.8311879999999999 0.317781 0.847812 0.317781 0.858583 0.315578 0.862479 0.310438 0.8614999999999999 0.306766 0.858583 0.301641 0.862479 0.298703 0.868354 0.2965 0.870313 0.29209399999999996 0.863458 0.28403100000000003 0.8536870000000001 0.281094 0.85075 0.28035899999999997 0.857604 0.275953 0.858583 0.270094 0.85075 0.265687 0.847812 0.257625 0.839021 0.248813 0.8302080000000001 0.24221900000000002 0.823354 0.232672 0.807708 0.22901600000000003 0.795 0.221672 0.788146 0.206266 0.7822709999999999 0.20479699999999998 0.781292 0.189391 0.7920630000000001 0.182062 0.803792 0.170313 0.8175 0.161516 0.836083 0.153453 0.856625 0.15125 0.8800830000000001 0.152719 0.902583 0.157109 0.916292 0.16445300000000002 0.927042 0.183531 0.944646 0.191594 0.9505210000000001 0.202594 0.9554170000000001 0.21579700000000002 0.961271 0.228281 0.964208 0.24295300000000003 0.960292 0.259094 0.960292 0.277422 0.956396 0.29576600000000003 0.946604 0.315578 0.941708 0.326578 0.931937 0.34125 0.9211670000000001 0.351516 0.911396 0.361063 0.9035620000000001 0.364 0.902583 0.366187 0.886938 0.36912500000000004 0.872271 0.375 0.8614999999999999 0.381594 0.8517290000000001 0.388937 0.8419380000000001 0.396266 0.8331459999999999 0.40581300000000003 0.829229 0.416812 0.8194579999999999 0.40946899999999997 0.801833 0.402141 0.789125
52 0.8037340000000001 0.135354 0.8139839999999999 0.145042 0.832781 0.166104 0.84175 0.171229 0.861406 0.180354 0.861406 0.197437 0.8554220000000001 0.21395799999999998 0.8802030000000001 0.223083 0.8904690000000001 0.219083 0.901563 0.227063 0.9058439999999999 0.235042 0.914813 0.248146 0.921219 0.23675 0.920797 0.202563 0.908828 0.179792 0.910969 0.162688 0.9152340000000001 0.164396 0.940453 0.17635399999999998 0.954125 0.174646 0.95625 0.162125 0.9297660000000001 0.14675 0.916094 0.135917 0.913953 0.11312499999999999 0.885328 0.0954792 0.862266 0.09889579999999999 0.8481719999999999 0.105729 0.829375 0.10004199999999999 0.805438 0.11312499999999999 0.8037340000000001 0.135354
27 0.83725 0.48822899999999997 0.8358589999999999 0.48175 0.832047 0.477125 0.829953 0.470187 0.8296089999999999 0.464167 0.829953 0.456313 0.828922 0.453521 0.8226720000000001 0.454458 0.79525 0.459542 0.817812 0.474354 0.812953 0.497479 0.827187 0.503958 0.844187 0.504417 0.849047 0.499792 0.849391 0.497937 0.846266 0.495167 0.83725 0.48822899999999997
27 0.935109 0.497479 0.9392660000000002 0.496562 0.948984 0.486375 0.9479369999999999 0.481292 0.9305939999999999 0.471562 0.929547 0.4725 0.9267809999999999 0.476667 0.924 0.480833 0.921922 0.486833 0.9233119999999999 0.488687 0.935109 0.497479
48 0.132844 0.224104 0.134531 0.311542 0.181609 0.304812 0.21525 0.277917 0.223656 0.228583 0.132844 0.224104
48 0.363234 0.430375 0.432172 0.432625 0.433859 0.419167 0.433859 0.230833 0.361547 0.235313 0.327922 0.32275 0.341375 0.342938 0.363234 0.430375
14 0.550203 0.824458 0.565859 0.813417 0.571391 0.8306039999999999 0.656172 0.7839170000000001 0.666312 0.686854 0.665391 0.670875 0.6497189999999999 0.6463129999999999 0.617469 0.624188 0.566781 0.609458 0.5372969999999999 0.6180629999999999 0.518875 0.627875 0.5041249999999999 0.6610619999999999 0.510578 0.66475 0.503203 0.802354 0.550203 0.824458
51 0.8207190000000001 0.47424999999999995 0.827875 0.46929200000000004 0.826547 0.46539600000000003 0.8215159999999999 0.46575 0.8209839999999999 0.463271 0.815938 0.461854 0.7973589999999999 0.461854 0.8207190000000001 0.47424999999999995
48 0.45779700000000006 0.470125 0.45779700000000006 0.444146 0.364281 0.45975 0.377922 0.696104 0.45195299999999994 0.667542 0.45779700000000006 0.470125
48 0.303891 0.566229 0.317531 0.592208 0.305844 0.633771 0.321422 0.735062 0.352594 0.714292 0.317531 0.514292 0.303891 0.566229
43 0.369031 0.506417 0.365937 0.520146 0.370063 0.5475829999999999 0.38190599999999997 0.594958 0.394766 0.589458 0.399922 0.47964599999999996 0.364391 0.48512500000000003 0.369031 0.506417