13 0.5786089999999999 0.714329 0.5774060000000001 0.8109649999999999 0.575484 0.977882 0.592969 0.991576 0.6803440000000001 0.9479529999999999 0.684656 0.931365 0.68825 0.875835 0.624563 0.838 0.620266 0.833294 0.617391 0.8250120000000001 0.614281 0.8113180000000001 0.615 0.8026589999999999 0.6185780000000001 0.7972469999999999 0.6300779999999999 0.792565 0.646109 0.8012239999999999 0.686578 0.830776 0.685375 0.7576 0.6793910000000001 0.713247 0.67125 0.6692710000000001 0.670531 0.6552239999999999 0.667656 0.649812 0.668219 0.634494 0.661156 0.624941 0.638563 0.6217410000000001 0.627984 0.631318 0.628688 0.645129 0.6138589999999999 0.674894 0.5743280000000001 0.7057180000000001 0.5786089999999999 0.714329
26 0.46540600000000004 0.999294 0.470781 0.9380470000000001 0.460031 0.924188 0.43778100000000003 0.920729 0.425516 0.925341 0.413234 0.931129 0.400969 0.9415290000000001 0.40020300000000003 0.958847 0.411703 1 0.46540600000000004 0.999294
26 0.460531 0.910729 0.466484 0.944282 0.465 0.984565 0.524422 0.989035 0.5778909999999999 0.9868 0.579391 0.736235 0.579391 0.718329 0.573438 0.711624 0.557094 0.695976 0.539266 0.6914819999999999 0.528875 0.700447 0.519953 0.6937180000000001 0.499156 0.687012 0.475391 0.6937180000000001 0.45607800000000004 0.702682 0.44567199999999996 0.740706 0.460531 0.910729
41 0.653656 0.789929 0.637328 0.789929 0.615031 0.805576 0.623953 0.834659 0.791828 0.944282 0.854219 0.9868 0.907703 0.984565 0.826 0.924165 0.6610940000000001 0.803341 0.653656 0.789929
12 0.8758279999999999 0.16272899999999998 0.937578 0.16272899999999998 0.937578 0.147976 0.937578 0.14061200000000001 0.937578 0.131741 0.939531 0.118471 0.937578 0.10959999999999999 0.8817030000000001 0.112565 0.8758279999999999 0.16272899999999998
50 0.576187 0.206118 0.581844 0.2008 0.581141 0.17849399999999999 0.588891 0.17635299999999998 0.605844 0.16254100000000002 0.6136090000000001 0.148729 0.61925 0.12639999999999998 0.618547 0.11364700000000001 0.591719 0.0849412 0.574078 0.0679294 0.528891 0.0668706 0.49924999999999997 0.0668706 0.484422 0.07962349882352941 0.478781 0.09451760000000001 0.49712500000000004 0.12322399999999999 0.48512500000000003 0.16148200000000001 0.485844 0.194424 0.49218799999999996 0.226329 0.501375 0.255012 0.508422 0.264588 0.517609 0.273082 0.533844 0.260329 0.534547 0.282659 0.5324220000000001 0.284776 0.522547 0.295412 0.516188 0.384706 0.506313 0.6292000000000001 0.545844 0.6270589999999999 0.5846560000000001 0.650447 0.614313 0.6685180000000001 0.6178440000000001 0.611129 0.614313 0.577106 0.586078 0.552659 0.597375 0.493129 0.633375 0.33898799999999996 0.633375 0.322 0.636188 0.295412 0.6404219999999999 0.26778799999999997 0.579719 0.223129 0.576187 0.206118
50 0.48914099999999994 0.257271 0.48284399999999994 0.287906 0.478484 0.293741 0.468797 0.300306 0.458141 0.31854099999999996 0.45378100000000005 0.339694 0.44457800000000003 0.360847 0.42714100000000005 0.374706 0.42229700000000003 0.392941 0.40437500000000004 0.423576 0.391781 0.466612 0.382578 0.490682 0.397109 0.514753 0.39904700000000004 0.536635 0.40824999999999995 0.573106 0.41357799999999995 0.584776 0.41600000000000004 0.603741 0.41793800000000003 0.615435 0.43392200000000003 0.619082 0.44457800000000003 0.615435 0.446516 0.608141 0.45039100000000004 0.606682 0.507547 0.6373179999999999 0.5104529999999999 0.539553 0.522563 0.309788 0.53225 0.293012 0.536609 0.277694 0.534672 0.26164699999999996 0.522078 0.26164699999999996 0.508516 0.258 0.497375 0.244871 0.49349999999999994 0.244871 0.48914099999999994 0.257271
50 0.8270160000000001 0.610282 0.8507809999999999 0.656 0.821734 0.787224 0.8177809999999999 0.826988 0.878516 0.8568 0.883797 0.823012 0.881156 0.6261880000000001 0.8613440000000001 0.544682 0.849469 0.395576 0.819094 0.314047 0.7610159999999999 0.268329 0.771578 0.208682 0.7610159999999999 0.17091800000000001 0.668594 0.156988 0.634266 0.23056500000000002 0.635594 0.28821199999999997 0.627672 0.322 0.578828 0.544682 0.613156 0.594376 0.618422 0.667929 0.627672 0.632141 0.638234 0.622212 0.664641 0.6261880000000001 0.679156 0.6997410000000001 0.689719 0.793176 0.692359 0.7713180000000001 0.714797 0.701718 0.701609 0.659976 0.7082029999999999 0.646071 0.820422 0.6082820000000001 0.8270160000000001 0.610282
50 0.920734 0.0764 0.925203 0.0898824 0.938641 0.11235300000000001 0.935656 0.139318 0.935656 0.15729400000000002 0.943125 0.20449399999999998 0.9505779999999999 0.21574100000000002 0.9505779999999999 0.233718 0.892375 0.267412 0.8759690000000001 0.325835 0.8505940000000001 0.41574099999999997 0.8520939999999999 0.453929 0.871484 0.48089400000000004 0.8595470000000001 0.521341 0.8595470000000001 0.555059 0.8655160000000001 0.593247 0.874469 0.591012 0.883422 0.534824 0.889391 0.5033650000000001 0.895359 0.5033650000000001 0.8908910000000001 0.651694 0.901328 0.660682 0.8968590000000001 0.7640469999999999 0.907297 0.858424 0.925203 0.898871 0.9774369999999999 0.9236 1 0.939318 0.9983280000000001 0.0561882 0.9505779999999999 0.05842350117647059 0.920734 0.0764
50 0.259828 0.18510600000000002 0.26610900000000004 0.205953 0.26737500000000003 0.215412 0.258562 0.234353 0.262344 0.24950599999999998 0.251016 0.262776 0.256047 0.28171799999999997 0.256047 0.300659 0.245391 0.317365 0.27181299999999997 0.366612 0.276844 0.396918 0.28942199999999996 0.457529 0.291938 0.484047 0.299484 0.556047 0.302 0.563624 0.33470300000000003 0.556047 0.330937 0.4992 0.330937 0.457529 0.338484 0.444282 0.329672 0.402588 0.317094 0.32303499999999996 0.317094 0.309788 0.318359 0.304094 0.329672 0.302212 0.329672 0.271882 0.318359 0.254847 0.284391 0.235906 0.270562 0.220753 0.274328 0.198024 0.274328 0.182871 0.254203 0.16392900000000002 0.24598399999999998 0.162376 0.24598399999999998 0.17374099999999998 0.259828 0.18510600000000002
50 0 0.467153 0 0.475647 0.0212344 0.499647 0.0377656 0.512824 0.0533125 0.530965 0.0645938 0.534776 0.06225000000000001 0.5184 0.0626406 0.4616 0.05874999999999999 0.44345900000000005 0.06148440000000001 0.42823500000000003 0.0634219 0.421788 0.0591406 0.4197409999999999 0.05700000000000001 0.422071 0.0554531 0.425012 0.0527344 0.427647 0.0505938 0.43028199999999994 0.0502031 0.431741 0.049625 0.439929 0.0474844 0.435247 0.0439844 0.429388 0.0358125 0.4288 0.0227969 0.433482 0.0189062 0.436118 0.0154062 0.440824 0.0245469 0.452518 0.0381563 0.461294 0.05 0.468918 0.0488438 0.483553 0.039125 0.480329 0.011125 0.458094 0.00898437 0.450776 0.002375 0.441976 0 0.439341 0 0.44724699999999995 0 0.457788 0 0.467153
50 0.135875 0.3084 0.133734 0.278541 0.129453 0.265059 0.130234 0.23988200000000004 0.131781 0.23374100000000003 0.137234 0.221459 0.128484 0.215012 0.118953 0.212659 0.0917344 0.214141 0.0779375 0.216471 0.0728906 0.23169400000000004 0.0655 0.268282 0.0635469 0.28 0.0649062 0.292588 0.0643281 0.296965 0.0629687 0.300494 0.0625781 0.305765 0.0678281 0.314541 0.07075 0.321576 0.0765781 0.334447 0.0892187 0.340588 0.0917344 0.346165 0.0930938 0.349953 0.0965938 0.359906 0.12459400000000001 0.318353 0.135875 0.3084
50 0.137297 0.222988 0.147687 0.174071 0.138594 0.156471 0.12365600000000002 0.141812 0.099625 0.144729 0.0924688 0.173106 0.0892344 0.2044 0.0905312 0.209294 0.117156 0.214188 0.137297 0.222988
50 0.0398594 0.264071 0.0216719 0.305153 0.0125781 0.324706 0.0625938 0.31689399999999995 0.0814375 0.353082 0.0768906 0.399059 0.0937813 0.36287100000000005 0.0911719 0.349176 0.0651875 0.314941 0.0723437 0.232776 0.0638906 0.239624 0.0398594 0.264071
14 0.45254700000000003 0.691247 0.431672 0.694165 0.390406 0.6985410000000001 0.35156200000000004 0.713176 0.32584399999999997 0.727059 0.305938 0.751906 0.299141 0.766541 0.299625 0.790659 0.314188 0.809671 0.32923399999999997 0.844024 0.334578 0.861576 0.371953 0.902518 0.40982799999999997 0.9208 0.45789099999999994 0.920071 0.447703 0.745341 0.444781 0.719012 0.460313 0.7 0.477313 0.692706 0.45254700000000003 0.691247
55 0.8574059999999999 0.951835 0.942281 0.9991289999999999 0.976 0.988612 0.996922 0.9693649999999999 0.995766 0.948353 0.9492499999999999 0.920329 0.8911250000000001 0.8870589999999999 0.879484 0.9150820000000001 0.856234 0.936094 0.8574059999999999 0.951835
50 0.244734 0.184259 0.24175 0.226965 0.24771899999999997 0.294376 0.243234 0.332588 0.232797 0.370776 0.243234 0.393247 0.265625 0.546071 0.301437 0.568541 0.295469 0.460682 0.25218799999999997 0.30785900000000005 0.262641 0.280894 0.259656 0.253929 0.268609 0.213482 0.250703 0.17752900000000002 0.244734 0.184259
50 0.00920312 0.399788 0.009875 0.39265900000000004 0.0237188 0.32658800000000004 0.0135937 0.3276 0.0179687 0.306235 0.0156094 0.300141 0.0108906 0.296588 0.00075 0.295576 0.00075 0.408941 0.00514063 0.4094590000000001 0.00548437 0.4008 0.00920312 0.399788
50 0.000078125 0.552471 0.00128125 0.6639999999999999 0.00903125 0.667647 0.0211406 0.665106 0.0228281 0.654541 0.0179844 0.641412 0.0206563 0.630471 0.0158125 0.6129650000000001 0.0175 0.599859 0.0179844 0.588918 0.02325 0.568965 0.0201563 0.518753 0.0108438 0.489553 0.0005625 0.476282 0.0003125 0.539718 0.000078125 0.552471
55 0.802562 0.955624 0.790469 0.950706 0.775109 0.9408470000000001 0.763016 0.927576 0.746672 0.918706 0.744391 0.924612 0.744391 0.951176 0.747984 0.9629880000000001 0.763344 0.985153 0.768906 0.992518 0.775438 0.997929 0.780984 0.997929 0.794063 0.997459 0.809422 0.999906 0.826422 0.992518 0.847984 0.9841650000000001 0.8414529999999999 0.979247 0.8225 0.961035 0.8113910000000001 0.9575760000000001 0.802562 0.955624
55 0.772953 1 0.762156 0.9850120000000001 0.751734 0.965835 0.743234 0.953059 0.7428589999999999 0.943765 0.729344 0.939106 0.7139059999999999 0.9455060000000001 0.689594 0.960612 0.669906 0.9768709999999999 0.652922 0.982682 0.643672 0.987929 0.645203 1 0.772953 1
23 0.772578 0.043717599999999995 0.7815000000000001 0.0608706 0.792891 0.0608706 0.801812 0.04670590117647059 0.8077500000000001 0.0317882 0.8062659999999999 0.0124 0.801812 0.00270588 0.785469 0 0.772094 0.0205882 0.772578 0.043717599999999995
50 0.266313 0.979176 0.262859 0.812494 0.25421900000000003 0.692706 0.304359 0.690094 0.307828 0.635412 0.359703 0.619788 0.340672 0.5572940000000001 0.269781 0.596353 0.25248400000000004 0.408847 0.21617199999999998 0.354165 0.23864100000000002 0.356776 0.25075 0.283859 0.245562 0.158847 0.20406200000000002 0.130212 0.155641 0.158847 0.133156 0.22136499999999998 0.133156 0.286447 0.0570625 0.403647 0.0933906 0.601553 0.0587969 0.812494 0.150453 0.9010349999999999 0.150453 0.971365 0.266313 0.979176