22 0.455172 0.480257 0.46106199999999997 0.511722 0.479437 0.597609 0.499297 0.693162 0.500031 0.6774549999999999 0.485328 0.59036 0.527234 0.589152 0.536047 0.556478 0.519984 0.466144 0.509719 0.44557800000000003 0.45737500000000003 0.446401 0.45370299999999997 0.459717 0.455172 0.480257
50 0.480781 0.925835 0.505375 0.90563 0.5367810000000001 0.712365 0.546344 0.6831360000000001 0.605078 0.6 0.672016 0.69437 0.759422 0.822468 0.799031 0.8831359999999999 0.8208909999999999 0.862931 0.809969 0.820231 0.768984 0.768535 0.7252810000000001 0.6876350000000001 0.6965939999999999 0.640437 0.687031 0.58653 0.663812 0.4809 0.641953 0.420231 0.629672 0.34830300000000003 0.621469 0.27190200000000003 0.600984 0.247198 0.5968910000000001 0.222468 0.613281 0.202237 0.600984 0.18653 0.581859 0.15280200000000002 0.543609 0.15956299999999998 0.528594 0.19550099999999998 0.5381560000000001 0.253933 0.498547 0.269666 0.473953 0.27190200000000003 0.44390599999999997 0.34382999999999997 0.449375 0.364036 0.514938 0.37527 0.555906 0.498869 0.517672 0.626967 0.505375 0.674165 0.47668699999999997 0.847198 0.46167199999999997 0.912365 0.480781 0.925835
50 0.691125 0.23385599999999998 0.681562 0.24958899999999998 0.691125 0.285553 0.708891 0.32375299999999996 0.7485 0.337224 0.755328 0.37768599999999997 0.752594 0.406889 0.747125 0.45182500000000003 0.741672 0.49678700000000003 0.734844 0.55072 0.718453 0.615887 0.6925 0.6653209999999999 0.738938 0.7057580000000001 0.747125 0.674319 0.758063 0.622622 0.76625 0.573188 0.792203 0.512519 0.807234 0.55072 0.823625 0.615887 0.857766 0.66982 0.8741559999999999 0.734987 0.902844 0.7754239999999999 0.9164999999999999 0.7327250000000001 0.9164999999999999 0.685553 0.897375 0.638355 0.8782500000000001 0.600154 0.859125 0.5619540000000001 0.8468439999999999 0.510257 0.8359059999999999 0.46755800000000003 0.8277189999999999 0.429357 0.823625 0.37992299999999996 0.8181559999999999 0.32375299999999996 0.814063 0.278792 0.808594 0.265321 0.792203 0.247352 0.799031 0.206889 0.7703439999999999 0.175424 0.756687 0.175424 0.743031 0.204653 0.751234 0.24958899999999998 0.744406 0.260823 0.708891 0.256324 0.691125 0.23385599999999998
50 0.915141 0.620231 0.9137660000000001 0.568535 0.9164999999999999 0.523599 0.927422 0.451697 0.945187 0.44719800000000004 0.95475 0.429203 0.9506410000000001 0.395501 0.943812 0.328098 0.9520160000000001 0.33033399999999996 0.943812 0.249434 0.9260619999999999 0.217969 0.9164999999999999 0.202237 0.920594 0.146067 0.920594 0.123599 0.896016 0.116864 0.885078 0.141568 0.8837189999999999 0.164036 0.8837189999999999 0.18876600000000002 0.855031 0.233702 0.848203 0.28763500000000003 0.863234 0.34382999999999997 0.856406 0.426967 0.863234 0.546067 0.859125 0.570797 0.865969 0.588766 0.8837189999999999 0.629203 0.896016 0.658432 0.919234 0.6629309999999999 0.919234 0.638201 0.915141 0.620231
50 0.213563 0.654267 0.1985 0.652031 0.190281 0.64527 0.176594 0.631748 0.161531 0.60473 0.160172 0.582211 0.161531 0.555193 0.162906 0.512391 0.161531 0.480848 0.153328 0.444807 0.134156 0.433548 0.0958281 0.433548 0.084875 0.444807 0.0725469 0.469589 0.0766563 0.501131 0.0766563 0.53491 0.0698125 0.541671 0.05750000000000001 0.550668 0.0438125 0.570951 0.0314844 0.60473 0.0164219 0.65653 0.00957812 0.7173520000000001 0.015062500000000001 0.77365 0.0191719 0.809692 0.0342187 0.8547299999999999 0.0383281 0.863728 0.0301094 0.879512 0.027375 0.9313110000000001 0.0355938 0.9538300000000001 0.05476559999999999 0.9538300000000001 0.0752969 0.951568 0.0876094 0.940308 0.0930938 0.922288 0.0876094 0.8952700000000001 0.10267200000000001 0.8772489999999998 0.121844 0.850231 0.149219 0.838972 0.145109 0.8547299999999999 0.134156 0.88401 0.120469 0.899769 0.10951599999999999 0.929049 0.127312 0.933548 0.153328 0.933548 0.179328 0.929049 0.1985 0.9177890000000001 0.20534400000000003 0.899769 0.183438 0.8952700000000001 0.183438 0.8772489999999998 0.20534400000000003 0.847969 0.2245 0.802931 0.231359 0.7601289999999999 0.2245 0.7331110000000001 0.20945299999999997 0.72635 0.183438 0.72635 0.153328 0.721851 0.146484 0.719589 0.135531 0.7038300000000001 0.143734 0.67455 0.157422 0.688072 0.165641 0.67455 0.176594 0.6813110000000001 0.194391 0.697069 0.20945299999999997 0.7038300000000001 0.225875 0.697069 0.231359 0.690308 0.24229700000000004 0.66329 0.239562 0.649769 0.231359 0.64527 0.213563 0.654267
4 0.569391 0.04910030077120823 0.568016 0.04910030077120823 0.548813 0.09424159897172237 0.485703 0.270308 0.49118700000000004 0.281594 0.580375 0.08295630077120823 0.569391 0.04910030077120823
4 0.279672 0.19251899999999997 0.281453 0.194293 0.333516 0.128586 0.330672 0.113316 0.324969 0.109229 0.3025 0.139717 0.270406 0.173753 0.275031 0.180206 0.236531 0.229486 0.244016 0.226555 0.279672 0.19251899999999997
4 0.9062810000000001 0.58072 0.911422 0.682057 0.9148440000000001 0.683933 0.918266 0.6735990000000001 0.9142659999999999 0.599486 0.909703 0.557249 0.9074220000000001 0.512211 0.9034380000000001 0.45498700000000003 0.9034380000000001 0.439023 0.8948750000000001 0.444653 0.893734 0.45778900000000006 0.8948750000000001 0.455913 0.900578 0.490643 0.9062810000000001 0.58072
5 0.255 0.710051 0.262297 0.672699 0.271766 0.663342 0.270953 0.646452 0.274734 0.6366580000000001 0.30342199999999997 0.635064 0.305703 0.617198 0.304562 0.609666 0.280547 0.588946 0.26143700000000003 0.587584 0.239828 0.613573 0.233906 0.6170950000000001 0.241203 0.7073780000000001 0.255 0.710051
50 0.423828 0.091671 0.4005310000000001 0.0096401 0.395344 0.00005141389999999999 0.316344 0.00218509 0.296922 0.0192288 0.296266 0.0373522 0.290438 0.052262199999999995 0.283312 0.10979399999999999 0.283969 0.111928 0.286562 0.115116 0.293672 0.132159 0.305984 0.128972 0.311156 0.125784 0.324766 0.10660700000000001 0.333172 0.115116 0.330594 0.131105 0.412188 0.124704 0.41542200000000007 0.097018 0.423828 0.091671
50 0.323469 0.146015 0.318281 0.146015 0.309859 0.152416 0.304031 0.162005 0.304031 0.179049 0.304688 0.190771 0.310516 0.22164499999999998 0.4069999999999999 0.20994899999999997 0.4069999999999999 0.206735 0.40764100000000003 0.20460200000000003 0.408297 0.19927999999999998 0.411531 0.18437 0.412188 0.163059 0.408938 0.139614 0.40570300000000004 0.139614 0.323469 0.146015
63 0.980656 0.592288 0.9847189999999999 0.591748 0.9869220000000001 0.589794 0.9872500000000001 0.585758 0.986828 0.580746 0.986156 0.576427 0.983703 0.574344 0.981594 0.572828 0.979313 0.573779 0.976437 0.575733 0.975172 0.581594 0.9755 0.587147 0.9771089999999999 0.590488 0.980656 0.592288
4 0.715672 0.22635 0.7355940000000001 0.15570699999999998 0.762984 0.05840620051413882 0.751781 0.04712079948586118 0.749906 0.04917740102827764 0.729984 0.12496099999999999 0.720656 0.177198 0.706328 0.22329 0.714422 0.229434 0.715672 0.22635
4 0.397578 0.69401 0.397219 0.695193 0.395078 0.698715 0.394 0.705476 0.406703 0.7110799999999999 0.41635900000000003 0.7113619999999999 0.42832800000000004 0.714884 0.44387499999999996 0.718715 0.457641 0.720488 0.46193799999999996 0.7243189999999999 0.469266 0.7234189999999999 0.469453 0.7181230000000001 0.465156 0.712545 0.461766 0.7078409999999999 0.45389099999999993 0.708432 0.444781 0.7081230000000001 0.43512500000000004 0.7057840000000001 0.42474999999999996 0.7028279999999999 0.412594 0.699023 0.398469 0.692828 0.397578 0.69401
22 0.47392200000000007 0.665424 0.479547 0.668869 0.466906 0.589177 0.469719 0.5730080000000001 0.489375 0.657326 0.492875 0.653856 0.451453 0.469023 0.45356199999999997 0.44938300000000003 0.503422 0.442468 0.493578 0.432057 0.45075000000000004 0.432057 0.442328 0.437841 0.438109 0.44593800000000006 0.44303100000000006 0.480591 0.47392200000000007 0.665424
5 0.846641 0.228021 0.843891 0.213316 0.8349690000000001 0.213316 0.8274060000000001 0.21671 0.826719 0.23591299999999998 0.8260310000000001 0.257404 0.828781 0.26984600000000003 0.834281 0.27437 0.8349690000000001 0.268715 0.843891 0.247224 0.846641 0.228021
5 0.9329219999999999 0.42321299999999995 0.931688 0.427943 0.9273279999999999 0.43401 0.926922 0.441877 0.9323750000000001 0.44794300000000004 0.934156 0.452648 0.937703 0.455347 0.944125 0.445681 0.947813 0.43467900000000004 0.949719 0.424113 0.948359 0.407481 0.9491720000000001 0.39444700000000005 0.946313 0.389049 0.944125 0.38727500000000004 0.942219 0.38814899999999997 0.939344 0.389743 0.935656 0.39154200000000006 0.934969 0.40704399999999996 0.9337500000000001 0.41334200000000004 0.9329219999999999 0.42321299999999995
5 0.664937 0.69437 0.648203 0.664627 0.641422 0.663136 0.633281 0.651979 0.622437 0.66982 0.631469 0.697352 0.664937 0.69437
50 0.282141 0.592185 0.292656 0.567481 0.304656 0.602057 0.321172 0.65144 0.342172 0.683548 0.355687 0.718098 0.361687 0.7526740000000001 0.367688 0.7625449999999999 0.388703 0.747738 0.4007029999999999 0.718098 0.378188 0.668715 0.343672 0.606992 0.333172 0.584781 0.342172 0.47365 0.321172 0.436632 0.322672 0.399589 0.318156 0.327995 0.307656 0.288483 0.298656 0.24897200000000003 0.285141 0.221799 0.261141 0.23169700000000001 0.259641 0.28108 0.259641 0.293419 0.24912499999999999 0.298355 0.240125 0.286015 0.228125 0.246504 0.21610899999999997 0.234165 0.207109 0.268715 0.213109 0.313162 0.226609 0.332931 0.258125 0.3650129999999999 0.271641 0.4391 0.259641 0.508226 0.244625 0.574884 0.23712499999999997 0.611928 0.274641 0.592185 0.282141 0.592185