13 0.138609 0.504836 0.149766 0.501009 0.16125 0.506291 0.175609 0.506291 0.180391 0.502441 0.18262499999999998 0.476103 0.18326599999999998 0.449272 0.18326599999999998 0.42673700000000003 0.18326599999999998 0.408545 0.18326599999999998 0.393685 0.184531 0.365423 0.180703 0.35439 0.17368699999999998 0.33380299999999996 0.170828 0.324202 0.17496899999999999 0.319906 0.17368699999999998 0.306479 0.1705 0.299765 0.165078 0.296901 0.163797 0.273427 0.159984 0.273427 0.15775 0.294507 0.151047 0.29786399999999996 0.150094 0.303615 0.14721900000000002 0.32708899999999996 0.13159400000000002 0.36302799999999996 0.13159400000000002 0.39032900000000004 0.129672 0.418122 0.128406 0.48664300000000005 0.129359 0.504366 0.138609 0.504836
22 0.922547 0.49729999999999996 0.920609 0.5060560000000001 0.9199529999999999 0.508005 0.9199529999999999 0.51385 0.9199529999999999 0.521643 0.912828 0.547934 0.9154220000000001 0.56838 0.920609 0.60831 0.925797 0.615117 0.942 0.503146 0.923203 0.496315 0.922547 0.49729999999999996
27 0.732938 0.667042 0.682078 0.624343 0.572891 0.5793900000000001 0.490625 0.547934 0.403859 0.5007510000000001 0.339547 0.469296 0.275219 0.469296 0.272234 0.45131499999999997 0.270734 0.40861499999999995 0.255781 0.397371 0.22585899999999998 0.38838 0.185484 0.473779 0.188469 0.462535 0.18098399999999998 0.370423 0.161547 0.280516 0.154062 0.285023 0.12265600000000002 0.494014 0.0643125 0.514225 0.0015 0.671526 0.0015 0.9883799999999999 0.830156 0.98615 0.9513130000000001 0.77716 0.713484 0.673779 0.732938 0.667042
50 0.31334399999999996 0.455822 0.299078 0.498638 0.361766 0.48150200000000004 0.401656 0.472934 0.442969 0.42800499999999997 0.450078 0.423732 0.408781 0.483638 0.410203 0.5093190000000001 0.442969 0.513615 0.492828 0.579953 0.507078 0.579953 0.514188 0.597089 0.584 0.597089 0.61675 0.498638 0.631016 0.38734700000000005 0.606797 0.34666699999999995 0.6125 0.276056 0.613922 0.19258199999999998 0.5982339999999999 0.145516 0.5569219999999999 0.130516 0.489969 0.209718 0.475734 0.30816899999999997 0.465766 0.30816899999999997 0.454359 0.303873 0.447234 0.340258 0.41732800000000003 0.357371 0.374594 0.39591499999999996 0.388828 0.325282 0.383125 0.26108 0.37743699999999997 0.235399 0.351797 0.190446 0.331859 0.209718 0.333281 0.269648 0.35465599999999997 0.30816899999999997 0.323297 0.363803 0.307641 0.453685 0.31334399999999996 0.455822
50 0.638578 0.374155 0.6055159999999999 0.480258 0.5709690000000001 0.568286 0.640078 0.579577 0.700187 0.624718 0.715203 0.6676059999999999 0.909031 0.748873 0.9165469999999999 0.703732 0.924063 0.620211 0.915047 0.496056 0.8759840000000001 0.374155 0.797844 0.297394 0.772312 0.281596 0.757281 0.25 0.772312 0.19807499999999997 0.763297 0.128099 0.745266 0.07392019953051643 0.7212189999999999 0.0445775 0.670125 0.0445775 0.638578 0.101009 0.644594 0.180023 0.697172 0.315469 0.625063 0.367371 0.638578 0.374155
50 0.047656199999999996 0.610962 0.053609399999999995 0.584108 0.12359400000000001 0.308944 0.151891 0.264202 0.15337499999999998 0.22840400000000002 0.159328 0.161291 0.16231199999999998 0.121033 0.16975 0.0964085 0.186141 0.06509389906103287 0.184641 0.03823939906103287 0.180188 0.020352100938967138 0.180188 0.0158685 0.160828 0.006924880281690141 0.134016 0.009154929577464789 0.016375 0.0002112676056338028 0.0089375 0.029295800469483567 0.0059531296875 0.0695775 0.0119063 0.112066 0.0014843796875000002 0.456596 0.010421900000000001 0.695962 0.023828099999999998 0.642277 0.047656199999999996 0.610962
26 0.319437 0.474038 0.310188 0.484437 0.306719 0.487911 0.30325 0.7310800000000001 0.357578 0.762324 0.372609 0.748451 0.37839100000000003 0.732817 0.40267200000000003 0.508756 0.392266 0.48964799999999997 0.35065599999999997 0.477512 0.319437 0.474038
26 0.442594 0.515962 0.449031 0.521784 0.450328 0.528216 0.448172 0.532089 0.456766 0.548239 0.44689100000000004 0.670211 0.46406200000000003 0.66439 0.46192200000000005 0.654718 0.466641 0.6495540000000001 0.46835899999999997 0.6495540000000001 0.47351599999999994 0.648897 0.482109 0.648897 0.491563 0.6443899999999999 0.500578 0.6405160000000001 0.504875 0.592113 0.507453 0.521127 0.501875 0.51662 0.489844 0.509507 0.46835899999999997 0.5030519999999999 0.44431200000000004 0.505634 0.43743699999999996 0.5133800000000001 0.442594 0.515962
32 0.267969 0.977934 0.299578 1 0.337016 0.994178 0.35198399999999996 0.984202 0.329531 0.960446 0.280438 0.949202 0.21804700000000002 0.8942019999999999 0.174797 0.880469 0.12071899999999999 0.807981 0.136531 0.8617140000000001 0.107406 0.809225 0.12987500000000002 0.872958 0.111578 0.8404689999999999 0.12071899999999999 0.880469 0.104922 0.8567140000000001 0.10575000000000001 0.881714 0.129047 0.910446 0.148172 0.917958 0.182281 0.8979579999999999 0.262141 0.9692019999999999 0.267969 0.977934
32 0.382094 0.250493 0.384656 0.258216 0.39281299999999997 0.278826 0.406516 0.29169 0.40823400000000004 0.286549 0.394516 0.271103 0.387656 0.255 0.36409400000000003 0.224742 0.331094 0.191244 0.331094 0.195751 0.360234 0.22924899999999998 0.382094 0.250493
41 0 0.828592 0.0339219 0.85439 0.0416562 0.868592 0.0528125 0.887324 0.0871875 0.9208689999999999 0.11725000000000001 0.946033 0.149891 0.966033 0.183828 0.964742 0.175672 0.956362 0.158922 0.944108 0.0841719 0.8763380000000001 0.0446562 0.8447180000000001 0.0390781 0.841502 0.0008437500000000001 0.8014789999999999 0 0.828592
51 0.47609399999999996 0.6412439999999999 0.42832800000000004 0.68162 0.431313 0.724225 0.491016 0.811667 0.6327969999999999 0.894624 0.728313 0.901338 0.8297969999999999 0.890141 0.8656090000000001 0.8228639999999999 0.8118909999999999 0.737676 0.6730940000000001 0.7825120000000001 0.668609 0.780258 0.647719 0.75561 0.605922 0.762324 0.573094 0.650235 0.47609399999999996 0.6412439999999999
51 0.09701560000000001 0.551573 0.132828 0.627793 0.298484 0.6322770000000001 0.30595300000000003 0.511221 0.14775 0.506737 0.202969 0.511221 0.132828 0.508967 0.09701560000000001 0.551573
50 0.830313 0.328028 0.8787499999999999 0.390423 0.896437 0.42507 0.896437 0.419296 0.894891 0.396197 0.894891 0.38347400000000004 0.897969 0.36847399999999997 0.900281 0.35345099999999996 0.8987339999999999 0.337277 0.899516 0.316479 0.897203 0.276056 0.86875 0.254108 0.852609 0.254108 0.831844 0.274906 0.818 0.318803 0.830313 0.328028
50 0.903937 0.278756 0.898578 0.272723 0.896234 0.289319 0.8959059999999999 0.308427 0.899578 0.321502 0.899578 0.332559 0.8931720000000001 0.378122 0.897344 0.397488 0.8954380000000001 0.426549 0.902641 0.445915 0.909844 0.476667 0.910609 0.518826 0.920094 0.515962 0.925391 0.49946 0.940563 0.505728 0.9599059999999999 0.504577 0.9792339999999999 0.490329 1 0.463005 0.999719 0.427676 0.997437 0.427113 0.987203 0.44077500000000003 0.9424530000000001 0.46868499999999996 0.926906 0.451596 0.9223589999999999 0.43793400000000005 0.918562 0.42255899999999996 0.909094 0.396925 0.9166719999999999 0.374131 0.9087189999999999 0.358756 0.909094 0.347934 0.9144059999999999 0.30234700000000003 0.906062 0.27842700000000004 0.903937 0.278756
26 0.25145300000000004 0.431854 0.253844 0.445352 0.253844 0.461573 0.25325000000000003 0.488568 0.25325000000000003 0.502958 0.253844 0.511972 0.25623399999999996 0.513779 0.261031 0.513779 0.264031 0.5065729999999999 0.27301600000000004 0.49755900000000003 0.274219 0.41384999999999994 0.273609 0.403967 0.25623399999999996 0.40485899999999997 0.244859 0.400352 0.235875 0.398568 0.229875 0.40215999999999996 0.229875 0.41115 0.24904700000000002 0.419272 0.25145300000000004 0.431854
32 0.628062 0.665235 0.6207659999999999 0.6710560000000001 0.632359 0.677488 0.647391 0.678146 0.670594 0.669108 0.697656 0.666526 0.731156 0.672347 0.762516 0.669108 0.7693909999999999 0.66007 0.758219 0.6536150000000001 0.749625 0.66007 0.7354529999999999 0.662653 0.689484 0.658146 0.662 0.663944 0.637937 0.6710560000000001 0.6254839999999999 0.667817 0.628062 0.665235
41 0.517906 0.577512 0.5055 0.5772539999999999 0.504781 0.5931690000000001 0.512156 0.6034510000000001 0.521141 0.638545 0.5321089999999999 0.637207 0.531562 0.6309859999999999 0.520781 0.600469 0.5184529999999999 0.58885 0.5184529999999999 0.581033 0.517906 0.577512
51 0.347062 0.845493 0.336453 0.8422999999999999 0.31310899999999997 0.816784 0.2565 0.762582 0.238813 0.767887 0.23526600000000003 0.776385 0.228203 0.778521 0.22253099999999998 0.776385 0.202719 0.788075 0.196359 0.7976530000000001 0.184328 0.795516 0.177969 0.805094 0.175125 0.811479 0.168766 0.81892 0.15673399999999998 0.825282 0.153203 0.8444130000000001 0.15390600000000002 0.857183 0.170891 0.858239 0.17229699999999998 0.868873 0.186453 0.879507 0.209797 0.898638 0.229609 0.898638 0.238813 0.898638 0.274187 0.892254 0.281266 0.878427 0.296828 0.883756 0.345656 0.853991 0.347062 0.845493
51 0.593562 0.616432 0.586469 0.6177 0.561813 0.604507 0.553875 0.601526 0.547937 0.596831 0.538016 0.59385 0.532906 0.610047 0.5297970000000001 0.6219720000000001 0.530922 0.6296240000000001 0.530922 0.633873 0.512219 0.644531 0.574281 0.6504930000000001 0.5782499999999999 0.66838 0.597234 0.6696479999999999 0.627 0.672629 0.632953 0.671338 0.636922 0.664108 0.640031 0.658146 0.632094 0.640258 0.607437 0.6253759999999999 0.593562 0.616432
27 1 0.5449299999999999 0.9737500000000001 0.539859 0.936078 0.5449299999999999 0.923703 0.6437790000000001 1 0.6716669999999999 1 0.5449299999999999