11 0.353938 0.60675 0.37078099999999997 0.651687 0.385953 0.784271 0.5696559999999999 0.741583 0.748313 0.671917 0.756734 0.523604 0.719656 0.5011249999999999 0.605063 0.507875 0.626969 0.022479199999999998 0.719656 0.022479199999999998 0.633703 0.008979170833333333 0.561234 0.0606667 0.608422 0.0314583 0.584828 0.519104 0.364047 0.586521 0.353938 0.60675
11 0.682578 0.501125 0.691016 0.483146 0.603375 0.47416700000000006 0.611797 0.514604 0.682578 0.501125
11 0.246062 0.582021 0.24101600000000004 0.451688 0.0050625 0.47416700000000006 0.0235938 0.561792 0.246062 0.582021
11 0.355625 0.615729 0.35225 0.586521 0.584828 0.516854 0.586516 0.465167 0.301687 0.465167 0.316859 0.59325 0.355625 0.615729
66 0.9980309999999999 0.451688 0.941969 0.44860399999999995 0.8843590000000001 0.46602099999999996 0.8275159999999999 0.481375 0.786797 0.46602099999999996 0.772969 0.470104 0.759922 0.483438 0.752234 0.508 0.7668280000000001 0.524396 0.822906 0.529521 0.851328 0.530542 0.883578 0.53975 0.911234 0.544875 0.998797 0.545896 0.9980309999999999 0.451688
66 0.79225 0.265146 0.765844 0.312083 0.771125 0.359042 0.9859220000000001 0.373125 0.9982340000000001 0.344958 0.836266 0.265146 0.79225 0.265146
11 0.32734399999999997 0.36808300000000005 0.34895299999999996 0.379937 0.487437 0.37316699999999997 0.510297 0.357917 0.489969 0.339271 0.442969 0.339271 0.324813 0.34774999999999995 0.32734399999999997 0.36808300000000005
11 0.32804700000000003 0.408938 0.326172 0.412083 0.322422 0.42270800000000003 0.349641 0.426479 0.423344 0.415833 0.496109 0.403313 0.500328 0.398938 0.499859 0.390167 0.480609 0.382021 0.462313 0.380771 0.434609 0.382021 0.390953 0.387042 0.33275 0.400812 0.32804700000000003 0.408938
11 0.446359 0.322438 0.450594 0.328688 0.444484 0.33431299999999997 0.49846899999999994 0.325563 0.502219 0.319917 0.49378099999999997 0.31179199999999996 0.480156 0.304896 0.457156 0.30804200000000004 0.43321899999999997 0.30866699999999997 0.446359 0.322438
66 0.9977499999999999 0.7143130000000001 0.927969 0.722187 0.8652810000000001 0.690646 0.800234 0.7789579999999999 0.755297 0.805771 0.765937 0.824688 0.777766 0.831 0.808516 0.831 0.816797 0.8231040000000001 0.8097030000000001 0.805771 0.8404529999999999 0.8105 0.919687 0.805771 0.968172 0.788417 0.9977499999999999 0.7552920000000001 0.9977499999999999 0.7143130000000001
66 0.501875 0.315583 0.49593699999999996 0.313917 0.485 0.308083 0.47125000000000006 0.306 0.45187499999999997 0.30724999999999997 0.439063 0.307667 0.430938 0.31016699999999997 0.43125 0.313083 0.435313 0.313917 0.446563 0.318083 0.45031299999999996 0.32433300000000004 0.449688 0.3285 0.47562499999999996 0.327667 0.500625 0.3235 0.501875 0.315583
11 0.0008906249999999999 0.386854 0 0.436104 0.018625 0.44397899999999996 0.0506406 0.440708 0.09496879999999999 0.447271 0.0954531 0.43216699999999997 0.104813 0.385542 0.0905312 0.384875 0.06048440000000001 0.38752099999999995 0.0314219 0.385542 0.0087656296875 0.377667 0.0008906249999999999 0.386854
66 0.448609 0.32270800000000005 0.438438 0.31479199999999996 0.423172 0.30914600000000003 0.340922 0.317062 0.335844 0.320437 0.333297 0.34079200000000004 0.447766 0.334021 0.448609 0.32270800000000005
66 1 0.573562 0.945547 0.5609369999999999 0.9136089999999999 0.581437 0.839109 0.6571250000000001 0.8272809999999999 0.687083 0.854484 0.707583 0.9065160000000001 0.717063 0.942 0.717063 0.996406 0.706021 1 0.573562
66 0.32073399999999996 0.361896 0.343234 0.368375 0.349922 0.375667 0.46178100000000005 0.374063 0.506156 0.362708 0.501906 0.35297900000000004 0.477578 0.345688 0.399156 0.345688 0.323172 0.358646 0.32073399999999996 0.361896
66 0.341031 0.419875 0.351938 0.416396 0.369375 0.416396 0.394219 0.416396 0.443906 0.4135 0.446953 0.410583 0.446094 0.406521 0.44217200000000006 0.398958 0.432578 0.394313 0.422109 0.3885 0.3685 0.391979 0.326219 0.401292 0.328391 0.407104 0.320547 0.411167 0.31575 0.407687 0.3175 0.41929199999999994 0.341031 0.419875