18 0.400437 0.7677 0.405312 0.768028 0.408687 0.770469 0.411078 0.7677 0.41248399999999996 0.7665489999999999 0.413359 0.765094 0.413469 0.760188 0.40618699999999996 0.760188 0.403906 0.761174 0.401625 0.764765 0.400437 0.7677
18 0.516984 0.842136 0.518641 0.843216 0.526891 0.845798 0.529406 0.846667 0.530203 0.846878 0.531781 0.846784 0.533281 0.8465489999999999 0.5335 0.845164 0.533219 0.843216 0.5327810000000001 0.8411500000000001 0.5314840000000001 0.840728 0.529906 0.840516 0.529906 0.838897 0.529844 0.836854 0.528547 0.836197 0.524953 0.8360799999999999 0.522797 0.8360799999999999 0.520937 0.836315 0.520141 0.837934 0.5198590000000001 0.839765 0.5177660000000001 0.8406339999999999 0.516984 0.842136
11 0.40693799999999997 0.877441 0.448031 0.89277 0.454563 0.886808 0.45512499999999995 0.885117 0.45512499999999995 0.8795769999999999 0.449734 0.87446 0.444641 0.865939 0.437828 0.860845 0.41942199999999996 0.8553050000000001 0.410625 0.853592 0.40581300000000003 0.8570190000000001 0.402984 0.868498 0.40693799999999997 0.877441
11 0.5047189999999999 0.917254 0.547891 0.936362 0.55625 0.9313379999999999 0.5582659999999999 0.915751 0.536172 0.899155 0.527469 0.895141 0.5227809999999999 0.89615 0.5144219999999999 0.8986620000000001 0.506391 0.904202 0.5047189999999999 0.917254
11 0.322797 0.8554930000000001 0.329484 0.852277 0.346453 0.8440139999999999 0.345484 0.8282160000000001 0.339281 0.827136 0.327328 0.821761 0.324234 0.8185450000000001 0.31754699999999997 0.813146 0.3075 0.814225 0.302969 0.8124410000000001 0.301766 0.811362 0.298906 0.8099299999999999 0.290781 0.810986 0.285766 0.823192 0.279078 0.825 0.275969 0.832183 0.27525 0.8372069999999999 0.276688 0.838638 0.276453 0.838263 0.320172 0.8554930000000001 0.322797 0.8554930000000001
16 0.167594 0.786714 0.17099999999999999 0.787559 0.175531 0.7913850000000001 0.190266 0.785 0.18743700000000002 0.7739440000000001 0.182891 0.775211 0.16148400000000002 0.782183 0.167594 0.786714
16 0.225969 0.762277 0.225766 0.7506809999999999 0.207281 0.752207 0.207078 0.755563 0.207484 0.762277 0.225969 0.762277
23 0.363391 0.56939 0.363391 0.569812 0.363547 0.571526 0.363937 0.573005 0.364187 0.573732 0.36476600000000003 0.575211 0.365313 0.576174 0.36609400000000003 0.577207 0.367234 0.578028 0.368359 0.578545 0.36979700000000004 0.578404 0.371703 0.577793 0.372844 0.575516 0.373531 0.574484 0.374125 0.57284 0.37476600000000004 0.570329 0.375156 0.568122 0.375156 0.565822 0.37476600000000004 0.564272 0.373719 0.562136 0.372734 0.560282 0.370531 0.559554 0.36924999999999997 0.559484 0.367672 0.559765 0.366687 0.560587 0.365516 0.562582 0.364359 0.564836 0.363781 0.566549 0.3635 0.569272 0.363391 0.56939
23 0.347844 0.5772539999999999 0.349688 0.5792959999999999 0.352141 0.57892 0.355094 0.577629 0.355453 0.573028 0.355453 0.5673 0.35459399999999996 0.562864 0.354109 0.560657 0.352141 0.5586380000000001 0.350047 0.5582630000000001 0.348828 0.559554 0.347344 0.562512 0.346734 0.568404 0.347109 0.57338 0.347844 0.5772539999999999
75 0.148125 0.800141 0.147844 0.782042 0.145875 0.783099 0.14546900000000001 0.778474 0.135937 0.780141 0.132859 0.786455 0.115484 0.7915019999999999 0.116469 0.8100229999999999 0.148125 0.800141
50 0.247344 0.775516 0.248422 0.773099 0.247891 0.770469 0.24693700000000002 0.767418 0.246266 0.769437 0.246531 0.774507 0.247344 0.775516
50 0.24125000000000002 0.77939 0.24125000000000002 0.780939 0.24264100000000002 0.779648 0.24367200000000003 0.774977 0.24264100000000002 0.7718539999999999 0.24125000000000002 0.7765259999999999 0.24125000000000002 0.77939
50 0.0380937 0.834883 0.0386094 0.833357 0.0389688 0.829977 0.03875 0.82723 0.037 0.825258 0.0362031 0.8273469999999999 0.0354688 0.8294130000000001 0.035625000000000004 0.8315960000000001 0.035843799999999995 0.834014 0.0380937 0.834883
50 0.0428281 0.825305 0.0409062 0.8265020000000001 0.040093699999999996 0.831667 0.040406199999999996 0.832723 0.0445313 0.832723 0.0440313 0.8265020000000001 0.0428281 0.825305
16 0.482266 0.813286 0.477484 0.819131 0.47584400000000004 0.821596 0.473594 0.8258690000000001 0.473594 0.8272069999999999 0.501109 0.8402350000000001 0.510844 0.8431690000000001 0.5130779999999999 0.8422769999999999 0.514578 0.834624 0.516813 0.8247420000000001 0.49812500000000004 0.816643 0.482266 0.813286
16 0.534969 0.847066 0.535297 0.840728 0.536078 0.8397180000000001 0.529859 0.8387319999999999 0.529297 0.8413849999999999 0.529641 0.839883 0.529641 0.846573 0.534969 0.847066