60 0.428122 0.8283910000000001 0.414554 0.8114839999999999 0.23446 0.743078 0.214695 0.733313 0.202277 0.733688 0.19211299999999998 0.741578 0.2 0.755859 0.30446 0.797578 0.38521099999999997 0.8205 0.526362 0.87575 0.767441 0.964063 0.7996239999999999 0.959562 0.806972 0.946406 0.79115 0.940016 0.804155 0.9452809999999999 0.638709 0.887406 0.6031459999999998 0.875375 0.536526 0.853203 0.520704 0.8573280000000001 0.466502 0.841547 0.428122 0.8283910000000001
2 0.416291 0.593281 0.507817 0.556547 0.49570400000000003 0.4535 0.476854 0.387188 0.413592 0.40510900000000005 0.367817 0.40510900000000005 0.35436599999999996 0.414969 0.348967 0.414969 0.362441 0.5637190000000001 0.416291 0.593281
2 0.809202 0.493328 0.806291 0.49718799999999996 0.817911 0.502344 0.819836 0.530672 0.819836 0.549984 0.812089 0.5545 0.802418 0.5570630000000001 0.809202 0.562859 0.823709 0.567375 0.835329 0.579609 0.862394 0.577672 0.8778870000000001 0.563516 0.8865959999999999 0.564797 0.8914319999999999 0.561578 0.872066 0.553203 0.8730519999999999 0.544828 0.872066 0.507484 0.8769009999999999 0.501687 0.866268 0.49846899999999994 0.861432 0.502984 0.849836 0.505563 0.836291 0.502344 0.816948 0.49654699999999996 0.809202 0.493328
2 0.584836 0.41237500000000005 0.5855159999999999 0.41515599999999997 0.589695 0.423937 0.595939 0.43596899999999994 0.600822 0.424406 0.599413 0.416078 0.598028 0.40774999999999995 0.600117 0.402203 0.603592 0.394328 0.603592 0.389703 0.600822 0.388313 0.592465 0.388313 0.596643 0.391094 0.596643 0.392937 0.595939 0.394328 0.58831 0.41006200000000004 0.584836 0.41237500000000005
50 0.42223 0.8241720000000001 0.458545 0.8418910000000001 0.502113 0.856391 0.548099 0.8580159999999999 0.560188 0.833844 0.550516 0.783891 0.546502 0.745016 0.5303289999999999 0.699453 0.502958 0.6729529999999999 0.517887 0.574391 0.521127 0.549906 0.56115 0.544187 0.59831 0.511844 0.609742 0.489016 0.5925819999999999 0.466188 0.538263 0.420516 0.483967 0.391969 0.441995 0.383141 0.43316899999999997 0.37728100000000003 0.441995 0.35282800000000003 0.434648 0.327391 0.42434299999999997 0.30489099999999997 0.405258 0.295109 0.36997699999999994 0.292172 0.343521 0.30489099999999997 0.327371 0.319563 0.327371 0.34500000000000003 0.331761 0.369453 0.35234699999999997 0.380219 0.32147899999999996 0.395859 0.284742 0.41248399999999996 0.252418 0.45160900000000004 0.250939 0.49171899999999996 0.277394 0.558234 0.317347 0.6056250000000001 0.337371 0.603516 0.353169 0.648406 0.378451 0.695391 0.41532899999999995 0.737469 0.439577 0.768328 0.433239 0.7760309999999999 0.443803 0.802125 0.44885 0.801609 0.42464799999999997 0.8048439999999999 0.42223 0.8241720000000001
50 0.48037599999999997 0.389797 0.483967 0.3915 0.506502 0.40410899999999994 0.54284 0.419109 0.573052 0.445016 0.595587 0.467156 0.6053050000000001 0.489313 0.6063379999999999 0.48556299999999997 0.596596 0.444672 0.596596 0.440578 0.5940380000000001 0.434438 0.586878 0.422516 0.577653 0.408547 0.562817 0.394578 0.551033 0.389453 0.548991 0.384016 0.546948 0.376844 0.542347 0.367984 0.536714 0.36628099999999997 0.537207 0.3605 0.536714 0.353344 0.535164 0.345844 0.53108 0.329484 0.523404 0.324031 0.509577 0.320625 0.494718 0.318234 0.47885000000000005 0.321641 0.467582 0.328125 0.45375600000000005 0.349922 0.45939 0.354016 0.46093900000000004 0.362531 0.468615 0.37276600000000004 0.472183 0.377875 0.482958 0.386734 0.48037599999999997 0.389797
50 0.8362679999999999 0.6417029999999999 0.861878 0.680047 0.852277 0.709891 0.9019010000000001 0.717344 0.892277 0.6885779999999999 0.8778870000000001 0.63425 0.8890849999999999 0.574578 0.9115019999999999 0.552203 0.898685 0.506391 0.86507 0.488281 0.8666670000000001 0.468047 0.8474649999999999 0.449937 0.810657 0.4755 0.8138500000000001 0.493609 0.8026530000000001 0.49042199999999997 0.772254 0.522375 0.764249 0.538359 0.785047 0.5490160000000001 0.8010560000000001 0.541547 0.797864 0.575641 0.79946 0.668328 0.79946 0.684312 0.797864 0.7035 0.826667 0.70775 0.8410799999999999 0.698172 0.83946 0.684312 0.8346709999999999 0.643828 0.8362679999999999 0.6417029999999999
50 0.803662 0.447687 0.8062440000000001 0.428266 0.795094 0.42312500000000003 0.803662 0.400297 0.788216 0.400297 0.7762209999999999 0.41 0.747042 0.42884399999999995 0.766784 0.44082800000000005 0.769343 0.459094 0.77108 0.48421900000000007 0.78223 0.481938 0.796808 0.467094 0.803662 0.447687
50 0.793779 0.40120300000000003 0.7929339999999999 0.39025 0.794624 0.391937 0.7971600000000001 0.399797 0.804343 0.40120300000000003 0.80392 0.39782799999999996 0.800962 0.384625 0.8030750000000001 0.380703 0.8034979999999999 0.37507799999999997 0.8034979999999999 0.357391 0.800962 0.349234 0.793357 0.345578 0.789554 0.350641 0.791667 0.356266 0.788286 0.362719 0.788286 0.374234 0.783662 0.385469 0.783662 0.394188 0.784085 0.400922 0.793779 0.40120300000000003
50 0.6685209999999999 0.346422 0.67338 0.344484 0.672418 0.335422 0.667559 0.32831299999999997 0.659789 0.33025000000000004 0.6539440000000001 0.33931300000000003 0.64716 0.33865599999999996 0.6364550000000001 0.345125 0.6199530000000001 0.352234 0.610235 0.358703 0.610235 0.36259399999999997 0.614108 0.361937 0.6238259999999999 0.359359 0.6364550000000001 0.35029699999999997 0.634507 0.361937 0.6325820000000001 0.38004699999999997 0.635493 0.41045299999999996 0.6423 0.41045299999999996 0.640352 0.40462499999999996 0.646174 0.381344 0.648122 0.41174999999999995 0.659789 0.413031 0.659789 0.407219 0.660751 0.367766 0.663662 0.36259399999999997 0.667559 0.377469 0.676291 0.377469 0.671432 0.369062 0.671432 0.345766 0.6685209999999999 0.346422
50 0.700399 0.357078 0.7070660000000001 0.35929700000000003 0.705728 0.367719 0.703052 0.37215600000000004 0.7017369999999999 0.37748400000000004 0.7137319999999999 0.381047 0.71507 0.377937 0.71439 0.367281 0.7243900000000001 0.367719 0.7210559999999999 0.373937 0.7237319999999999 0.383266 0.729742 0.383266 0.731737 0.368172 0.7390610000000001 0.357953 0.7403989999999999 0.353078 0.729742 0.337984 0.7290610000000001 0.33399999999999996 0.72507 0.333109 0.719061 0.331781 0.7170660000000001 0.335766 0.7170660000000001 0.341094 0.71507 0.348641 0.701056 0.353516 0.700399 0.357078
50 0.673944 0.333359 0.6796240000000001 0.337688 0.6812440000000001 0.344719 0.6836850000000001 0.354453 0.684507 0.36579700000000004 0.6869479999999999 0.373359 0.6877460000000001 0.378234 0.69669 0.380938 0.701549 0.375531 0.701549 0.36579700000000004 0.700751 0.360938 0.700751 0.35120300000000004 0.700751 0.34525 0.701549 0.339844 0.704812 0.334984 0.70561 0.32903099999999996 0.700751 0.324172 0.6958690000000001 0.320391 0.693427 0.31660900000000003 0.6877460000000001 0.319312 0.6861269999999999 0.323625 0.684507 0.32525 0.685305 0.326328 0.677183 0.330125 0.673944 0.333359
50 0.59554 0.43403099999999994 0.6133799999999999 0.49481200000000003 0.6222770000000001 0.49035900000000004 0.6155870000000001 0.419203 0.633427 0.43550000000000005 0.649014 0.438469 0.6512439999999999 0.432547 0.6178170000000001 0.392516 0.620047 0.37768799999999997 0.60223 0.373234 0.59554 0.392516 0.5688259999999999 0.399922 0.59554 0.43403099999999994
50 0.6373710000000001 0.343594 0.638052 0.339438 0.631127 0.327437 0.615869 0.324203 0.60615 0.315891 0.596455 0.319594 0.6033800000000001 0.332063 0.599225 0.33575 0.586033 0.344062 0.586033 0.355141 0.594366 0.356984 0.597136 0.352828 0.601995 0.349141 0.604765 0.355594 0.60892 0.361141 0.609624 0.358375 0.6373710000000001 0.343594
50 0.567793 0.305391 0.573568 0.314766 0.579977 0.314766 0.5761270000000001 0.29215599999999997 0.565869 0.288313 0.570352 0.28234400000000004 0.567793 0.27764099999999997 0.560117 0.276797 0.553685 0.28532799999999997 0.540235 0.29129700000000003 0.529343 0.30196900000000004 0.537019 0.311781 0.535751 0.336531 0.540235 0.348484 0.565869 0.348062 0.564601 0.348062 0.56331 0.32031200000000004 0.567793 0.305391
50 0.853826 0.39304700000000004 0.859906 0.397641 0.8680279999999999 0.397094 0.8663850000000001 0.393594 0.864765 0.388453 0.8639669999999999 0.381156 0.869225 0.378188 0.868826 0.369281 0.863146 0.361172 0.8607039999999999 0.354703 0.850563 0.354703 0.849765 0.35956299999999997 0.853005 0.362797 0.8493660000000001 0.36360899999999996 0.852207 0.367937 0.845305 0.36657799999999996 0.841643 0.368734 0.850986 0.37251599999999996 0.846526 0.374688 0.859507 0.39249999999999996 0.853826 0.39304700000000004
2 0.560446 0.31704699999999997 0.563169 0.310703 0.560446 0.303906 0.5658920000000001 0.294859 0.568615 0.291687 0.562488 0.290781 0.5611269999999999 0.293047 0.552277 0.293047 0.550258 0.291234 0.547535 0.288516 0.54277 0.294406 0.540047 0.306172 0.5380050000000001 0.313422 0.555 0.316594 0.560446 0.31704699999999997
50 0.530704 0.31595300000000004 0.5341549999999999 0.319 0.537582 0.318625 0.534718 0.311375 0.530704 0.30298400000000003 0.543897 0.291922 0.558216 0.278953 0.554202 0.276281 0.553638 0.27246899999999996 0.545047 0.27246899999999996 0.537582 0.27323400000000003 0.537019 0.271703 0.530141 0.270937 0.521549 0.27856200000000003 0.518099 0.291922 0.5186850000000001 0.306797 0.510094 0.320141 0.516385 0.323203 0.5295770000000001 0.31595300000000004 0.530704 0.31595300000000004
2 0.871455 0.37324999999999997 0.870751 0.371859 0.8686619999999999 0.367437 0.861667 0.364406 0.86061 0.367203 0.8620190000000001 0.374422 0.871455 0.37324999999999997
60 0.759671 0.665906 0.739085 0.669328 0.8678170000000001 0.749875 0.901268 0.741313 0.813756 0.707031 0.759671 0.665906
60 0.90385 0.719031 0.883263 0.715594 0.839484 0.691609 0.849789 0.707031 0.932183 0.749875 0.955352 0.746453 0.90385 0.719031
60 0.725305 0.823266 0.743967 0.814641 0.7424180000000001 0.8101559999999999 0.586385 0.743219 0.58223 0.744594 0.596221 0.752531 0.585869 0.758047 0.575493 0.758391 0.566174 0.755984 0.57507 0.75975 0.718052 0.824984 0.725305 0.823266
60 0.551948 0.766484 0.546878 0.765531 0.546878 0.774672 0.556995 0.785734 0.630023 0.812688 0.696526 0.83675 0.713897 0.8386720000000001 0.7218539999999999 0.8386720000000001 0.728333 0.833375 0.726901 0.830969 0.579413 0.762641 0.565681 0.756859 0.565681 0.763594 0.566408 0.769375 0.551948 0.766484
60 0.650587 0.41732800000000003 0.6627000000000001 0.419578 0.671925 0.417 0.674836 0.412797 0.673873 0.411188 0.669014 0.411188 0.665141 0.414734 0.663685 0.415703 0.659789 0.413766 0.655915 0.411828 0.650587 0.4124689999999999 0.647676 0.412797 0.645235 0.4124689999999999 0.644272 0.416031 0.650587 0.41732800000000003