50 0.33872 0.982018 0.35512 0.9258430000000001 0.30888 0.8988860000000001 0.3402 0.7775299999999999 0.38498000000000004 0.617982 0.32677999999999996 0.453946 0.27008 0.411235 0.26262 0.386506 0.28648 0.29213900000000004 0.27456 0.22247 0.25366 0.166295 0.22084 0.150572 0.19546 0.148313 0.15368 0.179789 0.13578 0.276416 0.15518 0.366295 0.15368 0.391024 0.11042 0.411235 0.03582 0.48313300000000003 0.00746 0.653946 0.00596 0.761807 0.01342 0.8202109999999999 0.01194 0.973042 0.33872 0.982018
50 0.31932 0.901114 0.34618 0.9258430000000001 0.3417 0.973042 0.68488 0.982018 0.68638 0.9662949999999999 0.69682 0.968554 0.7028 0.943825 0.7028 0.937078 0.69982 0.8764159999999999 0.6819 0.725843 0.6535599999999999 0.6224700000000001 0.57596 0.55506 0.57596 0.541566 0.58492 0.528102 0.57448 0.505633 0.59088 0.46518099999999996 0.59984 0.438193 0.59386 0.426958 0.5893999999999999 0.411235 0.59088 0.375271 0.59238 0.348313 0.5879 0.307861 0.55956 0.28539200000000003 0.48942 0.271898 0.4536 0.325843 0.44914 0.348313 0.4566 0.38427700000000004 0.4536 0.420211 0.4536 0.460663 0.47152 0.519096 0.44466 0.564036 0.39244 0.591024 0.36110000000000003 0.676416 0.31932 0.88988 0.31932 0.901114
50 0.69682 0.8647889999999999 0.70876 0.9501809999999999 0.74458 0.900753 0.84902 0.9749099999999999 0.99376 0.990633 0.99674 0.653554 0.99526 0.628825 0.91618 0.570422 0.90872 0.516476 0.8744 0.523223 0.86394 0.42210800000000004 0.8430599999999999 0.35244000000000003 0.80128 0.33445800000000003 0.74906 0.354669 0.7162200000000001 0.406355 0.73414 0.505241 0.76546 0.572651 0.75054 0.624337 0.73562 0.673795 0.69982 0.777139 0.69682 0.8647889999999999
29 0.44366 0.24587299999999998 0.44476 0.24587299999999998 0.44695999999999997 0.24752999999999997 0.4618 0.251687 0.46894 0.25415699999999997 0.4772 0.255 0.48434 0.250843 0.486 0.24506 0.48763999999999996 0.238434 0.48819999999999997 0.233464 0.49369999999999997 0.224337 0.49754000000000004 0.220211 0.5014 0.216054 0.497 0.204458 0.49369999999999997 0.197018 0.4915 0.193705 0.48874 0.191205 0.48324 0.187922 0.4739 0.186265 0.4629 0.18376499999999998 0.45133999999999996 0.18210800000000002 0.4299 0.18210800000000002 0.4233 0.192048 0.4189 0.20695799999999998 0.4244 0.223524 0.43376 0.231807 0.44366 0.24587299999999998
29 0.4865 0.18903599999999998 0.49666000000000005 0.186717 0.50604 0.17638600000000001 0.51036 0.166837 0.5129 0.158042 0.51138 0.141205 0.50224 0.125542 0.49056 0.115602 0.4743 0.112139 0.45958 0.112139 0.45222 0.115964 0.44814 0.12286100000000001 0.44383999999999996 0.131265 0.439 0.13891599999999998 0.43926 0.15346400000000002 0.43976 0.16186699999999998 0.44332 0.174488 0.44889999999999997 0.179066 0.44688 0.17638600000000001 0.4682 0.184428 0.4865 0.18903599999999998
29 0.31107999999999997 0.17506 0.31198000000000004 0.178705 0.32074 0.179608 0.34304 0.18006 0.35812 0.18006 0.36174 0.175964 0.36234 0.173253 0.36142 0.16009 0.35842 0.155994 0.34454 0.150542 0.33068000000000003 0.147831 0.3147 0.15373499999999998 0.31260000000000004 0.16144599999999998 0.31107999999999997 0.17506
29 0.11712 0.203223 0.1277 0.205663 0.14316 0.200783 0.14968 0.18238 0.15618 0.164006 0.15782 0.144398 0.14968 0.132139 0.13096000000000002 0.12478900000000001 0.11062000000000001 0.127229 0.08946 0.13581300000000002 0.08946 0.160331 0.10412 0.192199 0.11712 0.203223
29 0.53124 0.16996999999999998 0.54604 0.183675 0.5676599999999999 0.193946 0.57904 0.187108 0.57904 0.17509 0.57448 0.157952 0.5688 0.151114 0.56196 0.13569299999999998 0.554 0.120271 0.50962 0.127108 0.5130399999999999 0.140843 0.5221399999999999 0.164819 0.53124 0.16996999999999998
29 0.27868 0.40512000000000004 0.28324 0.418163 0.28552 0.427771 0.29828 0.425723 0.30512 0.424337 0.31832 0.425723 0.33154 0.429849 0.3443 0.442892 0.35296 0.44975899999999996 0.35342 0.414729 0.35388 0.40512000000000004 0.33564 0.390723 0.32698 0.38521099999999997 0.30784 0.378373 0.29646 0.383855 0.2878 0.395512 0.27868 0.40512000000000004
29 0.77636 0.211295 0.79098 0.195452 0.78046 0.179578 0.76116 0.175181 0.7553 0.17253000000000002 0.736 0.180482 0.7319 0.207771 0.74302 0.21394600000000003 0.77636 0.211295
29 0.96712 0.391627 0.97754 0.39238 0.98694 0.390904 0.99636 0.38494 1 0.375964 0.9993200000000001 0.37 0.98198 0.357319 0.9696 0.358072 0.96366 0.370753 0.95426 0.378946 0.96416 0.38792200000000004 0.96712 0.391627
29 0.9130199999999999 0.44753 0.9358 0.450512 0.9467000000000001 0.442289 0.95314 0.431867 0.95214 0.423645 0.94768 0.417681 0.9362999999999999 0.418434 0.92738 0.418434 0.91896 0.41918700000000003 0.9075599999999999 0.42066299999999995 0.90162 0.42515100000000006 0.8956799999999999 0.431867 0.89716 0.435572 0.89866 0.43930699999999995 0.9075599999999999 0.444548 0.9130199999999999 0.44753
29 0.73238 0.197982 0.72626 0.195994 0.71574 0.193343 0.7025800000000001 0.19864500000000002 0.69162 0.20719900000000002 0.68636 0.219096 0.68944 0.23228899999999997 0.6938200000000001 0.232952 0.70828 0.231627 0.7218600000000001 0.226355 0.7302000000000001 0.226355 0.73414 0.22502999999999998 0.7359 0.213163 0.73238 0.197982
29 0.6756 0.17484899999999998 0.68926 0.174337 0.70226 0.170934 0.71104 0.163584 0.7117 0.149367 0.70974 0.142048 0.69902 0.13713899999999998 0.68602 0.136657 0.6742999999999999 0.139578 0.6626000000000001 0.145452 0.6613 0.156717 0.6691 0.174337 0.6756 0.17484899999999998
29 0.85266 0.190783 0.8589199999999999 0.191687 0.8625 0.191687 0.86788 0.18761999999999998 0.87952 0.186295 0.8899600000000001 0.182681 0.8997999999999999 0.17954799999999999 0.9001 0.163825 0.89474 0.158886 0.88638 0.154367 0.8768400000000001 0.15349400000000002 0.8652000000000001 0.153042 0.85534 0.15617499999999998 0.8511799999999999 0.160211 0.8490800000000001 0.174608 0.8502799999999999 0.183584 0.85564 0.190783 0.85266 0.190783