28 0.9017189999999999 0.448495 0.921625 0.450495 0.9354060000000001 0.434351 0.9384690000000001 0.410103 0.9354060000000001 0.365649 0.918562 0.323237 0.891 0.29899000000000003 0.863453 0.28282500000000005 0.819047 0.26665999999999995 0.759344 0.21818600000000002 0.736375 0.193938 0.722594 0.18989699999999998 0.705766 0.129299 0.698109 0.125258 0.690453 0.16767 0.676672 0.173732 0.6720780000000001 0.121216 0.6720780000000001 0.179794 0.667484 0.191918 0.659828 0.222227 0.6368750000000001 0.252515 0.643 0.26868 0.6537029999999999 0.278784 0.665953 0.274742 0.678203 0.26665999999999995 0.702703 0.286866 0.7149530000000001 0.296969 0.710359 0.30909299999999995 0.710359 0.313134 0.7118909999999999 0.33536099999999996 0.713422 0.351505 0.6965779999999999 0.381814 0.6720780000000001 0.383835 0.6368750000000001 0.424247 0.629219 0.430309 0.646047 0.436371 0.655234 0.430309 0.665953 0.41414399999999996 0.684328 0.416165 0.690453 0.43233 0.701172 0.42222699999999996 0.704234 0.41414399999999996 0.734844 0.416165 0.748625 0.383835 0.809859 0.41414399999999996 0.831297 0.444454 0.8389530000000001 0.44647400000000004 0.854266 0.480804 0.822109 0.507072 0.8113910000000001 0.525258 0.825172 0.5373810000000001 0.8420159999999999 0.507072 0.8573280000000001 0.5050520000000001 0.8527340000000001 0.5171749999999999 0.8527340000000001 0.527278 0.8619220000000001 0.5171749999999999 0.877219 0.507072 0.8848750000000001 0.5050520000000001 0.8802809999999999 0.511113 0.9078440000000001 0.488887 0.9017189999999999 0.448495
18 0.44240599999999997 0.706825 0.41348399999999996 0.716165 0.392781 0.740392 0.376625 0.771814 0.344313 0.844186 0.587969 0.8427840000000001 0.654891 0.84466 0.700531 0.840165 0.695719 0.800247 0.7059219999999999 0.780041 0.718391 0.760577 0.708828 0.732742 0.698906 0.7099179999999999 0.6815 0.7013199999999999 0.669297 0.683732 0.634719 0.685979 0.633859 0.688969 0.632734 0.695711 0.609359 0.694206 0.504453 0.693835 0.504172 0.6803710000000001 0.45767199999999997 0.687835 0.448313 0.705794 0.44240599999999997 0.706825
18 0.0027343703125 0.707402 0.0175469 0.707402 0.032359399999999997 0.721052 0.038281300000000004 0.7445149999999999 0.0560469 0.750392 0.0678906 0.766 0.07975 0.8148449999999999 0.08565629999999999 0.818763 0.103438 0.8422270000000001 0.190797 0.8500409999999999 0.309266 0.840268 0.288531 0.810948 0.281141 0.769918 0.303344 0.769918 0.292969 0.73866 0.278172 0.7308250000000001 0.26781299999999997 0.734742 0.263359 0.775773 0.224859 0.687835 0.18931199999999998 0.637031 0.0012656296875 0.629216 0.0027343703125 0.707402
18 0.22139099999999998 0.673773 0.257141 0.7434430000000001 0.263953 0.7546799999999999 0.263953 0.752433 0.260547 0.727711 0.30142199999999997 0.7367009999999999 0.308234 0.747938 0.31504699999999997 0.779402 0.28609399999999996 0.7816489999999999 0.292906 0.808619 0.311641 0.835588 0.34229699999999996 0.83334 0.376359 0.77266 0.378063 0.752433 0.35762499999999997 0.682763 0.223094 0.669278 0.22139099999999998 0.673773
18 0.812562 0.746041 0.812562 0.709897 0.756172 0.705649 0.756172 0.709897 0.754563 0.733278 0.754563 0.748165 0.759391 0.7672990000000001 0.773078 0.77367 0.812562 0.746041
18 0.9012499999999999 0.821402 0.904109 0.844 0.932656 0.841485 0.926937 0.791732 0.936609 0.788557 0.9720470000000001 0.754536 0.9559370000000001 0.715216 0.852031 0.708825 0.8527340000000001 0.732268 0.843219 0.743567 0.8413280000000001 0.751093 0.8708129999999998 0.766165 0.887937 0.787505 0.9012499999999999 0.821402
50 0.701047 0.8477319999999999 0.793063 0.8491129999999999 0.784422 0.795072 0.773766 0.781361 0.760656 0.765856 0.756281 0.7608250000000001 0.754687 0.733938 0.756156 0.731979 0.7569060000000001 0.7251340000000001 0.755422 0.7114429999999999 0.752453 0.70068 0.742078 0.684062 0.722813 0.683072 0.7139059999999999 0.699711 0.716141 0.722206 0.716875 0.73101 0.717625 0.7378560000000001 0.7205779999999999 0.742742 0.723547 0.751546 0.723547 0.755464 0.699094 0.787732 0.698344 0.8209900000000001 0.702797 0.842515 0.701047 0.8477319999999999
50 0.785234 0.796598 0.787969 0.8110520000000001 0.793438 0.847175 0.828125 0.844784 0.8983909999999999 0.844784 0.903859 0.8315260000000001 0.8983909999999999 0.817072 0.888359 0.795402 0.868281 0.765299 0.8500310000000001 0.7556489999999999 0.850938 0.74 0.8536720000000001 0.7147220000000001 0.839984 0.6918350000000001 0.826297 0.6834020000000001 0.8135160000000001 0.6978559999999999 0.808953 0.721938 0.8135160000000001 0.750845 0.8034840000000001 0.7592779999999999 0.772453 0.779753 0.785234 0.796598
50 0.00496875 0.8432160000000001 0.052406299999999996 0.856124 0.0856719 0.8477319999999999 0.0851719 0.830309 0.0832187 0.8219179999999999 0.0758906 0.7986800000000001 0.0729531 0.7877109999999999 0.0719687 0.781258 0.0572969 0.748351 0.0406719 0.743835 0.031875 0.743835 0.027468700000000002 0.747052 0.0191562 0.756742 0.01475 0.765113 0.0132969 0.771567 0.00790625 0.7967420000000001 0.0035156296875 0.80901 0.0030156296874999998 0.826433 0.00253125 0.833526 0.00496875 0.8432160000000001
50 0.445547 0.844062 0.47667200000000004 0.841753 0.484031 0.8362269999999999 0.47667200000000004 0.8265359999999999 0.477734 0.822825 0.481234 0.812206 0.48332800000000004 0.8025150000000001 0.484719 0.792371 0.484031 0.781278 0.477734 0.7697529999999999 0.46757799999999994 0.765134 0.45778100000000005 0.7720619999999999 0.45323399999999997 0.778062 0.45148400000000005 0.794206 0.44868800000000003 0.7955880000000001 0.450437 0.805753 0.452891 0.807134 0.455344 0.823753 0.455344 0.827918 0.434344 0.841299 0.445547 0.844062
50 1 0.704103 0.9912810000000001 0.698969 0.983 0.69833 0.975703 0.700887 0.9703440000000001 0.712454 0.9683909999999999 0.723381 0.9669380000000001 0.734309 0.9679059999999999 0.744577 0.972781 0.756144 0.9752190000000001 0.759361 0.972781 0.7625770000000001 0.940156 0.783773 0.934797 0.8152579999999999 0.9343130000000001 0.8332369999999999 0.934797 0.845443 0.936266 0.846082 0.999547 0.844165 1 0.704103
18 0.44920299999999996 0.649485 0.432266 0.643402 0.400953 0.6386599999999999 0.365031 0.636619 0.338328 0.6386599999999999 0.311641 0.634598 0.304453 0.637979 0.299328 0.643402 0.296766 0.647464 0.269047 0.644082 0.264937 0.6637110000000002 0.264937 0.673196 0.348594 0.679979 0.359891 0.675237 0.352703 0.674557 0.400437 0.6725150000000001 0.422516 0.674557 0.44920299999999996 0.692845 0.452797 0.699608 0.459469 0.688103 0.467672 0.687423 0.44920299999999996 0.648825 0.44920299999999996 0.649485
50 0.0311875 0.6543089999999999 0.031375 0.6543089999999999 0.0315781 0.652041 0.0315781 0.648247 0.029656300000000003 0.642433 0.0081875 0.644701 0.0077968703125 0.647237 0.0077968703125 0.650515 0.0077968703125 0.654062 0.0311875 0.6543089999999999
50 0 0.842598 0.0050156296875 0.842103 0.006500000000000001 0.8391550000000001 0.008 0.823402 0.0091093703125 0.819464 0.0135937 0.800784 0.0162031 0.7850309999999999 0.0217969 0.7628870000000001 0.0348437 0.745649 0.0348437 0.743196 0.028875 0.7185980000000001 0.0232812 0.71367 0.0162031 0.705794 0.0094843703125 0.701361 0.0009062499999999999 0.701361 0 0.7023510000000001 0 0.842598
50 0.5583440000000001 0.840165 0.576609 0.828103 0.594344 0.828103 0.6104689999999999 0.83732 0.622281 0.845113 0.617453 0.824557 0.619594 0.790515 0.615297 0.77068 0.596484 0.7550720000000001 0.5809059999999999 0.760041 0.577688 0.7777529999999999 0.5819840000000001 0.808247 0.5653279999999999 0.8252780000000001 0.554047 0.842289 0.5583440000000001 0.840165