16 0.3855 0.5075999999999999 0.38739999999999997 0.5082129999999999 0.39039999999999997 0.509707 0.39230000000000004 0.51032 0.39482 0.5115999999999999 0.39624000000000004 0.512427 0.39686 0.511173 0.39702 0.509067 0.39733999999999997 0.5069600000000001 0.39956 0.5069600000000001 0.3997 0.506107 0.3997 0.5042129999999999 0.39733999999999997 0.5035999999999999 0.3975 0.50128 0.39892 0.498747 0.4005 0.49664 0.40112000000000003 0.494747 0.4024 0.494347 0.40618 0.49264 0.4065 0.490347 0.40602 0.487173 0.40554 0.48592 0.40412 0.48528 0.40002 0.48192 0.39608 0.48128 0.39339999999999997 0.481493 0.39056 0.481493 0.37933999999999996 0.48928 0.37745999999999996 0.49264 0.37807999999999997 0.50592 0.3855 0.5075999999999999
18 0.15338 0.5903200000000001 0.17528 0.59256 0.1972 0.574587 0.2073 0.5701069999999999 0.20224 0.5453870000000001 0.19213999999999998 0.51392 0.1736 0.51392 0.15506 0.525147 0.14831999999999998 0.547627 0.14662 0.558853 0.14662 0.5723469999999999 0.15338 0.5903200000000001
18 0.31122000000000005 0.511013 0.30983999999999995 0.5155730000000001 0.3103 0.52168 0.31304000000000004 0.529333 0.33204 0.527493 0.33204 0.521387 0.32518 0.50888 0.3222 0.504587 0.31168 0.5052 0.31122000000000005 0.511013
18 0.36738 0.51544 0.35798 0.517787 0.35828 0.5256270000000001 0.36386 0.524827 0.36474 0.531493 0.37004000000000004 0.536587 0.37356 0.5318930000000001 0.37414 0.526 0.38089999999999996 0.526 0.38414 0.53776 0.38883999999999996 0.536987 0.39208 0.5322669999999999 0.39177999999999996 0.519733 0.39412 0.5189600000000001 0.39412 0.506027 0.38502 0.506027 0.36886 0.506427 0.36738 0.51544
18 0.08994 0.575787 0.0925 0.589413 0.09696 0.61496 0.09984 0.61496 0.10304 0.602613 0.12252 0.59624 0.1238 0.600053 0.12762 0.61072 0.13242 0.60944 0.13624 0.58856 0.13816 0.581333 0.13242 0.566 0.11932 0.559627 0.10496 0.54088 0.0826 0.53704 0.08516 0.566427 0.08994 0.575787
18 0.03822 0.536613 0.02992 0.546853 0.01586 0.558773 0.01076 0.5792 0.01266 0.60688 0.01682 0.6124 0.02034 0.619227 0.0296 0.621787 0.03246 0.605173 0.04908 0.60688 0.06184 0.6056 0.05866 0.590693 0.06088 0.583467 0.07174 0.577493 0.0727 0.534507 0.0711 0.53408 0.03822 0.536613
18 0.36084 0.49597300000000005 0.35475999999999996 0.49394699999999997 0.34242 0.49319999999999997 0.33654 0.496987 0.33276 0.499013 0.3282 0.49951999999999996 0.32554 0.50408 0.32574000000000003 0.5078670000000001 0.33162 0.50888 0.33864 0.50912 0.3411 0.5073599999999999 0.3411 0.500773 0.34944 0.499253 0.35818 0.498507 0.35894 0.505093 0.35932 0.508373 0.36557999999999996 0.503573 0.36084 0.49597300000000005
18 0.42916000000000004 0.53944 0.43156 0.5362669999999999 0.43234 0.531467 0.43313999999999997 0.526667 0.43513999999999997 0.523493 0.43554000000000004 0.519227 0.43554000000000004 0.51656 0.43513999999999997 0.516027 0.43116000000000004 0.51232 0.42756 0.51232 0.42436 0.51232 0.42238 0.512853 0.41678 0.513387 0.41598 0.515493 0.4152 0.51976 0.4124 0.522427 0.412 0.525093 0.412 0.529333 0.412 0.5325329999999999 0.4144 0.539973 0.42836 0.53944 0.42916000000000004 0.53944
18 0.35638 0.5236270000000001 0.35916000000000003 0.512587 0.361 0.50888 0.36192 0.500293 0.361 0.49784 0.34256 0.503973 0.33796 0.5052 0.33796 0.5113599999999999 0.33704 0.5199469999999999 0.3398 0.529787 0.34072 0.527333 0.35454 0.527333 0.35638 0.5236270000000001
18 0.50746 0.5574399999999999 0.5252 0.5574399999999999 0.5249199999999999 0.54472 0.52996 0.52992 0.52916 0.521787 0.50826 0.522853 0.5011 0.535547 0.5011 0.555307 0.50746 0.5574399999999999
18 0.44424 0.502853 0.44424 0.5075999999999999 0.4664 0.508267 0.46892 0.504907 0.46556000000000003 0.503413 0.4627 0.50248 0.46312000000000003 0.49624 0.44962 0.49594699999999997 0.4492 0.49594699999999997 0.44906 0.501733 0.44424 0.502853
18 0.51058 0.516 0.52264 0.517413 0.5248999999999999 0.520427 0.52716 0.519253 0.52804 0.505067 0.52804 0.49946700000000005 0.5284 0.49597300000000005 0.52664 0.49506700000000003 0.5264800000000001 0.49178700000000003 0.52158 0.489013 0.50936 0.48970700000000006 0.50902 0.492507 0.50656 0.502027 0.50464 0.50368 0.5057 0.5113599999999999 0.50518 0.51648 0.50656 0.522053 0.5064 0.520907 0.51006 0.5213599999999999 0.51058 0.516
18 0.08434 0.5373870000000001 0.10588 0.541493 0.11742 0.559467 0.13398 0.5691999999999999 0.14628 0.568187 0.14514 0.552267 0.15168 0.53688 0.14244 0.520987 0.13398 0.51328 0.09587999999999999 0.510133 0.08588 0.518427 0.08434 0.5373870000000001
18 0.20844 0.51952 0.21766 0.543147 0.2221 0.552 0.22358 0.572667 0.2328 0.57464 0.24903999999999998 0.567253 0.25162 0.5500269999999999 0.25126 0.53232 0.24498 0.531813 0.23834 0.52 0.20696 0.518027 0.20844 0.51952
18 0.28128 0.5448000000000001 0.28128 0.558427 0.29738 0.559787 0.31322000000000005 0.558773 0.32036000000000003 0.55808 0.32318 0.549227 0.32266 0.535253 0.31601999999999997 0.522667 0.30760000000000004 0.51824 0.30376 0.518907 0.28256 0.524373 0.28102 0.52744 0.27976 0.53424 0.2795 0.538667 0.28128 0.5448000000000001