50 0.606422 0.358104 0.63175 0.34008299999999997 0.646953 0.34008299999999997 0.6537189999999999 0.34685400000000005 0.69425 0.355854 0.729734 0.360354 0.746625 0.362604 0.8006719999999999 0.362604 0.856422 0.369375 0.8716250000000001 0.398646 0.8716250000000001 0.432437 0.8716250000000001 0.450458 0.902031 0.463958 0.935812 0.479729 0.966219 0.4955 1 0.509 0.9966250000000001 0.19143800000000002 0.971281 0.189188 0.9510160000000001 0.200458 0.9070940000000001 0.19143800000000002 0.858109 0.189188 0.8158749999999999 0.19143800000000002 0.795609 0.195937 0.771953 0.186938 0.748313 0.180188 0.709453 0.18243700000000002 0.68075 0.184688 0.652031 0.195937 0.650344 0.209458 0.633453 0.21170799999999998 0.6131719999999999 0.209458 0.599656 0.218458 0.581078 0.218458 0.55575 0.218458 0.540547 0.222979 0.5287189999999999 0.23872900000000002 0.527031 0.259 0.516891 0.272521 0.505062 0.283792 0.496625 0.301792 0.496625 0.319812 0.498313 0.32883300000000004 0.501687 0.351354 0.5 0.360354 0.494937 0.369375 0.49325 0.387396 0.498313 0.389646 0.513516 0.376125 0.518578 0.378375 0.525344 0.389646 0.542234 0.387396 0.577703 0.36487499999999995 0.606422 0.358104
79 0.730484 1 0.7329060000000001 0.977854 0.747844 0.888563 0.771922 0.842938 0.783969 0.8249580000000001 0.816734 0.701604 0.820594 0.602021 0.832641 0.476104 0.8230000000000001 0.461333 0.7940940000000001 0.442688 0.748313 0.436917 0.728078 0.437563 0.692422 0.448479 0.678453 0.46260399999999996 0.670266 0.546125 0.661109 0.650854 0.6644840000000001 0.753 0.681828 0.828167 0.691937 0.846792 0.703031 0.857708 0.7092970000000001 0.9605 0.7039839999999999 1 0.730484 1
79 0.773328 0.438833 0.795641 0.441313 0.818562 0.457021 0.826 0.46033300000000005 0.8328279999999999 0.47850000000000004 0.8179529999999999 0.7008120000000001 0.8142340000000001 0.713208 0.830969 0.676021 0.846453 0.629729 0.8557499999999999 0.565271 0.861953 0.5206459999999999 0.8687659999999999 0.444625 0.870016 0.40083300000000005 0.858859 0.38595799999999997 0.842125 0.37685399999999997 0.820422 0.37025 0.796875 0.36612500000000003 0.760922 0.367771 0.746047 0.376042 0.741094 0.38677100000000003 0.7336560000000001 0.43635399999999996 0.744812 0.43635399999999996 0.773328 0.438833
32 0.49910899999999997 0.398729 0.49089099999999997 0.414854 0.482656 0.4155 0.476859 0.41808300000000004 0.46475 0.430354 0.461844 0.464542 0.466203 0.467125 0.469109 0.440021 0.468719 0.467729 0.47175 0.467729 0.47389099999999995 0.44085399999999997 0.475312 0.43918799999999997 0.47389099999999995 0.46820799999999996 0.477109 0.468667 0.478703 0.439896 0.481203 0.43918799999999997 0.479063 0.466292 0.480844 0.468667 0.481203 0.44964600000000005 0.48262499999999997 0.441562 0.48959400000000003 0.42870800000000003 0.49315600000000004 0.422292 0.50725 0.403979 0.512063 0.396604 0.5193749999999999 0.38139599999999996 0.518969 0.378708 0.515094 0.37420800000000004 0.49910899999999997 0.398729
14 0.44157799999999997 0.84875 0.476969 0.9318960000000001 0.5157339999999999 0.9678540000000001 0.5730310000000001 0.981333 0.626969 0.938646 0.680906 0.85775 0.674156 0.774604 0.596625 0.709417 0.525844 0.707187 0.455063 0.7363959999999999 0.42809400000000003 0.801562 0.44157799999999997 0.84875
41 0.362484 0.512479 0.305391 0.512479 0.24245299999999997 0.523208 0.238063 0.524188 0.23512499999999997 0.524188 0.264406 0.567125 0.388109 0.512479 0.362484 0.512479
41 0.191219 0.532 0.186812 0.532958 0.124609 0.530042 0.0623906 0.530042 0.00382813 0.546625 0.0045625 0.5495630000000001 0 0.603229 0.0331094 0.602271 0.11801599999999998 0.572 0.128266 0.575917 0.144359 0.580792 0.156078 0.580792 0.163391 0.594458 0.171453 0.595437 0.23585899999999999 0.572979 0.205125 0.5339380000000001 0.191219 0.532
14 0.403469 0.42691700000000005 0.400563 0.433375 0.4025 0.435958 0.400078 0.44566700000000004 0.400563 0.45472900000000005 0.422391 0.5142289999999999 0.42965600000000004 0.522646 0.43645300000000004 0.52975 0.44567199999999996 0.535583 0.45634399999999997 0.538813 0.46895300000000006 0.542042 0.483016 0.54075 0.495641 0.538167 0.50825 0.533625 0.5101880000000001 0.533625 0.507281 0.51875 0.5048440000000001 0.496771 0.495156 0.48641700000000004 0.484969 0.470896 0.48059399999999997 0.45472900000000005 0.48156299999999996 0.4405 0.484969 0.433375 0.49078099999999997 0.426271 0.497578 0.419792 0.5077659999999999 0.412687 0.518922 0.406208 0.507281 0.404271 0.493203 0.405562 0.486906 0.40297900000000003 0.47429699999999997 0.400396 0.45876599999999995 0.404271 0.45196899999999995 0.405562 0.438875 0.406854 0.42529700000000004 0.41204199999999996 0.414141 0.420438 0.414141 0.42108300000000004 0.413844 0.42116699999999996 0.407344 0.422375 0.403469 0.42691700000000005
14 0.602031 0.6200209999999999 0.6092660000000001 0.611563 0.6337189999999999 0.5910620000000001 0.6690159999999999 0.572958 0.673547 0.5162289999999999 0.678969 0.469146 0.6816880000000001 0.454667 0.7350939999999999 0.438979 0.738719 0.411208 0.7314689999999999 0.405188 0.676266 0.390708 0.605656 0.38829199999999997 0.512422 0.406396 0.48978099999999997 0.429312 0.478922 0.451042 0.4925 0.48362499999999997 0.506984 0.500542 0.506078 0.537937 0.542281 0.5958749999999999 0.554953 0.6127710000000001 0.602031 0.623646 0.602031 0.6200209999999999
14 0.370328 0.45789599999999997 0.393672 0.425271 0.397016 0.38079199999999996 0.405906 0.348187 0.410359 0.3215 0.369219 0.294812 0.29915600000000003 0.28443799999999997 0.229109 0.281458 0.157953 0.30222899999999997 0.12125 0.311125 0.0812187 0.343729 0.0856719 0.38229199999999997 0.09901560000000001 0.39710399999999996 0.12681199999999998 0.478646 0.174625 0.503854 0.150156 0.453437 0.12014100000000001 0.398583 0.129031 0.379312 0.14904699999999999 0.38079199999999996 0.160172 0.388208 0.207984 0.449 0.22799999999999998 0.496437 0.241344 0.523125 0.31139100000000003 0.517208 0.370328 0.45789599999999997
14 0.664422 0.722812 0.66275 0.637792 0.671141 0.570688 0.659391 0.570688 0.632547 0.588583 0.599 0.622146 0.585578 0.673604 0.604031 0.702667 0.667781 0.77875 0.671141 0.754125 0.664422 0.722812
14 0.864094 0.816771 0.9211410000000001 0.765313 0.909391 0.655688 0.8875779999999999 0.6176669999999999 0.8607340000000001 0.599771 0.840609 0.602 0.823828 0.702667 0.8104060000000001 0.745188 0.795297 0.794396 0.775172 0.825729 0.778531 0.857042 0.864094 0.816771
17 0.286141 0.6543119999999999 0.235031 0.576958 0.15001599999999998 0.6098960000000001 0.12073400000000001 0.652021 0.171844 0.721708 0.222391 0.773771 0.231 0.7837289999999999 0.287297 0.750812 0.26375000000000004 0.726292 0.267766 0.710979 0.27925 0.692604 0.283266 0.6880000000000001 0.289016 0.682646 0.286141 0.6543119999999999
52 0.102813 0.32360399999999995 0.133141 0.316854 0.143266 0.301125 0.131453 0.269667 0.158422 0.238208 0.151688 0.231458 0.141578 0.22695800000000002 0.133141 0.22695800000000002 0.143266 0.177521 0.13820300000000002 0.177521 0.123031 0.186521 0.112922 0.175271 0.106187 0.166292 0.0910156 0.155063 0.0893281 0.152812 0.0775312 0.15731299999999998 0.0724687 0.16179200000000002 0.06909370000000001 0.15731299999999998 0.0438125 0.15954200000000002 0.025281199999999997 0.175271 0.0337031 0.20675 0.0370781 0.22022899999999998 0.0370781 0.22247899999999998 0.0337031 0.24045799999999998 0.0320156 0.256188 0.0320156 0.262917 0.0337031 0.271917 0.0387656 0.274167 0.048875 0.28089600000000003 0.055625 0.283146 0.0606719 0.292125 0.0572969 0.289896 0.0674219 0.32135400000000003 0.102813 0.32360399999999995
27 1 0.496625 0.870984 0.44777100000000003 0.8728440000000001 0.40387500000000004 0.8517189999999999 0.374042 0.800781 0.363292 0.767859 0.36577099999999996 0.748609 0.37985399999999997 0.718172 0.358313 0.6268589999999999 0.340917 0.598906 0.353333 0.529953 0.383979 0.5137970000000001 0.37985399999999997 0.505109 0.398896 0.49268799999999996 0.376542 0.502625 0.35002099999999997 0.502625 0.310271 0.303219 0.268042 0.256641 0.257271 0.25042200000000003 0.182729 0.189547 0.162854 0.153516 0.176104 0.152281 0.147104 0.13239099999999998 0.145458 0.11439099999999999 0.156229 0.11439099999999999 0.17693799999999998 0.0827031 0.15372899999999998 0.0628281 0.15208300000000002 0.0355 0.16781300000000002 0.0311406 0.191 0.0168594 0.200125 0.013125000000000001 0.226625 0.023078099999999997 0.261417 0 0.27052099999999996 0 0.9866670000000001 0.0013281203125 1 1 0.998542 0.9983280000000001 0.861875 1 0.6954170000000001 1 0.496625
17 0.331484 0.652958 0.348875 0.6628120000000001 0.376703 0.661667 0.401047 0.653542 0.423656 0.652958 0.43973399999999996 0.652958 0.439297 0.632104 0.434516 0.609479 0.428875 0.5886250000000001 0.421047 0.575875 0.411906 0.567167 0.403219 0.566583 0.382344 0.546875 0.372781 0.5381870000000001 0.361484 0.528917 0.351047 0.532396 0.348875 0.542833 0.335828 0.541083 0.316266 0.5486249999999999 0.308438 0.5486249999999999 0.302359 0.5538329999999999 0.29409399999999997 0.556729 0.28975 0.560792 0.27975 0.572979 0.272797 0.578771 0.308875 0.633833 0.331484 0.652958
17 0 0.411875 0.038203100000000004 0.40941700000000003 0.0400469 0.400812 0.0944219 0.379937 0.0750625 0.355354 0.08981249999999999 0.335708 0.10731299999999999 0.322188 0.0824375 0.313583 0.042812499999999996 0.314813 0.014249999999999999 0.327104 0 0.36272899999999997 0 0.411875
17 0.530859 0.747188 0.5261720000000001 0.7409370000000001 0.519937 0.7409370000000001 0.504328 0.749271 0.494187 0.757583 0.485609 0.7721669999999999 0.479359 0.794 0.470781 0.780479 0.45829700000000007 0.795042 0.462969 0.821063 0.473125 0.8584999999999999 0.512906 0.894917 0.579234 0.90325 0.612 0.891792 0.63775 0.8803540000000001 0.648672 0.833542 0.6447809999999999 0.810646 0.629172 0.792958 0.572219 0.7836040000000001 0.546469 0.771125 0.528516 0.748229 0.530859 0.747188
76 0.5 0.303396 0.550781 0.220062 0.832031 0.19402100000000003 0.845703 0.0117292 0.24609399999999998 0.0117292 0.255859 0.27475 0.5 0.303396