14 0.705 0.127609 0.7182499999999999 0.146656 0.745854 0.163219 0.8065829999999999 0.19220299999999998 0.8231459999999999 0.193031 0.8529789999999999 0.178125 0.883896 0.193859 0.9115 0.19634400000000002 0.9424170000000001 0.194687 0.961187 0.204625 0.9855 0.20545300000000002 0.995437 0.20545300000000002 0.9998539999999999 0.137547 0.9424170000000001 0.126781 0.907083 0.12346900000000001 0.733708 0.117672 0.705 0.127609
29 0.6407919999999999 0.308531 0.649896 0.31237499999999996 0.6709379999999999 0.313234 0.685729 0.316219 0.691417 0.31237499999999996 0.697688 0.299578 0.697688 0.291031 0.704521 0.283359 0.697125 0.277391 0.688583 0.26970299999999997 0.672083 0.26884399999999997 0.653875 0.271406 0.640208 0.279094 0.633396 0.293172 0.640208 0.306406 0.6407919999999999 0.308531
29 0.6599579999999999 0.234203 0.6642290000000001 0.244484 0.668521 0.25925 0.690792 0.25925 0.721625 0.25218799999999997 0.725917 0.22906300000000002 0.7165 0.211063 0.695937 0.21042200000000003 0.663375 0.225844 0.6599579999999999 0.234203
29 0.766854 0.263406 0.7785829999999999 0.263406 0.786417 0.24775 0.795542 0.23307799999999998 0.7903129999999999 0.224281 0.7577079999999999 0.215469 0.7407710000000001 0.223297 0.7225 0.23209399999999997 0.7225 0.23992200000000002 0.725104 0.245797 0.7329380000000001 0.260469 0.743375 0.267313 0.7577079999999999 0.266344 0.766854 0.263406
29 0.8616670000000001 0.228125 0.851104 0.220594 0.845437 0.21962500000000001 0.834375 0.21673399999999998 0.8263750000000001 0.217891 0.817375 0.218266 0.808875 0.222328 0.7931670000000001 0.23875000000000002 0.792917 0.248406 0.797792 0.254203 0.8068120000000001 0.262891 0.8127289999999999 0.263859 0.8245830000000001 0.263656 0.846479 0.26307800000000003 0.8596039999999999 0.261734 0.865792 0.249562 0.865271 0.232172 0.8616670000000001 0.228125
29 0.867313 0.230391 0.866521 0.242266 0.867313 0.254734 0.8744379999999999 0.262453 0.8886869999999999 0.264828 0.9179790000000001 0.266016 0.930646 0.252953 0.932229 0.236328 0.910062 0.22206199999999998 0.883146 0.2185 0.868104 0.23276599999999997 0.867313 0.230391
29 0.8579380000000001 0.325531 0.870604 0.316031 0.895146 0.294063 0.906229 0.282781 0.8888130000000001 0.273875 0.869021 0.27506200000000003 0.844479 0.285156 0.8460629999999999 0.297625 0.845271 0.318406 0.856354 0.324344 0.8579380000000001 0.325531
29 0.8431879999999999 0.282938 0.836958 0.275047 0.822125 0.270937 0.803771 0.27123400000000003 0.791667 0.27270300000000003 0.774896 0.284109 0.7709790000000001 0.297281 0.773729 0.310469 0.788167 0.319531 0.8068960000000001 0.321297 0.824458 0.321297 0.846313 0.317781 0.847875 0.306656 0.845938 0.288797 0.8431879999999999 0.282938
29 0.707271 0.315563 0.7158329999999999 0.318766 0.746688 0.318766 0.762104 0.318125 0.771521 0.307844 0.771521 0.288578 0.771521 0.277656 0.76125 0.271875 0.74325 0.268016 0.724396 0.269953 0.709854 0.277656 0.701271 0.288578 0.6995629999999999 0.303359 0.707271 0.315563
29 0.5771040000000001 0.346734 0.5850620000000001 0.347594 0.6015619999999999 0.35185900000000003 0.616375 0.354422 0.643667 0.35356299999999996 0.652771 0.34843799999999997 0.6550619999999999 0.340328 0.652208 0.332219 0.632875 0.32923399999999997 0.612375 0.327953 0.586771 0.33137500000000003 0.581083 0.33564099999999997 0.575958 0.34587500000000004 0.5771040000000001 0.346734
29 0.616208 0.328813 0.65125 0.331359 0.657458 0.339844 0.668771 0.336453 0.67725 0.336031 0.682333 0.330937 0.683458 0.318219 0.672167 0.313141 0.644458 0.311016 0.626375 0.310594 0.612812 0.320766 0.616208 0.328813
29 0.5390619999999999 0.576 0.570562 0.573719 0.591896 0.568391 0.6020629999999999 0.561531 0.609167 0.5546719999999999 0.616292 0.550859 0.616292 0.547047 0.6193329999999999 0.544 0.615271 0.5363749999999999 0.610187 0.531797 0.5969789999999999 0.524937 0.576667 0.518078 0.557354 0.516563 0.548208 0.517328 0.523813 0.517328 0.5126459999999999 0.522656 0.5045 0.528 0.497396 0.534859 0.495354 0.5363749999999999 0.492312 0.543234 0.49637499999999996 0.552375 0.49129199999999995 0.550859 0.5035000000000001 0.571438 0.5390619999999999 0.576
29 0.686833 0.33764099999999997 0.711146 0.34187500000000004 0.724146 0.34653100000000003 0.73375 0.34653100000000003 0.742792 0.345688 0.752396 0.34229699999999996 0.755792 0.33425 0.7512709999999999 0.322797 0.742792 0.32025000000000003 0.716792 0.317297 0.6925 0.318984 0.682896 0.332125 0.686833 0.33764099999999997
29 0.43566699999999997 0.597422 0.426708 0.605656 0.426708 0.620922 0.4385 0.630391 0.48164599999999996 0.643219 0.517875 0.643219 0.542708 0.635578 0.553687 0.627344 0.560604 0.617563 0.563458 0.603219 0.550833 0.590406 0.526417 0.579109 0.49466699999999997 0.5766560000000001 0.465375 0.5785 0.43931200000000004 0.590094 0.43566699999999997 0.597422
50 0.743063 0.0674219 0.752062 0.0516875 0.788021 0.0494375 0.8119789999999999 0.0516875 0.8059999999999999 0.116859 0.823979 0.12359400000000001 0.868917 0.105625 0.871917 0.0696563 0.850938 0.0516875 0.803 0.0382031 0.782021 0.013484400000000002 0.803 0.013484400000000002 0.8119789999999999 0.0045 0.719104 0.0045 0.707125 0.114609 0.770042 0.114609 0.743063 0.0674219
50 0.5363330000000001 0.0224688 0.524354 0.0359531 0.494375 0.0494375 0.521354 0.0606719 0.533333 0.12134399999999998 0.60825 0.141578 0.60825 0.20673400000000003 0.638208 0.2045 0.641208 0.00225 0.5363330000000001 0.00225 0.533333 0.013484400000000002 0.5363330000000001 0.0224688