22 0.162626 0.959141 0.18973700000000002 0.956984 0.192757 0.896781 0.334289 0.931188 0.325274 0.9870939999999999 0.38851199999999997 0.9870939999999999 0.38851199999999997 0.9204380000000001 0.46078800000000003 0.8731249999999999 0.457768 0.922578 0.508972 0.922578 0.493917 0.748391 0.508972 0.756984 0.530066 0.7268749999999999 0.508972 0.7096720000000001 0.379475 0.692469 0.355383 0.47742199999999996 0.30116000000000004 0.470969 0.295142 0.5010779999999999 0.141554 0.492469 0.150591 0.481719 0.153589 0.449469 0.09938729978118162 0.449469 0.132516 0.660219 0.138534 0.7957029999999999 0.147571 0.950531 0.162626 0.959141
22 0.783764 0.421547 0.589344 0.410703 0.574158 0.473609 0.586302 0.480109 0.607571 0.48228100000000007 0.7047699999999999 0.506141 0.765536 0.514828 0.783764 0.421547
22 0.741225 0.742594 0.753392 0.770781 0.759453 0.759938 0.753392 0.640641 0.656171 0.684016 0.650088 0.707875 0.662254 0.812 0.695667 0.759938 0.741225 0.742594
22 0.540722 0.742594 0.577177 0.74475 0.571116 0.701375 0.51035 0.697031 0.51035 0.775125 0.540722 0.742594
27 0.5851640000000001 0.982625 0.677199 0.982625 0.654201 0.689203 0.844858 0.604688 0.835011 0.8089220000000001 0.838293 0.827703 0.874442 0.8300470000000001 0.881028 0.8300470000000001 0.904048 0.531922 0.6574840000000001 0.49435900000000005 0.387921 0.477938 0.351751 0.506109 0.364902 0.609391 0.37477 0.677469 0.581882 0.698594 0.5851640000000001 0.982625
53 0.056389498905908095 0.566312 0.11593 0.552891 0.103392 0.463406 0.11593 0.454453 0.144114 0.458938 0.15665199999999999 0.492484 0.253764 0.496969 0.250635 0.411953 0.238096 0.403 0.344617 0.38510900000000003 0.34148799999999996 0.29562499999999997 0.30389499999999997 0.293391 0.30076600000000003 0.232984 0.216171 0.232984 0.075186 0.23075 0.037593 0.226266 0.056389498905908095 0.566312
14 0.449825 0.5467500000000001 0.445974 0.544906 0.428884 0.5385 0.39468299999999995 0.535453 0.371597 0.5385 0.355777 0.54125 0.355777 0.566578 0.368184 0.572391 0.391269 0.574219 0.417768 0.5720780000000001 0.434442 0.566281 0.44256 0.556516 0.450678 0.549484 0.449825 0.5467500000000001
14 0.5958209999999999 0.5011720000000001 0.5958209999999999 0.514656 0.620985 0.519156 0.655602 0.514656 0.668206 0.498937 0.627287 0.49218799999999996 0.5958209999999999 0.49668799999999996 0.5958209999999999 0.5011720000000001
48 0.9422320000000001 0.698156 1 0.707406 0.998862 0.40704700000000005 0.9616629999999999 0.435937 0.9422320000000001 0.698156
58 0.42881800000000003 0.404 0.447681 0.403313 0.5892999999999999 0.409281 0.594092 0.408094 0.5950329999999999 0.39546899999999996 0.592648 0.395125 0.5921660000000001 0.39290600000000003 0.515033 0.389672 0.43102799999999997 0.40268800000000005 0.42881800000000003 0.404
58 0.627352 0.404953 0.624201 0.413391 0.703676 0.41759399999999997 0.7331730000000001 0.404672 0.7339610000000001 0.399062 0.6360180000000001 0.392594 0.627352 0.404953
79 0.5053829999999999 0.530719 0.5061709999999999 0.563906 0.496565 0.5673440000000001 0.493348 0.5713440000000001 0.510175 0.5725 0.5286 0.5713440000000001 0.527812 0.568484 0.517396 0.565063 0.518184 0.530719 0.520591 0.529016 0.531816 0.511844 0.529409 0.47923400000000005 0.490153 0.47923400000000005 0.493348 0.518141 0.503764 0.528438 0.5053829999999999 0.530719
41 0.431532 0.593781 0.43477 0.596875 0.44709 0.599984 0.456127 0.597391 0.49485799999999996 0.5862809999999999 0.505361 0.5862809999999999 0.51442 0.577234 0.504289 0.573625 0.445646 0.590156 0.431532 0.593781
62 0.534267 0.572187 0.522648 0.573984 0.522144 0.574703 0.516586 0.57975 0.516083 0.580844 0.510022 0.584078 0.49689300000000003 0.590938 0.488315 0.594531 0.482757 0.594531 0.47772400000000004 0.599219 0.485799 0.602109 0.492363 0.597422 0.498425 0.593453 0.5095189999999999 0.588047 0.523151 0.5873280000000001 0.535777 0.583359 0.541838 0.579031 0.544858 0.575063 0.541335 0.5725469999999999 0.534267 0.572187
43 0.991466 0.414156 0.996827 0.408406 1 0.332781 0.8935890000000001 0.33373400000000003 0.889584 0.40075000000000005 0.889584 0.40553100000000003 0.894945 0.409375 0.991466 0.414156
41 0.751357 0.511797 0.74302 0.515094 0.648731 0.540188 0.67 0.5421560000000001 0.74302 0.521031 0.751357 0.511797