18 0.67128 0.7816500000000001 0.73968 0.5982 0.6905399999999999 0.6015250000000001 0.68126 0.61065 0.66332 0.6646 0.6540199999999999 0.689525 0.65336 0.721875 0.6566799999999999 0.7717 0.6693 0.780825 0.67128 0.7816500000000001
75 0.33856 0.6822 0.3462 0.6822 0.35892 0.69705 0.3742 0.705525 0.39286 0.70765 0.41746 0.701275 0.43613999999999997 0.700225 0.44545999999999997 0.6928 0.46838 0.693875 0.4777 0.70235 0.5057 0.7044750000000001 0.50826 0.6981 0.5142 0.693875 0.52522 0.7066 0.54388 0.7087 0.54898 0.6981 0.55832 0.685375 0.56 0.6631 0.55406 0.65145 0.55152 0.6386999999999999 0.49976 0.6185499999999999 0.49298000000000003 0.60265 0.47686 0.589925 0.47262 0.580375 0.47008 0.574025 0.43698000000000004 0.569775 0.44462 0.5856750000000001 0.3725 0.584625 0.35128 0.588875 0.33516 0.5984 0.32244 0.609025 0.32922 0.6185499999999999 0.32838 0.62175 0.32752 0.67265 0.33856 0.6822
50 0.42142 0.51135 0.41978 0.504375 0.4204 0.49895 0.4208 0.49402499999999994 0.41998 0.4904 0.41502 0.4899 0.41212 0.4948 0.40882 0.504375 0.40778 0.5103 0.40674 0.5142 0.42184 0.5116 0.42142 0.51135
50 0.4094400000000001 0.5284 0.41232 0.532275 0.41026 0.5545 0.4206 0.554775 0.41894 0.5204 0.4084 0.5178 0.4082 0.51755 0.4082 0.522975 0.4094400000000001 0.5284
50 0.43257999999999996 0.54695 0.43156 0.55055 0.43876 0.55415 0.43854000000000004 0.548225 0.44082 0.5454 0.44266 0.5397500000000001 0.44266 0.523775 0.43195999999999996 0.52225 0.4332 0.545925 0.43257999999999996 0.54695
18 0.80238 0.7352500000000001 0.79302 0.760825 0.84448 0.80175 0.85558 0.759375 0.86378 0.733775 0.84038 0.733775 0.8246 0.7367 0.8035399999999999 0.7330500000000001 0.80238 0.7352500000000001
18 0.97382 0 0.92814 0.11230000000000001 0.71656 0.6793250000000001 0.67392 0.82965 0.6176 0.810625 0.54606 0.8011 0.46082 0.822025 0.4456 0.8505750000000001 0.43189999999999995 0.8829250000000001 0.43189999999999995 0.926675 0.43645999999999996 0.959025 0.46842 0.983775 0.50648 0.993275 0.73026 0.9990000000000001 1 1 0.9996799999999999 0.9381 0.9996799999999999 0.55565 0.99664 0.310175 0.99664 0 0.97382 0
73 0.5278200000000001 0.31295 0.51414 0.32555 0.51702 0.33454999999999996 0.51918 0.33635 0.52638 0.34265 0.5127 0.34804999999999997 0.51774 0.36245 0.52278 0.36245 0.52422 0.36695 0.51558 0.37415 0.51774 0.38765 0.5415 0.38854999999999995 0.5350199999999999 0.31475000000000003 0.5278200000000001 0.31295
73 0.65742 0.1297 0.6469199999999999 0.138425 0.64912 0.264675 0.65916 0.264675 0.6736 0.2581 0.6714 0.13297499999999998 0.65742 0.1297
73 0.51428 0.411225 0.51388 0.444075 0.53084 0.45012500000000005 0.5288200000000001 0.40365 0.51428 0.411225
73 0.54988 0.441175 0.5474 0.40472499999999995 0.54 0.4053 0.5408999999999999 0.441175 0.54988 0.441175
18 0.61342 0.6744249999999999 0.61146 0.6614249999999999 0.60756 0.6508750000000001 0.5872200000000001 0.6506000000000001 0.5738 0.6506000000000001 0.57032 0.65385 0.57856 0.676575 0.6132000000000001 0.6771250000000001 0.61342 0.6744249999999999
73 0.70124 0.298 0.72296 0.288125 0.71112 0.216525 0.68544 0.216525 0.69728 0.29059999999999997 0.70124 0.298
73 0.90944 0.35229999999999995 0.9747 0.24 0.95712 0.22745 0.89388 0.33475 0.90944 0.35229999999999995
73 0.49976 0.448625 0.49778 0.37207500000000004 0.46814 0.38689999999999997 0.47012 0.4585 0.49976 0.448625
73 0.7372000000000001 0.275175 0.74582 0.2644 0.74058 0.21015 0.73422 0.20032499999999998 0.7259800000000001 0.2078 0.73084 0.2658 0.7372000000000001 0.275175
73 0.86184 0.3397 0.86694 0.338275 0.87376 0.345375 0.9026799999999999 0.3007 0.89928 0.2929 0.90042 0.287925 0.8987200000000001 0.278 0.86298 0.33615 0.86184 0.3397
18 0.6329600000000001 0.6762 0.63174 0.672425 0.62902 0.66635 0.6234 0.665225 0.6177999999999999 0.665025 0.614 0.664825 0.6120399999999999 0.6695749999999999 0.6120399999999999 0.67565 0.6149199999999999 0.6807500000000001 0.6327999999999999 0.68 0.6329600000000001 0.6762
75 0.44426 0.9679000000000001 0.48646 0.9881749999999999 0.6147 1 0.99942 0.9963 1 0.000025 0.9767 0.000025 0.8630599999999999 0.280025 0.83872 0.3267 0.7607999999999999 0.558025 0.7056 0.696 0.68776 0.7812250000000001 0.67152 0.6878749999999999 0.66016 0.6716500000000001 0.65042 0.708175 0.65692 0.8116500000000001 0.63744 0.8218000000000001 0.5092 0.8116500000000001 0.46374 0.829925 0.43128 0.876575 0.44264 0.9638249999999999 0.44426 0.9679000000000001