50 0.49775 0.238146 0.496047 0.25845799999999997 0.48250000000000004 0.272 0.46726599999999996 0.281042 0.450344 0.301354 0.440188 0.303604 0.42325 0.33747900000000003 0.42325 0.407458 0.424937 0.452604 0.42832800000000004 0.515792 0.436797 0.518062 0.458797 0.5 0.512984 0.488708 0.541766 0.48420799999999997 0.567156 0.48420799999999997 0.624719 0.5090210000000001 0.6535 0.515792 0.675516 0.488708 0.6535 0.470646 0.617953 0.459375 0.59425 0.427771 0.5993280000000001 0.37133299999999997 0.5993280000000001 0.328437 0.580703 0.285562 0.567156 0.272 0.582391 0.240417 0.585781 0.193 0.572234 0.147854 0.560391 0.13656300000000002 0.543453 0.13656300000000002 0.529906 0.13431300000000002 0.514672 0.145604 0.499437 0.19075 0.49775 0.238146
50 0.33725 0.315646 0.320469 0.33131299999999997 0.36409400000000003 0.34027100000000005 0.392625 0.34027100000000005 0.41442199999999996 0.36487499999999995 0.43792200000000003 0.313417 0.498328 0.266437 0.498328 0.223937 0.463094 0.194854 0.44967199999999996 0.109833 0.41442199999999996 0.103125 0.390937 0.118792 0.390937 0.165771 0.40268800000000005 0.20827099999999998 0.40099999999999997 0.284333 0.338922 0.308937 0.33725 0.315646
50 0.64625 0.44762500000000005 0.6328590000000001 0.41787500000000005 0.667078 0.41787500000000005 0.680469 0.41389600000000004 0.695344 0.403979 0.661125 0.37027099999999996 0.647734 0.273062 0.647734 0.271083 0.664094 0.257208 0.671531 0.22149999999999997 0.684922 0.165958 0.635828 0.128271 0.6105470000000001 0.14016699999999999 0.598641 0.171896 0.6016090000000001 0.19175 0.597156 0.223479 0.58525 0.249271 0.5822809999999999 0.277042 0.5867340000000001 0.28099999999999997 0.597156 0.300833 0.603109 0.31074999999999997 0.603109 0.34843799999999997 0.603109 0.37225 0.606078 0.40002099999999996 0.606078 0.419854 0.606078 0.42977099999999996 0.620953 0.439688 0.637328 0.44762500000000005 0.64625 0.44762500000000005
50 0.8343590000000001 0.273813 0.849766 0.267938 0.88425 0.265 0.887172 0.239562 0.877641 0.237604 0.874703 0.227833 0.876906 0.23077099999999998 0.8827809999999999 0.21902100000000002 0.88425 0.211208 0.8879060000000001 0.198479 0.885703 0.190667 0.887797 0.185833 0.8894690000000001 0.17552099999999998 0.8864380000000001 0.160333 0.866797 0.15360400000000002 0.858469 0.153833 0.847578 0.15802100000000002 0.8446719999999999 0.161896 0.839828 0.169 0.839344 0.178042 0.839344 0.186417 0.840797 0.194167 0.841766 0.199333 0.844187 0.2045 0.847578 0.209667 0.8499840000000001 0.21675000000000003 0.843703 0.22772900000000001 0.8320779999999999 0.241917 0.8343590000000001 0.273813
50 0.37415600000000004 0.0831458 0.35729700000000003 0.0382083 0.330344 0.008979170833333333 0.244375 0.0022500000000000003 0.22246899999999997 0.0449375 0.188766 0.150562 0.165172 0.173042 0.0994375 0.262917 0.0842656 0.38427100000000003 0.11629700000000001 0.6179790000000001 0.215734 0.624729 0.416297 0.626958 0.40112500000000006 0.5820209999999999 0.37415600000000004 0.552813 0.34550000000000003 0.521354 0.315172 0.492125 0.289891 0.47639600000000004 0.289891 0.422479 0.271344 0.334833 0.257859 0.229208 0.269656 0.235958 0.303375 0.22247899999999998 0.310109 0.208979 0.318547 0.191021 0.330344 0.2045 0.337078 0.173042 0.353938 0.155063 0.377531 0.123604 0.35562499999999997 0.0471875 0.37415600000000004 0.0831458
50 0.9434059999999999 0.184646 0.950766 0.180188 0.956781 0.177062 0.960797 0.170812 0.9597809999999999 0.165917 0.960797 0.158333 0.9624690000000001 0.143625 0.954766 0.13693800000000003 0.9444060000000001 0.13604200000000002 0.940063 0.138271 0.9347030000000001 0.148083 0.9233439999999999 0.150313 0.926344 0.15477099999999996 0.930703 0.156104 0.9333750000000001 0.164583 0.9333750000000001 0.17350000000000002 0.935719 0.17839599999999997 0.9380469999999999 0.184646 0.935047 0.194 0.9290309999999999 0.206937 0.927687 0.215396 0.940063 0.206937 0.942734 0.202479 0.942734 0.190875 0.9434059999999999 0.184646
29 0.48525 0.973479 0.48978099999999997 0.979542 0.4925 0.981958 0.5015780000000001 0.984375 0.510641 0.986792 0.515188 0.984375 0.529703 0.9710629999999999 0.530609 0.969854 0.530609 0.956542 0.525156 0.9444579999999999 0.522437 0.9408329999999999 0.518813 0.931146 0.509734 0.9178540000000001 0.504297 0.911792 0.49885900000000005 0.9069579999999999 0.496141 0.904542 0.487969 0.897292 0.473453 0.896062 0.46710900000000005 0.902125 0.462563 0.909375 0.46075 0.916625 0.45984400000000003 0.927521 0.46075 0.934771 0.46710900000000005 0.951708 0.468016 0.954125 0.471641 0.952917 0.480719 0.963812 0.48525 0.973479
29 0.328859 0.987083 0.328344 0.985667 0.328344 0.97725 0.3315 0.9702500000000001 0.334656 0.965333 0.338859 0.9611249999999999 0.345688 0.9562080000000001 0.34884400000000004 0.953417 0.35779700000000003 0.9484999999999999 0.367781 0.9415 0.366734 0.937292 0.363578 0.9323750000000001 0.359891 0.928875 0.353578 0.9239580000000001 0.34884400000000004 0.9239580000000001 0.342016 0.926771 0.329391 0.929562 0.317812 0.9316669999999999 0.308875 0.939396 0.301516 0.952 0.295719 0.9639380000000001 0.29729700000000003 0.97725 0.302031 0.9877710000000001 0.309922 0.991979 0.327813 0.9891869999999999 0.328859 0.987083
29 0.41935900000000004 0.6706249999999999 0.429766 0.668771 0.435328 0.666458 0.442953 0.666917 0.45301600000000003 0.668771 0.45718800000000004 0.6683129999999999 0.45996899999999996 0.6622920000000001 0.461344 0.6553540000000001 0.461344 0.648417 0.455797 0.643333 0.44954700000000003 0.6400830000000001 0.445047 0.6400830000000001 0.439844 0.642396 0.435328 0.647479 0.430125 0.650271 0.42665600000000004 0.651188 0.42629700000000004 0.650271 0.41935900000000004 0.666917 0.41935900000000004 0.6706249999999999
29 0.483437 0.5609999999999999 0.486688 0.564229 0.503297 0.5674790000000001 0.524156 0.568021 0.535703 0.562083 0.540562 0.555854 0.540359 0.539125 0.527594 0.535604 0.502891 0.535333 0.48689099999999996 0.5399379999999999 0.48323400000000005 0.5447919999999999 0.48142199999999996 0.555583 0.483437 0.5609999999999999
29 0.586828 0.461188 0.584891 0.46572899999999995 0.5819840000000001 0.47025 0.574703 0.476062 0.570828 0.474125 0.5587030000000001 0.46572899999999995 0.55675 0.46572899999999995 0.558219 0.479312 0.561125 0.483187 0.565484 0.488354 0.574219 0.492229 0.587313 0.492229 0.5931409999999999 0.492229 0.5989530000000001 0.48964599999999997 0.6009059999999999 0.48383299999999996 0.601391 0.474125 0.601391 0.46508299999999997 0.5912029999999999 0.452146 0.586828 0.461188
29 0.580578 0.969187 0.588641 0.972125 0.601844 0.96625 0.6179840000000001 0.9584379999999999 0.625328 0.922229 0.625328 0.909521 0.6172500000000001 0.895833 0.609187 0.888 0.588641 0.891917 0.5835 0.891917 0.5637030000000001 0.900708 0.554891 0.927125 0.557094 0.948646 0.5615 0.9555 0.580578 0.96625 0.580578 0.969187
29 0.45462499999999995 0.979271 0.468016 0.967375 0.456125 0.919771 0.44421900000000003 0.899917 0.426359 0.886042 0.402562 0.882083 0.38620299999999996 0.901917 0.395125 0.9316669999999999 0.424875 0.9693539999999999 0.45462499999999995 0.979271
29 0.518875 0.926396 0.529266 0.917146 0.509344 0.8825000000000001 0.49981200000000003 0.867479 0.485078 0.862854 0.47815599999999997 0.860542 0.461688 0.8616879999999999 0.44956300000000005 0.867479 0.44349999999999995 0.8732500000000001 0.44349999999999995 0.880188 0.446094 0.896354 0.446969 0.910208 0.445234 0.912521 0.4565 0.921771 0.45995299999999995 0.905583 0.483359 0.895188 0.497219 0.9067500000000001 0.516281 0.919458 0.517141 0.912521 0.518875 0.926396
29 0.505797 0.873333 0.508687 0.867271 0.526875 0.8700209999999999 0.536813 0.8584379999999999 0.536813 0.852917 0.5335 0.838583 0.524813 0.832521 0.502484 0.838583 0.481797 0.843563 0.466922 0.8584379999999999 0.505797 0.873333
29 0.39310900000000004 1 0.416547 0.988229 0.404531 0.9684170000000001 0.379953 0.9425 0.360531 0.94325 0.329094 0.9706880000000001 0.329656 0.998125 0.342813 1 0.39310900000000004 1
29 0.291656 0.9306249999999999 0.303812 0.929729 0.310562 0.929729 0.32001599999999997 0.9261250000000001 0.329469 0.920729 0.336891 0.907229 0.336891 0.898229 0.336891 0.889229 0.33351600000000003 0.883833 0.329469 0.880229 0.324063 0.877521 0.309219 0.8712289999999999 0.30178099999999997 0.869417 0.286266 0.873917 0.27882799999999996 0.875729 0.270734 0.880229 0.261953 0.8829170000000001 0.25520299999999996 0.886521 0.249141 0.891917 0.24710899999999997 0.9000210000000001 0.24710899999999997 0.903625 0.25048400000000004 0.9135209999999999 0.253188 0.918021 0.257234 0.9243330000000001 0.267359 0.929729 0.27006199999999997 0.9306249999999999 0.274109 0.931521 0.291656 0.9306249999999999
29 0.255156 0.972583 0.287047 0.976833 0.29900000000000004 0.967271 0.31334399999999996 0.9375 0.314141 0.9300630000000001 0.27906200000000003 0.9300630000000001 0.263125 0.9258120000000001 0.23282799999999998 0.952375 0.25675 0.9863959999999999 0.255156 0.972583
50 0.958672 0.13866699999999998 0.962063 0.144479 0.962063 0.15029199999999998 0.962063 0.15739599999999998 0.962547 0.16964600000000002 0.9722189999999999 0.16964600000000002 0.983844 0.17933300000000002 0.987234 0.23483300000000001 1 0.234187 0.999328 0.130292 0.990625 0.123833 0.995453 0.0993125 0.994 0.0883333 0.984328 0.0831667 0.977547 0.0838125 0.975125 0.08897920000000001 0.9722189999999999 0.09866670000000001 0.9722189999999999 0.108354 0.971734 0.12060399999999999 0.9683590000000001 0.129 0.9577030000000001 0.139313 0.958672 0.13866699999999998
50 1 0.421771 0.8843590000000001 0.396833 0.8333280000000001 0.362813 0.816328 0.35147900000000004 0.802719 0.360542 0.777203 0.385479 0.770406 0.396833 0.777203 0.412708 0.797625 0.439917 0.772109 0.421771 0.765313 0.424042 0.761906 0.43537499999999996 0.797625 0.460312 0.8180310000000001 0.485271 0.857141 0.507938 0.9200630000000001 0.61225 0.986391 0.671208 0.994891 0.671208 1 0.578229 0.994891 0.551021 0.8673439999999999 0.45125 0.8877499999999999 0.458042 0.9268750000000001 0.478458 1 0.505667 1 0.421771
50 0.8501559999999999 0.21525 0.848109 0.205708 0.8337809999999999 0.19614600000000001 0.835828 0.141583 0.8153750000000001 0.12929200000000002 0.801047 0.13885399999999998 0.778531 0.197521 0.760109 0.21252100000000002 0.760109 0.23843699999999998 0.783656 0.23843699999999998 0.8368589999999999 0.23162500000000003 0.8501559999999999 0.21525
50 0.337078 0.15954200000000002 0.301687 0.22695800000000002 0.281453 0.271917 0.279781 0.298875 0.364047 0.28764599999999996 0.37584399999999996 0.27639600000000003 0.40112500000000006 0.283146 0.40112500000000006 0.25393699999999997 0.369094 0.1955 0.35729700000000003 0.155063 0.337078 0.15954200000000002
14 0.313094 0.448021 0.321656 0.454313 0.33193700000000004 0.458875 0.355063 0.458875 0.367047 0.449167 0.388891 0.429187 0.393594 0.414917 0.393594 0.413771 0.393594 0.409771 0.390172 0.402917 0.384172 0.39949999999999997 0.372188 0.397208 0.358922 0.39379200000000003 0.339219 0.390937 0.32937500000000003 0.390937 0.322953 0.390937 0.31225 0.393229 0.302828 0.396083 0.298547 0.400646 0.296406 0.402354 0.29596900000000004 0.406917 0.295109 0.41091700000000003 0.303672 0.435479 0.313094 0.448021
14 0.336063 0.6820419999999999 0.338813 0.657083 0.338813 0.645333 0.327797 0.641667 0.325594 0.641667 0.325594 0.642396 0.319531 0.6489999999999999 0.31789100000000003 0.650479 0.31789100000000003 0.652667 0.317328 0.6681039999999999 0.326141 0.699667 0.424188 0.801021 0.43465600000000004 0.800292 0.466047 0.7936669999999999 0.473203 0.7936669999999999 0.48862500000000003 0.7863330000000001 0.49800000000000005 0.771646 0.5046090000000001 0.751083 0.5046090000000001 0.725375 0.505156 0.714354 0.509016 0.710688 0.510656 0.710688 0.523328 0.7077500000000001 0.5311675296875 0.67572135625 0.528281 0.677646 0.5256067546875001 0.6763485208333333 0.429141 0.709229 0.336063 0.6820419999999999
29 0.5290619999999999 0.938125 0.545375 0.941229 0.556031 0.931479 0.5603589999999999 0.916375 0.557359 0.9003960000000001 0.5493750000000001 0.8915209999999999 0.5410470000000001 0.887979 0.534062 0.887521 0.527406 0.889313 0.5237499999999999 0.89375 0.519078 0.897729 0.51875 0.9039579999999999 0.51875 0.9190419999999999 0.517422 0.923042 0.521406 0.932354 0.5290619999999999 0.938125
50 0.9063589999999999 0.248688 0.9127660000000001 0.246688 0.922188 0.250708 0.927844 0.251208 0.9335000000000001 0.252208 0.9376559999999999 0.25975000000000004 0.9331250000000001 0.27031299999999997 0.931625 0.276854 0.933891 0.28037500000000004 0.9482189999999999 0.28791700000000003 0.951234 0.284396 0.9440630000000001 0.242667 0.9704689999999999 0.245667 0.973484 0.251208 0.976875 0.274833 0.981016 0.27433300000000005 0.9829060000000001 0.27181299999999997 0.989312 0.266792 0.9927189999999999 0.26075 0.981016 0.233104 0.969703 0.219521 0.9704689999999999 0.218021 0.9746090000000001 0.2145 0.984797 0.204437 0.984422 0.19237500000000002 0.9855470000000001 0.184833 0.982156 0.178792 0.9795159999999999 0.175792 0.969328 0.16825 0.9595309999999999 0.17074999999999999 0.950469 0.179312 0.942562 0.188354 0.942562 0.19489599999999999 0.9436880000000001 0.20041699999999998 0.942172 0.204437 0.940672 0.206958 0.9369059999999999 0.208979 0.9308590000000001 0.211479 0.923328 0.211979 0.9176719999999999 0.217021 0.9123910000000001 0.22354200000000002 0.904469 0.24818700000000002 0.9063589999999999 0.248688
50 0.8918440000000001 0.134708 0.8858750000000001 0.129562 0.871844 0.129083 0.864469 0.136104 0.8641249999999999 0.152938 0.8876250000000001 0.16277100000000003 0.890094 0.161375 0.8918440000000001 0.134708
21 0.8503589999999999 0.419042 0.851844 0.4177290000000001 0.846906 0.392708 0.831109 0.37625 0.8276410000000001 0.369 0.81975 0.37033299999999997 0.835547 0.400604 0.8503589999999999 0.419042
21 0.770359 0.434188 0.784687 0.437479 0.793578 0.44275 0.796531 0.439458 0.792094 0.430896 0.788141 0.423646 0.785172 0.415104 0.783703 0.41575 0.770359 0.434188
50 0.797891 0.188583 0.793094 0.18120799999999998 0.792734 0.16447900000000001 0.8049060000000001 0.139875 0.795312 0.134958 0.787937 0.104438 0.770578 0.10295800000000001 0.760984 0.122646 0.7761250000000001 0.158083 0.772062 0.16497900000000001 0.761719 0.20433300000000001 0.742156 0.208771 0.740484 0.223042 0.798266 0.192521 0.797891 0.188583
62 0.3375 0.277021 0.334734 0.269646 0.320906 0.24885400000000002 0.317125 0.252542 0.347313 0.300833 0.35385900000000003 0.3015 0.3375 0.277021