14 0.024771199346405228 0.024771199346405228 0.02251630065359477 0.029281 0.018022900326797386 0.047303900326797384 0.029281 0.9211760000000001 0.07656859967320262 0.9797220000000001 0.867124 0.975229 0.9842319999999999 0.867124 0.981977 0.0495425 0.948203 0.027026099673202613 0.024771199346405228 0.024771199346405228
15 0.261389 0.826454 0.257778 0.8396899999999999 0.265 0.8577610000000001 0.261389 0.8661929999999999 0.27944399999999997 0.8986930000000001 0.274624 0.9095420000000001 0.319183 0.932418 0.33725499999999997 0.9203760000000001 0.36977099999999996 0.928807 0.42637299999999995 0.9011109999999999 0.487778 0.8505389999999999 0.48537600000000003 0.779477 0.456471 0.765033 0.42274500000000004 0.789118 0.334837 0.760212 0.32400300000000004 0.795131 0.315572 0.7987420000000001 0.29991799999999996 0.8312579999999999 0.26982 0.8336760000000001 0.261389 0.826454
15 0.6906370000000001 0.595082 0.722092 0.622059 0.814232 0.604069 0.872663 0.626552 0.9310780000000001 0.5995750000000001 0.958056 0.520931 0.926585 0.45576800000000006 0.8951309999999999 0.44227099999999997 0.910866 0.43104600000000004 0.924346 0.390588 0.863676 0.377108 0.8119770000000001 0.356879 0.760294 0.316438 0.7625489999999999 0.316438 0.7895099999999999 0.29397100000000004 0.796258 0.20632399999999998 0.753562 0.10519600000000001 0.706373 0.143399 0.6097389999999999 0.19058799999999998 0.587271 0.26699300000000004 0.614232 0.34565399999999996 0.585016 0.390588 0.578284 0.47598 0.607484 0.502958 0.663676 0.527663 0.6951309999999999 0.5591339999999999 0.688382 0.5860949999999999 0.6906370000000001 0.595082
15 0.56884 0.6129249999999999 0.543399 0.602173 0.5375329999999999 0.608039 0.52384 0.620752 0.506225 0.635425 0.49058799999999997 0.653039 0.463186 0.691176 0.459281 0.68531 0.45634 0.679444 0.45732 0.671618 0.460261 0.66281 0.47101299999999996 0.6481370000000001 0.48178099999999996 0.625637 0.49253300000000005 0.600212 0.499379 0.585539 0.488627 0.5718460000000001 0.46906899999999996 0.562059 0.460261 0.568905 0.44949300000000003 0.579673 0.440703 0.600212 0.42308799999999996 0.675523 0.412337 0.671618 0.40841500000000003 0.659886 0.40451000000000004 0.66281 0.39960799999999996 0.6589050000000001 0.39081699999999997 0.636405 0.386895 0.616846 0.38201 0.615866 0.380049 0.628578 0.38493499999999997 0.675523 0.385915 0.7136760000000001 0.471993 0.747908 0.471993 0.743023 0.482761 0.725408 0.49449299999999996 0.704869 0.503301 0.688252 0.517974 0.672598 0.528725 0.66085 0.567859 0.619771 0.56884 0.6129249999999999
15 0.48553900000000005 0.8730070000000001 0.48652 0.8906210000000001 0.491422 0.9072549999999999 0.502173 0.921928 0.5051140000000001 0.921928 0.520752 0.928775 0.542271 0.928775 0.563791 0.920948 0.566732 0.9023530000000001 0.568693 0.8964869999999999 0.5794440000000001 0.9023530000000001 0.590212 0.91116 0.599003 0.9199670000000001 0.6273690000000001 0.917026 0.635196 0.8827940000000001 0.632271 0.8642159999999999 0.613676 0.8485619999999999 0.590212 0.8387749999999999 0.58531 0.8309479999999999 0.5794440000000001 0.793791 0.572598 0.7703099999999999 0.5706370000000001 0.748791 0.559886 0.739003 0.553039 0.738023 0.548154 0.753676 0.5452119999999999 0.736078 0.5354249999999999 0.732157 0.534461 0.74781 0.534461 0.754657 0.524673 0.760523 0.524673 0.782042 0.523693 0.793791 0.519788 0.791814 0.49959200000000004 0.8598530000000001 0.48553900000000005 0.8730070000000001
15 0.08549019934640523 0.49852899999999994 0.16681400000000002 0.474722 0.21838200000000002 0.5124179999999999 0.258056 0.504477 0.24813700000000002 0.46679699999999996 0.23029400000000003 0.452908 0.20846399999999998 0.44298999999999994 0.23821900000000001 0.413235 0.254085 0.39934600000000003 0.254085 0.37951 0.258056 0.353725 0.301699 0.335866 0.353268 0.329918 0.369134 0.30612700000000004 0.377075 0.274379 0.410801 0.254542 0.44848 0.258513 0.480229 0.234706 0.454428 0.155359 0.442533 0.089902 0.436585 0.07403590032679738 0.418725 0.07602940032679738 0.422696 0.12165 0.404853 0.155359 0.37112700000000004 0.165278 0.34335 0.155359 0.309641 0.123627 0.264003 0.147435 0.240212 0.19900299999999999 0.20451 0.22875800000000002 0.21838200000000002 0.258513 0.192598 0.296209 0.152925 0.327941 0.119199 0.361667 0.11722199999999999 0.363644 0.121193 0.391422 0.05970590032679739 0.44496699999999995 0.08549019934640523 0.49852899999999994
15 0.564052 0.220784 0.546062 0.214052 0.505621 0.211797 0.5033660000000001 0.23651999999999998 0.5033660000000001 0.267974 0.5033660000000001 0.303938 0.505621 0.32415 0.514608 0.32864400000000005 0.534837 0.308431 0.53933 0.317418 0.5505559999999999 0.355621 0.573039 0.373595 0.591013 0.373595 0.608987 0.36235300000000004 0.608987 0.342141 0.595507 0.31067 0.5707840000000001 0.24325200000000002 0.564052 0.220784
15 0.388758 0.523219 0.431454 0.5434479999999999 0.489886 0.561422 0.48764699999999994 0.518725 0.44495099999999993 0.5164869999999999 0.449444 0.49176499999999995 0.45617599999999997 0.467042 0.422467 0.401879 0.37977099999999997 0.44232 0.316846 0.487271 0.328088 0.505245 0.388758 0.523219
15 0.6913239999999999 0.871634 0.7158329999999999 0.8523689999999999 0.7158329999999999 0.8261109999999999 0.698333 0.817353 0.67732 0.792843 0.651046 0.756062 0.645801 0.770082 0.645801 0.801585 0.6317969999999999 0.834853 0.6282840000000001 0.855866 0.6440520000000001 0.876879 0.6913239999999999 0.871634
15 0.253938 0.736699 0.294379 0.664788 0.262925 0.644575 0.229216 0.644575 0.20898699999999998 0.669281 0.170784 0.700752 0.12808799999999998 0.6625489999999999 0.10785900000000001 0.709739 0.121356 0.734461 0.150556 0.75018 0.249444 0.743448 0.253938 0.736699
15 0.14890499999999998 0.49153600000000003 0.14817 0.49738600000000005 0.164984 0.511275 0.186193 0.510539 0.186193 0.520049 0.205931 0.520049 0.23151999999999998 0.5215029999999999 0.251977 0.50469 0.21835000000000002 0.512729 0.16645400000000002 0.474722 0.150359 0.482026 0.14890499999999998 0.49153600000000003
15 0.493497 0.42622499999999997 0.480882 0.410458 0.455654 0.40415 0.436732 0.419918 0.44619299999999995 0.45302299999999995 0.468268 0.49719 0.48403599999999997 0.5224179999999999 0.495082 0.547647 0.5076959999999999 0.568137 0.518725 0.5854900000000001 0.5423859999999999 0.5854900000000001 0.573922 0.568137 0.5865360000000001 0.539755 0.575507 0.523987 0.5518460000000001 0.5034970000000001 0.540817 0.48299 0.5313559999999999 0.481422 0.5092650000000001 0.45302299999999995 0.493497 0.42622499999999997
19 0.09661759967320262 0.706732 0.10104600000000001 0.717631 0.115686 0.70469 0.119771 0.6886760000000001 0.117059 0.649167 0.11602900000000001 0.64134 0.102059 0.64134 0.09253269934640523 0.6454249999999999 0.0836765 0.652239 0.07993459967320261 0.658023 0.0795915 0.669265 0.08640519934640523 0.684592 0.09661759967320262 0.706732
19 0.9203100000000001 0.468513 0.9381050000000001 0.475294 0.950801 0.445637 0.966895 0.437173 0.9524999999999999 0.399886 0.9203100000000001 0.410899 0.896585 0.46258200000000005 0.9203100000000001 0.468513
19 0.699902 0.132696 0.691993 0.125196 0.6682349999999999 0.119363 0.642827 0.12352900000000001 0.638235 0.133121 0.6461600000000001 0.145621 0.694493 0.145621 0.699902 0.132696
19 0.707124 0.407418 0.726258 0.41238600000000003 0.736193 0.416585 0.743088 0.411618 0.7507349999999999 0.39096400000000003 0.704069 0.384853 0.693742 0.392876 0.696797 0.402827 0.707516 0.407794 0.707124 0.407418
19 0.548415 0.199722 0.551176 0.19315400000000002 0.549412 0.185327 0.544379 0.183317 0.5413399999999999 0.176242 0.533268 0.174984 0.528987 0.177255 0.530997 0.184069 0.529477 0.19037600000000002 0.528219 0.196683 0.533023 0.19895400000000002 0.540588 0.197941 0.546634 0.200719 0.548415 0.199722
19 0.471699 0.138693 0.48676499999999995 0.149118 0.519804 0.14970599999999998 0.519804 0.124199 0.525605 0.08651959967320262 0.554592 0.08825159967320262 0.549379 0.10506499999999999 0.5598040000000001 0.116667 0.578938 0.10622499999999999 0.5818300000000001 0.08303919934640522 0.5980719999999999 0.06217319934640523 0.578938 0.05812090032679739 0.547631 0.06738559967320261 0.520392 0.05289219934640523 0.495458 0.06274509967320262 0.502418 0.102745 0.47981999999999997 0.12245099999999999 0.471699 0.138693
19 0.232075 0.369739 0.254265 0.370196 0.261046 0.35797399999999996 0.255621 0.346193 0.244297 0.348007 0.227092 0.358415 0.232075 0.369739
19 0.6333500000000001 0.63598 0.6405069999999999 0.638578 0.65219 0.632729 0.6554409999999999 0.620065 0.654788 0.614232 0.6443949999999999 0.6129249999999999 0.629134 0.624951 0.6333500000000001 0.63598
19 0.523693 0.5352119999999999 0.532124 0.530605 0.538644 0.514886 0.533268 0.500703 0.520229 0.505294 0.506438 0.506454 0.500294 0.5037579999999999 0.506814 0.514118 0.513709 0.529069 0.523693 0.5352119999999999