16 0.155844 0.561869 0.155234 0.566902 0.154422 0.569091 0.155234 0.581566 0.165187 0.581347 0.178391 0.581128 0.186312 0.580471 0.192 0.58069 0.192609 0.560774 0.155844 0.561869
73 0.257063 0.46870399999999995 0.245141 0.46870399999999995 0.236203 0.473199 0.23500000000000001 0.5143099999999999 0.241562 0.518165 0.244547 0.518822 0.25468799999999997 0.520741 0.256469 0.471279 0.257063 0.46870399999999995
73 0.35229699999999997 0.306145 0.322484 0.295875 0.302219 0.360118 0.289094 0.398013 0.304 0.412155 0.35229699999999997 0.306145
73 0.668562 0.477054 0.66825 0.496296 0.676266 0.507256 0.6885779999999999 0.503603 0.691344 0.46346799999999994 0.685813 0.46346799999999994 0.670719 0.464125 0.668562 0.477054
50 0.296766 0.8332320000000001 0.314484 0.841414 0.332219 0.9232659999999999 0.333484 0.965556 0.32460900000000004 0.972374 0.322078 0.9901179999999999 0.330953 1 0.380328 0.9969359999999999 0.377797 0.9614650000000001 0.414516 0.8973399999999999 0.41325 0.863232 0.42084400000000005 0.838687 0.449969 0.8209430000000001 0.436047 0.740455 0.456297 0.735 0.47023400000000004 0.7077100000000001 0.42971899999999996 0.60266 0.396797 0.583569 0.400594 0.574024 0.396797 0.534461 0.371469 0.516717 0.35120300000000004 0.519444 0.328422 0.557643 0.341078 0.5794779999999999 0.300563 0.620404 0.26004700000000003 0.698165 0.265109 0.729545 0.28535900000000003 0.741818 0.304359 0.745909 0.2955 0.830505 0.296766 0.8332320000000001
73 0.20212500000000003 0.553586 0.20048400000000002 0.525539 0.19073400000000001 0.5251849999999999 0.19040600000000002 0.552542 0.20212500000000003 0.553586
73 0.274125 0.525404 0.288719 0.49023599999999995 0.275406 0.485152 0.269828 0.488855 0.26810900000000004 0.52032 0.274125 0.525404
2 0.317734 0.609781 0.309156 0.613013 0.310859 0.631061 0.304 0.701852 0.314734 0.702323 0.315156 0.7 0.318594 0.651886 0.318172 0.613013 0.317734 0.609781
2 0.436688 0.69399 0.436266 0.625051 0.4220940000000001 0.641246 0.422516 0.698148 0.436688 0.69399
50 0.755359 0.868586 0.758703 0.87399 0.7737339999999999 0.868586 0.783766 0.864983 0.793781 0.8604879999999999 0.793781 0.84968 0.792953 0.827189 0.795453 0.8055720000000001 0.798797 0.765976 0.798797 0.742576 0.8038130000000001 0.722778 0.8113279999999999 0.6912630000000001 0.8180160000000001 0.674175 0.8205159999999999 0.669663 0.825531 0.629158 0.8205159999999999 0.601263 0.8088279999999999 0.586869 0.802141 0.562559 0.795453 0.54096 0.786266 0.534663 0.772906 0.533754 0.7645470000000001 0.541852 0.761203 0.558956 0.758703 0.578754 0.736984 0.599461 0.729469 0.6165660000000001 0.718609 0.662475 0.729469 0.6858749999999999 0.743656 0.69037 0.746172 0.710168 0.742828 0.754276 0.750344 0.797475 0.7645470000000001 0.830791 0.754531 0.869478 0.755359 0.868586
50 0.8520939999999999 0.623519 0.854438 0.610842 0.8585470000000001 0.605152 0.8750159999999999 0.600707 0.8738440000000001 0.5950169999999999 0.863844 0.5696800000000001 0.850328 0.557643 0.8467969999999999 0.550673 0.842672 0.533569 0.8332660000000001 0.531027 0.8273910000000001 0.535471 0.826219 0.547508 0.826219 0.553199 0.8062189999999999 0.579175 0.8062189999999999 0.5861449999999999 0.815641 0.593737 0.8215159999999999 0.619091 0.823281 0.638081 0.8185779999999999 0.674192 0.831516 0.754646 0.823281 0.755909 0.823281 0.760976 0.846203 0.764158 0.8520939999999999 0.623519
50 0.447562 0.655354 0.449219 0.6642589999999999 0.451281 0.67404 0.45499999999999996 0.687391 0.45953099999999997 0.692727 0.465313 0.694057 0.468625 0.6951849999999999 0.46820300000000004 0.707626 0.456234 0.7619020000000001 0.456234 0.7685690000000001 0.45334399999999997 0.836633 0.452516 0.842862 0.455406 0.8481989999999999 0.458719 0.848653 0.462422 0.8455389999999999 0.45789099999999994 0.856212 0.45334399999999997 0.866448 0.447562 0.876667 0.44798400000000005 0.885572 0.450047 0.888232 0.455406 0.890909 0.478109 0.8895790000000001 0.48224999999999996 0.886465 0.48843800000000004 0.8481989999999999 0.496281 0.8481989999999999 0.493391 0.8553200000000001 0.493391 0.872222 0.496281 0.88601 0.497938 0.888232 0.515281 0.887795 0.524359 0.885572 0.528484 0.859764 0.528484 0.8517680000000001 0.5536719999999999 0.849091 0.555328 0.841532 0.552438 0.816616 0.548719 0.76101 0.5404530000000001 0.703636 0.546656 0.700067 0.552844 0.6796129999999999 0.552844 0.660926 0.552844 0.624444 0.552844 0.615556 0.548719 0.608872 0.525188 0.5981989999999999 0.519406 0.5933160000000001 0.519406 0.5897469999999999 0.519406 0.580404 0.518984 0.570623 0.515688 0.559057 0.496281 0.551044 0.488031 0.552391 0.48142199999999996 0.557273 0.478937 0.562609 0.478109 0.571061 0.477703 0.573737 0.47275 0.578182 0.471516 0.582626 0.473984 0.585303 0.476469 0.587525 0.48018700000000003 0.592424 0.48059399999999997 0.597306 0.48018700000000003 0.602205 0.481828 0.607104 0.469859 0.6119870000000001 0.45953099999999997 0.630236 0.452109 0.647138 0.447562 0.655354
50 0.596734 0.757323 0.597922 0.7632490000000001 0.599094 0.7746970000000001 0.595172 0.784865 0.597531 0.8043600000000001 0.597531 0.824529 0.597531 0.8287709999999999 0.595172 0.834697 0.595953 0.842744 0.598313 0.848687 0.598313 0.8575929999999999 0.599094 0.8660610000000001 0.608547 0.872845 0.618375 0.8703029999999999 0.623094 0.86734 0.623094 0.862256 0.619156 0.854192 0.619156 0.848687 0.620734 0.841902 0.620734 0.824529 0.622312 0.795707 0.6274219999999999 0.775539 0.628203 0.753081 0.6321410000000001 0.742054 0.6368590000000001 0.735471 0.636078 0.732492 0.641578 0.727407 0.646312 0.722508 0.646312 0.7212459999999999 0.6447339999999999 0.717424 0.645906 0.7114980000000001 0.647094 0.708098 0.6498440000000001 0.692845 0.650641 0.68436 0.651422 0.662323 0.652203 0.653182 0.652594 0.645976 0.649062 0.637929 0.647875 0.6303030000000001 0.642375 0.617997 0.639625 0.607407 0.6321410000000001 0.59638 0.6258440000000001 0.587912 0.606969 0.58367 0.609719 0.5743429999999999 0.60775 0.567997 0.603812 0.5540069999999999 0.601063 0.537054 0.601063 0.533653 0.597531 0.532811 0.589656 0.5332319999999999 0.586109 0.530269 0.579422 0.530269 0.569984 0.534074 0.563297 0.541279 0.560547 0.551465 0.565266 0.562475 0.5676249999999999 0.5728960000000001 0.5676249999999999 0.575859 0.5719529999999999 0.584327 0.573922 0.58899 0.551297 0.6075929999999999 0.5493439999999999 0.6118349999999999 0.556219 0.634057 0.556219 0.660505 0.550312 0.692256 0.5493439999999999 0.713418 0.5493439999999999 0.7515149999999999 0.552281 0.76633 0.558172 0.769512 0.562109 0.762104 0.562109 0.77904 0.563094 0.819242 0.564063 0.840404 0.564063 0.8658079999999999 0.559156 0.8742759999999999 0.55425 0.8806229999999999 0.55425 0.88697 0.568 0.8901519999999999 0.589609 0.882744 0.5886250000000001 0.875337 0.585672 0.840404 0.5955 0.753636 0.596734 0.757323
50 0.6364690000000001 0.539242 0.6245160000000001 0.5316839999999999 0.613406 0.536128 0.606391 0.5458919999999999 0.6059840000000001 0.563199 0.610109 0.583182 0.622875 0.587172 0.635641 0.599596 0.649656 0.639108 0.6492340000000001 0.684815 0.653766 0.685707 0.664062 0.667508 0.667359 0.640438 0.665297 0.624461 0.655422 0.585842 0.638531 0.566751 0.637297 0.54234 0.6364690000000001 0.539242
50 0.999859 0.543552 0.997687 0.538872 0.9868119999999999 0.5458919999999999 0.973766 0.557609 0.962906 0.576347 0.982469 0.592727 0.973766 0.6138049999999999 0.954203 0.625522 0.943344 0.66064 0.943344 0.705152 0.962906 0.7145119999999999 0.962906 0.7215320000000001 0.958562 0.733249 0.9563750000000001 0.780084 0.962906 0.8081820000000001 0.962906 0.859714 0.962906 0.920606 0.954203 0.918266 0.954203 0.920606 0.954203 0.9229459999999999 0.954203 0.9440240000000001 0.975938 0.9604210000000001 0.9868119999999999 0.9604210000000001 0.9846410000000001 0.948704 0.9911559999999999 0.918266 0.9911559999999999 0.8667340000000001 0.999859 0.815219 0.999859 0.543552
50 0.756031 0.58069 0.744984 0.57165 0.744984 0.561313 0.7413909999999999 0.5566669999999999 0.734438 0.553552 0.7265159999999999 0.556919 0.725078 0.559764 0.726047 0.567778 0.727484 0.57165 0.7301249999999999 0.576566 0.727719 0.581481 0.731078 0.5923229999999999 0.736109 0.60138 0.755312 0.582508 0.756031 0.58069
50 0.855281 0.802828 0.8487030000000001 0.813468 0.852641 0.827643 0.851328 0.834731 0.8487030000000001 0.839697 0.8519840000000001 0.84963 0.865812 0.850337 0.8743589999999999 0.844663 0.8737030000000001 0.843249 0.875688 0.829057 0.8750310000000001 0.801414 0.878969 0.753906 0.8816090000000001 0.769495 0.882922 0.782273 0.882922 0.799276 0.882922 0.815589 0.8855470000000001 0.831195 0.8855470000000001 0.840404 0.884891 0.850337 0.8868750000000001 0.8567170000000001 0.899375 0.8630979999999999 0.9066090000000001 0.860976 0.9092499999999999 0.8517509999999999 0.9072660000000001 0.8453700000000001 0.9092499999999999 0.832609 0.917141 0.827643 0.9085940000000001 0.817003 0.9138590000000001 0.756734 0.9197810000000001 0.713485 0.9197810000000001 0.69931 0.9184530000000001 0.682997 0.925047 0.668805 0.933594 0.653923 0.9342499999999999 0.641162 0.9276719999999999 0.6191749999999999 0.9204380000000001 0.603586 0.9033279999999999 0.5957739999999999 0.903984 0.58798 0.903984 0.576633 0.900688 0.5645789999999999 0.8954219999999999 0.555354 0.8868750000000001 0.555354 0.8743589999999999 0.558199 0.865156 0.572374 0.8677809999999999 0.586566 0.873047 0.599327 0.871078 0.600034 0.855281 0.6085349999999999 0.852641 0.633367 0.849359 0.676616 0.8500159999999999 0.723418 0.8519840000000001 0.770219 0.853313 0.795741 0.855281 0.802828
50 0.442969 0.584377 0.440562 0.57835 0.437766 0.5748989999999999 0.43137499999999995 0.576195 0.428578 0.586094 0.424594 0.589966 0.424188 0.599444 0.430578 0.609764 0.438969 0.6183839999999999 0.443766 0.63904 0.44615600000000005 0.605471 0.450563 0.6046130000000001 0.447766 0.594697 0.442969 0.584377
50 0.707172 0.702071 0.714406 0.700657 0.714406 0.694276 0.717031 0.66803 0.722953 0.6446299999999999 0.725594 0.636835 0.728219 0.634007 0.729547 0.6261950000000001 0.7269059999999999 0.607761 0.732828 0.606347 0.728219 0.5808249999999999 0.722953 0.573721 0.714406 0.558838 0.705844 0.555993 0.7019059999999999 0.559545 0.6979529999999999 0.570892 0.6979529999999999 0.576566 0.690719 0.583653 0.684797 0.5985520000000001 0.684797 0.608468 0.688078 0.613434 0.692688 0.616279 0.688734 0.6439229999999999 0.695312 0.646768 0.702562 0.659529 0.705844 0.701364 0.707172 0.702071
16 0.0073906296875 0.546246 0.0084218703125 0.587677 0.033546900000000004 0.588788 0.045328099999999996 0.587121 0.0494375 0.5898990000000001 0.0514844 0.5898990000000001 0.052515599999999996 0.585471 0.052515599999999996 0.543485 0.0314844 0.5401680000000001 0.0063593796875 0.542374 0.0073906296875 0.546246
73 0.35529700000000003 0.415539 0.353609 0.425539 0.386563 0.456481 0.396687 0.438283 0.423719 0.44101 0.43807799999999997 0.411886 0.407672 0.394596 0.41696900000000003 0.37912500000000005 0.44229700000000005 0.385505 0.45328099999999993 0.36274399999999996 0.42625 0.34545499999999996 0.432172 0.324529 0.46173400000000003 0.334545 0.472703 0.309057 0.445688 0.297222 0.45159399999999994 0.27266 0.429625 0.263552 0.41189099999999995 0.262643 0.369656 0.38459600000000005 0.35529700000000003 0.415539
50 0.47350000000000003 0.581465 0.475687 0.577626 0.480047 0.573771 0.481625 0.568013 0.480828 0.566296 0.478062 0.5660769999999999 0.47548399999999996 0.566717 0.471516 0.568855 0.46675000000000005 0.578687 0.46417200000000003 0.5823229999999999 0.46140600000000004 0.587441 0.460406 0.592155 0.455844 0.594714 0.452672 0.5983499999999999 0.45089100000000004 0.607963 0.44712500000000005 0.621633 0.446922 0.6282490000000001 0.44375 0.645354 0.448719 0.659024 0.45089100000000004 0.656246 0.451891 0.652828 0.451891 0.649613 0.451891 0.647054 0.456844 0.639798 0.458828 0.6342420000000001 0.461594 0.6293270000000001 0.46239100000000005 0.624192 0.46417200000000003 0.619714 0.467547 0.612441 0.470922 0.607963 0.470719 0.606246 0.47329699999999997 0.6026090000000001 0.473703 0.5983499999999999 0.470719 0.593215 0.472109 0.589579 0.47548399999999996 0.586801 0.472703 0.583182 0.47350000000000003 0.581465
18 0.893969 0.558552 0.89625 0.574293 0.900828 0.590051 0.9090469999999999 0.602845 0.9199999999999999 0.6117 0.924109 0.617121 0.931875 0.591027 0.940563 0.575774 0.940563 0.572323 0.9355309999999999 0.560522 0.939188 0.551178 0.939188 0.5487040000000001 0.929594 0.546246 0.9163589999999999 0.547727 0.898531 0.552643 0.893969 0.558552
50 0.9516249999999999 0.5407580000000001 0.9397970000000001 0.554343 0.934281 0.566246 0.940578 0.574731 0.930328 0.584074 0.926391 0.616364 0.930328 0.6265489999999999 0.9366410000000001 0.655438 0.930328 0.667323 0.92875 0.708956 0.920875 0.736128 0.9106249999999999 0.74037 0.9106249999999999 0.753114 0.9366410000000001 0.7556729999999999 0.9413750000000001 0.7556729999999999 0.940578 0.74463 0.9445309999999999 0.730185 0.948469 0.708956 0.9413750000000001 0.702155 0.940578 0.6690240000000001 0.9516249999999999 0.6282490000000001 0.9673909999999999 0.6036199999999999 0.971328 0.594276 0.965016 0.57729 0.9689690000000001 0.556902 0.968172 0.556902 0.9673909999999999 0.545 0.9516249999999999 0.5407580000000001