0 0.22707799999999997 0.58257 0.237812 0.630654 0.237344 0.638318 0.20425 0.641822 0.224281 0.647383 0.243859 0.655748 0.270437 0.669696 0.297469 0.673879 0.302141 0.680164 0.313328 0.682944 0.325453 0.682944 0.330578 0.676659 0.346891 0.678061 0.36181199999999997 0.678061 0.373922 0.678061 0.38651599999999997 0.680164 0.395375 0.676659 0.407953 0.6731779999999999 0.407953 0.666215 0.404687 0.6550699999999999 0.379047 0.642523 0.340828 0.642523 0.305406 0.63764 0.261578 0.63764 0.23501599999999997 0.583271 0.227547 0.581869 0.22707799999999997 0.58257
0 0.175953 0.7553270000000001 0.202828 0.773014 0.202828 0.7874770000000001 0.206047 0.793925 0.207125 0.781051 0.23399999999999999 0.77785 0.245828 0.77785 0.251203 0.7923129999999999 0.25657800000000003 0.7923129999999999 0.286687 0.7746259999999999 0.353344 0.758551 0.366234 0.753738 0.367313 0.7424769999999999 0.359781 0.729603 0.36409400000000003 0.687827 0.355484 0.684603 0.33290600000000004 0.7328269999999999 0.21787499999999999 0.7328269999999999 0.175953 0.7553270000000001
0 0.692297 0.684416 0.693234 0.6877800000000001 0.693422 0.688341 0.693797 0.6886209999999999 0.703188 0.684696 0.704141 0.683014 0.708828 0.681308 0.710328 0.6804669999999999 0.712969 0.679907 0.7155940000000001 0.6790649999999999 0.720672 0.6759809999999999 0.723297 0.6737380000000001 0.7247969999999999 0.673458 0.7268589999999999 0.6726169999999999 0.728172 0.672897 0.725359 0.670374 0.721422 0.670374 0.7176560000000001 0.671215 0.716719 0.6700929999999999 0.716719 0.6695329999999999 0.716719 0.66222 0.716906 0.654065 0.717469 0.648738 0.719719 0.6445329999999999 0.720484 0.639743 0.719531 0.634136 0.712969 0.638061 0.7078909999999999 0.646776 0.704891 0.654065 0.7030000000000001 0.658294 0.699812 0.66278 0.6917340000000001 0.6695329999999999 0.668813 0.666706 0.638953 0.666145 0.628437 0.666145 0.622984 0.666145 0.620547 0.668107 0.618844 0.6726169999999999 0.618281 0.673458 0.615094 0.674299 0.613594 0.676822 0.612656 0.681028 0.612656 0.681308 0.614719 0.682734 0.657172 0.681612 0.692297 0.684416
0 0.867469 0.668364 0.8618439999999999 0.6658409999999999 0.832344 0.659089 0.832719 0.663575 0.823141 0.662453 0.820703 0.666402 0.8201409999999999 0.6849299999999999 0.868031 0.682407 0.868422 0.679042 0.867469 0.668364
0 0.783875 0.6810050000000001 0.789328 0.686332 0.789516 0.68972 0.790266 0.693645 0.793656 0.6970089999999999 0.797406 0.696168 0.797406 0.688294 0.804359 0.688294 0.807734 0.691963 0.8082969999999999 0.695047 0.812438 0.690561 0.812063 0.68465 0.813375 0.669486 0.793656 0.667243 0.789516 0.671729 0.783875 0.6810050000000001
0 0.870688 0.672874 0.8810779999999999 0.684416 0.9440160000000001 0.688411 0.946969 0.691075 0.9962500000000001 0.6928500000000001 1 0.6906309999999999 0.9992190000000001 0.675537 0.992094 0.665771 0.9781409999999999 0.661776 0.8882030000000001 0.6515650000000001 0.8715780000000001 0.6067520000000001 0.870688 0.672874
0 0.298031 1 0.326594 0.877453 0.277 0.8841819999999999 0.21387499999999998 0.9920559999999999 0.20787499999999998 1 0.298031 1
0 0.697281 0.28285 0.695109 0.28285 0.694937 0.28474299999999997 0.716375 0.29229 0.716375 0.294696 0.719797 0.294696 0.720875 0.294696 0.724844 0.296332 0.724844 0.298201 0.724844 0.301706 0.726656 0.301706 0.728625 0.300631 0.727375 0.296332 0.726828 0.294696 0.727734 0.294439 0.7302500000000001 0.294439 0.7322339999999999 0.29362099999999997 0.7335 0.295514 0.738187 0.295794 0.740156 0.296051 0.740156 0.297407 0.740344 0.30198600000000003 0.7435940000000001 0.30278000000000005 0.744125 0.297664 0.7435940000000001 0.294977 0.744672 0.295514 0.747188 0.296869 0.749531 0.292827 0.779984 0.28661200000000003 0.740156 0.28528 0.739984 0.263178 0.737094 0.28177599999999997 0.735125 0.280958 0.727187 0.278271 0.725562 0.28771 0.696016 0.28257 0.697281 0.28285
75 0.6268119999999999 0.736752 0.625797 0.730654 0.625391 0.730023 0.622734 0.725771 0.6231410000000001 0.7217990000000001 0.597828 0.722103 0.5976250000000001 0.729416 0.594766 0.732173 0.596391 0.740724 0.6014999999999999 0.741332 0.620688 0.739813 0.6214999999999999 0.74285 0.6231410000000001 0.741332 0.624563 0.741636 0.6268119999999999 0.736752
75 0.7672030000000001 0.755864 0.7774530000000001 0.7602340000000001 0.778672 0.7551169999999999 0.775734 0.744182 0.7674529999999999 0.744556 0.760875 0.744556 0.760391 0.744556 0.747953 0.741285 0.741375 0.744556 0.7408750000000001 0.754766 0.744047 0.757687 0.7474689999999999 0.7551169999999999 0.749656 0.759136 0.752578 0.756589 0.759406 0.756939 0.7672030000000001 0.755864
75 0.5261720000000001 0.7244860000000001 0.538906 0.723808 0.554281 0.7290650000000001 0.574031 0.728411 0.585016 0.739579 0.588094 0.72514 0.581937 0.7067519999999999 0.574484 0.7034579999999999 0.566578 0.697547 0.519578 0.696238 0.520453 0.708061 0.520016 0.723808 0.5261720000000001 0.7244860000000001
75 0.736109 0.746986 0.737547 0.735818 0.734109 0.731308 0.714859 0.7315189999999999 0.715578 0.7478499999999999 0.736109 0.746986