27 0 0.556875 0.0050468796875 0.994104 0.844172 0.996333 0.8677189999999999 0.931312 0.968609 0.7878120000000001 0.9383440000000001 0.785583 0.908078 0.73625 0.903031 0.686917 0.899656 0.630875 0.8828440000000001 0.6017290000000001 0.8660310000000001 0.538937 0.879484 0.494104 0.9013439999999999 0.482875 0.987109 0.48512500000000003 0.9887969999999999 0.41114599999999996 0.721406 0.267646 0.726453 0.251938 0.723094 0.193646 0.724781 0.148813 0.721406 0.146562 0.645734 0.115167 0.633969 0.12862500000000002 0.640688 0.16897900000000002 0.642375 0.25418799999999997 0.632281 0.25643699999999997 0.615469 0.263146 0.593609 0.272125 0.546531 0.290063 0.507844 0.296792 0.48431199999999996 0.290063 0.45403099999999996 0.283333 0.440578 0.285583 0.418719 0.290063 0.400219 0.296792 0.3935 0.319208 0.405266 0.35060399999999997 0.00840625 0.554625 0 0.556875
27 0.586516 0.0651667 0.797187 0.139333 0.7887660000000001 0.20675 0.886516 0.256188 0.9640470000000001 0.19775 0.994375 0.215729 0.999437 0.042687499999999996 0.841016 0.0045000000000000005 0.770219 0.0022500000000000003 0.588203 0.0471875 0.586516 0.0651667
50 0.0067656203125 0.5674170000000001 0.0440156 0.583229 0.137141 0.5109790000000001 0.213313 0.477125 0.23701599999999998 0.407146 0.228563 0.346208 0.177766 0.258167 0.126969 0.161104 0.0931094 0.115958 0.032171899999999996 0.111438 0.023703099999999998 0.0482292 0.025390600000000003 0.007604170833333334 0.0016875000000000002 0.007604170833333334 0.0067656203125 0.5674170000000001
26 0.6573439999999999 0.279542 0.666516 0.279542 0.677141 0.27891699999999997 0.690172 0.23125 0.6979059999999999 0.208729 0.703703 0.20164600000000002 0.707078 0.16881300000000002 0.7095 0.16752099999999998 0.707562 0.15656299999999998 0.694531 0.14883300000000002 0.676656 0.145625 0.6587810000000001 0.146271 0.647203 0.15077100000000002 0.644297 0.157854 0.646234 0.284062 0.6573439999999999 0.279542
26 0.0889531 0.912438 0.0986719 0.936833 0.10610900000000001 0.955125 0.11810899999999999 0.999313 0.260437 1 0.25587499999999996 0.966542 0.25471900000000003 0.9307289999999999 0.250156 0.905583 0.253016 0.895667 0.255297 0.872042 0.25587499999999996 0.840792 0.248438 0.832417 0.251297 0.8507079999999999 0.248438 0.881188 0.23414100000000002 0.8971870000000001 0.23700000000000002 0.811083 0.228437 0.798875 0.20442200000000002 0.788979 0.142125 0.800396 0.10267200000000001 0.831646 0.0866719 0.872812 0.0889531 0.912438
51 0.7820159999999999 0.5415829999999999 0.8393280000000001 0.48314599999999996 0.8528119999999999 0.44045799999999996 0.851125 0.377521 0.812359 0.32135400000000003 0.741578 0.29662499999999997 0.684266 0.278646 0.608422 0.301125 0.507297 0.35954200000000003 0.380906 0.43370800000000004 0.328656 0.47191700000000003 0.266297 0.507875 0.24101599999999998 0.519104 0.207297 0.5797709999999999 0.18707800000000002 0.6089789999999999 0.203938 0.689896 0.262922 0.728083 0.289891 0.7595419999999999 0.35562499999999997 0.770792 0.412922 0.775271 0.510672 0.7460629999999999 0.503937 0.734833 0.653937 0.6651670000000001 0.7820159999999999 0.5415829999999999
22 0.897344 0.366771 0.906156 0.33147899999999997 0.9958589999999999 0.358937 1 0.306979 0.998062 0.215792 0.9554220000000001 0.201104 0.885578 0.259917 0.88925 0.278542 0.8818910000000001 0.361875 0.897344 0.366771
26 0.42168700000000003 1 0.419906 0.960125 0.422719 0.8960830000000001 0.41709399999999996 0.8633959999999999 0.408922 0.846708 0.379797 0.8248960000000001 0.35425 0.8201250000000001 0.32921900000000004 0.8201250000000001 0.313641 0.826604 0.275109 0.852458 0.25575000000000003 0.888583 0.250719 0.907167 0.256141 0.950021 0.261953 0.968083 0.26581299999999997 0.999583 0.27123400000000003 1 0.355016 1 0.42168700000000003 1
26 0 0.873146 0.0366094 0.8400420000000001 0.0011406203125 0.5987709999999999 0 0.601917 0 0.873146
22 0.626328 0.249375 0.645859 0.26275 0.644187 0.157104 0.6363749999999999 0.121396 0.643625 0.121396 0.6466719999999999 0.146146 0.7072499999999999 0.14662499999999998 0.713078 0.18808299999999997 0.715031 0.216583 0.748062 0.23731200000000002 0.7577659999999999 0.283938 0.783031 0.283938 0.7927500000000001 0.208813 0.804406 0.141458 0.800516 0.131083 0.674219 0.08704170000000001 0.598453 0.0740833 0.584844 0.043000000000000003 0.711141 0.006729170833333333 0.44495300000000004 0 0.45465600000000006 0.0948125 0.509062 0.13885399999999998 0.547922 0.203625 0.623703 0.24508300000000002 0.626328 0.249375
27 0.11278099999999999 0.0895 0.11278099999999999 0.07733330000000001 0.121906 0.0441042 0.124328 0.006 0.0927188 0.0003333333333333333 0.01125 0.002770829166666667 0.01125 0.0132917 0.0130781 0.0246458 0.017937500000000002 0.061125 0.0106563 0.107333 0.012468799999999999 0.1195 0.024625 0.117062 0.0386094 0.123542 0.11278099999999999 0.102458 0.11278099999999999 0.0895
50 0.226938 0.427396 0.23410899999999998 0.453688 0.248438 0.448896 0.300438 0.422604 0.35779700000000003 0.384375 0.404406 0.353292 0.397234 0.327 0.411562 0.295938 0.43307799999999996 0.281583 0.424125 0.24575 0.420531 0.18120799999999998 0.4295 0.145354 0.452797 0.183604 0.502984 0.229 0.540641 0.262479 0.581859 0.272042 0.587234 0.252917 0.563937 0.205104 0.53525 0.15731299999999998 0.48310899999999996 0.109083 0.459734 0.057145800000000004 0.44610900000000003 0.0103958 0.44610900000000003 0.0051875 0.118828 0.0129792 0.109094 0.0987083 0.105187 0.16364599999999999 0.138313 0.24675 0.18310900000000002 0.314292 0.226938 0.427396
50 1 0.636458 0.9782339999999999 0.609646 0.9332969999999999 0.595458 0.903734 0.593875 0.9060940000000001 0.619104 0.899 0.647479 0.897813 0.68375 0.896641 0.707417 0.9947969999999999 0.781521 1 0.636458