72 0.9999689999999999 0.8165209999999999 0.998719 0.793396 0.9912810000000001 0.776875 0.964641 0.754563 0.9162969999999999 0.7008329999999999 0.898938 0.678521 0.876625 0.6611670000000001 0.855547 0.6413329999999999 0.853688 0.631417 0.841297 0.616542 0.833859 0.604979 0.822078 0.6099370000000001 0.8282809999999999 0.623167 0.8313750000000001 0.631417 0.837578 0.6446459999999999 0.8512190000000001 0.643812 0.8642340000000001 0.6611670000000001 0.876625 0.678521 0.893359 0.7008329999999999 0.929312 0.736375 0.963391 0.7793329999999999 0.989422 0.8057920000000001 0.9999689999999999 0.8165209999999999
18 1 0.6966249999999999 0.9640470000000001 0.5954999999999999 0.832578 0.465167 0.7129220000000001 0.314604 0.584828 0.289896 0.49887499999999996 0.294375 0.46517200000000003 0.269667 0.343812 0.267417 0.030343799999999997 0.249438 0 0.37977099999999997 0.020218800000000002 0.970792 0.44662499999999994 0.988771 0.578094 0.975271 0.7129220000000001 0.988771 0.810672 0.984271 0.932016 0.986521 1 0.986521 1 0.6966249999999999
50 0.8846719999999999 0.209 0.888266 0.212396 0.8912190000000001 0.216604 0.8907970000000001 0.2245 0.891422 0.22927099999999997 0.8912190000000001 0.237167 0.8916410000000001 0.240813 0.893969 0.234917 0.898188 0.234354 0.897969 0.240813 0.895234 0.246167 0.893531 0.249271 0.8992340000000001 0.254625 0.9045159999999999 0.25433300000000003 0.906625 0.24702100000000002 0.910219 0.242792 0.9163439999999999 0.246458 0.921828 0.242792 0.9298590000000001 0.236313 0.9353440000000001 0.241667 0.951187 0.24729199999999998 0.9501250000000001 0.241375 0.951187 0.22731300000000002 0.9537190000000001 0.232937 0.9579380000000001 0.247583 0.9634219999999999 0.247854 0.9657500000000001 0.22675 0.9729369999999999 0.223083 0.972094 0.220833 0.965969 0.205917 0.966391 0.197458 0.9689220000000001 0.196625 0.971031 0.19156199999999998 0.964906 0.172417 0.9627969999999999 0.16564600000000002 0.959422 0.148771 0.9543440000000001 0.136646 0.946328 0.13356300000000002 0.948859 0.13214599999999999 0.9499219999999999 0.127083 0.952656 0.124271 0.951609 0.12089599999999999 0.9532970000000001 0.115542 0.9532970000000001 0.107375 0.953922 0.10625 0.9545619999999999 0.10175000000000001 0.952234 0.0975208 0.9477969999999999 0.0899167 0.944422 0.08710419999999999 0.9342969999999999 0.08456250000000001 0.9275309999999999 0.08456250000000001 0.925422 0.0854167 0.9228910000000001 0.09245830000000001 0.919094 0.11216699999999999 0.920562 0.12202099999999999 0.9201409999999999 0.127083 0.910641 0.13214599999999999 0.898188 0.141167 0.8912190000000001 0.15354199999999998 0.8912190000000001 0.158333 0.8869999999999999 0.175229 0.880875 0.197188 0.881297 0.20422900000000002 0.8836090000000001 0.20760399999999998 0.889312 0.210979 0.8846719999999999 0.209
50 0.8283910000000001 0.118396 0.829703 0.109708 0.832297 0.107979 0.829703 0.0881875 0.817969 0.0631667 0.814063 0.0569167 0.804172 0.0537917 0.795563 0.0537917 0.787484 0.055875 0.779672 0.0631667 0.769781 0.0781042 0.766391 0.0933958 0.783328 0.107625 0.796875 0.125 0.8020780000000001 0.137167 0.804688 0.143771 0.816156 0.142729 0.8174530000000001 0.150708 0.8185 0.154188 0.8229219999999999 0.142375 0.824484 0.136125 0.8283910000000001 0.118396
50 0.057437499999999996 0.273646 0.0675625 0.257875 0.0777031 0.239875 0.10642199999999999 0.217333 0.10642199999999999 0.190312 0.0996563 0.16104200000000002 0.0912188 0.140771 0.0827656 0.116 0.0743281 0.0979792 0.0675625 0.07320829999999999 0.0489844 0.07320829999999999 0.030406300000000004 0.0889583 0.028718700000000003 0.12050000000000001 0.0354688 0.15879200000000002 0.0456094 0.179063 0.0456094 0.199333 0.0439219 0.24887499999999999 0.057437499999999996 0.273646
50 0.38487499999999997 0.205958 0.38487499999999997 0.18443800000000002 0.395141 0.164875 0.391484 0.15997899999999998 0.380469 0.142375 0.372406 0.12575 0.368 0.102271 0.379734 0.100312 0.373875 0.0915208 0.362141 0.09543750000000001 0.357734 0.128688 0.343797 0.139458 0.337922 0.165854 0.33865599999999996 0.18443800000000002 0.353328 0.196188 0.383406 0.204979 0.38487499999999997 0.205958
50 0.611859 0.19864600000000002 0.611859 0.19562500000000002 0.610344 0.182083 0.610344 0.163021 0.6065940000000001 0.149479 0.611484 0.14293699999999998 0.610344 0.133417 0.597938 0.122375 0.5715939999999999 0.11887500000000001 0.554281 0.126396 0.5426249999999999 0.137937 0.535469 0.147958 0.536594 0.16752099999999998 0.611859 0.19864600000000002
50 0.634062 0.16922900000000002 0.648656 0.129937 0.659203 0.112979 0.6524530000000001 0.108292 0.6494690000000001 0.111187 0.6483909999999999 0.118042 0.644609 0.11983300000000001 0.635953 0.129562 0.6308119999999999 0.16597900000000002 0.634062 0.16922900000000002
50 0.0320781 0.219375 0.023828099999999998 0.202563 0.014124999999999999 0.188333 0.0136406 0.166979 0.0107344 0.145646 0.0005468749999999999 0.132062 0.0000625 0.268542 0.009281250000000001 0.26725 0.022375 0.253667 0.0378906 0.262063 0.039843699999999996 0.263354 0.0408125 0.240729 0.0320781 0.219375
50 0.456031 0.555083 0.433406 0.56475 0.41529699999999997 0.590083 0.403531 0.646813 0.403531 0.710792 0.404437 0.763896 0.414391 0.803729 0.448781 0.808542 0.507625 0.8121670000000001 0.548359 0.7844169999999999 0.504 0.5466460000000001 0.473234 0.549063 0.456031 0.555083
50 0.995781 0.17289600000000002 0.9992660000000001 0.143542 0.989984 0.109521 0.974922 0.0847917 0.9610160000000001 0.08325 0.959844 0.0554375 0.957531 0.041520800000000004 0.9540469999999999 0.0260625 0.9389839999999999 0.0260625 0.9297190000000001 0.0368958 0.921594 0.0507917 0.916953 0.061625 0.9181250000000001 0.0724375 0.919281 0.0801667 0.9250780000000001 0.08789580000000001 0.92275 0.09408330000000001 0.9482659999999999 0.09408330000000001 0.9563750000000001 0.0987083 0.9563750000000001 0.118813 0.9563750000000001 0.13425 0.964484 0.16362500000000002 0.965641 0.171354 0.969125 0.177542 0.984187 0.177542 0.995781 0.17289600000000002
72 0.8601409999999999 0.643771 0.870969 0.655813 0.884203 0.665438 0.893234 0.677458 0.930531 0.715979 0.960625 0.7520830000000001 0.9810779999999999 0.7753329999999999 0.9985310000000001 0.785771 1 0.770521 0.975672 0.736042 0.9666410000000001 0.722396 0.9233119999999999 0.679063 0.917906 0.671854 0.902656 0.666354 0.8902810000000001 0.6552290000000001 0.8828590000000001 0.645333 0.8763590000000001 0.630896 0.871109 0.615625 0.863063 0.605729 0.8534689999999999 0.593771 0.844187 0.592125 0.8432660000000001 0.59625 0.845438 0.610687 0.8474999999999999 0.618896 0.8529220000000001 0.634146 0.8601409999999999 0.643771
72 0.724672 0.530625 0.729688 0.5392499999999999 0.731125 0.5373330000000001 0.764875 0.570833 0.7641560000000001 0.5804170000000001 0.777078 0.6005210000000001 0.792875 0.6024379999999999 0.797906 0.5957290000000001 0.7921560000000001 0.583292 0.787125 0.577542 0.781391 0.569875 0.775641 0.562229 0.769906 0.552646 0.76775 0.552646 0.745484 0.5335 0.7411719999999999 0.526792 0.750516 0.513396 0.746922 0.508604 0.748359 0.515312 0.744047 0.506688 0.724672 0.530625
72 0.505344 0.384083 0.513625 0.37885399999999997 0.501406 0.296312 0.49531200000000003 0.298063 0.505344 0.384083
72 0.18125 0.363354 0.196938 0.339438 0.24706299999999998 0.256917 0.243141 0.250521 0.178187 0.356292 0.18125 0.363354
72 1 0.8726459999999999 0.999375 0.8248960000000001 0.989344 0.811542 0.962125 0.780021 0.911281 0.721771 0.878344 0.682625 0.852563 0.646354 0.8368119999999999 0.642521 0.830359 0.6320209999999999 0.828937 0.6282080000000001 0.818187 0.617708 0.8088749999999999 0.60625 0.8038589999999999 0.59575 0.783094 0.568042 0.765188 0.5747289999999999 0.7609060000000001 0.5842919999999999 0.779516 0.604333 0.796703 0.6329790000000001 0.8146089999999999 0.6387079999999999 0.837531 0.674042 1 0.8726459999999999
72 0.615484 0.407292 0.544969 0.326229 0.542531 0.335146 0.612453 0.41539600000000004 0.6082029999999999 0.430792 0.618531 0.454313 0.642234 0.457542 0.642844 0.438896 0.615484 0.407292
72 0.485703 0.402521 0.495437 0.398479 0.489953 0.383896 0.487531 0.3855 0.454703 0.30931200000000003 0.449828 0.310937 0.449234 0.31416700000000003 0.482672 0.39685400000000004 0.485703 0.402521
72 0.833141 0.258562 0.8305939999999999 0.228042 0.8289059999999999 0.215604 0.833141 0.14097900000000002 0.841625 0.13758299999999998 0.840781 0.112708 0.833141 0.104792 0.8263590000000001 0.12402099999999999 0.813641 0.21106299999999997 0.8085470000000001 0.241604 0.797531 0.243854 0.787359 0.396479 0.813641 0.415708 0.820422 0.394229 0.831453 0.285687 0.833141 0.258562
77 0.888922 0.049124999999999995 0.918609 0.046875 0.925391 0.0344375 0.9491250000000001 0.027645799999999998 0.962703 0.0513958 0.9991559999999999 0.049124999999999995 0.998312 0.015208300000000001 0.959297 0.0005208333333333333 0.760891 0.002770829166666667 0.761734 0.048 0.816844 0.048 0.888922 0.049124999999999995