22 0.734234 0.703407 0.733656 0.711551 0.735953 0.719695 0.742844 0.723767 0.743422 0.723767 0.744563 0.715623 0.744563 0.70036 0.744563 0.680028 0.748578 0.651524 0.750875 0.637285 0.750875 0.630166 0.748 0.624072 0.742266 0.624072 0.738828 0.61795 0.73825 0.610831 0.73825 0.598643 0.750297 0.595596 0.759484 0.593546 0.782438 0.587452 0.782438 0.578283 0.781859 0.572188 0.77325 0.562022 0.762922 0.55795 0.745719 0.564044 0.740547 0.564044 0.730219 0.522327 0.730219 0.498947 0.727922 0.486731 0.719313 0.478587 0.709562 0.471468 0.702109 0.470471 0.696359 0.472493 0.688906 0.474515 0.683172 0.47656499999999996 0.676859 0.482659 0.675703 0.518283 0.678578 0.545734 0.684891 0.573213 0.686031 0.585402 0.688328 0.592521 0.691203 0.592521 0.701531 0.592521 0.708984 0.593546 0.714156 0.595596 0.721609 0.596593 0.731359 0.604737 0.733656 0.605762 0.735953 0.613906 0.737672 0.626094 0.736531 0.631191 0.734234 0.63626 0.733094 0.641357 0.733656 0.650526 0.733656 0.662715 0.733656 0.673906 0.734234 0.686122 0.734234 0.703407
22 0.0629844 0.565817 0.0779531 0.672853 0.0844375 0.7232689999999999 0.0804531 0.8391409999999999 0.0829375 0.8426870000000001 0.0894375 0.737424 0.10839099999999999 0.7321049999999999 0.11139099999999999 0.8338500000000001 0.116375 0.834737 0.110891 0.725042 0.125859 0.7232689999999999 0.12884400000000001 0.8223550000000001 0.13184400000000002 0.8205819999999999 0.130344 0.707341 0.140828 0.702936 0.155297 0.68964 0.141328 0.637479 0.125859 0.637479 0.126359 0.625097 0.11737500000000001 0.632161 0.09842189999999999 0.622438 0.0919375 0.574654 0.0709687 0.585291 0.0679844 0.566704 0.0629844 0.565817
22 0.012125 0.50108 0 0.503213 0.00121875 0.784958 0.0133437 0.784958 0.024265600000000002 0.834404 0.0351719 0.8172020000000001 0.023046900000000002 0.769889 0.025468800000000003 0.7161219999999999 0.041249999999999995 0.50108 0.0060625 0.494626 0.012125 0.50108
50 0.240828 0.9820220000000001 0.669266 0.984266 0.671812 0.849446 0.669266 0.6719109999999999 0.6515310000000001 0.5842660000000001 0.624906 0.50338 0.600828 0.476399 0.5374380000000001 0.449446 0.5653279999999999 0.31011099999999997 0.566594 0.24268699999999999 0.552656 0.11684200000000002 0.528578 0.06290860110803324 0.493078 0.024709099722991693 0.444906 0.04044319944598338 0.405625 0.107867 0.384063 0.211247 0.380266 0.321357 0.382797 0.42695299999999997 0.25857800000000003 0.5056229999999999 0.133094 0.721357 0.14196899999999998 0.858421 0.122953 0.9483099999999999 0.129297 0.984266 0.240828 0.9820220000000001
26 0.9205 0.66144 0.925094 0.6591969999999999 0.926484 0.604654 0.928266 0.601911 0.9281090000000001 0.574377 0.9227190000000001 0.5708030000000001 0.9164220000000001 0.569889 0.915906 0.576898 0.9138439999999999 0.577729 0.9133749999999999 0.569584 0.9045 0.570166 0.9002190000000001 0.572964 0.899656 0.601662 0.901219 0.6072299999999999 0.901375 0.6578120000000001 0.9100630000000001 0.66144 0.9205 0.66144
12 0.7341249999999999 0.618504 0.711219 0.620028 0.712422 0.627036 0.734469 0.6267309999999999 0.7341249999999999 0.618504
12 0.733906 0.633075 0.733313 0.6273960000000001 0.7099840000000001 0.627673 0.710422 0.634127 0.733906 0.633075
13 0.9220940000000001 0.521579 0.9109999999999999 0.52036 0.910313 0.52374 0.9094530000000001 0.536316 0.906328 0.546759 0.906156 0.555983 0.9068440000000001 0.56856 0.9108280000000001 0.57072 0.922953 0.57072 0.926766 0.5676450000000001 0.926594 0.539695 0.920187 0.529861 0.920359 0.524958 0.9220940000000001 0.521579
23 0.195547 0.45750700000000005 0.187812 0.46789500000000006 0.184703 0.479169 0.184531 0.49199400000000004 0.187281 0.508781 0.194516 0.530166 0.197797 0.533518 0.20760900000000002 0.537479 0.214328 0.533823 0.22276600000000002 0.524044 0.22671899999999998 0.505429 0.226547 0.48742399999999997 0.219828 0.46972300000000006 0.21035900000000002 0.458726 0.201063 0.454765 0.195547 0.45750700000000005
78 0.230391 0.5302490000000001 0.24940600000000002 0.524044 0.251422 0.508061 0.246406 0.46723 0.23139099999999999 0.46501400000000004 0.23139099999999999 0.5262600000000001 0.230391 0.5302490000000001
12 0.720859 0.590886 0.710359 0.594377 0.693969 0.589141 0.689047 0.596122 0.689375 0.607756 0.718562 0.610637 0.720859 0.590886
12 0.818484 0.599169 0.815281 0.59349 0.775734 0.587812 0.7664839999999999 0.604238 0.7664839999999999 0.614321 0.767906 0.614321 0.812797 0.617479 0.818484 0.599169
27 1 0.959418 0.722125 0.7626320000000001 0.666859 0.77856 0.66875 0.804515 0.6697029999999999 0.8245979999999999 0.672531 0.8572580000000001 0.673953 0.891607 0.673953 0.9301109999999999 0.669234 0.9987809999999999 1 0.9996120000000001 1 0.959418