13 0.7849999999999999 0.687625 0.783188 0.762146 0.784219 0.797229 0.799484 0.8106880000000001 0.805953 0.804813 0.8222659999999999 0.8034370000000001 0.8266560000000001 0.794458 0.832359 0.793438 0.8331250000000001 0.691187 0.817094 0.6705 0.817094 0.643937 0.8139839999999999 0.638521 0.805188 0.6388750000000001 0.800781 0.643021 0.801812 0.642771 0.801562 0.666937 0.7849999999999999 0.687625
13 0.7657499999999999 0.7926040000000001 0.771359 0.794729 0.783125 0.794479 0.782859 0.753646 0.784609 0.707187 0.785062 0.686458 0.795234 0.674417 0.797875 0.6714789999999999 0.7969839999999999 0.667396 0.794531 0.662583 0.791469 0.659542 0.7874220000000001 0.656146 0.784438 0.655208 0.7854059999999999 0.6365 0.786281 0.635083 0.78725 0.632292 0.7874220000000001 0.626896 0.7863749999999999 0.623042 0.7717970000000001 0.6234999999999999 0.770922 0.627146 0.771188 0.632521 0.772859 0.6363749999999999 0.772062 0.6547499999999999 0.767594 0.6574380000000001 0.7627659999999999 0.661188 0.7590779999999999 0.665042 0.7561880000000001 0.673229 0.756094 0.6862290000000001 0.756094 0.716875 0.756016 0.752812 0.7552190000000001 0.783021 0.759687 0.788646 0.7657499999999999 0.7926040000000001
53 0.010109400000000001 0.9286460000000001 0.0387656 0.901687 0.0825781 0.841021 0.106187 0.789333 0.161797 0.780333 0.146625 0.353375 0.0016875000000000002 0.35112499999999996 0.010109400000000001 0.9286460000000001
79 0.7552190000000001 0.787771 0.7552190000000001 0.78325 0.750687 0.7777080000000001 0.745781 0.7751870000000001 0.747672 0.726417 0.758984 0.659042 0.755969 0.654521 0.744656 0.651 0.7352339999999999 0.6505 0.728062 0.6519999999999999 0.725047 0.6585420000000001 0.728062 0.669104 0.737109 0.730938 0.736359 0.746042 0.736359 0.759604 0.735609 0.773687 0.728812 0.7777080000000001 0.727688 0.78325 0.731453 0.787771 0.731453 0.789771 0.747297 0.791292 0.7552190000000001 0.787771
79 0.717078 0.7594580000000001 0.706547 0.7718539999999999 0.728859 0.775146 0.733187 0.7718539999999999 0.726375 0.764417 0.726375 0.722271 0.731328 0.68425 0.738766 0.6478959999999999 0.728859 0.639625 0.709016 0.64375 0.709016 0.6478959999999999 0.719562 0.725562 0.717078 0.7594580000000001
48 0.46348399999999995 0.671917 0.46854699999999994 0.6404580000000001 0.480344 0.622479 0.487078 0.620229 0.507297 0.622479 0.529219 0.658417 0.535953 0.6988749999999999 0.5511250000000001 0.6988749999999999 0.552813 0.6539370000000001 0.541016 0.6404580000000001 0.564609 0.60675 0.5696559999999999 0.6 0.5898909999999999 0.5887709999999999 0.6 0.5887709999999999 0.621906 0.6089789999999999 0.6320159999999999 0.626958 0.630344 0.676396 0.626969 0.6921250000000001 0.653937 0.676396 0.667422 0.559542 0.579781 0.505625 0.5545 0.512354 0.5545 0.559542 0.552813 0.591021 0.505625 0.59775 0.419656 0.615729 0.39437500000000003 0.6651670000000001 0.39775 0.737083 0.433141 0.734833 0.44157799999999997 0.737083 0.460109 0.730333 0.46348399999999995 0.671917
58 0.375844 0.8528749999999999 0.386203 0.8290209999999999 0.386203 0.808938 0.401266 0.800146 0.426687 0.800146 0.43139099999999997 0.821479 0.417266 0.844083 0.481297 0.835292 0.43985900000000006 0.744896 0.428562 0.737375 0.307109 0.7562079999999999 0.292984 0.771271 0.295812 0.797625 0.300516 0.866667 0.375844 0.8528749999999999
58 0.228016 0.776292 0.22143799999999997 0.772521 0.154578 0.772521 0.10090599999999998 0.782562 0.0707812 0.871708 0.0679531 0.894292 0.266625 0.872958 0.271328 0.867938 0.275094 0.816458 0.24403100000000003 0.787583 0.228016 0.776292
14 0.160828 0.17066699999999999 0.169594 0.178458 0.179812 0.18235400000000002 0.193687 0.18333300000000002 0.217062 0.18625 0.22875 0.18625 0.239703 0.172625 0.23385899999999998 0.16579200000000002 0.226562 0.159958 0.19660899999999998 0.158 0.17178100000000002 0.156062 0.162281 0.15704200000000001 0.160828 0.17066699999999999
14 0.545906 0.634 0.544156 0.641312 0.555344 0.70425 0.564797 0.706021 0.56325 0.628146 0.551625 0.629604 0.545906 0.634
14 0.607391 0.659771 0.608703 0.708354 0.616828 0.706896 0.619016 0.696354 0.626703 0.648062 0.625828 0.636938 0.605406 0.626104 0.602328 0.628437 0.602328 0.651271 0.607391 0.659771
43 0.481438 0.45099999999999996 0.5667340000000001 0.492458 0.565937 0.477583 0.564344 0.30856300000000003 0.553984 0.304312 0.475047 0.317062 0.481438 0.45099999999999996
78 0.35979700000000003 0.193333 0.35979700000000003 0.183625 0.351469 0.13874999999999998 0.342438 0.115146 0.333766 0.11791700000000001 0.32128100000000004 0.183167 0.32267199999999996 0.19056199999999998 0.35979700000000003 0.193333
78 0.398781 0.123604 0.397609 0.12025 0.391797 0.129021 0.388891 0.139375 0.386172 0.142208 0.382109 0.14168799999999998 0.377453 0.147125 0.376297 0.155646 0.378234 0.163417 0.380172 0.174 0.379969 0.18485400000000002 0.379578 0.19131199999999998 0.379969 0.194167 0.41718700000000003 0.195208 0.41718700000000003 0.185896 0.413906 0.170125 0.409047 0.15075 0.40575 0.134708 0.40498399999999996 0.127229 0.406344 0.123604 0.406344 0.12050000000000001 0.400516 0.121542 0.398781 0.123604