50 0.643359 0.566549 0.643359 0.5755399999999999 0.647203 0.574272 0.648062 0.562066 0.6484840000000001 0.556268 0.646781 0.551127 0.645062 0.544718 0.642922 0.546643 0.642922 0.551127 0.642062 0.553709 0.6395 0.559484 0.642922 0.5659150000000001 0.643359 0.566549
50 0.551422 0.8874650000000001 0.552172 0.889155 0.552937 0.890869 0.55975 0.890305 0.556719 0.885188 0.557859 0.873239 0.562766 0.866432 0.5605 0.859601 0.560125 0.8573240000000001 0.560875 0.8510800000000001 0.56125 0.8425590000000001 0.55975 0.825516 0.5605 0.821526 0.563531 0.811854 0.56125 0.808451 0.558234 0.807324 0.5540309999999999 0.8135680000000001 0.552219 0.829601 0.548984 0.8357979999999999 0.553687 0.839343 0.551766 0.8443189999999999 0.550953 0.850399 0.5519689999999999 0.856197 0.5600780000000001 0.865329 0.5600780000000001 0.867465 0.554203 0.865329 0.552172 0.872347 0.553797 0.874484 0.555406 0.878732 0.550344 0.877512 0.545078 0.89061 0.548719 0.900047 0.551422 0.8874650000000001
50 0.385766 0.915728 0.386375 0.915117 0.386375 0.913286 0.385969 0.910235 0.383328 0.909624 0.387797 0.908099 0.38881299999999996 0.908709 0.38881299999999996 0.913286 0.386578 0.916948 0.385156 0.921831 0.385156 0.926408 0.386375 0.9285450000000001 0.389219 0.933427 0.393484 0.939225 0.386375 0.952981 0.387188 0.955423 0.389016 0.955423 0.39043700000000003 0.959085 0.393484 0.959085 0.393281 0.95115 0.398766 0.944718 0.400594 0.939225 0.399375 0.932817 0.398344 0.918685 0.39807800000000004 0.9147649999999999 0.398344 0.9096709999999999 0.398609 0.9096709999999999 0.400953 0.9120189999999999 0.40642199999999995 0.9174880000000001 0.407469 0.919859 0.40981199999999995 0.9194599999999999 0.411906 0.91554 0.407984 0.9120189999999999 0.403562 0.905751 0.400422 0.898685 0.401734 0.895962 0.402516 0.895164 0.40225 0.889671 0.399125 0.885775 0.39540600000000004 0.8863150000000001 0.394547 0.888545 0.393688 0.8889199999999999 0.391953 0.890399 0.391094 0.894296 0.385062 0.899906 0.378188 0.910211 0.384625 0.917324 0.385766 0.915728
50 0.280422 0.913498 0.279953 0.908075 0.28234400000000004 0.900516 0.288109 0.8922300000000001 0.29578099999999996 0.917089 0.302031 0.912042 0.298672 0.909883 0.295312 0.890047 0.290266 0.879953 0.291703 0.874906 0.2905 0.8691549999999999 0.29218700000000003 0.861221 0.3025 0.875282 0.303938 0.870235 0.291703 0.8550939999999999 0.29506299999999996 0.8413849999999999 0.289547 0.8370660000000001 0.284984 0.844272 0.281141 0.845352 0.282594 0.8493189999999999 0.278266 0.864812 0.280422 0.870235 0.279953 0.880329 0.280906 0.891502 0.27514099999999997 0.906995 0.277547 0.913498 0.280422 0.913498
50 0.958 0.7756339999999999 0.957797 0.780211 0.96125 0.781127 0.9632809999999999 0.7829579999999999 0.964906 0.782042 0.965719 0.766784 0.966531 0.762512 0.9681559999999999 0.762207 0.9695779999999999 0.773498 0.966734 0.7756339999999999 0.972438 0.77838 0.970813 0.763427 0.9712189999999999 0.750305 0.9695779999999999 0.746948 0.9695779999999999 0.741127 0.9775159999999999 0.7536619999999999 0.978328 0.751831 0.970203 0.736244 0.965516 0.735023 0.964906 0.727394 0.9647030000000001 0.725869 0.963078 0.725563 0.962063 0.727089 0.960844 0.729531 0.9626720000000001 0.733498 0.962266 0.734413 0.959422 0.734718 0.9590159999999999 0.735634 0.955359 0.735634 0.9521089999999999 0.738991 0.947641 0.7380749999999999 0.947031 0.741127 0.959219 0.741432 0.960844 0.743568 0.961453 0.752746 0.9626720000000001 0.757934 0.9626720000000001 0.77716 0.960234 0.7768539999999999 0.958 0.7756339999999999
50 0.910359 0.748615 0.911891 0.731808 0.9144059999999999 0.723638 0.9202809999999999 0.721315 0.9197190000000001 0.717535 0.915813 0.716901 0.916234 0.7125119999999999 0.913297 0.709343 0.910641 0.7114550000000001 0.9107810000000001 0.716901 0.909516 0.7181690000000001 0.907141 0.728239 0.9060309999999999 0.730141 0.9065939999999999 0.748615 0.903937 0.7557510000000001 0.9068590000000001 0.756385 0.910359 0.748615
50 0.554922 0.878474 0.548844 0.867254 0.547438 0.859531 0.554922 0.864437 0.560047 0.865845 0.5516409999999999 0.85392 0.552578 0.8490139999999999 0.552578 0.8384980000000001 0.549312 0.8363849999999999 0.546516 0.8384980000000001 0.528766 0.864437 0.5301720000000001 0.867254 0.540438 0.85392 0.540906 0.857418 0.5367029999999999 0.87777 0.541844 0.885469 0.540438 0.900211 0.538578 0.9142250000000001 0.541844 0.9142250000000001 0.542312 0.899507 0.545109 0.877066 0.554922 0.878474
50 0.639656 0.8923 0.644203 0.897746 0.649656 0.9182159999999999 0.649656 0.914131 0.6487499999999999 0.8841079999999999 0.6523749999999999 0.844554 0.649656 0.8404459999999999 0.646016 0.8227230000000001 0.6414839999999999 0.824085 0.63875 0.841831 0.63875 0.854108 0.639656 0.870469 0.633312 0.882746 0.633312 0.899108 0.6342190000000001 0.926408 0.6378440000000001 0.926408 0.639656 0.8923
50 0.765969 0.508545 0.7655000000000001 0.5047889999999999 0.7645310000000001 0.49713599999999997 0.763375 0.492653 0.760875 0.491643 0.758953 0.495986 0.7605000000000001 0.499742 0.7604059999999999 0.505798 0.765969 0.508545
11 0.907875 0.502606 0.911344 0.508099 0.9347030000000001 0.505352 0.937547 0.49497699999999994 0.931453 0.48368500000000003 0.930438 0.494366 0.9227190000000001 0.494671 0.908078 0.495282 0.9032030000000001 0.503216 0.907875 0.502606
11 0.765688 0.507394 0.759953 0.505822 0.756297 0.505822 0.753422 0.510141 0.7495160000000001 0.504648 0.7471720000000001 0.37615000000000004 0.74325 0.376925 0.744047 0.438826 0.745859 0.498779 0.732297 0.498779 0.713266 0.492512 0.713 0.493685 0.719781 0.500329 0.718484 0.514836 0.7156089999999999 0.520329 0.7169220000000001 0.529343 0.715875 0.5336380000000001 0.76725 0.53169 0.767516 0.52385 0.770375 0.5195310000000001 0.770125 0.511315 0.765688 0.507394
11 0.678172 0.45593900000000004 0.680187 0.454789 0.680859 0.452629 0.680375 0.45060999999999996 0.678453 0.450164 0.677391 0.447864 0.675578 0.44699500000000003 0.669609 0.44828599999999996 0.666922 0.451033 0.664906 0.453192 0.661438 0.45060999999999996 0.660094 0.449437 0.658938 0.451033 0.659328 0.457676 0.67875 0.458685 0.678172 0.45593900000000004
11 0.6484219999999999 0.463592 0.6464529999999999 0.457066 0.6448750000000001 0.460023 0.632625 0.463005 0.6235310000000001 0.451714 0.615219 0.453498 0.612453 0.45054 0.608906 0.460634 0.589922 0.460023 0.584391 0.464202 0.578859 0.461808 0.57925 0.474883 0.586766 0.474296 0.590328 0.470117 0.599812 0.464789 0.604547 0.46716 0.604953 0.474296 0.6448750000000001 0.474883 0.6484219999999999 0.463592
11 0.360516 0.499225 0.36160899999999996 0.523826 0.389609 0.526549 0.455078 0.527089 0.512188 0.5221830000000001 0.512906 0.51946 0.514375 0.507418 0.514375 0.500329 0.502734 0.502512 0.48235900000000004 0.506338 0.473625 0.507981 0.47000000000000003 0.5036149999999999 0.47000000000000003 0.496502 0.463078 0.49375600000000003 0.436891 0.498685 0.398703 0.498146 0.37942200000000004 0.498685 0.379062 0.507418 0.36524999999999996 0.5036149999999999 0.360516 0.499225
11 0.543844 0.470235 0.5461090000000001 0.467254 0.546406 0.462981 0.54725 0.457042 0.552063 0.438732 0.554047 0.433192 0.552641 0.431479 0.544422 0.450211 0.541578 0.457465 0.538188 0.454484 0.538188 0.45234700000000005 0.537047 0.451502 0.532516 0.451502 0.527984 0.45063400000000003 0.5271250000000001 0.44554 0.524859 0.44554 0.523156 0.438732 0.521172 0.364225 0.521172 0.361667 0.518062 0.362089 0.518906 0.413169 0.518625 0.45277 0.517781 0.45277 0.515797 0.451502 0.51325 0.450211 0.508984 0.44978900000000005 0.5078590000000001 0.451502 0.505594 0.45234700000000005 0.505031 0.454484 0.496516 0.453615 0.489438 0.453615 0.49000000000000005 0.35868500000000003 0.487172 0.356972 0.486031 0.373146 0.48575 0.45277 0.48490599999999995 0.45277 0.48235900000000004 0.45277 0.47839099999999996 0.45063400000000003 0.472438 0.44978900000000005 0.46676599999999996 0.45108 0.466203 0.451502 0.465344 0.453192 0.463938 0.45831 0.465062 0.46511699999999995 0.46989099999999995 0.46894399999999997 0.471297 0.470235 0.475547 0.471502 0.47725 0.473638 0.488594 0.474061 0.544141 0.47192500000000004 0.543844 0.470235
11 0.379531 0.448192 0.38281200000000004 0.474836 0.38654700000000003 0.489554 0.43135899999999994 0.489554 0.480844 0.48816899999999996 0.481766 0.470634 0.468234 0.468521 0.416422 0.466408 0.413156 0.354202 0.410813 0.46502299999999996 0.400547 0.467817 0.38887499999999997 0.458005 0.379531 0.448192
11 0.635125 0.44377900000000003 0.639391 0.44377900000000003 0.6448750000000001 0.44286400000000004 0.653406 0.442254 0.662156 0.44072799999999995 0.666219 0.44072799999999995 0.665609 0.425751 0.663172 0.42392 0.6564530000000001 0.42331 0.654625 0.421479 0.654219 0.417817 0.653813 0.415986 0.6523909999999999 0.41354500000000005 0.6511720000000001 0.41354500000000005 0.649953 0.417512 0.649953 0.419648 0.650766 0.420563 0.649547 0.423005 0.641422 0.422394 0.632484 0.421479 0.632484 0.42852100000000004 0.632891 0.44438999999999995 0.635125 0.44377900000000003
66 0.0320781 0.806761 0.028718700000000003 0.806573 0.0127031 0.8261740000000001 0.0124531 0.830634 0.0187812 0.831995 0.020593800000000002 0.8298589999999999 0.0345312 0.811408 0.0320781 0.806761
50 0.0368281 0.8239439999999999 0.0407344 0.821995 0.0420469 0.811244 0.0413906 0.80831 0.040093699999999996 0.801455 0.0335781 0.794601 0.0270625 0.786784 0.0225 0.7887320000000001 0.025109399999999997 0.7955869999999999 0.0309687 0.797535 0.029015600000000003 0.80439 0.0283594 0.812207 0.031625 0.80831 0.0355313 0.810258 0.0329219 0.815141 0.031625 0.821995 0.0355313 0.825915 0.0368281 0.8239439999999999
50 0.334297 0.445681 0.334203 0.447676 0.33456199999999997 0.449155 0.334391 0.450469 0.33393700000000004 0.451549 0.333594 0.45234700000000005 0.334656 0.453404 0.33625 0.45354500000000003 0.33731300000000003 0.453005 0.337484 0.452207 0.337484 0.45140800000000003 0.336594 0.449812 0.336328 0.445822 0.334297 0.445681
11 0.53275 0.47166699999999995 0.529531 0.471901 0.528141 0.491502 0.5221560000000001 0.49011699999999997 0.520625 0.489671 0.521703 0.473756 0.516016 0.474437 0.504188 0.500047 0.504188 0.501197 0.516625 0.500962 0.515094 0.508122 0.540422 0.509038 0.5455 0.495211 0.543344 0.495211 0.532438 0.49497699999999994 0.53275 0.47166699999999995
11 0 0.50446 0.0097031203125 0.503169 0.050687499999999996 0.502958 0.10118799999999999 0.49934300000000004 0.104594 0.497418 0.11296900000000001 0.457371 0.11423399999999999 0.44777 0.114953 0.44415499999999997 0.114953 0.439671 0.11054699999999999 0.435423 0.09196879999999999 0.4077 0.0775 0.37723 0.06643750000000001 0.35061 0.06643750000000001 0.343146 0.0652969 0.33908499999999997 0.061750000000000006 0.33974200000000004 0.0623281 0.36551599999999995 0.06289059999999999 0.398756 0.06275 0.408357 0.06275 0.440094 0.0644531 0.469296 0.0577812 0.474624 0.0451562 0.479108 0.005875 0.478239 0.0043124999999999995 0.47845099999999996 0.0013281203125 0.481667 0.00020312500000000002 0.48420199999999997 0 0.49061000000000005 0 0.497418 0 0.50446
11 0.32589100000000004 0.44328599999999996 0.3265 0.438427 0.324656 0.436338 0.320187 0.43565699999999996 0.316656 0.437958 0.318187 0.44328599999999996 0.32589100000000004 0.44328599999999996
11 0.6055159999999999 0.47758199999999995 0.605891 0.470399 0.602203 0.466549 0.599266 0.465423 0.595953 0.46708900000000003 0.588609 0.46985899999999997 0.586766 0.47758199999999995 0.588609 0.47814599999999996 0.600734 0.47758199999999995 0.6055159999999999 0.47758199999999995
66 0.951516 0.782887 0.961922 0.785211 0.9881719999999999 0.778826 0.985078 0.774765 0.9785159999999999 0.777089 0.9742810000000001 0.777089 0.9684839999999999 0.778826 0.965406 0.7782629999999999 0.965016 0.781737 0.96 0.7799999999999999 0.956141 0.779413 0.949969 0.7799999999999999 0.951516 0.782887