18 0.590062 0.490424 0.589531 0.505506 0.589531 0.521388 0.597922 0.520988 0.599812 0.520988 0.600078 0.526282 0.628484 0.523835 0.629031 0.529953 0.634719 0.530353 0.634984 0.526282 0.637156 0.524659 0.636344 0.500612 0.625781 0.470047 0.594391 0.47047100000000003 0.590062 0.490424
16 0.260328 0.373153 0.264188 0.436376 0.265469 0.553835 0.26846899999999996 0.6216 0.279609 0.626118 0.280906 0.646118 0.32075 0.635788 0.32375 0.626118 0.36575 0.6216 0.366187 0.626753 0.37775 0.625459 0.379891 0.622894 0.382031 0.636447 0.412891 0.632565 0.426609 0.622894 0.426609 0.609341 0.434312 0.6041650000000001 0.433891 0.586753 0.434312 0.551906 0.433469 0.542871 0.426609 0.40927100000000005 0.420172 0.304729 0.394469 0.282141 0.391031 0.276353 0.321609 0.27828200000000003 0.264188 0.286024 0.261609 0.292471 0.260328 0.373153
50 0.7261409999999999 0.42207100000000003 0.724078 0.42207100000000003 0.714797 0.423624 0.705516 0.426729 0.6993280000000001 0.428282 0.683859 0.44381200000000004 0.684891 0.454682 0.678719 0.490376 0.6797500000000001 0.501247 0.6776869999999999 0.512118 0.674594 0.515224 0.6715 0.5323060000000001 0.669438 0.544729 0.6715 0.571106 0.6715 0.605271 0.668406 0.625459 0.669438 0.648729 0.676656 0.6642589999999999 0.676656 0.7015290000000001 0.6776869999999999 0.738776 0.6776869999999999 0.765176 0.681797 0.7931290000000001 0.6921090000000001 0.858329 0.700359 0.881624 0.708609 0.889388 0.710672 0.887835 0.710672 0.878518 0.704484 0.849012 0.697266 0.816424 0.695203 0.765176 0.686953 0.7263759999999999 0.683859 0.693765 0.693141 0.6363289999999999 0.698297 0.599059 0.710672 0.583529 0.714797 0.560235 0.708609 0.5292 0.7178910000000001 0.490376 0.7178910000000001 0.47795299999999996 0.718922 0.470188 0.720984 0.460894 0.729234 0.45157600000000003 0.733359 0.439153 0.731297 0.429835 0.7261409999999999 0.42207100000000003
50 0.509531 0.576094 0.512906 0.575718 0.512656 0.572588 0.5134369999999999 0.565929 0.516281 0.569059 0.519656 0.572588 0.5251089999999999 0.574918 0.524328 0.569059 0.5227809999999999 0.565929 0.5191410000000001 0.562424 0.515766 0.558518 0.513687 0.5530349999999999 0.518891 0.5464 0.520188 0.540918 0.5207029999999999 0.531529 0.519656 0.523718 0.517062 0.513553 0.516547 0.506918 0.5155160000000001 0.49830599999999997 0.510313 0.4944 0.5085 0.495176 0.506156 0.501035 0.505906 0.506518 0.5085 0.512776 0.506687 0.515906 0.503313 0.524894 0.502266 0.5284 0.502266 0.537388 0.503313 0.541694 0.507203 0.545224 0.5085 0.549906 0.509016 0.5545880000000001 0.507984 0.5675060000000001 0.509531 0.576094
50 0.21185900000000002 0.595906 0.215172 0.5896 0.21318800000000002 0.586282 0.21296900000000002 0.572353 0.210766 0.568047 0.215609 0.557082 0.21164100000000002 0.538188 0.205687 0.535529 0.207234 0.523576 0.197766 0.523906 0.197328 0.535859 0.19534400000000002 0.536847 0.190938 0.5398350000000001 0.187188 0.573341 0.19225 0.5760000000000001 0.194672 0.544824 0.196 0.580965 0.197766 0.607506 0.20370300000000002 0.606518 0.203484 0.633718 0.21296900000000002 0.627741 0.21164100000000002 0.6234350000000001 0.21185900000000002 0.595906
50 0.10239100000000001 0.6099530000000001 0.102109 0.5984470000000001 0.11003099999999999 0.578024 0.110594 0.5520470000000001 0.102109 0.5375759999999999 0.10409399999999999 0.522235 0.10070300000000001 0.517976 0.0964531 0.516706 0.0927813 0.5184 0.0896719 0.525224 0.0916562 0.535859 0.0916562 0.538 0.0902344 0.540118 0.0848594 0.547365 0.0910781 0.563976 0.087125 0.576729 0.0842969 0.577176 0.0888281 0.597176 0.0868437 0.600588 0.0868437 0.6435759999999999 0.0893906 0.655082 0.0893906 0.656776 0.09418750000000001 0.659341 0.0967344 0.652941 0.0975938 0.652094 0.0975938 0.647835 0.10239100000000001 0.6099530000000001
50 0.770937 0.561694 0.793484 0.527741 0.775891 0.48715300000000006 0.751687 0.4416 0.731328 0.449882 0.718141 0.46729400000000004 0.713187 0.505388 0.724734 0.522776 0.731891 0.544306 0.739578 0.588212 0.748391 0.616376 0.770937 0.562541 0.770937 0.561694
50 0.723156 0.620118 0.721297 0.657647 0.726906 0.719576 0.730641 0.741176 0.731891 0.814353 0.73625 0.9232 0.7755 0.934447 0.764906 0.744918 0.773641 0.669859 0.754938 0.6820470000000001 0.739359 0.6679759999999999 0.728766 0.6182590000000001 0.726281 0.616376 0.723156 0.620118
50 0.3865 0.9887530000000001 0.5237809999999999 0.986518 0.547672 0.966282 0.583484 0.840447 0.543187 0.719106 0.476031 0.674165 0.42828099999999997 0.701129 0.385 0.7572939999999999 0.370078 0.874165 0.387984 0.984259 0.3865 0.9887530000000001
50 0.0818281 0.6759290000000001 0.0917188 0.671788 0.090625 0.666824 0.0834688 0.615459 0.0884219 0.603035 0.0845781 0.579859 0.0889687 0.5732240000000001 0.0917188 0.562447 0.0829219 0.545059 0.0730313 0.529318 0.0697187 0.524353 0.06478120000000001 0.5318120000000001 0.076875 0.569082 0.0812812 0.579859 0.079625 0.6204240000000001 0.0812812 0.679247 0.0818281 0.6759290000000001
50 0.238797 0.545318 0.23948399999999997 0.5515760000000001 0.23948399999999997 0.5592239999999999 0.237875 0.564776 0.240187 0.580071 0.239953 0.592565 0.24110900000000002 0.611671 0.24064100000000002 0.6161880000000001 0.24295300000000003 0.618282 0.245953 0.617576 0.250094 0.6148 0.250094 0.610988 0.24825 0.602306 0.24895299999999998 0.593976 0.249641 0.583553 0.251953 0.577294 0.251953 0.572447 0.253797 0.5637409999999999 0.25309400000000004 0.550212 0.252875 0.539435 0.252875 0.531106 0.250563 0.522753 0.24571900000000002 0.517553 0.240187 0.519976 0.23948399999999997 0.526918 0.23971900000000002 0.537341 0.238797 0.545318
50 0.462906 0.560706 0.46525 0.560706 0.467078 0.547388 0.468891 0.5450349999999999 0.469672 0.5348470000000001 0.468375 0.528188 0.468109 0.521529 0.465766 0.514471 0.46421900000000005 0.508212 0.45953099999999997 0.507435 0.45953099999999997 0.5156470000000001 0.456141 0.525459 0.45562500000000006 0.530141 0.461094 0.547788 0.460047 0.550918 0.461344 0.560329 0.462906 0.560706
18 0.761703 0.383435 0.7501559999999999 0.389859 0.742891 0.398871 0.742469 0.409176 0.752734 0.41240000000000004 0.762563 0.411765 0.77625 0.411765 0.785656 0.404682 0.786937 0.399529 0.786078 0.392447 0.783094 0.39178799999999997 0.779234 0.39115300000000003 0.772391 0.386 0.761703 0.383435
50 0.9237500000000001 0.482494 0.931688 0.49160000000000004 0.946406 0.474541 0.9615 0.46204700000000004 0.9671559999999999 0.45350599999999996 0.958859 0.425671 0.949797 0.40748199999999996 0.943 0.403506 0.923 0.406353 0.911297 0.414306 0.9048909999999999 0.425671 0.902234 0.43531800000000004 0.8995939999999999 0.45237600000000006 0.9131880000000001 0.464894 0.9237500000000001 0.482494
50 0.750297 0.615576 0.731328 0.553247 0.722703 0.532471 0.714078 0.503906 0.710641 0.527271 0.741688 0.6701410000000001 0.752031 0.685718 0.772734 0.672729 0.765828 0.758447 0.767547 0.836353 0.777906 0.909082 0.779625 0.932471 0.783078 0.929859 0.821016 0.924682 0.8313749999999999 0.872729 0.812406 0.849341 0.821016 0.758447 0.789969 0.581812 0.8037810000000001 0.522071 0.776172 0.545459 0.750297 0.615576
50 0.189984 0.5604 0.14114100000000002 0.579482 0.168281 0.655765 0.18275 0.6476000000000001 0.17732799999999999 0.644871 0.184563 0.601271 0.189984 0.5604
50 0.05101560000000001 0.6907289999999999 0.0547969 0.689318 0.0566875 0.6921649999999999 0.0755625 0.6914589999999999 0.074625 0.681506 0.0755625 0.674376 0.07651559999999999 0.636706 0.0755625 0.611129 0.0741563 0.596918 0.0736719 0.5819759999999999 0.0732031 0.563506 0.0689531 0.545012 0.0637656 0.532212 0.0628281 0.520847 0.0585781 0.516588 0.0538594 0.518 0.0491406 0.5265409999999999 0.051500000000000004 0.5308 0.052437500000000005 0.5407529999999999 0.055734399999999996 0.5436 0.05337499999999999 0.55 0.0519687 0.569176 0.0448906 0.573459 0.047718699999999996 0.589788 0.0538594 0.592635 0.055265600000000005 0.602588 0.0538594 0.6317410000000001 0.056218699999999996 0.675106 0.0486562 0.687882 0.05101560000000001 0.6907289999999999