13 0.567523 0.381281 0.521425 0.373828 0.486472 0.381281 0.494416 0.432297 0.494416 0.433359 0.561168 0.436547 0.567523 0.381281
13 0.499182 0.470563 0.534136 0.4694999999999999 0.550047 0.43973399999999996 0.491238 0.437609 0.497593 0.467375 0.499182 0.470563
13 0.16163599999999997 0.501422 0.17088799999999998 0.49524999999999997 0.1875 0.49524999999999997 0.205981 0.492781 0.21890199999999999 0.49217199999999994 0.21612099999999998 0.48104699999999995 0.21243 0.468703 0.21243 0.459438 0.21243 0.450781 0.205981 0.44400000000000006 0.19672900000000001 0.441516 0.180117 0.441516 0.168107 0.444609 0.15609800000000001 0.448313 0.141332 0.457578 0.157944 0.49957799999999997 0.16163599999999997 0.501422
27 0.840467 0.545891 0.822944 0.520125 0.8089489999999999 0.499062 0.798435 0.48734400000000005 0.8124530000000001 0.48031199999999996 0.826449 0.475641 0.8299529999999999 0.461578 0.833458 0.442844 0.882477 0.449875 0.9175 0.461578 0.970047 0.499062 0.973528 0.449875 0.966542 0.42176600000000003 0.952523 0.393672 0.910514 0.386641 0.896495 0.400687 0.875491 0.405375 0.875491 0.381953 0.840467 0.381953 0.8089489999999999 0.36556299999999997 0.819463 0.35385900000000003 0.745911 0.335125 0.6303500000000001 0.330437 0.458762 0.335125 0.38521 0.339812 0.234626 0.367906 0.217126 0.374938 0.206612 0.393672 0.182103 0.398359 0.150584 0.398359 0.07355139953271028 0.42176600000000003 0.115561 0.428797 0.10855100000000001 0.435828 0.059532700934579436 0.43114100000000005 0.052523399532710284 0.435828 0.038528 0.442844 0.02100470093457944 0.447531 0.0175 0.597422 0.0175 0.660641 0.8544630000000001 0.653625 0.9350229999999999 0.583359 0.931519 0.555266 0.840467 0.545891
27 0.513575 0.9920310000000001 0.986145 0.989672 0.9826400000000001 0.668922 0.517103 0.678359 0.513575 0.9920310000000001
27 0.9842059999999999 0.23839100000000002 0.97493 0.0132969 0.87278 0.0148594 0.891355 0.030375000000000003 0.916893 0.0474531 0.977243 0.230641 0.9842059999999999 0.23839100000000002
27 0.007032710280373831 0.992938 0.471472 0.992938 0.49609800000000004 0.978828 0.48906499999999997 0.682359 0.02462620093457944 0.677641 0.007032710280373831 0.992938
26 0.6812620000000001 0.419438 0.686308 0.393703 0.680304 0.388859 0.6673829999999998 0.386328 0.635841 0.385266 0.619136 0.389906 0.617547 0.395813 0.613458 0.416062 0.616916 0.43103100000000005 0.630794 0.4350470000000001 0.6270089999999999 0.4363119999999999 0.674322 0.43271899999999996 0.6812620000000001 0.419438
26 0.0574065 0.54425 0.07109810046728972 0.561016 0.142897 0.542734 0.133785 0.481 0.114393 0.467281 0.10301400000000001 0.46193799999999996 0.07565420093457945 0.459656 0.04943929906542056 0.464234 0.02778039953271028 0.486328 0.0574065 0.54425
62 0.33476599999999995 0.344375 0.34107499999999996 0.335391 0.344439 0.328094 0.353668 0.318812 0.344439 0.31292200000000003 0.33729 0.32303099999999996 0.33014 0.330625 0.317126 0.33454700000000004 0.299065 0.341297 0.33476599999999995 0.344375
14 0.512196 0.729266 0.5169630000000001 0.9833130000000001 0.518551 0.9833130000000001 0.559883 0.9854369999999999 0.62028 0.9811880000000001 0.66479 0.976938 0.698178 0.9652499999999999 0.728364 0.942922 0.766519 0.882328 0.769696 0.839813 0.768107 0.812172 0.739486 0.774969 0.6854439999999999 0.746266 0.648902 0.735641 0.602804 0.727141 0.518551 0.722891 0.512196 0.729266
14 0.383061 0.940719 0.409229 0.9022030000000001 0.409229 0.863687 0.377827 0.830406 0.33855100000000005 0.8129060000000001 0.273084 0.8129060000000001 0.210257 0.840922 0.194533 0.867188 0.194533 0.9214689999999999 0.25738300000000003 0.9617340000000001 0.354252 0.958234 0.383061 0.940719
14 0.3125 0.808984 0.366262 0.8 0.38978999999999997 0.775281 0.383084 0.721344 0.35282699999999995 0.6966249999999999 0.262103 0.6988749999999999 0.211706 0.719094 0.211706 0.759547 0.218411 0.791016 0.245304 0.808984 0.288995 0.808984 0.3125 0.808984
14 0.100047 0.8067970000000001 0.124229 0.8044840000000001 0.15359799999999998 0.797562 0.17432199999999998 0.784844 0.19331800000000002 0.758281 0.19331800000000002 0.745578 0.18296700000000002 0.734016 0.176051 0.724781 0.146682 0.712078 0.119042 0.709766 0.09313079906542057 0.709766 0.0724065 0.714375 0.049953299065420564 0.723625 0.0361215 0.735172 0.029228999999999998 0.745578 0.0275 0.758281 0.0275 0.775609 0.03957939953271029 0.79525 0.043037399532710276 0.797562 0.04476639953271028 0.7940940000000001 0.06721960046728971 0.8056409999999999 0.100047 0.8067970000000001
14 0.016004700934579442 0.9563119999999999 0.03226639953271028 0.9563119999999999 0.04240650000000001 0.954969 0.078972 0.95225 0.113481 0.9413750000000001 0.139883 0.934594 0.162243 0.921 0.17238299999999998 0.908781 0.18051399999999998 0.900641 0.18254700000000001 0.888406 0.18254700000000001 0.876188 0.17848100000000003 0.866687 0.18457900000000002 0.862609 0.18457900000000002 0.8530939999999999 0.164276 0.850375 0.14191600000000001 0.839516 0.109439 0.839516 0.08303739953271029 0.8408749999999999 0.04443929906542056 0.854453 0.03023360046728972 0.862609 0.00789720093457944 0.876188 0.016004700934579442 0.9563119999999999
14 0.26397200000000004 0.601469 0.299065 0.589734 0.33418200000000003 0.581906 0.382453 0.586797 0.398528 0.5789690000000001 0.39999999999999997 0.550609 0.383902 0.533 0.323949 0.523219 0.26981299999999997 0.535937 0.22448600000000002 0.5555 0.225935 0.5799529999999999 0.259579 0.606359 0.26397200000000004 0.601469
14 0.206121 0.594187 0.13277999999999998 0.611609 0.11736 0.637422 0.127967 0.6561410000000001 0.198411 0.663234 0.210958 0.663234 0.216752 0.6400159999999999 0.229299 0.623234 0.257266 0.608391 0.229299 0.5948279999999999 0.206121 0.594187
14 0.441542 0.621781 0.432126 0.601078 0.379626 0.584875 0.30425199999999997 0.584875 0.261192 0.6028749999999999 0.23023400000000002 0.619078 0.21677600000000002 0.644281 0.215421 0.661391 0.41598100000000005 0.664984 0.42404200000000003 0.664094 0.4375 0.6460779999999999 0.441542 0.621781
14 0.785654 0.475922 0.791215 0.47525000000000006 0.801168 0.47300000000000003 0.815491 0.466 0.8195330000000001 0.461375 0.820888 0.457094 0.824766 0.454047 0.8276399999999999 0.450547 0.821402 0.445484 0.8053739999999999 0.440062 0.784813 0.435891 0.765748 0.433531 0.745514 0.432625 0.727991 0.432625 0.715678 0.43465600000000004 0.708084 0.438594 0.70757 0.440625 0.709603 0.445594 0.7109580000000001 0.451687 0.714486 0.46014099999999997 0.722407 0.464875 0.728645 0.468375 0.728645 0.46982799999999997 0.752266 0.47378099999999995 0.762547 0.47570300000000004 0.7746959999999999 0.477609 0.787173 0.478172 0.785654 0.475922
14 0.514112 0.157453 0.621659 0.231609 0.796379 0.222625 0.9039250000000001 0.179922 0.937523 0.0990313 0.8904669999999999 0.031609399999999996 0.873668 0.018125 0.571238 0.0136406 0.510771 0.0540781 0.514112 0.157453
14 0.18817799999999998 0.175281 0.30243000000000003 0.271906 0.473808 0.287641 0.510771 0.269656 0.497313 0.015734400000000003 0.30913599999999997 0.015734400000000003 0.30243000000000003 0.015734400000000003 0.17474299999999998 0.0741563 0.18817799999999998 0.175281
50 0.991005 0.376203 0.9649529999999998 0.372969 0.949509 0.367812 0.93021 0.352969 0.9225 0.351672 0.91285 0.351672 0.887757 0.351672 0.878107 0.350391 0.869416 0.352328 0.8636209999999999 0.360063 0.856869 0.36975 0.8588079999999999 0.376844 0.885818 0.380078 0.916706 0.387813 0.9369630000000001 0.387813 0.9649529999999998 0.394922 0.960117 0.41492199999999996 0.986192 0.422016 0.991005 0.376203
50 0.8325 0.45560900000000004 0.837453 0.45975 0.831262 0.46637500000000004 0.8201169999999999 0.47051600000000005 0.805257 0.482937 0.8325 0.544234 0.935304 0.562453 0.9588319999999999 0.575703 0.988551 0.579844 0.984836 0.502812 0.956355 0.494531 0.936542 0.482937 0.924159 0.4622339999999999 0.834977 0.443187 0.8325 0.45560900000000004
50 0.209019 0.387672 0.23743 0.383516 0.231215 0.378172 0.21878499999999998 0.372234 0.23032699999999998 0.368672 0.26229 0.365109 0.24986 0.355016 0.243645 0.343734 0.268505 0.332453 0.298692 0.329484 0.33686900000000003 0.33067199999999997 0.346636 0.330078 0.36616800000000005 0.335422 0.378598 0.347297 0.40614500000000003 0.346703 0.40614500000000003 0.31226600000000004 0.123762 0.311672 0.123762 0.325328 0.12021 0.349078 0.113107 0.365703 0.12198600000000001 0.377578 0.129977 0.387672 0.12198600000000001 0.398953 0.122874 0.412031 0.123762 0.41321899999999995 0.160164 0.40075000000000005 0.180584 0.398953 0.21345799999999998 0.388266 0.209019 0.387672
14 0.289696 0.381344 0.291799 0.375734 0.299346 0.372641 0.319509 0.368141 0.343458 0.36842199999999997 0.360678 0.369828 0.36278 0.367297 0.37200900000000003 0.349891 0.37158899999999995 0.33725 0.363201 0.33387500000000003 0.346402 0.3305 0.34303700000000004 0.336687 0.335888 0.34229699999999996 0.35184600000000005 0.34314100000000003 0.36362099999999997 0.343703 0.36236 0.345953 0.34471999999999997 0.34932799999999997 0.31028 0.35156200000000004 0.28885500000000003 0.35156200000000004 0.261121 0.348766 0.268692 0.345109 0.286752 0.340047 0.300607 0.33920300000000003 0.314042 0.335562 0.32960300000000003 0.332469 0.331262 0.32993700000000004 0.314883 0.329094 0.286752 0.331062 0.268692 0.334437 0.252734 0.33920300000000003 0.247687 0.342016 0.248528 0.348203 0.253154 0.358875 0.26364499999999996 0.36842199999999997 0.280444 0.376281 0.282126 0.379656 0.288014 0.38275000000000003 0.289696 0.381344
26 0.561145 0.352891 0.561145 0.351 0.561145 0.347594 0.561706 0.343812 0.5622900000000001 0.342672 0.568505 0.34096899999999997 0.577827 0.33814099999999997 0.587453 0.335109 0.593388 0.33284400000000003 0.593668 0.329437 0.593949 0.323016 0.592243 0.31734399999999996 0.589977 0.314875 0.58715 0.3145 0.579252 0.313563 0.566519 0.31375000000000003 0.555491 0.31375000000000003 0.545888 0.315062 0.545327 0.31657799999999997 0.545023 0.321875 0.550981 0.351375 0.553505 0.3525 0.559159 0.352703 0.561145 0.352891
26 0.50007 0.36160899999999996 0.512734 0.363719 0.519603 0.363016 0.526986 0.361953 0.534369 0.325266 0.531215 0.322797 0.525397 0.321391 0.513271 0.321391 0.501659 0.321391 0.492687 0.321734 0.48476600000000003 0.323141 0.48635500000000004 0.356312 0.50007 0.36160899999999996
26 0.22729 0.415688 0.241379 0.41442199999999996 0.250771 0.41442199999999996 0.25829399999999997 0.41442199999999996 0.268621 0.41128099999999995 0.274276 0.410656 0.278037 0.409406 0.280841 0.409406 0.284603 0.406266 0.291192 0.406891 0.304346 0.40751600000000004 0.30904200000000004 0.405625 0.304346 0.403125 0.293061 0.398719 0.290234 0.391813 0.283668 0.389297 0.266752 0.38553099999999996 0.252664 0.384891 0.24327100000000002 0.386781 0.229182 0.388031 0.22446300000000002 0.389297 0.21506999999999998 0.39054700000000003 0.213201 0.39306199999999997 0.21226599999999998 0.39620299999999997 0.213201 0.398719 0.216963 0.420078 0.22729 0.415688
50 0.706916 0.321219 0.711963 0.331344 0.7304670000000001 0.331344 0.725421 0.348219 0.740561 0.353844 0.7355139999999999 0.340344 0.780911 0.331344 0.8397899999999999 0.338094 0.814556 0.356094 0.828014 0.358344 0.80278 0.370703 0.8464950000000001 0.375203 0.912103 0.353844 0.9575 0.347094 0.954136 0.313344 0.706916 0.316719 0.706916 0.321219
50 0.0163785 0.44082800000000005 0.01838789953271028 0.441734 0.026472000000000002 0.44217199999999995 0.036588799065420556 0.44082800000000005 0.04063079906542056 0.439469 0.05004670093457944 0.435422 0.04803739953271028 0.42460899999999996 0.0453505 0.417844 0.0338785 0.41200000000000003 0.029836399532710278 0.40704700000000005 0.019743 0.404781 0.0163785 0.44082800000000005
14 0.32366799999999996 0.399891 0.341565 0.398687 0.371963 0.39270299999999997 0.379112 0.375969 0.36600499999999997 0.36918799999999996 0.340958 0.36718799999999996 0.319509 0.368391 0.293879 0.373969 0.288505 0.383141 0.29922899999999997 0.395906 0.316519 0.40148400000000006 0.32366799999999996 0.399891
26 0.5422199999999999 0.470078 0.542967 0.47465599999999997 0.5794630000000001 0.473125 0.6030369999999999 0.48940599999999995 0.603785 0.488891 0.613668 0.487359 0.62507 0.44567199999999996 0.632687 0.43551599999999996 0.623551 0.43296900000000005 0.610631 0.42839099999999997 0.5863079999999999 0.426359 0.5673130000000001 0.42789099999999997 0.5505840000000001 0.429922 0.545257 0.437031 0.5422199999999999 0.469062 0.5422199999999999 0.470078