10 0.664313 0.660211 0.6614530000000001 0.68171 0.668625 0.686019 0.672922 0.6709599999999999 0.695891 0.686019 0.7159690000000001 0.688173 0.733187 0.683864 0.733187 0.658056 0.726016 0.617213 0.726016 0.604309 0.726016 0.589251 0.7045 0.5763469999999999 0.675797 0.578501 0.682969 0.544075 0.677234 0.51829 0.668625 0.494614 0.658578 0.483864 0.645672 0.501077 0.6427970000000001 0.526885 0.649969 0.51829 0.662891 0.51829 0.667188 0.52904 0.668625 0.550539 0.658578 0.569883 0.649969 0.5849409999999999 0.647094 0.615059 0.664313 0.660211
10 0.187156 0.559087 0.215734 0.561241 0.274297 0.548384 0.292875 0.546253 0.284313 0.511991 0.287156 0.47344299999999995 0.294313 0.47344299999999995 0.302875 0.482014 0.31001599999999996 0.494848 0.31001599999999996 0.484145 0.308594 0.46274 0.301453 0.44559699999999997 0.282875 0.454169 0.272875 0.482014 0.271453 0.533396 0.250016 0.514122 0.222875 0.511991 0.19001600000000002 0.5248240000000001 0.167156 0.533396 0.187156 0.559087
50 0.751031 0.05747070023419203 0.7508440000000001 0.054379400468384076 0.750469 0.050445000000000004 0.749906 0.046510501170960186 0.750094 0.043700199063231845 0.751031 0.04060889929742389 0.7512190000000001 0.039203700234192035 0.751594 0.03442619906323185 0.749344 0.03470729976580796 0.748219 0.037517599531615924 0.746719 0.04004680093676815 0.745781 0.043138199063231845 0.745781 0.048196700234192036 0.746719 0.050445000000000004 0.743906 0.06140519906323185 0.743906 0.06337240046838408 0.746531 0.0642154988290398 0.7491559999999999 0.06393440046838407 0.749906 0.06393440046838407 0.749719 0.06112410070257611 0.751031 0.05747070023419203
50 0.756156 0.04030440046838408 0.7554529999999999 0.04274 0.7547659999999999 0.04620610070257611 0.754297 0.04829040046838407 0.753609 0.05281029976580796 0.751516 0.056978899297423884 0.751062 0.06114750117096018 0.751062 0.06496489929742388 0.751984 0.06531619906323186 0.753375 0.06496489929742388 0.753844 0.06149880093676815 0.755 0.06114750117096018 0.757313 0.06288059953161593 0.757313 0.06531619906323186 0.759172 0.06531619906323186 0.759625 0.06358310070257611 0.759625 0.05627629976580796 0.759625 0.053489501170960185 0.759625 0.04967210070257612 0.759625 0.044824400468384075 0.759625 0.04274 0.761484 0.04133489929742389 0.761484 0.037166299765807966 0.760328 0.035784498829039814 0.759625 0.03613580093676815 0.758016 0.037517599531615924 0.756156 0.04030440046838408
11 0.6265 0.16206099999999998 0.5812660000000001 0.151101 0.5679369999999999 0.12407499999999999 0.533953 0.120141 0.511219 0.151874 0.505984 0.151101 0.5018119999999999 0.161288 0.511219 0.185972 0.55225 0.195363 0.6458280000000001 0.20163899999999998 0.654984 0.20320800000000003 0.656813 0.19458999999999999 0.650281 0.172248 0.6265 0.16206099999999998
11 0.276484 0.118244 0.299031 0.13175599999999998 0.326078 0.14077299999999998 0.362141 0.13400499999999999 0.366656 0.12726 0.362141 0.104731 0.336594 0.09121780093676815 0.293016 0.08896959953161591 0.276484 0.118244
11 0.724828 0.203934 0.741812 0.209415 0.758797 0.2063 0.772656 0.191007 0.768219 0.175738 0.750953 0.160843 0.744953 0.150258 0.736062 0.149883 0.7180310000000001 0.15613600000000002 0.690578 0.154192 0.664438 0.138501 0.652672 0.128712 0.641953 0.125574 0.631766 0.13185 0.63125 0.143208 0.63725 0.16007000000000002 0.651375 0.17808 0.665219 0.191405 0.6832659999999999 0.200796 0.720375 0.202365 0.724828 0.203934
11 0.998344 0.239133 0.999797 0.239672 1 0.173911 0.9889530000000001 0.174988 0.964031 0.179602 0.953203 0.187705 0.989312 0.238337 0.998344 0.239133
11 0.5037499999999999 0.161593 0.506344 0.153185 0.510234 0.15124100000000001 0.5085 0.137026 0.48865600000000003 0.126019 0.473125 0.109859 0.454125 0.116979 0.45067199999999996 0.124731 0.436437 0.129251 0.430391 0.137658 0.430828 0.141546 0.439891 0.155129 0.5037499999999999 0.161593
11 0.19431199999999998 0.12976600000000002 0.199047 0.135574 0.20248400000000003 0.140094 0.205938 0.144614 0.21067200000000003 0.150422 0.211969 0.15815 0.214547 0.16266999999999998 0.229188 0.17428600000000002 0.248125 0.17428600000000002 0.253734 0.172998 0.270953 0.171054 0.288172 0.17171 0.29935900000000004 0.17042200000000002 0.302375 0.168478 0.301953 0.159438 0.297219 0.148478 0.288609 0.140094 0.27525 0.132998 0.25760900000000003 0.12330200000000001 0.248984 0.116862 0.240813 0.11168600000000001 0.232203 0.107166 0.22185899999999997 0.103302 0.214547 0.103302 0.20550000000000002 0.107166 0.192594 0.111054 0.187844 0.112342 0.18698399999999998 0.11297399999999999 0.189141 0.12587800000000002 0.19431199999999998 0.12976600000000002
11 0.0798281 0.144426 0.0979063 0.15089 0.10393699999999999 0.151522 0.104797 0.145714 0.10910899999999998 0.13733 0.116422 0.148946 0.119 0.152178 0.127188 0.15733000000000003 0.12762500000000002 0.17541 0.170672 0.17927400000000002 0.18143800000000002 0.17733 0.187891 0.172178 0.190906 0.161218 0.189625 0.151522 0.178859 0.14119400000000001 0.137094 0.10829 0.106094 0.109578 0.0979063 0.11925100000000001 0.0871406 0.131522 0.0798281 0.144426
11 0.0273125 0.157986 0.0350625 0.177986 0.0875781 0.18445 0.10567200000000002 0.18058500000000002 0.106953 0.163138 0.10567200000000002 0.154122 0.0660625 0.145714 0.05443750000000001 0.14185 0.0415156 0.13541 0.031609399999999996 0.13089 0.028593800000000003 0.125082 0.026437500000000003 0.13669800000000001 0.0273125 0.157986
11 0.383953 0.10742399999999999 0.388516 0.11426199999999999 0.38937499999999997 0.11510500000000001 0.391922 0.123208 0.395922 0.127494 0.398484 0.133466 0.401891 0.139016 0.40957800000000005 0.14028100000000002 0.41670299999999993 0.141148 0.425531 0.141991 0.430359 0.14285699999999998 0.432078 0.13730699999999998 0.435203 0.1326 0.437766 0.130468 0.441188 0.12620599999999998 0.44459400000000004 0.122787 0.447156 0.11597199999999999 0.450859 0.116393 0.45114099999999996 0.11126499999999999 0.447453 0.10615899999999999 0.440047 0.105714 0.429516 0.10487099999999999 0.414984 0.10487099999999999 0.399609 0.10400499999999999 0.38425 0.106581 0.383953 0.10742399999999999
11 0.741984 0.12086699999999999 0.734359 0.119696 0.7318279999999999 0.127892 0.737094 0.138712 0.747641 0.143115 0.785141 0.14897000000000002 0.806828 0.149555 0.808578 0.143396 0.807609 0.139602 0.799594 0.130515 0.80175 0.12407499999999999 0.801156 0.113536 0.788859 0.115293 0.7837810000000001 0.123208 0.782219 0.130234 0.778891 0.131405 0.773813 0.125831 0.771281 0.120562 0.768547 0.12407499999999999 0.766781 0.126417 0.750969 0.12262300000000001 0.741984 0.12086699999999999
10 0.46189099999999994 0.591686 0.461688 0.579391 0.46189099999999994 0.564754 0.45778100000000005 0.550703 0.44821900000000003 0.544848 0.441969 0.546909 0.436688 0.557447 0.43610899999999997 0.572951 0.43610899999999997 0.590234 0.438453 0.5951989999999999 0.440797 0.595785 0.44371900000000003 0.580562 0.44918800000000003 0.569438 0.451531 0.564754 0.454078 0.568571 0.45426599999999995 0.575878 0.448406 0.609251 0.442359 0.627705 0.440203 0.634731 0.451344 0.640281 0.47751599999999994 0.637073 0.5038750000000001 0.627705 0.509156 0.616276 0.510125 0.59726 0.511109 0.582623 0.5073909999999999 0.570609 0.502516 0.575012 0.499969 0.567986 0.493328 0.568852 0.49275 0.576183 0.49215600000000004 0.582623 0.487672 0.582904 0.479078 0.582904 0.46892199999999995 0.5867209999999999 0.46384400000000003 0.593162 0.46189099999999994 0.591686
10 0.42129700000000003 0.370796 0.416812 0.35280999999999996 0.416812 0.330328 0.41829700000000003 0.307869 0.409312 0.303372 0.409312 0.31911 0.409312 0.341569 0.412312 0.359555 0.400312 0.357307 0.385313 0.359555 0.377828 0.3663 0.374828 0.370796 0.374828 0.38875899999999997 0.382328 0.391007 0.38681299999999996 0.391007 0.388313 0.39325499999999997 0.41829700000000003 0.397752 0.42129700000000003 0.370796
10 0.37142200000000003 0.30086700000000005 0.35682800000000003 0.307471 0.350109 0.31093699999999996 0.34593799999999997 0.310258 0.348938 0.31789199999999995 0.353109 0.32484799999999997 0.35659399999999997 0.33004700000000003 0.376297 0.32484799999999997 0.38834399999999997 0.322763 0.392516 0.321358 0.389969 0.31615899999999997 0.38487499999999997 0.305035 0.385797 0.291827 0.386484 0.281756 0.386719 0.277939 0.379531 0.275855 0.380234 0.27829 0.37907799999999997 0.30955499999999997 0.37142200000000003 0.30086700000000005
10 0.359969 0.282951 0.36592199999999997 0.282951 0.37025 0.28267000000000003 0.378172 0.281874 0.379797 0.281054 0.381594 0.277822 0.383406 0.274848 0.38771900000000004 0.274567 0.390062 0.275644 0.390062 0.280515 0.389703 0.284567 0.38917199999999996 0.286183 0.38881299999999996 0.286721 0.385562 0.287799 0.387547 0.289157 0.38881299999999996 0.288618 0.39637500000000003 0.287002 0.401234 0.283747 0.40159399999999995 0.27674499999999996 0.40015599999999996 0.270796 0.398891 0.267002 0.397281 0.258361 0.399438 0.253232 0.399797 0.246487 0.397813 0.242436 0.39637500000000003 0.239461 0.394578 0.23974199999999998 0.391688 0.244871 0.39151600000000003 0.251897 0.392406 0.260258 0.392406 0.26484800000000003 0.390969 0.27269299999999996 0.39025 0.272155 0.388266 0.269977 0.386641 0.268899 0.38178100000000004 0.26646400000000003 0.373312 0.266745 0.367 0.267002 0.3625 0.267002 0.358359 0.267002 0.355828 0.264052 0.352406 0.263232 0.349891 0.261335 0.350781 0.26646400000000003 0.354203 0.273489 0.356016 0.277541 0.35853100000000004 0.281593 0.359969 0.282951
10 0.44351599999999997 0.340211 0.480984 0.34178 0.48956299999999997 0.33866500000000005 0.49243800000000004 0.330843 0.495031 0.33435600000000004 0.49581200000000003 0.344122 0.5005 0.34606600000000004 0.498937 0.329672 0.494766 0.323841 0.486188 0.32267 0.484109 0.33007 0.479672 0.329672 0.460156 0.31290399999999996 0.45365599999999995 0.31447299999999995 0.448719 0.317986 0.437516 0.323044 0.43128099999999997 0.327354 0.44168799999999997 0.33632300000000004 0.44351599999999997 0.340211
10 0.5711090000000001 0.407026 0.5707340000000001 0.410445 0.5707340000000001 0.425831 0.5707340000000001 0.435504 0.5699690000000001 0.45374699999999996 0.568063 0.46114800000000006 0.565781 0.47822 0.5635 0.49360699999999996 0.571875 0.502717 0.602266 0.494169 0.613672 0.485644 0.621656 0.46341899999999997 0.6125309999999999 0.448618 0.6094999999999999 0.44974200000000003 0.604547 0.45374699999999996 0.597719 0.455433 0.579469 0.45374699999999996 0.578703 0.435504 0.579844 0.408735 0.577187 0.394496 0.57225 0.39904 0.5711090000000001 0.407026
10 0.8775000000000001 0.452904 0.8803280000000001 0.455035 0.8803280000000001 0.458501 0.879562 0.45964900000000003 0.8772500000000001 0.46196699999999996 0.8757189999999999 0.465433 0.8757189999999999 0.46658099999999997 0.8787969999999999 0.470047 0.8826409999999999 0.471194 0.8865000000000001 0.473513 0.8926719999999999 0.47466 0.9019220000000001 0.473513 0.9034530000000001 0.470047 0.9057660000000001 0.46079600000000004 0.906547 0.455035 0.906547 0.45039799999999997 0.9034530000000001 0.45039799999999997 0.883422 0.463115 0.8826409999999999 0.452717 0.883422 0.446932 0.8826409999999999 0.44117100000000004 0.879562 0.44117100000000004 0.878016 0.45039799999999997 0.8775000000000001 0.452904
10 0.382109 0.47897 0.368672 0.496862 0.359719 0.521475 0.382109 0.5304220000000001 0.398516 0.534895 0.41345299999999996 0.508056 0.394047 0.483443 0.39553099999999997 0.45658099999999996 0.382109 0.458829 0.391062 0.494614 0.382109 0.47897
10 0.8119059999999999 0.398571 0.813391 0.39651099999999995 0.8135 0.39463699999999996 0.811797 0.3926 0.811688 0.39192 0.811688 0.389696 0.8119059999999999 0.386464 0.81225 0.383044 0.8124840000000001 0.37826699999999996 0.812359 0.373326 0.8113440000000001 0.368712 0.808953 0.366159 0.806453 0.36531600000000003 0.803031 0.36531600000000003 0.801328 0.367026 0.799516 0.370773 0.7954060000000001 0.376909 0.7934840000000001 0.380328 0.7916559999999999 0.385269 0.790188 0.389696 0.788812 0.399415 0.787906 0.40554999999999997 0.789609 0.415269 0.788812 0.421593 0.782562 0.41426199999999996 0.775734 0.407939 0.7690159999999999 0.40316199999999996 0.765156 0.40145200000000003 0.76025 0.400609 0.7558119999999999 0.400609 0.749906 0.401803 0.745688 0.399766 0.741703 0.397705 0.743078 0.400773 0.74125 0.40196699999999996 0.732156 0.40658099999999997 0.728172 0.40829000000000004 0.723047 0.40641700000000003 0.716906 0.39992999999999995 0.713953 0.401124 0.712812 0.403677 0.714063 0.40503500000000003 0.718047 0.409297 0.722484 0.41187399999999996 0.725094 0.414426 0.729187 0.42192 0.732609 0.42534 0.739328 0.427564 0.7515 0.43028099999999997 0.760141 0.431639 0.770375 0.431639 0.783687 0.43541 0.788125 0.436932 0.788703 0.445293 0.793937 0.44733 0.799969 0.44648699999999997 0.801437 0.43728300000000003 0.8027029999999999 0.434215 0.802469 0.430796 0.800531 0.416651 0.796203 0.39754100000000003 0.7966719999999999 0.391241 0.798266 0.386276 0.799844 0.38372399999999995 0.802469 0.383208 0.805203 0.384918 0.806906 0.385597 0.807469 0.386112 0.807813 0.388501 0.808156 0.393443 0.809187 0.395995 0.810312 0.397705 0.8119059999999999 0.398571
10 0.5756560000000001 0.395808 0.578031 0.396604 0.581469 0.40056200000000003 0.581469 0.411686 0.595516 0.415246 0.619594 0.417237 0.61775 0.40056200000000003 0.618281 0.36248199999999997 0.6203909999999999 0.362084 0.620125 0.349368 0.617219 0.339461 0.614313 0.339063 0.6119220000000001 0.346206 0.60875 0.391054 0.602125 0.386674 0.59525 0.383513 0.586766 0.385082 0.579625 0.38271700000000003 0.575125 0.374778 0.573531 0.374379 0.5719369999999999 0.379532 0.5706249999999999 0.38192 0.5706249999999999 0.388267 0.574594 0.39541 0.5756560000000001 0.395808
11 0.45237499999999997 0.106019 0.450859 0.108267 0.453578 0.11098400000000001 0.45718800000000004 0.11414500000000001 0.466531 0.111429 0.47557799999999995 0.111874 0.48853099999999994 0.127237 0.503594 0.13175599999999998 0.506016 0.12904 0.5111410000000001 0.119555 0.516563 0.10871199999999999 0.522281 0.0757611007025761 0.5171560000000001 0.05679159953161592 0.5105310000000001 0.06444959953161593 0.506609 0.0757611007025761 0.500594 0.10555 0.488828 0.106019 0.47617200000000004 0.10646399999999999 0.45237499999999997 0.106019
10 0.5128440000000001 0.353981 0.524359 0.367354 0.532797 0.37245900000000004 0.552438 0.378056 0.5759839999999999 0.379274 0.5858909999999999 0.374403 0.589297 0.36564399999999997 0.5839369999999999 0.347166 0.5839369999999999 0.336932 0.583781 0.320164 0.5925469999999999 0.32356 0.5940000000000001 0.324052 0.592703 0.318454 0.59075 0.309461 0.584094 0.30726 0.579875 0.31065600000000004 0.577438 0.315293 0.578906 0.360047 0.569813 0.354707 0.560891 0.348126 0.551469 0.34643999999999997 0.538812 0.34838399999999997 0.524531 0.356159 0.516891 0.35348900000000005 0.5128440000000001 0.353981