13 0.544672 0.150208 0.545641 0.211458 0.554437 0.208833 0.5573750000000001 0.215354 0.568125 0.223167 0.569094 0.232292 0.5769219999999999 0.23099999999999998 0.579844 0.137187 0.5730000000000001 0.113729 0.569094 0.09158329999999999 0.556391 0.0902917 0.553469 0.102021 0.552484 0.125458 0.544672 0.150208
13 0.811234 0.137667 0.811688 0.142542 0.803453 0.154729 0.798422 0.16083299999999998 0.795219 0.171208 0.793391 0.259083 0.8226720000000001 0.259688 0.8437189999999999 0.256021 0.844172 0.224917 0.846016 0.19195800000000002 0.8487500000000001 0.162667 0.8450939999999999 0.15656299999999998 0.8350310000000001 0.145583 0.8336560000000001 0.133375 0.832281 0.12422899999999999 0.818094 0.12239599999999999 0.816266 0.12362500000000001 0.813063 0.126667 0.811234 0.137667
22 0.062359399999999995 0.6404580000000001 0.030343799999999997 0.611229 0.0016875000000000002 0.59775 0.0033750000000000004 0.6741670000000001 0.0343281 0.7002079999999999 0.0730937 0.754146 0.095 0.7901039999999999 0.145562 0.758646 0.155062 0.7573120000000001 0.09775 0.6808960000000001 0.062359399999999995 0.6404580000000001
27 0.3315 0.751104 0.317234 0.635271 0.00609375 0.851354 0.00220312 0.853083 0 0.987917 0.934344 0.987917 0.9162190000000001 0.974083 0.8967659999999998 0.879021 0.918797 0.835792 0.8993590000000001 0.802958 0.885078 0.796042 0.866938 0.738979 0.97325 0.645667 0.9550940000000001 0.626625 0.9097190000000002 0.685417 0.885078 0.699229 0.855266 0.719979 0.834516 0.706167 0.853969 0.664667 0.8565629999999999 0.63875 0.891578 0.595521 0.843609 0.57825 0.756734 0.733813 0.4805940000000001 0.650833 0.3315 0.751104
50 0.330453 0.382146 0.331188 0.390958 0.341453 0.388021 0.34879699999999997 0.392896 0.354672 0.412458 0.372266 0.421271 0.384016 0.421271 0.388406 0.412458 0.399422 0.40366700000000005 0.40675 0.39193700000000004 0.41189099999999995 0.381167 0.41042199999999995 0.35768700000000003 0.40675 0.342042 0.402344 0.324437 0.393547 0.313667 0.382547 0.306833 0.370797 0.304875 0.337797 0.292167 0.322391 0.285312 0.317984 0.283354 0.29596900000000004 0.254 0.280562 0.247167 0.265156 0.24325000000000002 0.253422 0.223688 0.238016 0.151312 0.221875 0.113146 0.210875 0.08968749999999999 0.18226599999999998 0.027083299999999998 0.165391 0.0016458291666666667 0.04875 0 0.0326094 0.022187500000000002 0.0252656 0.0632708 0.019406200000000002 0.09456250000000001 0.023078099999999997 0.13466699999999998 0.0252656 0.154229 0 0.19629200000000002 0.0032656203124999997 0.283354 0.0612188 0.341062 0.08615629999999999 0.37235399999999996 0.0971719 0.466271 0.099375 0.540604 0.0935 0.6433129999999999 0.0905625 0.6736249999999999 0.114781 0.69125 0.112578 0.7049369999999999 0.149984 0.7567710000000001 0.28864100000000004 0.659937 0.297438 0.513208 0.260031 0.44377099999999997 0.296703 0.423229 0.298906 0.37235399999999996 0.315781 0.375292 0.330453 0.382146
50 0.412922 0.0292083 0.382578 0.0359583 0.362359 0.0719167 0.362359 0.134833 0.369094 0.173042 0.35729700000000003 0.18202100000000002 0.33370299999999997 0.164042 0.310109 0.134833 0.28482799999999997 0.137083 0.278094 0.191021 0.288203 0.229208 0.303375 0.25393699999999997 0.330344 0.27639600000000003 0.35225 0.29662499999999997 0.40112500000000006 0.312354 0.407859 0.352812 0.382578 0.417979 0.391016 0.451688 0.433141 0.550562 0.436516 0.5011249999999999 0.45 0.5011249999999999 0.517422 0.469667 0.524156 0.40225000000000005 0.522469 0.312354 0.493813 0.262917 0.5157339999999999 0.233708 0.524156 0.191021 0.508984 0.107875 0.49887499999999996 0.0359583 0.433141 0 0.412922 0.0292083
14 1 0.858563 0.9807499999999999 0.835187 0.958109 0.832271 0.9310940000000001 0.838104 0.9157500000000001 0.842979 0.901141 0.8536870000000001 0.893844 0.8702500000000001 0.8975 0.884854 0.904062 0.9082290000000001 0.9069839999999999 0.945229 0.9069839999999999 0.954958 0.940578 0.997812 1 1 1 0.954958 1 0.938417 1 0.906271 1 0.858563
13 0.935859 0.198625 0.937828 0.16770800000000002 0.9162190000000001 0.165604 0.915813 0.16822900000000002 0.9138590000000001 0.188146 0.907563 0.2725 0.9146409999999999 0.275646 0.931938 0.276708 0.9342969999999999 0.256271 0.935859 0.20018799999999998 0.935859 0.198625
13 0.787578 0.19574999999999998 0.786953 0.201521 0.783563 0.208083 0.78325 0.213438 0.78325 0.215083 0.7823279999999999 0.23193699999999998 0.7820159999999999 0.236458 0.782953 0.252917 0.795594 0.2525 0.796516 0.18425 0.7885 0.18506199999999998 0.787578 0.19574999999999998
51 0.647188 0.5932499999999999 0.696063 0.613479 0.734828 0.6089789999999999 0.771906 0.611229 0.817422 0.5752710000000001 0.7887660000000001 0.523604 0.6910160000000001 0.507875 0.662359 0.519104 0.625281 0.512354 0.603375 0.534833 0.621906 0.564042 0.647188 0.5932499999999999
51 0.505062 0.608396 0.514266 0.618083 0.535078 0.625812 0.558312 0.630979 0.555891 0.638083 0.559766 0.6516249999999999 0.565078 0.6529170000000001 0.574766 0.662604 0.5902499999999999 0.6645420000000001 0.593156 0.672937 0.605734 0.6709999999999999 0.619297 0.6780830000000001 0.656562 0.680021 0.671078 0.6767920000000001 0.686562 0.669708 0.695281 0.661958 0.701094 0.6529170000000001 0.701578 0.638083 0.692375 0.625812 0.670109 0.608396 0.655594 0.6 0.646391 0.589042 0.637687 0.576771 0.628484 0.5774170000000001 0.6197809999999999 0.5741879999999999 0.6154219999999999 0.58 0.6125160000000001 0.576771 0.6009059999999999 0.589042 0.582031 0.587104 0.551531 0.58 0.515234 0.5845210000000001 0.5031410000000001 0.598062 0.505062 0.608396
13 0.8591559999999999 0.437062 0.855766 0.447229 0.848984 0.513938 0.845594 0.548979 0.846438 0.572729 0.850672 0.590812 0.8608439999999999 0.599854 0.8854369999999999 0.604375 0.924453 0.555771 0.933781 0.455146 0.927844 0.435917 0.9295310000000001 0.404271 0.904937 0.396354 0.880359 0.395229 0.86425 0.404271 0.8608439999999999 0.42575 0.8591559999999999 0.437062
13 0.326781 0.107583 0.322156 0.09037500000000001 0.319234 0.09037500000000001 0.319 0.101104 0.316562 0.105312 0.314609 0.130958 0.32970299999999997 0.128375 0.327266 0.12058300000000001 0.326781 0.107583