44 0.13910899999999998 0.305618 0.113281 0.312367 0.0755156 0.34606 0.059625 0.384276 0.0576406 0.42696100000000003 0.0417344 0.476396 0.035765599999999995 0.49438200000000004 0.0477031 0.537085 0.11526600000000001 0.595512 0.157 0.611237 0.174891 0.660671 0.188797 0.698869 0.218609 0.680901 0.220594 0.649435 0.292141 0.683145 0.343812 0.651678 0.41734400000000005 0.764046 0.459078 0.85394 0.530625 0.916855 0.606141 0.9572970000000001 0.7075 0.959558 0.8267340000000001 0.86742 0.8267340000000001 0.7528090000000001 0.804875 0.591007 0.743266 0.514611 0.6041559999999999 0.45618400000000003 0.546531 0.447191 0.542547 0.404488 0.5167189999999999 0.34832199999999996 0.647875 0.377527 0.663781 0.34157200000000004 0.647875 0.251678 0.612109 0.17977 0.576328 0.157297 0.49882799999999994 0.18427600000000002 0.429266 0.18876300000000001 0.369656 0.173039 0.292141 0.170795 0.206687 0.211237 0.250406 0.231466 0.315984 0.260671 0.296109 0.29662499999999997 0.29015599999999997 0.301131 0.262328 0.29438200000000003 0.23650000000000002 0.29662499999999997 0.192781 0.28763299999999997 0.13910899999999998 0.305618
44 0.8146559999999999 0.5371549999999999 0.8305939999999999 0.564187 0.846531 0.575442 0.9022970000000001 0.584452 0.942141 0.579947 0.974 0.561943 0.985953 0.5146470000000001 0.985953 0.469594 0.974 0.417792 0.942141 0.365989 0.930188 0.323198 0.91425 0.291661 0.874422 0.26689 0.780797 0.273657 0.762875 0.287155 0.699141 0.307438 0.681203 0.332208 0.635391 0.365989 0.617469 0.370495 0.589578 0.343463 0.5537340000000001 0.363746 0.5537340000000001 0.39977 0.565688 0.420053 0.601531 0.440318 0.625437 0.447067 0.665266 0.460583 0.723031 0.46735000000000004 0.744953 0.453834 0.776813 0.46508799999999995 0.782797 0.485353 0.800719 0.523657 0.804703 0.539417 0.8146559999999999 0.5371549999999999
44 1 0.42242 1 0.382067 0.972531 0.370177 0.969891 0.359982 0.971406 0.349788 0.989062 0.34553 0.992812 0.335336 0.993938 0.312403 0.9571249999999999 0.307297 0.951484 0.299223 0.9342029999999999 0.27629 0.932328 0.273834 0.924813 0.2853 0.930828 0.299735 0.9285780000000001 0.313763 0.927812 0.3197 0.930828 0.324011 0.9390940000000001 0.357138 0.964641 0.402597 0.9683910000000001 0.428375 0.9807970000000001 0.448763 0.992437 0.48104199999999997 0.989062 0.51758 1 0.508657 1 0.42242
50 0.363531 0.208339 0.379703 0.211996 0.402969 0.22662499999999997 0.40426599999999996 0.209081 0.406859 0.179099 0.401687 0.130848 0.397156 0.127915 0.362891 0.105265 0.366766 0.0855124 0.371297 0.0723675 0.371297 0.0599293 0.369359 0.0416608 0.362234 0.0226502 0.344781 0.015335700000000002 0.328625 0.0241166 0.31375 0.044576 0.313109 0.0687102 0.316984 0.0964841 0.273656 0.12206700000000001 0.256203 0.195919 0.258141 0.196643 0.27625 0.196643 0.289172 0.195919 0.301469 0.194452 0.310516 0.194452 0.320219 0.194452 0.324094 0.211996 0.329906 0.211996 0.346078 0.21053 0.363531 0.208339
50 0.263172 0.260936 0.255656 0.25136 0.253766 0.24604199999999998 0.248125 0.24498199999999998 0.248125 0.254558 0.250016 0.260936 0.244375 0.281131 0.241547 0.289629 0.240609 0.298145 0.244375 0.302385 0.24906299999999998 0.30344499999999996 0.25940599999999997 0.301325 0.26410900000000004 0.292827 0.266937 0.283251 0.271625 0.274753 0.261297 0.259876 0.263172 0.260936
50 0.052625 0.268004 0.0540781 0.278569 0.0540781 0.283852 0.0549531 0.294417 0.0546562 0.300689 0.0537813 0.316219 0.0555312 0.32644900000000004 0.056125 0.32644900000000004 0.059625 0.319841 0.05992189999999999 0.31423999999999996 0.05992189999999999 0.310936 0.0607969 0.304329 0.0619687 0.308622 0.06225000000000001 0.310936 0.0663438 0.319187 0.0683906 0.319523 0.06896870000000001 0.318534 0.0686875 0.315548 0.06401559999999999 0.309276 0.0628438 0.304329 0.063125 0.294417 0.06371879999999999 0.28947 0.0642969 0.284841 0.0645938 0.279223 0.0642969 0.27328600000000003 0.0584531 0.265353 0.05670309999999999 0.26204900000000003 0.05670309999999999 0.259735 0.0520312 0.255442 0.050281200000000005 0.256431 0.0497031 0.261714 0.050281200000000005 0.265689 0.0517344 0.26865700000000003 0.052625 0.268004
50 0.128719 0.288057 0.134984 0.3003 0.142391 0.299647 0.148078 0.299647 0.155484 0.296431 0.158906 0.293852 0.159469 0.283551 0.15718700000000002 0.270671 0.153203 0.269399 0.152062 0.262951 0.148656 0.255866 0.144672 0.257155 0.142391 0.26424000000000003 0.138969 0.26682 0.132703 0.27712 0.131562 0.29129 0.128719 0.288057
50 0.161375 0.296678 0.16345300000000001 0.295883 0.168656 0.295883 0.184234 0.29629 0.185281 0.289223 0.182859 0.278657 0.177313 0.264152 0.178359 0.26063600000000003 0.18007800000000002 0.258286 0.18043800000000002 0.251219 0.174891 0.24770299999999998 0.169687 0.246519 0.16899999999999998 0.252014 0.168656 0.25945199999999996 0.161719 0.268463 0.16276600000000002 0.289629 0.161375 0.296678
22 0.0924219 0.34553 0.10531299999999999 0.342509 0.11643699999999998 0.333463 0.111984 0.322403 0.11332800000000001 0.312845 0.101312 0.310336 0.09331249999999999 0.290724 0.0692969 0.29424 0.0724063 0.31586600000000004 0.0772969 0.318375 0.0715156 0.343516 0.0924219 0.34553
50 0.970156 0.307173 0.969781 0.304117 0.9674530000000001 0.300389 0.9693910000000001 0.29273899999999997 0.967844 0.289894 0.963188 0.287491 0.9546720000000001 0.287703 0.951 0.290336 0.9473280000000001 0.29273899999999997 0.948672 0.29469999999999996 0.949641 0.301272 0.950609 0.303463 0.953703 0.30871 0.953328 0.309152 0.963391 0.309152 0.970156 0.307173
50 0.185344 0.296166 0.20417200000000002 0.297014 0.20417200000000002 0.286802 0.20454699999999998 0.275724 0.195516 0.26678399999999997 0.194 0.272332 0.189109 0.274028 0.184969 0.28083 0.183469 0.29659 0.185344 0.296166
50 0.10557799999999999 0.308021 0.109094 0.309452 0.115781 0.316307 0.115781 0.31595399999999996 0.116094 0.298286 0.116094 0.288905 0.115781 0.28277399999999997 0.114828 0.278445 0.114828 0.27088300000000004 0.11100000000000002 0.26402800000000004 0.104297 0.27053 0.10398400000000001 0.27303900000000003 0.10398400000000001 0.283498 0.104625 0.284947 0.107172 0.290353 0.107172 0.293587 0.107813 0.30189 0.10557799999999999 0.30765 0.10557799999999999 0.308021
50 0.23821900000000001 0.27015900000000004 0.23821900000000001 0.269823 0.235141 0.268922 0.23343799999999998 0.270053 0.23234400000000002 0.273657 0.233047 0.27871 0.23464100000000002 0.28141299999999997 0.233047 0.283551 0.231156 0.287721 0.23065600000000003 0.297845 0.23275 0.300883 0.2415 0.301113 0.24398399999999998 0.284223 0.23960900000000002 0.27826900000000004 0.239812 0.27242 0.23821900000000001 0.27015900000000004
50 0.114859 0.31895799999999996 0.114344 0.324594 0.11510899999999999 0.327332 0.117797 0.32936400000000005 0.12085900000000001 0.327774 0.119453 0.324594 0.119453 0.32242 0.11920299999999999 0.315777 0.118438 0.30712 0.121109 0.306254 0.122641 0.30265000000000003 0.123672 0.296431 0.123672 0.28864 0.123672 0.28243799999999997 0.12162500000000001 0.278816 0.120469 0.275795 0.122516 0.27462899999999996 0.123922 0.271749 0.12340599999999999 0.267986 0.122516 0.265106 0.11817200000000001 0.265106 0.11740600000000001 0.266837 0.117156 0.269859 0.117031 0.271449 0.11523399999999999 0.272756 0.114984 0.277527 0.11574999999999999 0.281555 0.116391 0.307986 0.114859 0.31895799999999996
50 0.268562 0.27523000000000003 0.26640600000000003 0.278887 0.264797 0.285565 0.262469 0.29833899999999997 0.263 0.307049 0.277156 0.297527 0.276984 0.29104199999999997 0.279312 0.27968200000000004 0.278234 0.27604199999999995 0.276266 0.274823 0.276625 0.271378 0.276078 0.265707 0.274109 0.263887 0.271969 0.263675 0.268734 0.2647 0.267656 0.269364 0.269453 0.27462899999999996 0.268562 0.27523000000000003
44 0.0507656 0.32567100000000004 0.05 0.314064 0.0511563 0.298993 0.0522969 0.291678 0.058765599999999994 0.286943 0.0553438 0.283057 0.0450625 0.281343 0.0237344 0.282208 0.0206875 0.28434600000000004 0.0317344 0.285212 0.025640600000000003 0.29123699999999997 0.0225938 0.287792 0.0062343796875000005 0.288657 0.0050781296875 0.29554800000000003 0.000515625 0.301996 0.0008906249999999999 0.33773899999999996 0.0066093796875 0.342473 0.0138437 0.336873 0.0180312 0.336449 0.0294531 0.332562 0.0351562 0.335141 0.0366875 0.349346 0.0439219 0.348922 0.0458125 0.333428 0.0507656 0.32567100000000004
50 0.103922 0.301148 0.107703 0.30093600000000004 0.107891 0.292615 0.106187 0.286413 0.10354699999999999 0.28129 0.10354699999999999 0.27424 0.100531 0.270813 0.0993906 0.275088 0.0997656 0.281078 0.0975 0.28533600000000003 0.0980625 0.292827 0.0997656 0.298587 0.103922 0.30093600000000004 0.103922 0.301148
50 0.20637500000000003 0.294965 0.22465600000000002 0.300371 0.223344 0.29447 0.223344 0.28118400000000005 0.23075 0.268869 0.236844 0.256078 0.22073399999999999 0.245742 0.214641 0.24427600000000002 0.210297 0.24722599999999997 0.19289099999999998 0.251166 0.20115599999999997 0.268375 0.200719 0.29742 0.20637500000000003 0.294965