74 0.4855135853115464 0.22979943801568548 0.4952500000000001 0.261958 0.509609 0.306604 0.49923400000000007 0.3555 0.508016 0.362938 0.527141 0.390583 0.532719 0.407583 0.533516 0.4246039999999999 0.547875 0.435229 0.559031 0.444792 0.563016 0.434167 0.549469 0.4246039999999999 0.552656 0.399083 0.5578082320843116 0.3978572450361939 0.574984 0.393771 0.580562 0.418229 0.582953 0.423542 0.591719 0.429917 0.598094 0.441604 0.594906 0.466062 0.602078 0.452229 0.598094 0.345938 0.587734 0.241771 0.58375 0.19925 0.531125 0.196063 0.4673439999999999 0.18756200000000003 0.46495300000000006 0.19075 0.4725610936435469 0.19968977647992384 0.4855135853115464 0.22979943801568548
74 0.186891 0.384792 0.186891 0.479667 0.21023399999999998 0.498958 0.21023399999999998 0.540458 0.21914099999999997 0.602729 0.264719 0.611625 0.266953 0.610146 0.284734 0.607187 0.290297 0.5805 0.290297 0.546396 0.299203 0.497458 0.329219 0.429271 0.323656 0.396646 0.347016 0.353667 0.345891 0.318083 0.345891 0.30177099999999996 0.349234 0.273604 0.353688 0.230604 0.352563 0.189083 0.275844 0.180188 0.24693700000000002 0.202437 0.218031 0.269146 0.186891 0.384792
50 0.5304059999999999 0.889646 0.5287189999999999 0.855854 0.527031 0.75675 0.5320940000000001 0.727479 0.547297 0.707208 0.559125 0.630625 0.572641 0.536042 0.559125 0.461708 0.501687 0.378375 0.50675 0.34910399999999997 0.508453 0.283792 0.48817199999999994 0.21395799999999998 0.435813 0.162167 0.398656 0.16441699999999998 0.356422 0.18243700000000002 0.331078 0.21170799999999998 0.314188 0.297292 0.315875 0.362604 0.326016 0.344604 0.351344 0.326583 0.353047 0.342333 0.337844 0.371625 0.326016 0.405396 0.30575 0.488729 0.290547 0.585583 0.283781 0.668917 0.268578 0.709458 0.270266 0.7454999999999999 0.295609 0.786042 0.287156 0.795042 0.268578 0.840083 0.27703099999999997 0.894146 0.5304059999999999 0.889646
50 0.8814529999999999 0.984271 0.8780939999999999 0.930333 0.938766 0.8494379999999999 0.9353910000000001 0.6988749999999999 0.901688 0.47639600000000004 0.815734 0.39775 0.7634839999999999 0.352812 0.785391 0.307875 0.792141 0.256188 0.7365160000000001 0.152812 0.674156 0.14831200000000003 0.603375 0.247188 0.623594 0.33708299999999997 0.6455 0.36629199999999995 0.657297 0.43370800000000004 0.594938 0.47191700000000003 0.583141 0.507875 0.54775 0.703375 0.530906 0.734833 0.530906 0.874167 0.54775 0.986521 0.8814529999999999 0.984271
50 0.89625 0.377125 0.8883279999999999 0.374104 0.8887029999999999 0.349479 0.8864379999999998 0.327854 0.879281 0.312271 0.874375 0.303208 0.856266 0.295167 0.8336409999999999 0.2981869999999999 0.818187 0.30924999999999997 0.8117810000000001 0.340417 0.8129060000000001 0.350479 0.8129060000000001 0.369083 0.8155470000000001 0.382646 0.8053589999999999 0.386167 0.807625 0.39320800000000006 0.821953 0.40125 0.832516 0.412312 0.839687 0.418354 0.852125 0.429417 0.862688 0.438479 0.874 0.447021 0.879656 0.453042 0.8905939999999999 0.464625 0.893609 0.463604 0.903406 0.453563 0.9109529999999999 0.4455 0.913969 0.437458 0.914344 0.429417 0.913219 0.422375 0.9102029999999999 0.410812 0.906438 0.397229 0.900766 0.378125 0.89625 0.377125
50 0.0152031 0.359229 0.0270312 0.318688 0.0641875 0.287167 0.10642199999999999 0.24437500000000004 0.0777031 0.167792 0.0033750000000000004 0.116 0.0033750000000000004 0.11825 0.0016875000000000002 0.386271 0.0118281 0.361479 0.0152031 0.359229
50 0 0.9831039999999999 0.0270312 0.987604 0.0320937 0.8795 0.0827656 0.929063 0.0777031 0.886271 0.05575 0.728604 0.0878437 0.674542 0.0827656 0.649771 0.10810899999999998 0.62275 0.140203 0.606979 0.143578 0.552938 0.0979688 0.546167 0.050671900000000006 0.588958 0.0371563 0.543917 0.0033750000000000004 0.478604 0.0033750000000000004 0.496625 0 0.9831039999999999
50 0.557547 0.427646 0.557547 0.430958 0.555672 0.446688 0.561266 0.46243799999999996 0.584875 0.459125 0.584875 0.43674999999999997 0.578656 0.408604 0.574313 0.392042 0.554437 0.393688 0.550078 0.40941700000000003 0.555672 0.430958 0.557547 0.427646
16 0.4971880000000001 0.280896 0.493813 0.350562 0.515734 0.391021 0.5545 0.444937 0.566297 0.539333 0.593266 0.469667 0.598313 0.19775 0.46348400000000006 0.188771 0.476969 0.211229 0.4971880000000001 0.280896
16 0.256188 0.1955 0.237641 0.215729 0.205625 0.337083 0.178656 0.467417 0.192141 0.489896 0.22078100000000003 0.496625 0.217422 0.608979 0.284828 0.608979 0.311797 0.453937 0.321906 0.415729 0.328656 0.391021 0.35225 0.350562 0.326969 0.33033300000000004 0.330344 0.262917 0.335391 0.22022900000000004 0.375844 0.186521 0.283141 0.168542 0.256188 0.1955
21 0.31975 0.7219169999999999 0.324641 0.713604 0.31395300000000004 0.7035 0.278328 0.7207290000000001 0.303266 0.7308129999999999 0.320641 0.714792 0.31975 0.7219169999999999
21 0.10906199999999999 0.58775 0.126766 0.576063 0.158172 0.5515000000000001 0.161344 0.546854 0.160594 0.541625 0.157266 0.540208 0.13868799999999998 0.551833 0.111953 0.571813 0.10578099999999999 0.583167 0.10725 0.587479 0.10906199999999999 0.58775
36 0.38281200000000004 1 0.397984 0.993542 0.392922 0.984562 0.3845 0.980063 0.360906 0.966583 0.34235899999999997 0.948604 0.327188 0.917146 0.322141 0.8789370000000001 0.320453 0.842979 0.318766 0.8047920000000001 0.31539100000000003 0.7620830000000001 0.308656 0.7553540000000001 0.30359400000000003 0.7733329999999999 0.306969 0.8025420000000001 0.317078 0.847479 0.317078 0.881188 0.317078 0.9193960000000001 0.306969 0.937375 0.290109 0.9306249999999999 0.268203 0.9283750000000001 0.22774999999999998 0.9328749999999999 0.224391 0.9216460000000001 0.224391 0.901417 0.224391 0.8879370000000001 0.236187 0.854229 0.242922 0.818271 0.24967199999999998 0.7890619999999999 0.263156 0.7620830000000001 0.263156 0.735125 0.271578 0.714896 0.28506200000000004 0.699167 0.295172 0.699167 0.298547 0.6969169999999999 0.27999999999999997 0.687937 0.273266 0.692438 0.261469 0.712646 0.244609 0.748604 0.239547 0.7710830000000001 0.232813 0.8070419999999999 0.224391 0.842979 0.22101600000000002 0.8789370000000001 0.215953 0.910396 0.21090599999999998 0.9261250000000001 0.194047 0.9441039999999999 0.173828 0.950854 0.150234 0.962083 0.12495300000000001 0.986812 0.12662500000000002 1 0.151906 1 0.180563 1 0.199109 1 0.215953 0.998042 0.251359 0.995792 0.273266 0.995792 0.305281 0.998042 0.33731300000000003 1 0.35079699999999997 1 0.38281200000000004 1
74 0.042125 0.557167 0.0500938 0.5720419999999999 0.0684375 0.566729 0.0883594 0.555042 0.09712499999999999 0.539083 0.115469 0.531646 0.101922 0.48275 0.09951560000000001 0.455104 0.09712499999999999 0.416854 0.0883594 0.23402099999999998 0.0827813 0.260583 0.0389375 0.256333 0.0485 0.297792 0.0030625 0.403021 0.0086406296875 0.47 0.025374999999999998 0.502938 0.042125 0.5656669999999999 0.042125 0.557167
36 0.61275 0.863542 0.619766 0.848979 0.620547 0.84275 0.611969 0.827125 0.604938 0.821937 0.590125 0.818812 0.581531 0.819854 0.5675 0.8312919999999999 0.558125 0.8406669999999999 0.552672 0.854187 0.549547 0.869792 0.543297 0.8916459999999999 0.5440780000000001 0.919729 0.547984 0.941583 0.556562 0.9655 0.565937 0.9863130000000001 0.583875 1 0.6431720000000001 0.995667 0.640844 0.990479 0.636937 0.980063 0.634594 0.972792 0.634594 0.9551040000000001 0.6361559999999999 0.9322079999999999 0.640062 0.931167 0.6502030000000001 0.944688 0.662687 0.9322079999999999 0.693109 0.996708 0.727453 0.995667 0.7438279999999999 0.989437 0.746953 0.982146 0.746953 0.951979 0.742266 0.922854 0.730563 0.895792 0.719641 0.8760209999999999 0.7055939999999999 0.855229 0.697797 0.8531460000000001 0.679063 0.857313 0.673609 0.871875 0.690781 0.8760209999999999 0.7188589999999999 0.95925 0.700141 0.9342919999999999 0.6853119999999999 0.914521 0.666578 0.885396 0.654875 0.870833 0.633813 0.857313 0.6182030000000001 0.860417 0.610406 0.8937080000000001 0.61275 0.863542
2 1 0.486896 0.9945470000000001 0.484458 0.970828 0.458521 0.9665779999999999 0.444729 0.951984 0.417979 0.9392189999999999 0.418792 0.924625 0.377458 0.902734 0.377458 0.906625 0.38316700000000004 0.916 0.437271 0.9058439999999999 0.48512500000000003 0.9311719999999999 0.748042 1 0.735062 1 0.486896