63 0 0.282401 0.0013281203125 0.29249400000000003 0.00471875 0.295315 0.0218594 0.30289 0.0214688 0.30317 0.0250469 0.30317 0.029578100000000003 0.30009300000000005 0.032390600000000005 0.295874 0.0348437 0.286597 0.0314531 0.274522 0.0252344 0.270023 0.010171900000000001 0.261888 0.00546875 0.261049 0.000765625 0.264965 0 0.271166 0 0.282401
18 0.161531 0.23365999999999998 0.166437 0.240979 0.172313 0.240979 0.179656 0.229277 0.21642200000000003 0.23219099999999998 0.221312 0.246084 0.23112499999999997 0.244639 0.235047 0.204429 0.229656 0.194172 0.22082799999999997 0.181026 0.209063 0.160559 0.190938 0.145921 0.180641 0.145921 0.149281 0.147389 0.148781 0.221235 0.161531 0.221235 0.161531 0.23365999999999998
50 0.530219 0.213473 0.524203 0.19776200000000002 0.510641 0.17303000000000002 0.488047 0.17303000000000002 0.47148399999999996 0.17303000000000002 0.46093799999999996 0.202238 0.46093799999999996 0.21797200000000003 0.456422 0.231469 0.448891 0.238205 0.454906 0.249441 0.46093799999999996 0.249441 0.462437 0.262914 0.47148399999999996 0.26967399999999997 0.47750000000000004 0.278648 0.480516 0.287646 0.49557799999999996 0.287646 0.486547 0.30111899999999997 0.44737499999999997 0.325851 0.42929700000000004 0.325851 0.41273400000000005 0.32359 0.40971900000000006 0.337086 0.408219 0.343823 0.396156 0.343823 0.387125 0.350559 0.39014099999999996 0.37079300000000004 0.400687 0.37529100000000004 0.40971900000000006 0.37529100000000004 0.41875 0.37529100000000004 0.43231200000000003 0.37752899999999995 0.44435900000000006 0.393263 0.45792200000000005 0.406737 0.47148399999999996 0.406737 0.48201599999999994 0.395501 0.48201599999999994 0.44044300000000003 0.486547 0.45393900000000004 0.488047 0.485385 0.480516 0.516853 0.465453 0.534825 0.439844 0.584266 0.42176600000000003 0.611235 0.435328 0.746061 0.439844 0.77303 0.43231200000000003 0.7887649999999999 0.42328099999999996 0.815734 0.40971900000000006 0.831469 0.396156 0.838205 0.396156 0.851678 0.42929700000000004 0.851678 0.454906 0.851678 0.479016 0.838205 0.474484 0.822471 0.465453 0.7932629999999999 0.45792200000000005 0.7415619999999999 0.46093799999999996 0.685385 0.45792200000000005 0.6494409999999999 0.459422 0.631469 0.47750000000000004 0.6044989999999999 0.48954700000000007 0.698881 0.49859400000000004 0.721352 0.533234 0.7393240000000001 0.601016 0.770793 0.605547 0.782028 0.599516 0.795501 0.620609 0.817972 0.622109 0.847179 0.622109 0.8741490000000001 0.634156 0.871911 0.640188 0.8337060000000001 0.643203 0.797762 0.650734 0.7662939999999999 0.652234 0.748322 0.641687 0.743823 0.626625 0.7415619999999999 0.613078 0.7415619999999999 0.598016 0.7325870000000001 0.545281 0.701119 0.530219 0.6831470000000001 0.522687 0.665175 0.5317339999999999 0.6044989999999999 0.5317339999999999 0.575291 0.5317339999999999 0.566294 0.548297 0.532587 0.560344 0.501119 0.5550309999999999 0.47626999999999997 0.5578909999999999 0.457133 0.565016 0.44014000000000003 0.565016 0.424172 0.570719 0.386084 0.574281 0.32442899999999997 0.572141 0.288298 0.564297 0.262774 0.552906 0.251096 0.5493439999999999 0.24683 0.538656 0.24683 0.531531 0.254266 0.530219 0.251678 0.5287189999999999 0.238205 0.530219 0.213473
50 0.8997809999999999 0.275524 0.883188 0.311562 0.884688 0.334079 0.8907339999999999 0.345338 0.887719 0.365618 0.884688 0.38137499999999996 0.883188 0.403893 0.883188 0.44445199999999996 0.878656 0.46697 0.868078 0.48498800000000003 0.8862030000000001 0.48272699999999996 0.892234 0.47373 0.8862030000000001 0.46021 0.8997809999999999 0.421911 0.910359 0.42643400000000004 0.910359 0.451212 0.910359 0.46697 0.911859 0.48049000000000003 0.911859 0.48498800000000003 0.920922 0.496247 0.928469 0.44669 0.933 0.421911 0.934516 0.372378 0.9435779999999999 0.32282099999999997 0.9435779999999999 0.284545 0.9315 0.271026 0.920922 0.232727 0.920922 0.234988 0.904312 0.262005 0.8997809999999999 0.275524
50 0.6927030000000001 0.182494 0.690016 0.19049 0.689422 0.19715600000000003 0.688828 0.210956 0.690922 0.21986 0.693 0.22652699999999998 0.693 0.238531 0.691516 0.246107 0.697781 0.245198 0.698672 0.23275099999999999 0.6992659999999999 0.221189 0.696875 0.218065 0.697469 0.214522 0.708812 0.21540800000000002 0.709406 0.220303 0.715062 0.220303 0.712094 0.20606100000000002 0.711484 0.19181800000000002 0.708812 0.18293700000000002 0.706125 0.181142 0.7076089999999999 0.17359000000000002 0.704031 0.170466 0.698375 0.170466 0.6965779999999999 0.181142 0.6927030000000001 0.182494
4 0.353531 0.38359000000000004 0.353531 0.378625 0.397937 0.359557 0.39517199999999997 0.352121 0.344094 0.370326 0.316328 0.37697 0.248047 0.40097900000000003 0.262484 0.423333 0.27025 0.426643 0.27025 0.420862 0.353531 0.38359000000000004
5 0.706594 0.519441 0.7118439999999999 0.537902 0.715016 0.540256 0.715016 0.55007 0.712375 0.5594870000000001 0.718438 0.579907 0.718438 0.582657 0.728953 0.5681350000000001 0.740016 0.570886 0.745797 0.579907 0.758969 0.5862 0.7634369999999999 0.579534 0.772391 0.559883 0.773969 0.551259 0.768969 0.548112 0.761594 0.518648 0.7542340000000001 0.50021 0.750281 0.497063 0.7421249999999999 0.496667 0.721063 0.484895 0.7179059999999999 0.486853 0.716594 0.488042 0.708172 0.499021 0.706594 0.519441
18 0.318672 0.21993 0.323109 0.214126 0.324234 0.17270399999999997 0.295359 0.168578 0.275375 0.195897 0.273703 0.199207 0.27553746340752483 0.20017831606576075 0.278141 0.268788 0.282594 0.267133 0.284813 0.251399 0.309797 0.249744 0.31431534923025106 0.22071052365373933 0.317016 0.203357 0.318672 0.21993
18 0.348656 0.171049 0.330328 0.171888 0.325344 0.22655 0.364203 0.224056 0.365859 0.200862 0.348656 0.171049
18 0.4443750000000001 0.228415 0.447078 0.227902 0.44978099999999993 0.23042 0.461234 0.222867 0.46325000000000005 0.190699 0.448766 0.176107 0.398875 0.17662 0.385391 0.184149 0.382703 0.188695 0.382031 0.228415 0.440672 0.232937 0.441016 0.228415 0.4443750000000001 0.228415
18 0.381688 0.243986 0.381016 0.258065 0.40764100000000003 0.262587 0.41370300000000004 0.272145 0.423484 0.269627 0.4255 0.262587 0.429547 0.261096 0.4312575782645752 0.25092601844177936 0.431578 0.24902099999999996 0.385391 0.244499 0.381688 0.243986
50 0.8574059999999999 0.959674 0.8620939999999999 0.9405129999999999 0.8539059999999999 0.91958 0.849234 0.9004199999999999 0.893641 0.910862 0.898312 0.912611 0.905312 0.954452 0.9462189999999999 0.954452 0.961406 0.952704 0.9485469999999999 0.907389 0.934531 0.889953 0.949719 0.855082 0.949719 0.821981 0.953219 0.788858 0.9672499999999999 0.8045450000000001 0.985938 0.8027970000000001 0.9847659999999999 0.785361 0.9789220000000001 0.743543 0.962578 0.6668299999999999 0.935703 0.614545 0.914672 0.600606 0.927516 0.569231 0.939203 0.5500470000000001 0.932188 0.511702 0.918172 0.492517 0.902984 0.48554800000000004 0.880781 0.482075 0.8690939999999999 0.49951 0.85625 0.50648 0.8433909999999999 0.536107 0.8433909999999999 0.563986 0.842219 0.5761999999999999 0.8176880000000001 0.5761999999999999 0.787312 0.593636 0.759266 0.593636 0.749922 0.579674 0.739406 0.562261 0.759266 0.529138 0.746406 0.502984 0.714859 0.502984 0.709016 0.548298 0.724219 0.574452 0.727719 0.609324 0.766281 0.638951 0.7837970000000001 0.642424 0.788469 0.6668299999999999 0.811844 0.6668299999999999 0.816516 0.6807930000000001 0.801328 0.722611 0.804828 0.771422 0.828203 0.801049 0.789641 0.795828 0.749922 0.7923310000000001 0.727719 0.808019 0.724219 0.835921 0.740578 0.888205 0.758094 0.909138 0.7837970000000001 0.930047 0.788469 0.942238 0.7674369999999999 0.961422 0.7744530000000001 0.9736130000000001 0.776797 0.9649179999999999 0.8305469999999999 0.9736130000000001 0.8574059999999999 0.959674
50 0.0931562 0.379883 0.0953125 0.296107 0.101797 0.254219 0.103953 0.23165499999999997 0.0985625 0.215548 0.0866875 0.17205099999999998 0.079125 0.15755200000000003 0.0629219 0.162378 0.0650781 0.193007 0.056437499999999995 0.21878799999999998 0.0737187 0.37666700000000003 0.0920781 0.38151500000000005 0.0931562 0.379883
18 0.800641 0.174872 0.780875 0.177972 0.750703 0.238508 0.753828 0.252494 0.763010710063271 0.2528713313429464 0.7827403395291752 0.2536820514387473 0.791281 0.254033 0.800641 0.174872
18 0.804813 0.252494 0.8526719999999999 0.264895 0.879734 0.264895 0.880766 0.198159 0.856844 0.168648 0.808969 0.174872 0.804813 0.252494
18 0.811047 0.319231 0.831859 0.319231 0.841234 0.297506 0.881812 0.300606 0.876609 0.283543 0.8408065721656243 0.2811843351435899 0.8058440000000001 0.278881 0.811047 0.319231
18 0.570578 0.194988 0.560172 0.190256 0.558812 0.238904 0.6195 0.240256 0.582359 0.194312 0.570578 0.194988
18 0.589609 0.261212 0.591422 0.27 0.600938 0.272028 0.600031 0.284848 0.611344 0.287552 0.620859 0.271352 0.622672 0.264592 0.587344 0.257156 0.589609 0.261212