0 0.320938 0.47225 0.332292 0.48459399999999997 0.32887500000000003 0.48459399999999997 0.32831299999999997 0.486719 0.340229 0.488859 0.362938 0.488859 0.377146 0.486719 0.39531299999999997 0.48587499999999995 0.414604 0.48459399999999997 0.441854 0.482047 0.448104 0.478641 0.447521 0.475656 0.43674999999999997 0.47225 0.414604 0.47437500000000005 0.41062499999999996 0.471828 0.40381300000000003 0.470125 0.406667 0.46457800000000005 0.39985400000000004 0.463312 0.38679199999999997 0.47735900000000003 0.37033299999999997 0.480766 0.340813 0.4765 0.332292 0.46756200000000003 0.322646 0.470547 0.320938 0.47225
50 0.07464580000000001 0.642359 0.08214579999999999 0.662953 0.0771458 0.672328 0.0409583 0.693844 0.0409583 0.704141 0.027229200000000002 0.708828 0.00725 0.740656 0.006 0.7724840000000001 0.0222292 0.7837189999999999 0.092125 0.786516 0.119583 0.787453 0.119583 0.737844 0.122083 0.730359 0.134563 0.724734 0.13581300000000002 0.709766 0.130812 0.703219 0.119583 0.705078 0.115833 0.703219 0.114583 0.698531 0.119583 0.690109 0.113354 0.682625 0.122083 0.672328 0.134563 0.674188 0.13831300000000002 0.67325 0.142042 0.6667029999999999 0.142042 0.659219 0.140813 0.649859 0.13581300000000002 0.6367499999999999 0.130812 0.628328 0.120833 0.621766 0.102104 0.621766 0.090875 0.625516 0.0771458 0.633 0.07464580000000001 0.642359
50 0.816125 0.808766 0.808104 0.786906 0.808104 0.781984 0.808104 0.778172 0.81175 0.7743439999999999 0.8073750000000001 0.7645 0.819021 0.755766 0.7789579999999999 0.740469 0.745437 0.761219 0.752 0.784719 0.7345210000000001 0.791828 0.722854 0.8093130000000001 0.816125 0.808766
8 0.707125 0.9775309999999999 0.979771 0.9775309999999999 0.964792 0.8269690000000001 0.761042 0.8022500000000001 0.6951250000000001 0.8651719999999999 0.6501870000000001 0.8292189999999999 0.60825 0.8809060000000001 0.557312 0.8809060000000001 0.542312 0.910109 0.722104 0.988766 0.707125 0.9775309999999999
8 0.298167 0.8521559999999999 0.319604 0.890906 0.31766700000000003 0.923063 0.35664599999999996 0.950844 0.448292 0.998375 0.421958 0.890172 0.409292 0.855813 0.436583 0.799516 0.437563 0.785625 0.39175 0.7761250000000001 0.37225 0.773203 0.3625 0.7819689999999999 0.350812 0.794391 0.34299999999999997 0.8060940000000001 0.334229 0.8221719999999999 0.251375 0.8221719999999999 0.298167 0.8521559999999999
8 0.424542 0.7985 0.41852100000000003 0.853813 0.485563 0.861359 0.474833 0.874437 0.452708 0.891531 0.456062 0.8975630000000001 0.484896 0.876938 0.5224369999999999 0.8789529999999999 0.542542 0.881969 0.549917 0.879453 0.531813 0.869906 0.500313 0.853813 0.552604 0.839234 0.49227099999999996 0.8256560000000001 0.476167 0.820125 0.466792 0.8196249999999999 0.441979 0.793984 0.43662500000000004 0.787937 0.419187 0.780906 0.42924999999999996 0.788453 0.424542 0.7985
8 0.13364600000000001 0.863937 0.13439600000000002 0.8862970000000001 0.147813 0.8902189999999999 0.164208 0.893578 0.156021 0.903078 0.163833 0.9042030000000001 0.167187 0.900281 0.172417 0.898328 0.179125 0.8991720000000001 0.175396 0.889375 0.208583 0.872875 0.22945800000000002 0.864484 0.235063 0.8586090000000001 0.235063 0.854984 0.210083 0.8477029999999999 0.183604 0.8477029999999999 0.15899999999999997 0.8300940000000001 0.150417 0.8222659999999999 0.142208 0.8211410000000001 0.123583 0.8219839999999999 0.12729200000000002 0.847156 0.13364600000000001 0.863937
2 0.043895800000000006 0.699547 0.0333542 0.702781 0.0275 0.7095 0.0111042 0.733797 0.006416670833333333 0.744641 0.0116667 0.7748440000000001 0.0341667 0.7837189999999999 0.055458299999999995 0.753109 0.0578125 0.703406 0.043895800000000006 0.699547
22 0.8419380000000001 0.886906 0.803125 0.8946719999999999 0.7858750000000001 0.899203 0.786729 0.905016 0.8065829999999999 0.910844 0.8307289999999999 0.9250780000000001 0.8290000000000001 0.9315469999999999 0.754833 0.9315469999999999 0.762583 0.939297 0.8065829999999999 0.9490000000000001 0.8341670000000001 0.9561249999999999 0.851417 0.956766 0.879875 0.9858750000000001 0.895396 1 0.929896 0.991047 0.9014380000000001 0.96 0.9014380000000001 0.957406 0.926438 0.929594 0.9359369999999999 0.8856249999999999 0.954896 0.8519840000000001 0.954896 0.8390470000000001 0.9566250000000001 0.835812 0.9488749999999999 0.818172 0.944562 0.818172 0.886771 0.817062 0.852271 0.8759219999999999 0.8419380000000001 0.886906
22 0.672687 0.902922 0.705021 0.889062 0.7312080000000001 0.833609 0.743542 0.8116559999999999 0.6957920000000001 0.8139689999999999 0.688083 0.8151249999999999 0.654188 0.8763439999999999 0.644958 0.8844369999999999 0.628021 0.8879060000000001 0.5864170000000001 0.8867499999999999 0.5463749999999999 0.8798130000000001 0.537146 0.885594 0.527896 0.891375 0.547917 0.8936719999999999 0.5556249999999999 0.8971410000000001 0.5617920000000001 0.899453 0.5864170000000001 0.8971410000000001 0.6665209999999999 0.901766 0.672687 0.902922
22 0.746813 0.8138909999999999 0.737396 0.8267340000000001 0.717688 0.8704219999999999 0.703979 0.888406 0.6954170000000001 0.8948280000000001 0.683438 0.902547 0.6851459999999999 0.9102499999999999 0.690271 0.915391 0.723688 0.921172 0.736542 0.921172 0.75025 0.9205310000000001 0.759667 0.903187 0.7716670000000001 0.8832660000000001 0.7947919999999999 0.828656 0.8110630000000001 0.809391 0.746813 0.8138909999999999
22 0.15637500000000001 0.9445779999999999 0.09454169999999999 0.8708589999999999 0.0658333 0.8725160000000001 0.0812917 0.886594 0.104479 0.9081250000000001 0.140917 0.9520310000000001 0.168521 0.987641 0.21712499999999998 0.985984 0.225958 0.976047 0.354063 0.9636250000000001 0.34633299999999995 0.945406 0.322021 0.9396089999999999 0.281167 0.9396089999999999 0.330875 0.920547 0.32975 0.9056409999999999 0.257979 0.8965310000000001 0.185104 0.908953 0.155271 0.9147500000000001 0.150854 0.922203 0.28337500000000004 0.9213749999999999 0.253562 0.950375 0.204979 0.9578279999999999 0.158583 0.9520310000000001 0.15637500000000001 0.9445779999999999
22 0.327458 0.821391 0.337792 0.825266 0.349833 0.8336559999999998 0.325729 0.8362339999999999 0.292187 0.8381719999999999 0.291313 0.842047 0.3025 0.849141 0.280125 0.863344 0.27583299999999994 0.8685 0.278417 0.874312 0.301646 0.8814059999999999 0.307667 0.903344 0.318854 0.904641 0.325729 0.902703 0.328313 0.898188 0.330042 0.8814059999999999 0.344667 0.8814059999999999 0.336062 0.895609 0.336917 0.9040000000000001 0.342083 0.9104530000000001 0.351542 0.906578 0.365312 0.8936720000000001 0.38425 0.879469 0.412646 0.882047 0.432437 0.887859 0.441042 0.8968909999999999 0.443625 0.902703 0.451354 0.9040000000000001 0.451354 0.8968909999999999 0.444479 0.882703 0.437604 0.8755939999999999 0.396292 0.8678589999999999 0.393708 0.858172 0.410063 0.840109 0.410063 0.833 0.40920800000000007 0.8200939999999999 0.40575 0.819453 0.348958 0.822031 0.327458 0.821391
22 0.11737500000000001 0.8844369999999999 0.111354 0.8889530000000001 0.129417 0.911547 0.14577099999999998 0.917359 0.244708 0.899281 0.27741699999999997 0.8967029999999999 0.260208 0.8889530000000001 0.236979 0.8896089999999999 0.172437 0.9018750000000001 0.14404199999999998 0.903797 0.133708 0.899938 0.11737500000000001 0.8844369999999999
22 0.384938 0.798016 0.400667 0.796891 0.404792 0.790719 0.41154199999999996 0.78425 0.416771 0.780328 0.426146 0.780328 0.427646 0.779766 0.414167 0.779484 0.396562 0.778359 0.382688 0.796891 0.384938 0.798016
22 0.771 0.8942500000000001 0.736437 0.9215310000000001 0.6891459999999999 0.928359 0.765542 0.9624689999999999 0.752812 0.935172 0.82375 0.933812 0.829208 0.9297190000000001 0.801937 0.895609 0.851042 0.8833439999999999 0.8819579999999999 0.8260310000000001 0.88925 0.8151249999999999 0.8128329999999999 0.813766 0.771 0.8942500000000001
22 0.645292 0.773562 0.635125 0.793469 0.666083 0.792469 0.6665209999999999 0.792141 0.6784579999999999 0.773562 0.645292 0.773562
8 0.692937 0.780328 0.6457499999999999 0.778047 0.6219370000000001 0.80175 0.5630620000000001 0.811172 0.554833 0.8212339999999999 0.587313 0.82675 0.6717289999999999 0.841047 0.712417 0.782594 0.692937 0.780328
0 0.461271 0.639469 0.434417 0.643188 0.455292 0.731203 0.434417 0.734187 0.434417 0.738672 0.455292 0.742391 0.460271 0.733453 0.532875 0.728969 0.514979 0.7230000000000001 0.461271 0.639469
65 0.9156460000000001 0.79725 0.955667 0.800469 0.952813 0.847109 0.987854 0.846578 0.991417 0.7757970000000001 0.927083 0.768828 0.912062 0.798859 0.9156460000000001 0.79725
22 0.363875 0.7741089999999999 0.355042 0.781578 0.344792 0.798031 0.36158300000000004 0.798031 0.373563 0.782219 0.37925 0.776672 0.365 0.7741089999999999 0.363875 0.7741089999999999
22 0.389708 0.786234 0.4005 0.780094 0.385125 0.775438 0.373021 0.782797 0.362542 0.798266 0.3825 0.798016 0.389708 0.786234
22 0.37241699999999994 0.821703 0.354563 0.821703 0.352583 0.8243120000000002 0.3635 0.832484 0.37241699999999994 0.821703
22 0.27866699999999994 0.826172 0.26975 0.8306249999999998 0.283625 0.834719 0.293542 0.8313749999999999 0.307437 0.834719 0.339188 0.835469 0.351083 0.836578 0.347625 0.828031 0.338687 0.8339839999999998 0.307437 0.832859 0.27866699999999994 0.826172
22 0.13625 0.9250620000000002 0.141521 0.940281 0.169333 0.957766 0.252792 0.9464840000000001 0.282104 0.917734 0.167083 0.9357810000000001 0.13625 0.9250620000000002