23 0.623703 0.284313 0.6243909999999999 0.283396 0.628531 0.281104 0.631641 0.27925 0.636484 0.27741699999999997 0.642 0.276958 0.649953 0.277875 0.6523749999999999 0.274188 0.6523749999999999 0.268667 0.652031 0.260375 0.652031 0.250229 0.649953 0.243792 0.6454690000000001 0.236417 0.641656 0.231354 0.629219 0.229958 0.622656 0.233646 0.6188589999999999 0.237333 0.612641 0.250688 0.612984 0.263125 0.615406 0.274188 0.623 0.28479200000000005 0.623703 0.284313
50 0.9295310000000001 0.624375 0.9295310000000001 0.763083 0.9530160000000001 0.783208 0.969797 0.801104 0.9748279999999999 0.8503329999999999 0.9748279999999999 0.9129579999999999 0.964766 0.977854 0.964766 0.986792 1 0.984562 0.994969 0.465542 0.946313 0.534896 0.9295310000000001 0.624375
38 0.614875 0.470458 0.6046090000000001 0.470458 0.595531 0.477833 0.660297 0.506271 0.670953 0.515229 0.676078 0.526813 0.6926720000000001 0.527333 0.6902969999999999 0.513646 0.689109 0.507312 0.6279060000000001 0.472042 0.614875 0.470458
29 0.334891 0.532958 0.323844 0.52875 0.311734 0.52875 0.294906 0.52875 0.28543799999999997 0.534354 0.28070300000000004 0.537875 0.274922 0.547687 0.273875 0.556792 0.280187 0.575729 0.282281 0.5827500000000001 0.29596900000000004 0.586958 0.316469 0.583458 0.329094 0.5799369999999999 0.334891 0.577146 0.339094 0.575729 0.34435899999999997 0.5701250000000001 0.34225 0.566625 0.345406 0.556792 0.334891 0.532958
29 0.257266 0.803 0.26387499999999997 0.79125 0.26093700000000003 0.7736040000000001 0.256516 0.76575 0.243281 0.751042 0.21534399999999998 0.745167 0.19770300000000002 0.745167 0.17710900000000002 0.753 0.160203 0.763792 0.15137499999999998 0.7755620000000001 0.150641 0.7922290000000001 0.166828 0.806917 0.17710900000000002 0.816729 0.183734 0.816729 0.23446899999999998 0.813792 0.257266 0.803
29 0.20273400000000003 0.5917290000000001 0.20854699999999998 0.595604 0.273891 0.587854 0.278719 0.576896 0.271953 0.553021 0.261781 0.543979 0.248719 0.538813 0.228875 0.538167 0.22015600000000002 0.54075 0.20951599999999998 0.544625 0.201281 0.5575209999999999 0.19789099999999998 0.562042 0.201281 0.5685 0.20273400000000003 0.5917290000000001
29 0.162547 0.519333 0.151891 0.514896 0.128937 0.518 0.118953 0.526 0.11096900000000001 0.542417 0.11096900000000001 0.555292 0.11529700000000001 0.5628329999999999 0.125609 0.573021 0.130266 0.567708 0.13925 0.552625 0.160875 0.5499580000000001 0.174187 0.5499580000000001 0.183172 0.549063 0.174531 0.530438 0.162547 0.519333
29 0.0570469 0.6168119999999999 0.12385900000000001 0.6084999999999999 0.12875 0.603729 0.128312 0.597208 0.126969 0.581167 0.12207799999999999 0.5704790000000001 0.11584399999999999 0.562771 0.109156 0.5574169999999999 0.10157799999999999 0.555646 0.0833281 0.553854 0.0712969 0.5568329999999999 0.061953100000000004 0.558021 0.0534844 0.5675209999999999 0.0570469 0.6168119999999999
29 0.103625 0.549896 0.09962499999999999 0.539792 0.0938281 0.536833 0.0858125 0.530292 0.0831406 0.528521 0.0702187 0.526146 0.060875 0.526146 0.051515599999999995 0.526146 0.0519687 0.528521 0.0532969 0.565917 0.061312500000000006 0.561771 0.0671094 0.559396 0.0978437 0.555833 0.10807800000000001 0.557604 0.103625 0.549896
29 0.0987031 0.51775 0.107406 0.508708 0.122906 0.498375 0.139844 0.496437 0.141781 0.491937 0.131125 0.48224999999999996 0.114187 0.477729 0.0982187 0.477729 0.0861094 0.48224999999999996 0.07934379999999999 0.49129199999999995 0.0798281 0.50225 0.0967656 0.516458 0.0987031 0.51775
29 0.186375 0.458563 0.176937 0.45475 0.169469 0.45475 0.158047 0.45475 0.147078 0.45679200000000003 0.13917200000000002 0.45943700000000004 0.13478099999999998 0.46675 0.13039099999999998 0.474375 0.12951600000000002 0.48052100000000003 0.13917200000000002 0.491354 0.144219 0.49514600000000003 0.145547 0.488417 0.152781 0.48022899999999996 0.163547 0.471729 0.177156 0.471729 0.1945 0.474062 0.197797 0.46791699999999997 0.186375 0.458563
29 0.144016 0.605021 0.150578 0.605021 0.166563 0.6017499999999999 0.179672 0.600104 0.19689099999999998 0.596292 0.200156 0.5946459999999999 0.200156 0.5897290000000001 0.200156 0.582083 0.200156 0.57225 0.19770300000000002 0.561854 0.193188 0.555312 0.17926599999999998 0.549833 0.168203 0.549833 0.15876600000000002 0.549833 0.149344 0.549833 0.139516 0.5542079999999999 0.133359 0.558583 0.128859 0.565146 0.125984 0.571146 0.125984 0.577708 0.128859 0.591375 0.133766 0.602854 0.144016 0.605021
29 0.481078 0.506708 0.48467200000000005 0.506437 0.487625 0.506146 0.492266 0.505292 0.4965 0.502479 0.501563 0.500521 0.504938 0.497146 0.505781 0.495458 0.501781 0.493479 0.497969 0.4915 0.496703 0.489813 0.491422 0.48925 0.48360900000000007 0.48925 0.47876599999999997 0.487292 0.47390600000000005 0.485042 0.473062 0.483896 0.469672 0.47939600000000004 0.46587500000000004 0.47770799999999997 0.463766 0.475458 0.462078 0.472354 0.460391 0.469271 0.458063 0.468708 0.456797 0.467854 0.45342200000000005 0.466729 0.448984 0.464479 0.445609 0.465604 0.442234 0.46645800000000004 0.439281 0.468146 0.435469 0.471229 0.43504699999999996 0.47320799999999996 0.433156 0.47939600000000004 0.434422 0.483333 0.43504699999999996 0.48418700000000003 0.438844 0.489813 0.443078 0.4915 0.447094 0.495729 0.452156 0.499667 0.45595299999999994 0.502208 0.457437 0.502771 0.459547 0.503042 0.462922 0.504167 0.468406 0.506146 0.472641 0.507563 0.47643800000000003 0.507 0.48150000000000004 0.507271 0.481078 0.506708
29 0.354266 0.346667 0.424563 0.34847900000000004 0.42510899999999996 0.34702099999999997 0.424031 0.340187 0.42159399999999997 0.334042 0.419703 0.330438 0.41321899999999995 0.327208 0.409156 0.32575000000000004 0.40185899999999997 0.32360399999999995 0.395359 0.32360399999999995 0.382922 0.32360399999999995 0.36724999999999997 0.324312 0.362656 0.32575000000000004 0.355078 0.330438 0.352375 0.336208 0.354266 0.343417 0.354266 0.346667
50 0.588688 0.385562 0.576688 0.392167 0.568422 0.403187 0.563875 0.413667 0.563469 0.42027099999999995 0.578344 0.418062 0.5845469999999999 0.419729 0.588266 0.421938 0.595703 0.421938 0.603141 0.42522899999999997 0.6105940000000001 0.430188 0.621328 0.431854 0.634563 0.423583 0.655234 0.424687 0.673828 0.426896 0.691188 0.42633299999999996 0.6945 0.42522899999999997 0.687469 0.408146 0.6787810000000001 0.396021 0.670109 0.39381299999999997 0.6626719999999999 0.387208 0.6577029999999999 0.38225 0.6556409999999999 0.377833 0.6577029999999999 0.373979 0.6577029999999999 0.371229 0.6105940000000001 0.37287499999999996 0.6002500000000001 0.380583 0.588688 0.385562
29 0.342469 0.34768699999999997 0.343734 0.332437 0.339922 0.323958 0.329766 0.3155 0.308797 0.312104 0.28337500000000004 0.31633300000000003 0.268125 0.33075 0.271297 0.353625 0.342469 0.34768699999999997
38 0.7176560000000001 0.525104 0.72 0.519458 0.720469 0.511333 0.711547 0.500062 0.699812 0.495042 0.681047 0.488792 0.6533439999999999 0.472521 0.6444219999999999 0.46499999999999997 0.632688 0.46499999999999997 0.621891 0.470021 0.6228279999999999 0.470021 0.644891 0.48127099999999995 0.689484 0.506313 0.692312 0.520083 0.695594 0.526354 0.703578 0.526354 0.7176560000000001 0.525104