18 0.2945 0.31884999999999997 0.273469 0.354977 0.26293700000000003 0.375282 0.22989099999999998 0.39108 0.180313 0.393333 0.14010899999999998 0.397676 0.156781 0.425329 0.167906 0.448169 0.182812 0.488192 0.19634400000000002 0.508779 0.226891 0.5039440000000001 0.22989099999999998 0.5039440000000001 0.279469 0.497183 0.336562 0.564906 0.338078 0.528779 0.336562 0.512981 0.336562 0.43171400000000004 0.336562 0.379789 0.32604700000000003 0.339155 0.312531 0.30981200000000003 0.2945 0.31884999999999997
18 0.460703 0.314601 0.44275000000000003 0.373028 0.44125 0.393263 0.433781 0.397746 0.427797 0.43370900000000007 0.424797 0.487629 0.424797 0.532582 0.424797 0.559554 0.43826599999999993 0.570798 0.432281 0.530329 0.44425 0.564038 0.44575 0.573028 0.450234 0.498873 0.44575 0.476408 0.44425 0.429202 0.453219 0.393263 0.468187 0.37976499999999996 0.477156 0.343826 0.480141 0.307864 0.487625 0.278662 0.475656 0.278662 0.460703 0.314601
18 0.548953 0.316854 0.563906 0.30338 0.599812 0.323592 0.604297 0.364038 0.607297 0.402254 0.62375 0.431455 0.646188 0.43596200000000007 0.667125 0.449437 0.680578 0.471901 0.697031 0.456174 0.7075 0.449437 0.712 0.474155 0.7075 0.514601 0.7075 0.552817 0.7075 0.584272 0.7105 0.586526 0.729938 0.588756 0.735922 0.525845 0.737422 0.49439 0.725453 0.456174 0.714984 0.40448399999999995 0.725453 0.397746 0.726953 0.377535 0.725453 0.366291 0.700031 0.361808 0.694047 0.368545 0.664125 0.301127 0.647672 0.280892 0.587844 0.269671 0.531 0.267418 0.528016 0.280892 0.547453 0.346056 0.548953 0.316854
18 1 0.237817 0.999188 0.008615021126760563 0.955813 0.0018779295774647886 0.906453 0.0850235 0.894484 0.141197 0.8855000000000001 0.154671 0.870547 0.11647900000000001 0.770328 0.105235 0.7105 0.13894399999999998 0.706016 0.260305 0.8346560000000001 0.309742 0.812219 0.383897 0.747891 0.527723 0.731437 0.556925 0.695547 0.669296 0.691047 0.725469 0.685063 0.817606 0.680578 0.905235 0.695547 0.9209620000000001 0.759859 0.9209620000000001 0.825672 0.9232159999999999 0.991703 0.9187320000000001 1 0.538944 1 0.237817
18 0.32190599999999997 0.325704 0.324703 0.334131 0.33684400000000003 0.38110299999999997 0.33684400000000003 0.39584499999999995 0.340109 0.413357 0.342438 0.422488 0.343844 0.44493 0.340578 0.472277 0.35924999999999996 0.46948399999999996 0.359703 0.489108 0.37324999999999997 0.489108 0.37324999999999997 0.437207 0.375109 0.41967099999999996 0.37651599999999996 0.398638 0.372781 0.38392 0.382578 0.38110299999999997 0.384453 0.37619699999999995 0.381656 0.36779300000000004 0.369984 0.36708900000000005 0.367172 0.37340399999999996 0.353172 0.327113 0.322359 0.325704 0.32190599999999997 0.325704
50 0.452266 0.3877 0.44775 0.414789 0.44325000000000003 0.466714 0.44475 0.489272 0.452266 0.50507 0.459781 0.514108 0.482313 0.525399 0.503344 0.529906 0.537906 0.53669 0.549922 0.53669 0.542422 0.523146 0.548422 0.496056 0.560453 0.466714 0.5709690000000001 0.448638 0.564953 0.42382600000000004 0.560453 0.401244 0.548422 0.383192 0.534906 0.356103 0.533406 0.331268 0.533406 0.326761 0.525891 0.286127 0.504859 0.254507 0.489828 0.286127 0.482313 0.310939 0.47329699999999997 0.34706600000000004 0.452266 0.3877
12 0.486078 0.467113 0.482953 0.468826 0.48323400000000005 0.473944 0.490625 0.48119700000000004 0.454828 0.51108 0.465062 0.514906 0.488344 0.49783999999999995 0.496875 0.490164 0.499141 0.48162 0.505109 0.473099 0.501141 0.468826 0.486078 0.467113
65 0.664609 0.770892 0.673094 0.768756 0.685844 0.751761 0.689375 0.687981 0.698578 0.664601 0.709187 0.636948 0.706359 0.630563 0.624984 0.635892 0.623578 0.636948 0.615797 0.756009 0.649047 0.771948 0.664609 0.770892
65 0.518141 0.714554 0.518141 0.6900940000000001 0.520984 0.675211 0.525219 0.653967 0.521687 0.643333 0.462953 0.6465259999999999 0.445984 0.640141 0.414141 0.663521 0.418391 0.79216 0.449516 0.7953289999999998 0.490547 0.786831 0.504703 0.773005 0.523094 0.760258 0.518141 0.738991 0.518141 0.714554
65 0.44751599999999997 0.581502 0.449625 0.594202 0.450328 0.606901 0.450328 0.626995 0.450328 0.6291310000000001 0.453141 0.631244 0.45948399999999995 0.642887 0.470047 0.642887 0.525 0.636526 0.527813 0.6344129999999999 0.5341560000000001 0.612183 0.544719 0.597371 0.553172 0.594202 0.553875 0.5899770000000001 0.543313 0.5825589999999999 0.541891 0.575141 0.551047 0.567746 0.5609219999999999 0.570915 0.576406 0.575141 0.615156 0.5825589999999999 0.617969 0.58892 0.617969 0.611127 0.619375 0.625939 0.708844 0.619601 0.708844 0.611127 0.708844 0.596315 0.708125 0.573028 0.703906 0.51061 0.701094 0.50108 0.699688 0.492606 0.6940470000000001 0.48626800000000003 0.677141 0.470376 0.6715 0.47885000000000005 0.653188 0.485211 0.639813 0.48626800000000003 0.620781 0.495775 0.604594 0.497911 0.574297 0.505305 0.548937 0.504249 0.548234 0.51061 0.548937 0.514836 0.553172 0.521174 0.551766 0.527535 0.549641 0.532817 0.541188 0.533873 0.5341560000000001 0.5285920000000001 0.529219 0.52223 0.525703 0.524366 0.517953 0.527535 0.511609 0.5233099999999999 0.507375 0.5201169999999999 0.507375 0.526479 0.505969 0.530704 0.501047 0.53493 0.496109 0.533873 0.491891 0.525423 0.477094 0.524366 0.45948399999999995 0.521174 0.449625 0.525423 0.444688 0.540235 0.44257799999999997 0.553991 0.446812 0.578333 0.44751599999999997 0.581502
18 0.23598400000000003 1 0.245594 0.88993 0.24771899999999997 0.785657 0.250922 0.732746 0.244516 0.633286 0.226375 0.5691309999999999 0.186859 0.485728 0.143094 0.40392 0.257328 0.375047 0.29576600000000003 0.31892 0.298969 0.28042300000000003 0.2915 0.222676 0.266937 0.182582 0.153766 0.172958 0.127078 0.18577500000000002 0.11465600000000001 0.28880300000000003 0.0982813 0.30223 0 0.08523469953051643 0 1 0.184281 0.989836 0.219969 1 0.23598400000000003 1
18 0.423094 0.48795799999999995 0.419453 0.5207040000000001 0.419453 0.550704 0.424906 0.537066 0.42762500000000003 0.49340399999999995 0.432172 0.452488 0.433984 0.42521099999999995 0.443063 0.399272 0.444891 0.367911 0.44398400000000005 0.332441 0.47393799999999997 0.287418 0.49846899999999994 0.266948 0.608344 0.264225 0.608344 0.260117 0.6019840000000001 0.242394 0.45487500000000003 0.23420200000000002 0.44579700000000005 0.246479 0.43307799999999996 0.281948 0.426719 0.322887 0.421281 0.347441 0.410375 0.34471799999999997 0.402203 0.36927200000000004 0.40765599999999996 0.38291099999999995 0.414016 0.395188 0.41310900000000006 0.437488 0.423094 0.48795799999999995
18 0.403 0.350915 0.391313 0.354131 0.382734 0.373451 0.37942200000000004 0.402723 0.37942200000000004 0.413263 0.380984 0.422629 0.385656 0.427911 0.386234 0.436385 0.394422 0.432582 0.394625 0.422934 0.39637500000000003 0.42234700000000003 0.400078 0.422629 0.398703 0.388685 0.399688 0.37316900000000003 0.40182799999999996 0.36495299999999997 0.402609 0.356761 0.403 0.350915
18 0.398266 0.424836 0.399359 0.460469 0.409297 0.47619700000000004 0.417016 0.474531 0.412594 0.455493 0.41535900000000003 0.37929599999999997 0.41370300000000004 0.377629 0.404875 0.37847400000000003 0.398266 0.424836
50 0.639047 0.436338 0.622359 0.436338 0.614594 0.42469499999999993 0.600281 0.408545 0.587766 0.397793 0.599688 0.349413 0.601484 0.326127 0.585969 0.313568 0.572844 0.300141 0.559125 0.3073 0.550781 0.328803 0.550781 0.35568099999999997 0.546609 0.36913100000000004 0.553172 0.387934 0.567484 0.418404 0.551375 0.44260599999999994 0.5760940337523132 0.44751325520303914 0.577031 0.450681 0.551375 0.492793 0.579406 0.507113 0.681406 0.46948400000000007 0.6799282322903583 0.46812655733025277 0.670672 0.459624 0.653375 0.445282 0.639047 0.436338
2 0.528797 0.6506339999999999 0.522312 0.669272 0.520156 0.687113 0.519078 0.70169 0.518547 0.72115 0.518547 0.7487090000000001 0.5207029999999999 0.758427 0.527172 0.7633099999999999 0.527719 0.773028 0.534188 0.765728 0.5374220000000001 0.750329 0.541734 0.756808 0.546063 0.758427 0.546063 0.765728 0.547672 0.77385 0.550922 0.777887 0.552531 0.777089 0.554688 0.773028 0.554688 0.7681690000000001 0.5589999999999999 0.757629 0.560094 0.7519480000000001 0.560094 0.7446480000000001 0.560094 0.729249 0.560094 0.7284510000000001 0.566563 0.725211 0.571422 0.723592 0.573578 0.726831 0.570344 0.74223 0.568187 0.75277 0.565484 0.756808 0.564937 0.764108 0.567094 0.771408 0.568719 0.770587 0.569797 0.76493 0.576813 0.753568 0.581125 0.7430279999999999 0.584359 0.727629 0.5859840000000001 0.7187089999999999 0.604875 0.7203290000000001 0.604875 0.7284510000000001 0.605953 0.74061 0.609187 0.753568 0.610812 0.757629 0.612969 0.7624879999999999 0.615125 0.759249 0.616203 0.758427 0.615656 0.738169 0.615656 0.7154689999999999 0.619984 0.693592 0.619984 0.669272 0.6221409999999999 0.6595540000000001 0.62375 0.629554 0.6221409999999999 0.623075 0.618359 0.603615 0.618359 0.601995 0.618359 0.590634 0.618359 0.582535 0.612969 0.582535 0.598938 0.5792959999999999 0.592453 0.577676 0.584359 0.576056 0.576813 0.574437 0.571422 0.574437 0.564406 0.574437 0.559547 0.5752349999999999 0.5563119999999999 0.576854 0.5563119999999999 0.584977 0.555234 0.588216 0.549828 0.5922540000000001 0.550922 0.5914550000000001 0.533641 0.623873 0.528797 0.6506339999999999
12 0.516953 0.46826300000000004 0.524422 0.472019 0.528406 0.472019 0.537359 0.460798 0.491563 0.387512 0.47015599999999996 0.40469499999999997 0.47862499999999997 0.41892 0.491563 0.42265299999999995 0.500031 0.434624 0.491563 0.449577 0.507 0.47424900000000003 0.516953 0.46826300000000004