63 0.275312 0.340937 0.27467199999999997 0.345691 0.27456200000000003 0.352553 0.276844 0.36007 0.281 0.363841 0.286234 0.368103 0.29300000000000004 0.36793899999999996 0.29900000000000004 0.363841 0.302063 0.357307 0.303812 0.34796299999999997 0.302719 0.339789 0.299437 0.332763 0.29529700000000003 0.327845 0.292125 0.326862 0.286891 0.32768100000000006 0.281656 0.330468 0.27706200000000003 0.336042 0.275312 0.340937
68 0.563734 0.0629274 0.568234 0.0786417 0.601219 0.132576 0.629703 0.175269 0.658188 0.188759 0.680688 0.186511 0.691172 0.175269 0.695672 0.114614 0.679188 0.0651756 0.640203 0.0516862 0.632703 0.05393440000000001 0.587719 0.0651756 0.563734 0.0561827 0.553234 0.0516862 0.54875 0.0651756 0.563734 0.0629274
50 0.623812 0.670913 0.631359 0.633255 0.626328 0.584309 0.634703 0.547892 0.632188 0.501452 0.644766 0.472576 0.638891 0.412319 0.622984 0.37466 0.622984 0.347026 0.6028749999999999 0.33323200000000003 0.589484 0.350796 0.590313 0.379672 0.572734 0.414824 0.571047 0.465035 0.584453 0.5026930000000001 0.592828 0.53911 0.5945 0.5453859999999999 0.579422 0.575527 0.579422 0.679719 0.571891 0.7148709999999999 0.591984 0.7123419999999999 0.593672 0.689766 0.590313 0.652084 0.600375 0.572998 0.607062 0.572998 0.6162810000000001 0.629508 0.6095780000000001 0.682225 0.602047 0.7123419999999999 0.6221409999999999 0.713607 0.6221409999999999 0.711101 0.628844 0.687237 0.623812 0.670913
50 0.291531 0.491335 0.286 0.476417 0.277156 0.464824 0.283234 0.413466 0.272187 0.39194399999999996 0.27107800000000004 0.373724 0.266656 0.351358 0.251188 0.333958 0.23682799999999998 0.349696 0.233516 0.391101 0.21914099999999997 0.404356 0.22301600000000002 0.435831 0.215828 0.470609 0.20975000000000002 0.493817 0.233516 0.503747 0.238484 0.5087119999999999 0.24621900000000002 0.507892 0.26114099999999996 0.50541 0.264453 0.489672 0.269422 0.509555 0.294844 0.5062300000000001 0.291531 0.491335
50 0.185438 0.538501 0.188797 0.536487 0.189141 0.53548 0.18812500000000001 0.520375 0.18576600000000001 0.492155 0.181734 0.48458999999999997 0.173672 0.47904 0.160891 0.46897 0.160547 0.461897 0.160547 0.452834 0.162234 0.43822000000000005 0.161562 0.43117099999999997 0.15651600000000002 0.4226 0.149797 0.416042 0.147109 0.407986 0.144422 0.39185000000000003 0.137016 0.379766 0.133313 0.374731 0.135344 0.372717 0.137359 0.36918 0.134672 0.357588 0.139031 0.357588 0.138703 0.34800899999999996 0.138031 0.33440299999999995 0.135672 0.321803 0.134328 0.315761 0.120875 0.310726 0.10978099999999999 0.31274 0.104406 0.324824 0.10373399999999999 0.356581 0.0865781 0.36564399999999997 0.0754844 0.370187 0.0654062 0.388829 0.056999999999999995 0.400422 0.0546406 0.408478 0.0546406 0.414543 0.0502656 0.42007 0.0627031 0.446276 0.06675 0.454356 0.0768281 0.474496 0.0812031 0.47955499999999995 0.0845625 0.482576 0.0845625 0.488103 0.0892656 0.497681 0.102047 0.507775 0.104406 0.528431 0.11281300000000001 0.531967 0.110125 0.511803 0.111125 0.504239 0.115828 0.514824 0.12221900000000001 0.506768 0.133656 0.505761 0.146766 0.505761 0.160547 0.506768 0.168625 0.506253 0.168953 0.506768 0.175016 0.530937 0.176016 0.532974 0.185438 0.538501
50 0.0499375 0 0.03575 0.006393440281030445 0.0392969 0.024449599531615924 0.033625 0.030843100702576114 0.0123438 0.04676810070257611 0.0066718703125 0.08292740046838407 0.0201563 0.127564 0.015890599999999998 0.15733000000000003 0.0166094 0.17751799999999998 0.028656300000000003 0.215785 0.0492344 0.217916 0.040718700000000004 0.171148 0.059156299999999995 0.16051500000000002 0.0797188 0.165831 0.08539060000000001 0.217916 0.103844 0.22217800000000001 0.110922 0.12861799999999998 0.0839844 0.121194 0.0924844 0.09674470023419203 0.0875313 0.07548010070257612 0.0754688 0.048899299765807966 0.0634062 0.030843100702576114 0.0712187 0.009578449648711943 0.0676719 0 0.0499375 0
50 0.21925 0.0919672 0.217594 0.0757845 0.214266 0.054637000000000005 0.209297 0.040936799999999995 0.202641 0.0266511 0.188531 0.0204215 0.186875 0.0154333 0.191016 0.000515222 0.157812 0.000515222 0.157812 0.010468399999999997 0.161125 0.0204215 0.164453 0.0241452 0.151172 0.0316159 0.144516 0.0341218 0.139547 0.0440749 0.135391 0.0565105 0.130406 0.071452 0.127922 0.08639340000000001 0.127078 0.106909 0.21842199999999998 0.109391 0.21925 0.0919672
50 0.110469 0.128712 0.114625 0.147377 0.117125 0.171007 0.119609 0.189696 0.12126600000000001 0.213326 0.12293800000000002 0.224543 0.130406 0.22327900000000003 0.136219 0.22203699999999998 0.134563 0.228267 0.147016 0.22702599999999998 0.144516 0.204614 0.144516 0.18718999999999997 0.142031 0.175995 0.142859 0.172272 0.156141 0.169766 0.166938 0.169766 0.173578 0.168525 0.176906 0.171007 0.183547 0.171007 0.189359 0.174754 0.186047 0.229508 0.20514099999999996 0.228267 0.207625 0.208361 0.211781 0.190937 0.215937 0.173513 0.21925 0.158571 0.217594 0.147377 0.217594 0.134918 0.215937 0.127447 0.214266 0.11999999999999998 0.12459400000000001 0.115012 0.116281 0.122482 0.110469 0.128712
50 0.207172 0.47569100000000003 0.202625 0.447026 0.198078 0.412927 0.197156 0.388384 0.189875 0.381546 0.178047 0.387002 0.17350000000000002 0.400656 0.172578 0.423841 0.16803099999999999 0.437494 0.16348400000000002 0.462037 0.16803099999999999 0.47159300000000004 0.178953 0.490703 0.188062 0.513888 0.22901600000000003 0.504333 0.207172 0.47569100000000003
50 0.345094 0.0571897 0.344531 0.049742400000000006 0.347297 0.0439344 0.347297 0.033185 0.347297 0.0190867 0.34675 0.000866511 0.279328 0.0017096 0.276562 0.00419204 0.276562 0.0224122 0.278219 0.0389696 0.285406 0.0555504 0.293141 0.0671429 0.295359 0.0662998 0.311937 0.0671429 0.345094 0.0654801 0.345094 0.0571897
50 0.512406 1 0.525938 0.983115 0.513922 0.931311 0.527438 0.890773 0.534953 0.854731 0.519922 0.83897 0.513922 0.818689 0.5109060000000001 0.735363 0.5064059999999999 0.717354 0.528937 0.694824 0.5589999999999999 0.620492 0.595062 0.550679 0.589047 0.47185 0.566516 0.41555000000000003 0.555984 0.35473099999999996 0.549984 0.31644 0.583031 0.275902 0.581531 0.22634700000000002 0.568016 0.194824 0.546969 0.194824 0.537953 0.194824 0.524438 0.199321 0.512406 0.212834 0.495875 0.215082 0.476344 0.18356 0.465828 0.16103 0.465828 0.149766 0.48987499999999995 0.106979 0.539453 0.07545670023419204 0.5514840000000001 0.064192 0.5605 0.041662800936768156 0.542469 0.014636999999999999 0.525938 0.01238880093676815 0.5064059999999999 0.01688519906323185 0.512406 0.034918 0.492875 0.05292740046838408 0.447797 0.09571429976580795 0.42225 0.129508 0.41775 0.145269 0.447797 0.235363 0.46882799999999997 0.271405 0.45831299999999997 0.30742400000000003 0.452313 0.341218 0.447797 0.424543 0.447797 0.496628 0.43728100000000003 0.552927 0.42225 0.638525 0.42225 0.7466280000000001 0.43426600000000004 0.764637 0.456813 0.818689 0.476344 0.843466 0.473344 0.9200470000000001 0.456813 0.974098 0.43426600000000004 0.994379 0.43728100000000003 1 0.512406 1
50 0.105266 0 0.10260899999999999 0.00117096018735363 0.0960938 0.0078220093676815 0.086625 0.018477800936768148 0.08365629999999999 0.035784498829039814 0.08632809999999999 0.09480089929742389 0.08632809999999999 0.112553 0.0875 0.12363 0.0943125 0.128525 0.107047 0.128525 0.11000000000000001 0.124965 0.12125 0.123185 0.125984 0.10899299999999999 0.126578 0.09124119906323185 0.139609 0.04733019906323185 0.14937499999999998 0.029578498829039814 0.15085900000000002 0.016252899297423885 0.136359 0.008711939110070257 0.131906 0.0020608899297423888 0.131031 0 0.105266 0
50 0.263281 0.10201399999999998 0.263281 0.0946136 0.257344 0.0871897 0.258344 0.07829039999999998 0.259328 0.057541 0.260313 0.0427166 0.258344 0.0352927 0.252406 0.0160187 0.251422 0.0115925 0.246469 0.00714286 0.23459400000000002 0.0011943800000000003 0.205906 0 0.198984 0.00269321 0.196016 0.00861827 0.191078 0.020468399999999998 0.192719 0.0260656 0.20120299999999997 0.0318267 0.20890599999999998 0.0387588 0.21200000000000002 0.0491569 0.213531 0.0641686 0.215844 0.0838173 0.215844 0.095363 0.222016 0.09882900000000001 0.23126600000000003 0.09306789999999998 0.235109 0.106932 0.262297 0.10646400000000002 0.263281 0.10201399999999998
50 0 0.521616 0.006125 0.531429 0.0322969 0.529461 0.030984400000000002 0.525527 0.038171899999999995 0.492201 0.046031300000000004 0.496136 0.0492969 0.5059250000000001 0.042749999999999996 0.518665 0.036875000000000005 0.5304449999999999 0.043406299999999995 0.5304449999999999 0.0558438 0.523583 0.0610781 0.511803 0.0721875 0.49709600000000004 0.0767656 0.482389 0.062375 0.469649 0.0466875 0.462787 0.03425 0.452998 0.025093700000000004 0.445152 0.0113594 0.442201 0.0159375 0.43337200000000003 0.0179063 0.4226 0.0179063 0.39808000000000004 0.0028593703125000002 0.38044500000000003 0 0.521616
50 0.015421899999999999 0.375855 0.0132031 0.386628 0.019281200000000002 0.39822 0.019281200000000002 0.415621 0.0220469 0.418103 0.0485781 0.432178 0.048015600000000005 0.423068 0.057874999999999996 0.39716599999999996 0.074125 0.37222500000000003 0.0899688 0.36451999999999996 0.0903594 0.360937 0.0848125 0.34430900000000003 0.06896870000000001 0.331265 0.0705625 0.314637 0.06976560000000001 0.299789 0.06976560000000001 0.282553 0.0622344 0.27306800000000003 0.051937500000000004 0.268314 0.0432188 0.275433 0.0372813 0.29918 0.0384688 0.320562 0.0440156 0.33185 0.0186562 0.354403 0.0139063 0.387073 0.015421899999999999 0.375855
50 0.00075 0.44534 0.00153125 0.44009400000000004 0.0027031203125 0.41271699999999995 0.0027031203125 0.381241 0.00425 0.382998 0.0093125 0.38824400000000003 0.0190312 0.397564 0.013578100000000001 0.38475400000000004 0.0159219 0.37484799999999996 0.024078099999999998 0.35445000000000004 0.0275781 0.33522199999999996 0.01475 0.321241 0.0038593796875 0.331148 0.00075 0.44534