13 0.9070159999999999 0.564906 0.8996090000000001 0.58825 0.8967660000000001 0.63325 0.917844 0.63725 0.9303750000000001 0.632109 0.933219 0.617312 0.9366410000000001 0.584844 0.9309369999999999 0.565469 0.928094 0.5563589999999999 0.926375 0.545531 0.9138439999999999 0.542687 0.9070159999999999 0.564906
21 0.783375 0.46364099999999997 0.78925 0.46364099999999997 0.7990470000000001 0.477344 0.806484 0.49654699999999996 0.8104060000000001 0.493016 0.8017810000000001 0.467156 0.798656 0.453453 0.793953 0.446781 0.782984 0.449141 0.783375 0.46364099999999997
21 0.0920156 0.682906 0.11129700000000001 0.694219 0.119547 0.696672 0.119547 0.692391 0.121391 0.689016 0.122 0.685953 0.11925 0.683516 0.100891 0.677391 0.092625 0.6770940000000001 0.0923281 0.681375 0.0920156 0.682906
50 0.180594 0.491531 0.180594 0.5479689999999999 0.171563 0.608922 0.164781 0.638266 0.1535 0.647297 0.115125 0.647297 0.0925469 0.647297 0.079 0.6653439999999999 0.10157799999999999 0.701469 0.133187 0.715016 0.176078 0.715016 0.178328 0.7285630000000001 0.158016 0.769187 0.0993281 0.805312 0.0248281 0.818844 0.009031250000000001 0.8391719999999999 0.0067656203125 0.8572190000000001 0.279906 0.782734 0.300219 0.773703 0.349891 0.7285630000000001 0.358922 0.6766409999999999 0.36795300000000003 0.611172 0.33634400000000003 0.518625 0.327313 0.48476600000000003 0.311516 0.439609 0.268625 0.401234 0.223469 0.387703 0.187359 0.417047 0.198641 0.419297 0.176078 0.441875 0.180594 0.491531
50 0.779172 0.518266 0.7813749999999999 0.5660000000000001 0.7813749999999999 0.607859 0.7887190000000001 0.666609 0.8026719999999999 0.6710160000000001 0.821766 0.666609 0.826172 0.651922 0.8291090000000001 0.615938 0.830578 0.5894999999999999 0.843062 0.574812 0.862891 0.586562 0.870234 0.602719 0.894484 0.612266 0.9018280000000001 0.604187 0.896687 0.571875 0.9172499999999999 0.5447029999999999 0.9289999999999999 0.545438 0.937078 0.564531 0.938547 0.585094 0.9348750000000001 0.6254839999999999 0.949563 0.6247499999999999 0.9605779999999999 0.5939059999999999 0.980406 0.564531 0.973062 0.525609 0.9723280000000001 0.48962500000000003 0.9510310000000001 0.474937 0.9297340000000001 0.463187 0.9091720000000001 0.441156 0.9172499999999999 0.41985900000000004 0.910641 0.39782799999999996 0.903297 0.369922 0.898156 0.346422 0.884938 0.321453 0.8636250000000001 0.318516 0.8357189999999999 0.325125 0.8100160000000001 0.342016 0.8085470000000001 0.372125 0.81075 0.380938 0.821766 0.430875 0.8173590000000001 0.463187 0.806344 0.46832799999999997 0.807078 0.48154700000000006 0.815156 0.498437 0.8114839999999999 0.504312 0.8041410000000001 0.494031 0.799 0.475672 0.784312 0.459516 0.779172 0.518266
36 0.180797 0.656266 0.197797 0.616922 0.205234 0.570156 0.194609 0.553156 0.177609 0.615859 0.170156 0.641375 0.155281 0.649875 0.135078 0.659453 0.142531 0.681766 0.183984 0.688156 0.175484 0.677516 0.180797 0.656266
36 0.141469 0.718969 0.124453 0.715781 0.0925625 0.703031 0.0745 0.692406 0.0404844 0.707281 0.025593700000000004 0.735984 0.052625 0.784297 0.0754844 0.798781 0.0968281 0.798781 0.116641 0.783531 0.13875 0.777438 0.151031 0.768938 0.168031 0.756188 0.185047 0.724297 0.163781 0.720031 0.141469 0.718969
36 0.255375 0.8045310000000001 0.383141 0.779484 0.45076599999999994 0.7444219999999999 0.469562 0.718109 0.474578 0.694312 0.45328099999999993 0.686797 0.394406 0.66425 0.389391 0.659234 0.363094 0.669266 0.34429699999999996 0.695563 0.254125 0.703078 0.239094 0.714359 0.241594 0.7444219999999999 0.241594 0.809547 0.255375 0.8045310000000001
22 0.215734 0.38651599999999997 0.22471899999999997 0.39775 0.262922 0.40898399999999996 0.310109 0.451687 0.343812 0.525844 0.373031 0.6134839999999999 0.391016 0.653937 0.456187 0.694375 0.485391 0.710109 0.501125 0.449437 0.262922 0.377531 0.215734 0.38651599999999997
74 1 0.00371875 0.0049531296875 0 0 0.998766 0.532172 0.998766 1 0.85025 1 0.00371875
36 0.8717029999999999 0.587063 0.822875 0.566953 0.794156 0.634922 0.818094 0.676094 0.8822340000000001 0.662687 0.8717029999999999 0.587063