18 0.838484 0.631784 0.823953 0.65162 0.796234 0.78054 0.801516 0.865845 0.813391 0.909484 0.8978910000000001 0.97892 0.9084530000000001 0.996761 0.996922 0.998756 0.9982340000000001 0.598052 0.9705159999999999 0.592113 0.847719 0.631784 0.838484 0.631784
18 0.0178594 0.606761 0.0452656 0.614977 0.0452656 0.625282 0.057593700000000005 0.643803 0.0712969 0.639695 0.08089060000000001 0.627347 0.0973437 0.627347 0.127484 0.6232160000000001 0.127484 0.522347 0.12473399999999998 0.437958 0.0315625 0.444131 0.0014218703124999998 0.468826 0.00553125 0.600587 0.0178594 0.606761
75 0.137609 0.235587 0.143594 0.637817 0.20940599999999998 0.716479 0.614766 0.9187320000000001 0.7105 0.8962439999999999 0.712 0.13894399999999998 0.551937 0.125469 0.154062 0.213099 0.137609 0.235587
73 0.864984 0.244507 0.8683909999999999 0.259859 0.866437 0.273005 0.866437 0.282512 0.8683909999999999 0.294953 0.866437 0.30957700000000005 0.884938 0.310305 0.880062 0.306643 0.877141 0.235 0.864984 0.244507
73 0.24700000000000003 0.114577 0.248734 0.163732 0.25475 0.165047 0.257766 0.17990599999999998 0.28403100000000003 0.180563 0.281453 0.10812200000000001 0.278438 0.101643 0.255625 0.09971830046948357 0.24700000000000003 0.114577
50 0.975375 0.406667 0.975375 0.41108 0.975375 0.424296 0.9763590000000001 0.436784 0.9758749999999999 0.451455 0.9714689999999999 0.468357 0.9685309999999999 0.492582 0.9665779999999999 0.501408 0.965609 0.50507 0.964141 0.505822 0.961203 0.507277 0.958766 0.509484 0.9607189999999999 0.516831 0.9646250000000001 0.516831 0.970984 0.516831 0.973422 0.513146 0.973906 0.502864 0.9807499999999999 0.47422499999999995 0.9832029999999999 0.455869 0.9851559999999999 0.46983600000000003 0.9851559999999999 0.48084499999999997 0.9851559999999999 0.496268 0.9851559999999999 0.510962 0.983687 0.516103 0.989062 0.517559 0.9954219999999999 0.516831 0.997859 0.5124179999999999 0.994938 0.505822 0.9929840000000001 0.498474 0.995906 0.47349800000000003 0.996406 0.468357 1 0.44338000000000005 0.9988440000000001 0.424296 0.9929840000000001 0.416948 0.9851559999999999 0.405939 0.9851559999999999 0.39493 0.982719 0.385376 0.978313 0.38244100000000003 0.975375 0.391244 0.975375 0.398592 0.975375 0.406667
50 0.918016 0.449507 0.921672 0.446761 0.9247970000000001 0.447934 0.925844 0.449906 0.9268750000000001 0.450681 0.927656 0.44716 0.927141 0.442066 0.925578 0.43931899999999996 0.9247970000000001 0.43579799999999996 0.927141 0.429531 0.928969 0.423662 0.927656 0.41777000000000003 0.9268750000000001 0.41502300000000003 0.927656 0.411901 0.926094 0.406408 0.9247970000000001 0.40054 0.9232340000000001 0.39819200000000005 0.9195779999999999 0.398568 0.916188 0.404061 0.9177500000000001 0.4123 0.916703 0.41384999999999994 0.9141090000000001 0.420516 0.912797 0.418169 0.909938 0.420516 0.9125310000000001 0.423263 0.913062 0.42755899999999997 0.9115 0.42755899999999997 0.9122809999999999 0.431878 0.9141090000000001 0.433052 0.9153119999999999 0.43528199999999995 0.9159840000000001 0.439296 0.917313 0.439906 0.916656 0.44392 0.916703 0.444014 0.9159219999999999 0.449108 0.918016 0.449507
50 0.849531 0.454272 0.849531 0.47002299999999997 0.864547 0.48279299999999997 0.861156 0.47216 0.8619999999999999 0.457676 0.863984 0.45342699999999997 0.865687 0.421901 0.863141 0.41509399999999996 0.864266 0.410845 0.861438 0.39849799999999996 0.8566090000000001 0.39892 0.854922 0.402746 0.8535 0.41 0.849812 0.41253500000000004 0.8427339999999999 0.43084500000000003 0.8458439999999999 0.44363800000000003 0.849531 0.454272
50 0.926437 0.438521 0.92775 0.44694799999999996 0.926812 0.45678399999999997 0.929625 0.462394 0.928687 0.489366 0.92925 0.48993000000000003 0.936359 0.48964799999999997 0.936547 0.483732 0.935797 0.472512 0.935422 0.45929600000000004 0.935422 0.455094 0.936172 0.44723 0.9374689999999999 0.442441 0.9371090000000001 0.43347399999999997 0.9374689999999999 0.423357 0.9376559999999999 0.41126799999999997 0.9342969999999999 0.405939 0.935797 0.396667 0.934484 0.392441 0.929063 0.388803 0.925516 0.390211 0.924578 0.39751200000000003 0.92775 0.40453100000000003 0.927187 0.40453100000000003 0.927562 0.408474 0.927187 0.414366 0.929438 0.423357 0.924766 0.437113 0.926437 0.438521
50 0.981766 0.38694799999999996 0.981859 0.388474 0.982375 0.389249 0.9832190000000001 0.39140800000000003 0.983812 0.39359199999999994 0.984328 0.396268 0.984328 0.398568 0.984328 0.401761 0.9845 0.404202 0.9853440000000001 0.406878 0.9883279999999999 0.410329 0.98925 0.41173699999999996 0.992828 0.42413100000000004 0.993172 0.422981 0.993422 0.419789 0.993422 0.41608 0.99325 0.41007 0.993078 0.406244 0.992578 0.401009 0.989422 0.39831 0.988922 0.396901 0.988406 0.39575099999999996 0.9883279999999999 0.391667 0.988063 0.387723 0.9861869999999999 0.385915 0.983297 0.385423 0.9819380000000001 0.386315 0.981766 0.38694799999999996
50 0.892953 0.385915 0.8894529999999999 0.38831 0.888828 0.394507 0.8908910000000001 0.404038 0.8908910000000001 0.407629 0.8896089999999999 0.413568 0.889937 0.420962 0.891672 0.421197 0.894531 0.42002300000000004 0.894688 0.389014 0.892953 0.385915
16 0.0359688 0.33990600000000004 0.036515599999999995 0.336596 0.018875 0.336596 0.0172344 0.33990600000000004 0.00234375 0.33908499999999997 0 0.471596 0.0006875 0.471596 0.0172344 0.450892 0.056374999999999995 0.439296 0.0971719 0.43598600000000004 0.12417199999999999 0.436808 0.12417199999999999 0.431854 0.12417199999999999 0.42272299999999996 0.141828 0.42272299999999996 0.142375 0.34321599999999997 0.0685 0.34239400000000003 0.0359688 0.33990600000000004
73 0.878125 0.326033 0.8697190000000001 0.326033 0.8599220000000001 0.326033 0.8599220000000001 0.35619700000000004 0.8804529999999999 0.354789 0.8804529999999999 0.328826 0.878125 0.326033
50 0.8843590000000001 0.460704 0.886266 0.448756 0.886266 0.440211 0.886641 0.427676 0.889672 0.427676 0.890047 0.419131 0.886641 0.412864 0.8855000000000001 0.409437 0.8805780000000001 0.396338 0.8779220000000001 0.392347 0.872609 0.396338 0.867297 0.40544600000000003 0.866172 0.418568 0.866547 0.43108 0.8684369999999999 0.440211 0.8684369999999999 0.45216 0.8684369999999999 0.461291 0.8684369999999999 0.473239 0.866547 0.483498 0.87375 0.486925 0.8752660000000001 0.490329 0.876406 0.470399 0.876781 0.491479 0.8824690000000001 0.498873 0.8836090000000001 0.49375600000000003 0.8832340000000001 0.489765 0.8843590000000001 0.460704
50 0.971813 0.390258 0.973156 0.37816900000000003 0.964781 0.37565699999999996 0.96175 0.376667 0.96075 0.384718 0.961422 0.396315 0.962766 0.398826 0.96175 0.40185400000000004 0.960078 0.411948 0.957391 0.436127 0.9594060000000001 0.455775 0.961078 0.485516 0.957734 0.494577 0.958734 0.497606 0.9654529999999999 0.494085 0.968469 0.47845099999999996 0.9694689999999999 0.451761 0.973156 0.435117 0.976844 0.42856799999999995 0.976844 0.40337999999999996 0.9704840000000001 0.395822 0.971813 0.390258
18 0.946969 0.400469 0.9433590000000001 0.42755899999999997 0.9375 0.42892 0.9375 0.453286 0.956438 0.449906 0.9605 0.40453100000000003 0.947875 0.378122 0.946969 0.400469
32 0.751984 0.240563 0.7531559999999999 0.233521 0.749172 0.19901400000000002 0.747062 0.190235 0.746828 0.195164 0.745656 0.190235 0.745422 0.195516 0.74425 0.190235 0.74425 0.19692500000000002 0.7428440000000001 0.190235 0.741672 0.19164299999999998 0.744484 0.20922500000000002 0.751047 0.237042 0.751984 0.240563
32 0.351828 0.40208900000000003 0.350516 0.35028200000000004 0.350516 0.324624 0.352813 0.319695 0.355437 0.3123 0.35379700000000003 0.25901399999999997 0.352156 0.259507 0.351828 0.300962 0.349531 0.300962 0.348219 0.257042 0.346906 0.257042 0.34625 0.296009 0.344938 0.29946 0.342625 0.296995 0.342953 0.259507 0.340984 0.259507 0.34131300000000003 0.315751 0.346578 0.323638 0.345594 0.34190099999999995 0.34625 0.40455399999999997 0.34625 0.43467100000000003 0.35150000000000003 0.440094 0.352484 0.429718 0.352484 0.40455399999999997 0.351828 0.40208900000000003
32 0.163734 0.551573 0.165688 0.589554 0.16717200000000002 0.6248360000000001 0.165688 0.634038 0.17360899999999999 0.636972 0.173906 0.622136 0.17196899999999998 0.588192 0.170766 0.555845 0.170313 0.53 0.173313 0.518099 0.173766 0.5118079999999999 0.176156 0.506174 0.17675000000000002 0.497418 0.176906 0.469108 0.174203 0.431127 0.172859 0.41563399999999995 0.17181200000000002 0.404155 0.169578 0.409108 0.17181200000000002 0.43741800000000003 0.172109 0.479671 0.171516 0.486408 0.169875 0.489108 0.166734 0.480798 0.167328 0.455399 0.165531 0.425282 0.164187 0.404624 0.163297 0.404624 0.161938 0.406854 0.162391 0.44169 0.16225 0.478779 0.161797 0.482371 0.160453 0.485516 0.157906 0.48460099999999995 0.15731299999999998 0.475164 0.157 0.450235 0.157 0.42100899999999997 0.15775 0.40730000000000005 0.153562 0.40730000000000005 0.153719 0.435164 0.153719 0.44506999999999997 0.153859 0.464836 0.15326599999999999 0.471808 0.153125 0.490892 0.152078 0.511127 0.16164099999999998 0.521455 0.163812 0.535258 0.163734 0.551573
41 0.426375 0.44124399999999997 0.425594 0.347653 0.43140599999999996 0.34300499999999995 0.43140599999999996 0.312793 0.420563 0.251197 0.417859 0.254085 0.422891 0.446455 0.426375 0.44124399999999997