76 0.841109 0.146057 0.597203 0.17304 0.582422 0.175273 0.59425 0.487648 0.609031 0.48090299999999997 0.610516 0.467411 0.659297 0.462922 0.660766 0.485392 0.841109 0.492138 0.844063 0.17753 0.841109 0.146057
76 0.18775 0.229287 0.197203 0.496247 0.395766 0.473658 0.39306199999999997 0.227245 0.18775 0.214917 0.18775 0.229287
42 0.40149999999999997 0.735368 0.620781 0.735368 0.598547 0.672304 0.591141 0.492114 0.413359 0.494371 0.413359 0.663278 0.398547 0.7398570000000001 0.40149999999999997 0.735368
45 0.8141719999999999 0.8093819999999999 0.812297 0.819644 0.8134219999999999 0.8378619999999999 0.8182969999999999 0.8498340000000001 0.837781 0.864086 0.8576409999999999 0.8583850000000001 0.864766 0.839002 0.8572660000000001 0.8133729999999999 0.8523910000000001 0.808242 0.840031 0.8014249999999999 0.828047 0.8008550000000001 0.816047 0.807102 0.8141719999999999 0.8093819999999999
45 0.685531 0.8204750000000001 0.693125 0.8300479999999999 0.701078 0.833064 0.71 0.8295250000000001 0.717938 0.818979 0.719266 0.8064129999999999 0.718938 0.793824 0.7159530000000001 0.7857959999999999 0.712641 0.7807599999999999 0.707031 0.778242 0.701078 0.774228 0.699422 0.773207 0.693125 0.772708 0.691141 0.773207 0.6885 0.774228 0.683875 0.776247 0.67725 0.7802610000000001 0.675609 0.78228 0.675938 0.787791 0.676266 0.794347 0.684203 0.817981 0.685531 0.8204750000000001
39 0.0824063 0.7228030000000001 0.120672 0.729525 0.360547 0.740713 0.373797 0.70715 0.37820299999999996 0.675843 0.166297 0.684774 0.11184400000000001 0.6668879999999999 0.0721094 0.70715 0.0824063 0.7228030000000001
39 0.586078 0.8471259999999999 0.575812 0.79639 0.484641 0.793468 0.317094 0.793468 0.308094 0.792494 0.303609 0.794442 0.290125 0.852019 0.586078 0.8471259999999999
39 0.578266 0.808504 0.5895940000000001 0.804347 0.5833440000000001 0.768717 0.308734 0.766342 0.300141 0.791876 0.300922 0.799596 0.302094 0.804347 0.577484 0.7984089999999999 0.578266 0.808504
39 0.41456299999999996 0.703468 0.599219 0.704608 0.591625 0.67228 0.413797 0.667648 0.41456299999999996 0.703468
12 0.513625 0.49152 0.5467500000000001 0.49059400000000003 0.528953 0.392233 0.527422 0.391781 0.497687 0.392708 0.513625 0.49152
54 0.176953 0.685463 0.185453 0.684679 0.189828 0.6819240000000001 0.19834400000000002 0.672138 0.208391 0.66038 0.20812499999999998 0.6564610000000001 0.20375000000000001 0.6509739999999999 0.194219 0.649026 0.179531 0.651758 0.156328 0.6725180000000001 0.156328 0.68076 0.160203 0.6858430000000001 0.176953 0.685463
12 0.6583910000000001 0.523112 0.742188 0.531995 0.757359 0.519549 0.7567809999999999 0.500475 0.752688 0.500475 0.7538590000000001 0.493824 0.679406 0.48448899999999995 0.673859 0.486271 0.6583910000000001 0.500926 0.6583910000000001 0.523112
12 0.9815630000000001 0.37997600000000004 0.982344 0.37643699999999997 0.983109 0.369406 0.983625 0.36627099999999996 0.9838910000000001 0.292209 0.9756410000000001 0.292993 0.975375 0.378409 0.9815630000000001 0.37997600000000004
12 0.8512660000000001 0.194774 0.878844 0.184299 0.883437 0.16332500000000003 0.8891880000000001 0.131876 0.9225160000000001 0.110926 0.920219 0.05501190023752969 0.8443590000000001 0.0427790997624703 0.8340310000000001 0.05501190023752969 0.8512660000000001 0.194774
12 0.8551719999999999 0.44562900000000005 0.855984 0.244846 0.855984 0.24237499999999998 0.953219 0.236223 0.953219 0.227601 0.844641 0.230071 0.843828 0.45180499999999996 0.8551719999999999 0.44562900000000005
12 0.9211090000000001 0.6290739999999999 0.908781 0.6123280000000001 0.891203 0.6091449999999999 0.868125 0.601971 0.832203 0.601568 0.829828 0.602779 0.831141 0.613135 0.891203 0.6254869999999999 0.9211090000000001 0.6290739999999999
45 0.347156 0.6289069999999999 0.331453 0.6087889999999999 0.327047 0.610261 0.325563 0.616983 0.325078 0.622209 0.330969 0.6319 0.346672 0.6408549999999998 0.347156 0.6289069999999999
45 0.311828 0.615487 0.311828 0.634133 0.323609 0.642352 0.341766 0.643824 0.339313 0.640095 0.326547 0.629667 0.320656 0.610261 0.311828 0.615487