50 0.61038 0.43961 0.60136 0.44414400000000004 0.59084 0.455405 0.5863200000000001 0.475736 0.61638 0.468949 0.6254 0.49831800000000004 0.6254 0.514114 0.6209 0.545706 0.6209 0.624715 0.6224 0.7691889999999999 0.6329199999999999 0.818859 0.6584800000000001 0.814324 0.6584800000000001 0.7691889999999999 0.6479600000000001 0.6788890000000001 0.65246 0.6134229999999999 0.67502 0.624715 0.6960599999999999 0.694685 0.7005800000000001 0.771441 0.7081000000000001 0.794024 0.71562 0.805315 0.72614 0.778228 0.72012 0.733063 0.72162 0.692432 0.7126 0.604414 0.6975800000000001 0.5434530000000001 0.72614 0.5434530000000001 0.70508 0.491532 0.69156 0.44414400000000004 0.6855399999999999 0.43961 0.67652 0.41705699999999996 0.67352 0.405766 0.669 0.383183 0.6614800000000001 0.371892 0.65398 0.365135 0.6449600000000001 0.367387 0.6389400000000001 0.376396 0.63744 0.401231 0.63744 0.408018 0.63744 0.41252300000000003 0.6389400000000001 0.419309 0.6389400000000001 0.423814 0.61038 0.43961
50 0.05644 0.42939900000000003 0.06214 0.43624599999999997 0.07012 0.45336299999999996 0.07012 0.47561600000000004 0.06898 0.49447399999999997 0.06784 0.515015 0.0724 0.5133030000000001 0.08266 0.515015 0.0861 0.515015 0.10092 0.5133030000000001 0.10890000000000001 0.5133030000000001 0.11004000000000001 0.496186 0.11231999999999999 0.472192 0.10776000000000001 0.448228 0.09864 0.41741700000000004 0.0861 0.41741700000000004 0.08381999999999999 0.410571 0.09065999999999999 0.39 0.08266 0.37801799999999997 0.07468000000000001 0.37801799999999997 0.06898 0.39 0.07012 0.401982 0.05644 0.41741700000000004 0.05644 0.42939900000000003
33 0.5955199999999999 0.45024000000000003 0.58412 0.438679 0.57272 0.431291 0.5604 0.426186 0.5554600000000001 0.425255 0.55208 0.42573599999999995 0.55084 0.431291 0.55392 0.438679 0.55762 0.448408 0.56502 0.454865 0.57612 0.463664 0.58536 0.46967000000000003 0.5986 0.47615599999999997 0.6041599999999999 0.474775 0.6050800000000001 0.46921900000000005 0.59768 0.453033 0.5955199999999999 0.45024000000000003
22 0.34014 0.630901 0.34488 0.59045 0.3456 0.628709 0.34814 0.626517 0.34814 0.59045 0.35578 0.581712 0.3758 0.582252 0.37908 0.633634 0.38454 0.622703 0.38708 0.5554950000000001 0.38782 0.54018 0.37433999999999995 0.529249 0.36344 0.528709 0.35142 0.527087 0.33796 0.536907 0.33686 0.5434530000000001 0.33796 0.631982 0.34014 0.630901
22 0.4009 0.527027 0.39506 0.532012 0.39038 0.537568 0.38939999999999997 0.543724 0.38862 0.55982 0.39076 0.6172070000000001 0.39096 0.6280479999999999 0.39427999999999996 0.62979 0.39466 0.614865 0.39642 0.605796 0.39758 0.6265769999999999 0.39836 0.631532 0.40148 0.6318320000000001 0.40168 0.622462 0.4046 0.5820719999999999 0.41981999999999997 0.579159 0.42528 0.607538 0.4278 0.607538 0.42918 0.585015 0.42918 0.627447 0.43756 0.629489 0.43776 0.616607 0.44068 0.561592 0.44224 0.537568 0.44048000000000004 0.5355260000000001 0.42762 0.528498 0.42138 0.525586 0.41572000000000003 0.525586 0.40168 0.528498 0.4009 0.527027
22 0.44888 0.626066 0.45077999999999996 0.618649 0.45230000000000004 0.59018 0.4561 0.581622 0.46177999999999997 0.581051 0.46368 0.6038439999999999 0.46444 0.626637 0.47128 0.626637 0.47014 0.615826 0.47128 0.586186 0.47316 0.581622 0.4781 0.5821919999999999 0.48038 0.623213 0.4819 0.626637 0.49668 0.625495 0.49594 0.596456 0.49594 0.575946 0.49668 0.561141 0.50352 0.541772 0.50276 0.527508 0.49404000000000003 0.526937 0.4838 0.526937 0.46938 0.530931 0.45306 0.540631 0.44548000000000004 0.545165 0.44472 0.626066 0.44888 0.626066
22 0.31124 0.536366 0.30184 0.5304800000000001 0.28644 0.5265770000000001 0.27104 0.531652 0.26688 0.536757 0.26922 0.5445949999999999 0.27077999999999997 0.547718 0.27548 0.544985 0.276 0.568889 0.27626 0.61982 0.27888 0.627267 0.28332 0.6209910000000001 0.28566 0.584565 0.30313999999999997 0.583754 0.30262 0.628829 0.30706 0.631562 0.3115 0.624114 0.30913999999999997 0.582583 0.31827999999999995 0.581802 0.31906 0.626877 0.3201 0.62961 0.32245999999999997 0.626486 0.32402 0.544985 0.31124 0.536366
22 0.22602 0.637177 0.23098 0.6330330000000001 0.23154 0.585015 0.2398 0.583333 0.24864 0.583333 0.25636000000000003 0.585015 0.26076 0.6330330000000001 0.2696 0.627237 0.2718 0.592462 0.27346 0.57009 0.27346 0.559339 0.27233999999999997 0.5485589999999999 0.26904 0.5378080000000001 0.26627999999999996 0.532823 0.25745999999999997 0.527868 0.24202 0.524535 0.23041999999999999 0.527868 0.22546000000000002 0.53033 0.21608000000000002 0.541922 0.22104 0.555195 0.22104 0.562643 0.21774000000000002 0.581682 0.21664 0.594955 0.2238 0.604054 0.22436 0.610691 0.2238 0.62973 0.22602 0.637177
22 0.1385 0.585375 0.15753999999999999 0.584925 0.16096000000000002 0.626607 0.16502 0.6219220000000001 0.15784 0.544625 0.14318 0.5422819999999999 0.13474 0.533844 0.1154 0.526817 0.10822 0.525886 0.11228 0.543694 0.11259999999999999 0.5483779999999999 0.10884 0.550721 0.11445999999999999 0.579279 0.10698 0.62991 0.11134000000000001 0.626607 0.11602 0.583033 0.1232 0.582583 0.12414 0.6303599999999999 0.12882 0.613033 0.12913999999999998 0.580691 0.1335 0.581171 0.13474 0.62991 0.13474 0.631772 0.13694 0.622402 0.1385 0.585375
22 0.37536 0.517538 0.37192 0.506577 0.36676 0.502042 0.36376 0.501411 0.35042 0.498829 0.34226 0.50012 0.33624 0.503333 0.33194 0.506577 0.32894 0.519489 0.3732 0.518198 0.37536 0.517538
22 0.3328 0.611111 0.33538 0.611772 0.33754 0.536246 0.3341 0.533033 0.33194 0.534324 0.33066 0.538829 0.3328 0.611111
22 0.51218 0.544955 0.51088 0.558649 0.49783999999999995 0.561592 0.49654000000000004 0.568438 0.51478 0.572342 0.51934 0.624204 0.52716 0.625165 0.52324 0.568438 0.53106 0.516607 0.5252 0.514655 0.51412 0.5303 0.50306 0.535195 0.51218 0.544955
22 0.38852 0.522072 0.43145999999999995 0.5206310000000001 0.42756 0.50964 0.41146 0.5037539999999999 0.39096 0.508889 0.38852 0.5206310000000001 0.38852 0.522072
22 0.16441999999999998 0.633063 0.1677 0.633063 0.17284 0.631652 0.17236 0.615526 0.1747 0.590961 0.1775 0.5846549999999999 0.17704 0.623934 0.17844 0.632342 0.18403999999999998 0.632342 0.17984 0.582553 0.19806 0.588168 0.20132 0.623243 0.2018 0.636547 0.21066 0.635856 0.2144 0.635856 0.21534 0.599399 0.2144 0.577658 0.21486000000000002 0.5496099999999999 0.2144 0.534865 0.20272 0.524354 0.18264 0.527868 0.16722 0.525766 0.16302 0.532763 0.16256 0.548889 0.1635 0.574835 0.1635 0.624625 0.16441999999999998 0.633063
22 0.060399999999999995 0.558889 0.07012 0.558889 0.07271999999999999 0.566667 0.07336 0.5929730000000001 0.07336 0.598829 0.07662000000000001 0.597838 0.0792 0.5803 0.07986 0.5881080000000001 0.0805 0.602703 0.0805 0.6124620000000001 0.08764 0.62024 0.09087999999999999 0.62024 0.09087999999999999 0.5929730000000001 0.09802 0.596877 0.09802 0.636787 0.10579999999999999 0.636787 0.10579999999999999 0.606607 0.1019 0.578378 0.1006 0.572523 0.10643999999999999 0.557928 0.10968000000000001 0.548168 0.10840000000000001 0.532613 0.1045 0.518979 0.09024 0.508258 0.08374 0.511171 0.07790000000000001 0.517988 0.06948 0.524805 0.06884 0.527718 0.06754 0.527718 0.0578 0.544294 0.060399999999999995 0.558889
22 0.4589 0.537117 0.4738 0.532643 0.49168 0.532643 0.49912 0.521471 0.49763999999999997 0.5080479999999999 0.46784 0.51027 0.4574 0.521471 0.45442 0.534895 0.4589 0.537117
27 0.46234 0.522492 0.46234 0.517508 0.45848 0.515015 0.19866 0.521652 0.18984 0.525796 0.19922 0.529099 0.2993 0.5310509999999999 0.34518 0.526877 0.46184 0.527477 0.46234 0.522492
50 0.06288 0.61988 0.07412 0.637988 0.07654000000000001 0.641622 0.07814 0.662132 0.08618 0.658498 0.0902 0.64042 0.08940000000000001 0.621081 0.08056 0.61024 0.0685 0.598168 0.05886 0.58006 0.06288 0.554715 0.0709 0.523333 0.0709 0.49315300000000006 0.0701 0.45816799999999996 0.0701 0.44849799999999995 0.06288 0.429189 0.05162 0.413514 0.0484 0.407477 0.03796 0.386937 0.02912 0.383333 0.02268 0.388138 0.01946 0.39900900000000006 0.02026 0.41952000000000006 0.02026 0.44126099999999996 0.02026 0.450901 0.016239999999999997 0.46780800000000006 0.01706 0.47988 0.02348 0.48955 0.02026 0.535405 0.01866 0.583694 0.01866 0.606607 0.03796 0.65973 0.026699999999999998 0.670571 0.04036 0.671772 0.05886 0.664535 0.0476 0.609039 0.04438 0.600571 0.06288 0.61988
50 0.17416 0.525075 0.18602000000000002 0.525075 0.19194 0.51024 0.19458 0.46771799999999997 0.188 0.432102 0.16691999999999999 0.41825799999999996 0.15703999999999999 0.405405 0.1465 0.404414 0.13926 0.41825799999999996 0.1465 0.43804799999999994 0.1465 0.44495500000000004 0.1465 0.472643 0.15308000000000002 0.507267 0.17416 0.525075
22 0.26908 0.521201 0.30739999999999995 0.5190089999999999 0.2985 0.512462 0.29204 0.51027 0.2838 0.5097900000000001 0.27798 0.511742 0.2686 0.521201 0.26908 0.521201