14 0.607062 0.021979199999999997 0.43721899999999997 0.0600833 0.341375 0.118396 0.238797 0.226 0.186656 0.389688 0.198437 0.580271 0.269062 0.822417 0.329594 0.865021 0.440578 0.988333 0.916484 0.999542 1 0.9305 0.9972030000000001 0.15918700000000002 0.9215310000000001 0.08968749999999999 0.842484 0.049333300000000004 0.721406 0.0224167 0.605375 0.0201875 0.607062 0.021979199999999997
12 0 0.784271 0.09270310000000001 0.355063 0.0960625 0.33708299999999997 0 0.29662499999999997 0 0.784271
19 0.635062 0.825979 0.621422 0.794813 0.629219 0.7220829999999999 0.64675 0.651958 0.619484 0.649354 0.603891 0.6779170000000001 0.6 0.7220829999999999 0.603891 0.7688330000000001 0.613641 0.8181879999999999 0.635062 0.825979
19 0.591359 0.541979 0.589734 0.557125 0.614078 0.564688 0.641656 0.518188 0.674109 0.46625 0.643281 0.446792 0.5921719999999999 0.539813 0.591359 0.541979
19 0.359406 0.692354 0.369 0.6981459999999999 0.37857799999999997 0.695833 0.40125 0.698729 0.436125 0.700479 0.44092200000000004 0.701063 0.450063 0.705125 0.440047 0.7446459999999999 0.466641 0.7126870000000001 0.467938 0.6981459999999999 0.486688 0.698729 0.510219 0.6661870000000001 0.516766 0.665604 0.515453 0.651667 0.521563 0.6342289999999999 0.527656 0.622604 0.5185 0.615625 0.47796900000000003 0.6138750000000001 0.45704700000000004 0.618542 0.447453 0.6388750000000001 0.44528100000000004 0.6505 0.40473400000000004 0.624354 0.394719 0.610979 0.373359 0.6133120000000001 0.32584399999999997 0.630167 0.326281 0.656312 0.359406 0.692354
19 0.404891 0.238667 0.385 0.23727099999999998 0.361969 0.242854 0.361969 0.290312 0.361969 0.35310400000000003 0.37348400000000004 0.394979 0.389188 0.453583 0.410125 0.477313 0.436281 0.452188 0.4185 0.421479 0.39546899999999996 0.381021 0.379766 0.314042 0.399656 0.262396 0.404891 0.238667
19 0.5175 0.34102099999999996 0.534016 0.318062 0.533297 0.294125 0.5297189999999999 0.25295799999999996 0.528281 0.20318699999999998 0.534016 0.143833 0.515359 0.140958 0.5117659999999999 0.165833 0.505297 0.233813 0.511047 0.32283300000000004 0.5175 0.34102099999999996
19 0.49884399999999995 0.7743749999999999 0.511078 0.7775420000000001 0.538922 0.7915829999999999 0.551156 0.7915829999999999 0.558281 0.7906669999999999 0.565078 0.7906669999999999 0.599031 0.8038120000000001 0.595984 0.7843330000000001 0.496469 0.7462920000000001 0.485594 0.744479 0.483906 0.7616879999999999 0.49884399999999995 0.7743749999999999
19 0.717469 0.7425630000000001 0.741922 0.738479 0.7235940000000001 0.717646 0.698797 0.707688 0.654641 0.697729 0.651922 0.7090420000000001 0.679094 0.738938 0.717469 0.7425630000000001
19 0.67275 0.32345799999999997 0.669922 0.326604 0.669922 0.346813 0.673234 0.355667 0.6775 0.377771 0.697859 0.389771 0.689813 0.334187 0.67275 0.32345799999999997
19 0.460281 0.294042 0.460781 0.287875 0.45512499999999995 0.279625 0.44843700000000003 0.258354 0.43710899999999997 0.252875 0.43453099999999995 0.264542 0.456156 0.296104 0.460281 0.294042
19 0.618125 0.441792 0.640937 0.44995799999999997 0.645953 0.4455 0.689906 0.477417 0.708828 0.475187 0.695484 0.455146 0.662641 0.43512500000000004 0.642047 0.426208 0.614781 0.417313 0.5992029999999999 0.416563 0.592516 0.41804199999999997 0.592516 0.429187 0.618125 0.441792
19 0.708859 0.604771 0.712641 0.6356459999999999 0.7249220000000001 0.6268119999999999 0.715938 0.577688 0.712641 0.560667 0.707437 0.535479 0.697047 0.512792 0.682875 0.488854 0.6729529999999999 0.499562 0.673891 0.5020830000000001 0.6965779999999999 0.562562 0.708859 0.604771
19 0.8470000000000001 0.754896 0.8527189999999999 0.764417 0.8555780000000001 0.721562 0.827 0.696792 0.8041410000000001 0.678708 0.7927190000000001 0.674896 0.791281 0.678708 0.790578 0.683458 0.814859 0.721562 0.8470000000000001 0.754896
27 0.233766 0.257146 0.301953 0.171438 0.40714100000000003 0.0961042 0.467531 0.06493750000000001 0.3935 0.023375 0.237656 0.15585400000000002 0.14804699999999998 0.15843700000000002 0.0681875 0.0909167 0.0019531203125 0.0493542 0.0019531203125 0.288312 0.08960939999999999 0.322083 0.105187 0.355854 0.058437499999999996 0.571438 0.190906 0.425979 0.233766 0.257146
19 0.289859 0.416667 0.290578 0.416667 0.30425 0.39075 0.319375 0.32741699999999996 0.330891 0.273667 0.319375 0.254458 0.305703 0.32837500000000003 0.277625 0.39939600000000003 0.289859 0.416667
48 0 1 0.0782812 1 0.260797 0.856917 0.276625 0.857146 0.294719 0.863042 0.299031 0.853458 0.290422 0.837188 0.296156 0.828562 0.288266 0.815167 0.305484 0.793146 0.277484 0.751979 0.252359 0.713688 0.237281 0.682104 0.21503100000000003 0.626583 0.20067200000000002 0.576792 0.191156 0.533854 0.188969 0.420771 0.0372656 0.608 0.000328125 0.785625 0 1