22 0.19853099999999999 0.6113540000000001 0.186219 0.688777 0.175437 0.73179 0.181594 0.774803 0.204687 0.781245 0.30009399999999997 0.7683409999999999 0.309328 0.753297 0.307797 0.637162 0.27240600000000004 0.626419 0.226234 0.613515 0.209297 0.512445 0.19545300000000002 0.490939 0.178516 0.49738 0.170828 0.512445 0.181594 0.546856 0.19853099999999999 0.6113540000000001
22 0.0181562 0.8797159999999999 0.0443125 0.8797159999999999 0.113578 0.884017 0.142813 0.884017 0.153578 0.85821 0.181281 0.85821 0.185906 0.808755 0.17975000000000002 0.714127 0.155125 0.703384 0.0797188 0.688319 0.0750938 0.647467 0.0704844 0.574345 0.036625000000000005 0.535633 0.007375 0.555 0.032 0.6044539999999999 0.0350781 0.647467 0.0381563 0.681878 0.0381563 0.724891 0.033546900000000004 0.739934 0.0150781 0.860371 0.0181562 0.8797159999999999
11 0.951922 0.25312199999999996 0.957219 0.221987 0.982687 0.20716199999999999 0.964656 0.202707 0.976313 0.140459 0.962531 0.18345 0.9476720000000001 0.16416999999999998 0.920094 0.13303500000000001 0.8840159999999999 0.13897400000000001 0.877641 0.09004370087336244 0.863859 0.08410479912663756 0.840516 0.09893010043668123 0.817172 0.124148 0.804438 0.153799 0.783219 0.181965 0.76625 0.189367 0.787469 0.25460699999999997 0.951922 0.25312199999999996
11 0.701156 0.301114 0.685063 0.285393 0.670594 0.280895 0.625563 0.269672 0.582156 0.25393 0.556422 0.251681 0.556422 0.222467 0.548375 0.177533 0.5467660000000001 0.24718299999999999 0.5290779999999999 0.251681 0.521047 0.280895 0.52425 0.29888600000000004 0.503344 0.289891 0.4535 0.285393 0.45028100000000004 0.289891 0.4535 0.31460699999999997 0.477625 0.33707400000000004 0.508172 0.3281 0.545156 0.33707400000000004 0.582156 0.33707400000000004 0.652906 0.334825 0.693109 0.32585200000000003 0.701156 0.305611 0.701156 0.301114
50 0.550156 0.9038430000000001 0.510437 0.874541 0.509328 0.77738 0.492781 0.714148 0.506016 0.697205 0.509328 0.701812 0.515953 0.731114 0.5325 0.7588860000000001 0.550156 0.77738 0.572234 0.77738 0.575547 0.772751 0.572234 0.761965 0.565609 0.754258 0.5490630000000001 0.734214 0.5325 0.715699 0.5391250000000001 0.667904 0.585469 0.623166 0.591 0.583079 0.556781 0.549148 0.524781 0.573821 0.515953 0.6015940000000001 0.511531 0.61393 0.457469 0.6185590000000001 0.411109 0.683319 0.402281 0.707991 0.412219 0.752707 0.433188 0.783559 0.46298399999999995 0.800524 0.460766 0.87607 0.46187500000000004 0.914629 0.504922 0.923886 0.550156 0.9038430000000001
50 0.361437 0.6673359999999999 0.362203 0.684323 0.37968799999999997 0.694956 0.404031 0.691769 0.394906 0.682205 0.377406 0.663079 0.381969 0.593974 0.39414099999999996 0.562096 0.388063 0.548275 0.360672 0.548275 0.392625 0.516376 0.38501599999999997 0.5036240000000001 0.365234 0.5185150000000001 0.351547 0.524891 0.358391 0.47493399999999997 0.366 0.485546 0.381969 0.469607 0.38578100000000004 0.457926 0.389578 0.44834100000000005 0.384266 0.42921400000000004 0.369047 0.414345 0.350781 0.42709600000000003 0.350781 0.45048 0.308953 0.47917 0.291453 0.528079 0.292219 0.5663320000000001 0.293734 0.574847 0.351547 0.575917 0.36828099999999997 0.590786 0.36295299999999997 0.6311789999999999 0.35459399999999996 0.6609389999999999 0.361437 0.6673359999999999
50 0.792812 0.43596100000000004 0.815328 0.465175 0.8362339999999999 0.514607 0.833016 0.557293 0.8635780000000001 0.5685370000000001 0.897344 0.552817 0.900563 0.496638 0.895734 0.465175 0.834625 0.388755 0.79925 0.377533 0.781562 0.386507 0.776734 0.431463 0.794422 0.442707 0.792812 0.43596100000000004
50 0.769797 0.58559 0.7750779999999999 0.607729 0.809922 0.6372490000000001 0.818375 0.666769 0.817328 0.7125330000000001 0.812047 0.73024 0.8278909999999999 0.846834 0.8088749999999999 0.863079 0.7940780000000001 0.871943 0.795141 0.883734 0.805703 0.894083 0.8669689999999999 0.897031 0.8711869999999999 0.868974 0.890203 0.866026 0.8912660000000001 0.824694 0.885984 0.821747 0.883859 0.747948 0.8944219999999999 0.742052 0.906047 0.7213759999999999 0.944078 0.7228600000000001 0.953578 0.6800660000000001 0.9387969999999999 0.632838 0.900766 0.590022 0.8669689999999999 0.57083 0.833172 0.5590390000000001 0.821547 0.530983 0.795141 0.525087 0.795141 0.5236029999999999 0.769797 0.5678819999999999 0.769797 0.58559
50 0.395031 0.457424 0.395031 0.442948 0.403922 0.426397 0.414266 0.420197 0.417234 0.46155 0.43646900000000005 0.46775100000000003 0.42907799999999996 0.455349 0.424625 0.409869 0.420188 0.382969 0.42167199999999994 0.35816600000000004 0.42167199999999994 0.329214 0.420188 0.289934 0.415984 0.265764 0.40609400000000007 0.265983 0.399391 0.271528 0.399547 0.291026 0.39207800000000004 0.302336 0.384672 0.325087 0.395031 0.345764 0.398 0.38091699999999995 0.398 0.39331900000000003 0.393562 0.418122 0.395031 0.426397 0.386156 0.455349 0.390594 0.469825 0.400953 0.46775100000000003 0.395031 0.457424
50 0.135438 0.455546 0.14271899999999998 0.455546 0.149391 0.455546 0.148187 0.450044 0.146063 0.445808 0.145156 0.439869 0.145766 0.42334099999999997 0.145453 0.362729 0.146969 0.333493 0.148187 0.316114 0.145156 0.287707 0.13817200000000002 0.271594 0.13484400000000002 0.269061 0.13484400000000002 0.263122 0.13484400000000002 0.25845 0.135141 0.249978 0.135141 0.243624 0.130281 0.236834 0.12301599999999999 0.23345000000000002 0.11451599999999999 0.238122 0.11299999999999999 0.24786 0.115422 0.25845 0.11632800000000001 0.263974 0.11087499999999999 0.273297 0.10723400000000001 0.28176900000000005 0.112703 0.302118 0.118453 0.324585 0.11937500000000001 0.362729 0.12573399999999998 0.392402 0.126656 0.41190000000000004 0.129688 0.450459 0.135438 0.455546
22 0.9629999999999999 0.49417 0.9684060000000001 0.47155 0.9777660000000001 0.454956 0.9698439999999999 0.459978 0.9594059999999999 0.473057 0.9525780000000001 0.491659 0.948969 0.515284 0.9594059999999999 0.507249 0.9629999999999999 0.49417
22 0.942484 0.652948 0.9436409999999998 0.658603 0.946734 0.669651 0.949437 0.6785369999999998 0.948656 0.702249 0.956563 0.701987 0.965047 0.699825 0.9690939999999999 0.69607 0.972188 0.687969 0.973734 0.680437 0.9729530000000001 0.669127 0.9696719999999999 0.638406 0.944609 0.640022 0.943062 0.645415 0.942484 0.652948
50 0.0921094 0.295786 0.08325 0.365109 0.100969 0.402227 0.12221900000000001 0.456681 0.125766 0.44678999999999996 0.125766 0.392336 0.109828 0.357664 0.109828 0.30321000000000004 0.109828 0.278472 0.11335900000000002 0.258668 0.09742189999999999 0.253712 0.0867969 0.266092 0.0921094 0.295786
22 0.267391 0.532402 0.267391 0.563122 0.266437 0.5938209999999999 0.260703 0.611179 0.25975000000000004 0.621878 0.252109 0.689956 0.34096899999999997 0.7086680000000001 0.359125 0.700655 0.361031 0.616528 0.358172 0.597838 0.347656 0.581812 0.315172 0.581812 0.297016 0.5764630000000001 0.291281 0.556441 0.285547 0.509716 0.28173400000000004 0.489694 0.26453099999999996 0.462969 0.254969 0.458974 0.246375 0.469651 0.262625 0.49368999999999996 0.267391 0.532402
22 0.940516 0.632555 0.939891 0.646638 0.962578 0.643996 0.979609 0.625502 0.979609 0.60083 0.977078 0.573537 0.9815000000000002 0.553275 0.9815000000000002 0.524192 0.9960000000000001 0.500415 0.9966250000000001 0.490721 0.964469 0.498646 0.943672 0.522445 0.939891 0.57 0.927281 0.568231 0.916563 0.588493 0.938 0.585852 0.940516 0.632555
22 1 0.893777 0.928797 0.889541 0.907625 0.884476 0.902187 0.87179 0.910656 0.8734930000000001 1 0.878559 0.999547 0.8667250000000001 0.905813 0.8633409999999999 0.902187 0.850677 0.902187 0.772926 0.903406 0.757707 0.9070309999999999 0.747576 0.910656 0.732358 1 0.7408079999999999 0.998953 0.7120960000000001 0.9487500000000001 0.7095410000000001 0.9414999999999999 0.725611 0.9354530000000001 0.723079 0.913687 0.723079 0.8967499999999999 0.7289960000000001 0.892516 0.75941 0.894328 0.846441 0.900375 0.892926 1 0.90476 1 0.893777