50 0.460156 0 0.427703 0.004906100938967137 0.428266 0.009859150234741784 0.429359 0.0173005 0.429359 0.024741800469483568 0.429906 0.0354695 0.427703 0.03713619953051643 0.42110900000000007 0.046220699530516426 0.408453 0.06110330046948357 0.40020300000000003 0.08258219953051643 0.40020300000000003 0.09992960093896715 0.40020300000000003 0.10901400000000001 0.405156 0.128028 0.409016 0.13877899999999999 0.40956200000000004 0.137113 0.41615599999999997 0.142089 0.439813 0.16770000000000002 0.45356199999999997 0.168521 0.45960900000000005 0.16356800000000002 0.49096900000000004 0.14455400000000002 0.493719 0.140423 0.492625 0.10819200000000001 0.49042199999999997 0.09166669953051643 0.48601599999999995 0.071831 0.477766 0.05117369953051643 0.472266 0.04291080046948356 0.483266 0.014812199530516433 0.475016 0 0.460156 0
50 0.125203 0.452418 0.133109 0.458357 0.163406 0.452418 0.159453 0.434601 0.160781 0.42668999999999996 0.184484 0.395023 0.191078 0.36138499999999996 0.202922 0.389085 0.200297 0.398967 0.192391 0.44054 0.20425 0.44647899999999996 0.206875 0.43262900000000004 0.22006199999999998 0.393052 0.226641 0.36729999999999996 0.251672 0.329718 0.292516 0.311901 0.314906 0.282207 0.300422 0.26439 0.280656 0.258451 0.22400000000000003 0.228779 0.16735899999999998 0.24460099999999999 0.163406 0.288146 0.16209400000000002 0.349507 0.133109 0.418779 0.125203 0.452418
50 0.6956089999999999 0.5439200000000001 0.727094 0.530399 0.742078 0.5236379999999999 0.785562 0.541667 0.8005470000000001 0.530399 0.785562 0.510141 0.8050470000000001 0.512394 0.8140470000000001 0.5529339999999999 0.830531 0.573192 0.829031 0.5461739999999999 0.824531 0.512394 0.833531 0.444812 0.823031 0.39976500000000004 0.829031 0.361479 0.7990470000000001 0.35248799999999997 0.781062 0.368239 0.7555780000000001 0.368239 0.718094 0.411033 0.709094 0.424554 0.706109 0.471854 0.709094 0.498873 0.709094 0.5033799999999999 0.7075940000000001 0.507887 0.692609 0.528146 0.6956089999999999 0.5439200000000001
50 1 0.591878 0.997687 0.593826 0.9859690000000001 0.598732 0.982719 0.607535 0.980766 0.628075 0.9683910000000001 0.63493 0.958625 0.639812 0.958625 0.641761 0.958625 0.647629 0.981422 0.658404 0.981422 0.665235 0.982719 0.675023 0.982719 0.680892 0.9866249999999999 0.688709 0.9918280000000002 0.6945769999999999 0.999 0.689695 1 0.591878
50 0.9612339999999999 0.835446 0.9605780000000002 0.8422769999999999 0.967094 0.848146 0.969703 0.8550000000000001 0.978156 0.859883 0.9859690000000001 0.83838 0.998344 0.826643 0.999 0.7973000000000001 0.978813 0.826643 0.9612339999999999 0.835446
30 0.224375 0.534836 0.320094 0.552817 0.44275000000000003 0.532582 0.45173399999999997 0.5033799999999999 0.463687 0.46068099999999995 0.462203 0.471901 0.460703 0.487629 0.496594 0.507864 0.525016 0.50561 0.5325 0.487629 0.519031 0.465164 0.510062 0.471901 0.499594 0.485399 0.487625 0.492136 0.483141 0.478662 0.483141 0.45169 0.48164100000000004 0.43370899999999996 0.47865599999999997 0.41798100000000005 0.469672 0.39100899999999994 0.477156 0.366291 0.475656 0.33258200000000004 0.46518800000000005 0.30338 0.462203 0.269671 0.44873399999999997 0.233709 0.406859 0.21798099999999998 0.38890600000000003 0.21798099999999998 0.358984 0.253944 0.341047 0.265164 0.335062 0.25842699999999996 0.294672 0.29662 0.260266 0.319108 0.22137500000000002 0.377535 0.20940599999999998 0.422465 0.204922 0.45842700000000003 0.218391 0.5303289999999999 0.224375 0.534836
30 0.33281299999999997 0.858638 0.34475 0.860869 0.374594 0.8743190000000001 0.438781 0.883286 0.45370299999999997 0.860869 0.455187 0.854155 0.46414099999999997 0.829484 0.47609399999999996 0.825 0.4925 0.825 0.488031 0.8048120000000001 0.482062 0.773427 0.46265599999999996 0.751009 0.446234 0.737559 0.42832800000000004 0.735305 0.392516 0.742042 0.355203 0.742042 0.33281299999999997 0.7442719999999999 0.31789100000000003 0.748756 0.283562 0.757746 0.259687 0.784648 0.24775 0.838451 0.33281299999999997 0.858638
30 0.632641 0.66554 0.646141 0.697066 0.644641 0.764648 0.605656 0.8164319999999999 0.622156 0.829953 0.730094 0.818685 0.727094 0.74662 0.703109 0.71284 0.6401410000000001 0.6565259999999999 0.632641 0.66554
30 0.8350310000000001 0.985352 0.984938 0.987606 0.992437 0.987606 1 0.875 0.993938 0.863732 0.9819530000000001 0.859225 0.971453 0.856972 0.960953 0.8457279999999999 0.9519690000000001 0.8276999999999999 0.9054840000000001 0.820939 0.8859999999999999 0.8322069999999999 0.869516 0.861479 0.8590159999999999 0.895282 0.844031 0.9335680000000001 0.833531 0.978615 0.8350310000000001 0.985352
50 0.682078 0.5861500000000001 0.7030160000000001 0.62885 0.701531 0.671526 0.704516 0.723216 0.716484 0.759178 0.732938 0.77716 0.735922 0.747934 0.777813 0.6782860000000001 0.785281 0.77716 0.7837970000000001 0.797371 0.8017340000000001 0.797371 0.7927660000000001 0.723216 0.8316560000000001 0.62885 0.819688 0.58838 0.7538750000000001 0.543451 0.735922 0.532207 0.7194689999999999 0.536714 0.725453 0.541197 0.698531 0.547934 0.682078 0.5861500000000001
30 0.241031 0.244648 0.27799999999999997 0.276573 0.28446899999999997 0.2627 0.289078 0.268239 0.300172 0.268239 0.307563 0.28352099999999997 0.32975 0.261291 0.338063 0.26685400000000004 0.356547 0.251573 0.387969 0.219648 0.400906 0.219648 0.44895300000000005 0.230751 0.46096899999999996 0.26685400000000004 0.464656 0.301549 0.472984 0.32931900000000003 0.482219 0.36265299999999995 0.505328 0.36265299999999995 0.49978100000000003 0.322394 0.522875 0.30988299999999996 0.5450630000000001 0.301549 0.566312 0.28072800000000003 0.581094 0.26962400000000003 0.580172 0.243263 0.5700160000000001 0.22936600000000001 0.5533750000000001 0.20439 0.525656 0.180775 0.50625 0.17382599999999998 0.500703 0.15856800000000001 0.485 0.140516 0.47575 0.150235 0.460047 0.172441 0.478531 0.201596 0.455422 0.17105599999999999 0.421234 0.139131 0.36948400000000003 0.139131 0.321422 0.139131 0.270609 0.168286 0.234563 0.198826 0.20776599999999998 0.23493 0.241031 0.244648
30 0.716578 0.504742 0.69225 0.531596 0.678844 0.556948 0.6555 0.580822 0.645078 0.594977 0.661953 0.606174 0.679828 0.609155 0.688266 0.610657 0.692734 0.610657 0.701672 0.603944 0.693234 0.592746 0.684297 0.584554 0.689266 0.55993 0.699688 0.548732 0.708125 0.539038 0.726 0.527864 0.738422 0.515915 0.730469 0.501761 0.716578 0.504742
30 0.76275 0.529343 0.774172 0.54054 0.781609 0.542019 0.794031 0.558427 0.8089220000000001 0.570376 0.817359 0.58007 0.821328 0.585282 0.825797 0.591995 0.8332499999999999 0.603192 0.853609 0.591995 0.8327500000000001 0.565141 0.792531 0.536056 0.768203 0.521878 0.752812 0.52338 0.756781 0.539038 0.76275 0.529343
50 0.44157799999999997 0.841221 0.446859 0.858169 0.46490600000000004 0.8570420000000001 0.47620300000000004 0.853638 0.483734 0.8378169999999999 0.520609 0.816338 0.5416719999999999 0.800516 0.5446869999999999 0.732676 0.547687 0.732676 0.568016 0.73493 0.568016 0.747371 0.562 0.7631920000000001 0.549203 0.794859 0.547687 0.8118080000000001 0.558234 0.875117 0.582313 0.8819009999999999 0.574781 0.834437 0.574781 0.812934 0.588328 0.805023 0.5905940000000001 0.8287789999999999 0.603375 0.8773939999999999 0.6222030000000001 0.879648 0.619938 0.8627 0.619938 0.84007 0.614672 0.823122 0.6191880000000001 0.801643 0.638 0.774507 0.652297 0.7270190000000001 0.642516 0.67615 0.6222030000000001 0.653521 0.598109 0.638826 0.562 0.624131 0.5025470000000001 0.6196240000000001 0.48825 0.616221 0.47921899999999995 0.616221 0.46265599999999996 0.6196240000000001 0.457391 0.624131 0.456641 0.626408 0.45437500000000003 0.658052 0.439328 0.6965020000000001 0.458141 0.701009 0.480719 0.702136 0.492 0.7055400000000001 0.48825 0.71007 0.479969 0.733803 0.45964099999999997 0.747371 0.452125 0.738333 0.44459400000000004 0.7405870000000001 0.443094 0.746244 0.45287499999999997 0.7609389999999999 0.46867200000000003 0.767723 0.480719 0.7609389999999999 0.503297 0.7372070000000001 0.504797 0.757535 0.506297 0.786948 0.494266 0.8027700000000001 0.475453 0.816338 0.45512499999999995 0.823122 0.45060900000000004 0.83216 0.44157799999999997 0.841221