63 0.362187 0.559562 0.364648 0.56175 0.378047 0.568984 0.38625 0.5683279999999999 0.395273 0.565922 0.402676 0.561531 0.405684 0.556719 0.404316 0.5495 0.40377 0.543594 0.399941 0.538125 0.393359 0.534625 0.380781 0.531766 0.370117 0.533297 0.364375 0.534844 0.360273 0.537906 0.356152 0.542281 0.355332 0.546656 0.355332 0.5536559999999999 0.362187 0.5593440000000001 0.362187 0.559562
63 0.776875 0.41143799999999997 0.781934 0.412797 0.787305 0.412516 0.793047 0.411984 0.796738 0.405516 0.798086 0.40012499999999995 0.792363 0.393125 0.785957 0.39123399999999997 0.780586 0.393656 0.77418 0.403359 0.776875 0.41143799999999997
50 0.576836 0.769313 0.657813 0.753562 0.675312 0.669516 0.6425 0.553953 0.603105 0.45064099999999996 0.568086 0.433141 0.583398 0.417375 0.541816 0.370109 0.473965 0.350844 0.441133 0.377109 0.421445 0.406875 0.403926 0.419125 0.421445 0.426141 0.449883 0.47690599999999994 0.458652 0.497922 0.423633 0.504922 0.417051 0.5417029999999999 0.45207 0.638 0.473965 0.659016 0.508984 0.6485000000000001 0.489277 0.669516 0.307617 0.723797 0.274805 0.753562 0.283555 0.779828 0.366719 0.8130940000000001 0.353594 0.8148440000000001 0.307617 0.827094 0.314199 0.856859 0.441133 0.863859 0.432383 0.841109 0.395176 0.781578 0.445508 0.781578 0.552754 0.8218439999999999 0.640312 0.8603590000000001 0.600898 0.9058909999999999 0.664375 0.911141 0.734414 0.881375 0.701582 0.855109 0.653438 0.827094 0.576836 0.769313
50 0.503848 0.337719 0.519121 0.342422 0.532051 0.352766 0.546152 0.359359 0.547344 0.326437 0.533223 0.316094 0.528535 0.30668799999999996 0.516777 0.303875 0.517949 0.292578 0.517949 0.271891 0.503848 0.26343700000000003 0.485039 0.265313 0.469746 0.277531 0.469746 0.291641 0.473281 0.301047 0.460352 0.308578 0.443887 0.317031 0.440371 0.329266 0.490918 0.332078 0.503848 0.337719
50 0.408359 0.26743700000000004 0.408359 0.25842200000000004 0.405137 0.249828 0.396543 0.245531 0.385801 0.244672 0.376133 0.245531 0.368086 0.248969 0.365391 0.253266 0.363242 0.259281 0.36002 0.266156 0.36002 0.27217199999999997 0.36002 0.275609 0.361641 0.27775 0.363789 0.28076599999999996 0.364316 0.284203 0.367539 0.285922 0.37291 0.285922 0.376133 0.285922 0.378281 0.29279700000000003 0.379355 0.294937 0.409434 0.277328 0.408359 0.26743700000000004
50 0.04921869921875 0.38825 0.07421880078125 0.400516 0.125859 0.398578 0.12666 0.392125 0.132305 0.383734 0.143594 0.351469 0.146816 0.341141 0.162148 0.317266 0.162148 0.286937 0.162148 0.270797 0.159727 0.26240600000000003 0.142793 0.256594 0.133926 0.25207799999999997 0.116172 0.228844 0.108105 0.211422 0.104883 0.206266 0.080683599609375 0.20303100000000002 0.067773400390625 0.209484 0.06292969921875 0.221109 0.058085900390625 0.230781 0.05890630078125 0.243047 0.080683599609375 0.270156 0.077441400390625 0.280484 0.067773400390625 0.291453 0.05324219921875 0.291453 0.03953119921875 0.291453 0.036308599609375 0.301125 0.03953119921875 0.305641 0.044375 0.322422 0.041953099609375 0.371469 0.04921869921875 0.38825
50 0.378457 0.38504700000000003 0.422012 0.386328 0.420391 0.34696899999999997 0.477676 0.345031 0.480898 0.330844 0.442168 0.327609 0.442168 0.31728100000000004 0.475254 0.30309400000000003 0.472031 0.287594 0.466387 0.285016 0.451855 0.279203 0.442988 0.270813 0.451055 0.261781 0.451855 0.248234 0.447832 0.240484 0.44541 0.231453 0.430879 0.22370299999999999 0.413145 0.22564099999999998 0.403457 0.23209399999999997 0.40668 0.242422 0.40748 0.263719 0.414746 0.28179699999999996 0.390547 0.288891 0.36957 0.302438 0.35748 0.316641 0.355059 0.330187 0.34457 0.345672 0.339727 0.356 0.352637 0.366328 0.367148 0.37471899999999997 0.375215 0.378594 0.377637 0.387625 0.378457 0.38504700000000003
50 0.327773 0.375125 0.330957 0.371281 0.326699 0.36575 0.326699 0.357656 0.326172 0.351703 0.33627 0.357234 0.345332 0.345313 0.353301 0.335531 0.340527 0.325313 0.334688 0.316797 0.331484 0.2955 0.326172 0.290813 0.304883 0.281875 0.294238 0.282297 0.292109 0.27975 0.293164 0.275922 0.296895 0.274219 0.299023 0.269953 0.299551 0.265266 0.299551 0.264422 0.301152 0.249516 0.294238 0.23973399999999997 0.285723 0.235469 0.276133 0.234625 0.259102 0.238875 0.253262 0.245688 0.253262 0.256766 0.253262 0.260594 0.255391 0.266125 0.25752 0.269531 0.256445 0.272516 0.251133 0.276766 0.250059 0.279328 0.244199 0.281031 0.230898 0.286141 0.224512 0.292953 0.217598 0.301469 0.211738 0.309547 0.215996 0.313391 0.220254 0.322328 0.221855 0.329984 0.221855 0.333391 0.222383 0.337234 0.220254 0.341484 0.226641 0.353828 0.22877 0.363203 0.22877 0.370438 0.22877 0.373422 0.238887 0.383641 0.331484 0.384484 0.332559 0.378953 0.327773 0.375125
68 0.496895 0.589016 0.50416 0.590313 0.517871 0.5845 0.528359 0.590313 0.545312 0.601281 0.563848 0.603859 0.581602 0.5928910000000001 0.584824 0.570312 0.584023 0.543844 0.574336 0.521266 0.559824 0.489 0.542891 0.47221900000000006 0.525137 0.46189099999999994 0.510625 0.46253099999999997 0.498516 0.468984 0.495293 0.482547 0.494492 0.509 0.500137 0.552234 0.492871 0.5774060000000001 0.488027 0.5916089999999999 0.496895 0.589016
50 0.255488 0.382609 0.249824 0.372922 0.232852 0.358687 0.225566 0.35675 0.222344 0.345109 0.221523 0.339922 0.222344 0.328937 0.220723 0.322469 0.21668 0.309531 0.206172 0.304359 0.193223 0.304359 0.17707 0.310172 0.17707 0.319875 0.173828 0.330219 0.17625 0.346391 0.17625 0.352859 0.156035 0.351562 0.13582 0.361266 0.13502 0.381969 0.257109 0.383266 0.255488 0.382609
50 0.253066 0.403953 0.256289 0.401375 0.256289 0.389734 0.130977 0.384563 0.125312 0.401375 0.253066 0.403953
50 0.254082 0.276031 0.248438 0.269 0.240254 0.264969 0.227695 0.260953 0.235859 0.245859 0.235234 0.236313 0.231465 0.219719 0.212617 0.21017199999999997 0.201289 0.208656 0.184316 0.21871900000000002 0.179922 0.234797 0.178672 0.253906 0.18998 0.267984 0.158555 0.290109 0.222656 0.296656 0.23209 0.283078 0.254082 0.276031
50 1 0.49123400000000006 1 0.351375 0.977676 0.330141 0.948906 0.310656 0.91793 0.312438 0.88916 0.344297 0.900215 0.365547 0.942266 0.392094 1 0.49123400000000006
50 0.533223 0.27881300000000003 0.516816 0.29326599999999997 0.532402 0.309688 0.537344 0.318219 0.546367 0.324125 0.543906 0.281453 0.548008 0.228906 0.543906 0.205922 0.529121 0.21248399999999998 0.520098 0.228906 0.52584 0.259125 0.533223 0.27881300000000003
50 0.536992 0.208281 0.540234 0.207625 0.542266 0.207625 0.543066 0.205687 0.542656 0.200813 0.541035 0.19821899999999998 0.537793 0.197563 0.534961 0.196594 0.53293 0.196594 0.528867 0.196594 0.526426 0.197234 0.523594 0.19789099999999998 0.520352 0.198859 0.519531 0.199188 0.518711 0.203078 0.522773 0.206656 0.525215 0.207953 0.519531 0.207625 0.515059 0.208281 0.511016 0.209906 0.504512 0.211844 0.506953 0.21509399999999998 0.506953 0.218016 0.50207 0.218344 0.494766 0.21964100000000003 0.491113 0.220609 0.482187 0.22385899999999997 0.481797 0.22840600000000003 0.474082 0.230031 0.467578 0.23198400000000002 0.460684 0.235234 0.45541 0.23815599999999998 0.446484 0.242375 0.450137 0.244969 0.450547 0.24821900000000002 0.450937 0.250812 0.451348 0.252109 0.452559 0.255031 0.452559 0.256328 0.452168 0.259906 0.452559 0.26217199999999996 0.457441 0.266078 0.459062 0.266391 0.461895 0.26737500000000003 0.463926 0.268344 0.465156 0.270297 0.465957 0.275156 0.466777 0.27743799999999996 0.467988 0.278078 0.47043 0.279391 0.471641 0.27743799999999996 0.474082 0.276781 0.476914 0.274844 0.481387 0.271922 0.485039 0.269641 0.48707 0.269641 0.492344 0.269 0.498418 0.267687 0.50127 0.267687 0.506543 0.267687 0.509395 0.268016 0.513437 0.271266 0.513437 0.274187 0.515059 0.277766 0.516699 0.281 0.516699 0.284906 0.516289 0.285547 0.519941 0.285547 0.520352 0.28912499999999997 0.521563 0.290422 0.521152 0.294 0.521973 0.29464100000000004 0.527246 0.29367200000000004 0.527656 0.285234 0.530898 0.281656 0.534551 0.278734 0.536992 0.276781 0.536172 0.273219 0.534551 0.269641 0.535762 0.26671900000000004 0.53332 0.263797 0.534551 0.260875 0.531309 0.258609 0.528047 0.256656 0.531309 0.252766 0.53252 0.25048400000000004 0.529668 0.24821900000000002 0.528867 0.244969 0.528047 0.241391 0.527246 0.23815599999999998 0.526426 0.235875 0.525625 0.23392200000000002 0.524805 0.23132799999999998 0.524004 0.230031 0.519531 0.23132799999999998 0.5175 0.232313 0.51709 0.22939099999999998 0.519941 0.22548400000000002 0.519941 0.223219 0.521563 0.220938 0.525215 0.217375 0.527656 0.214453 0.530078 0.2125 0.528867 0.2125 0.53252 0.21023399999999998 0.536992 0.208281
50 0.683965 0.307094 0.679355 0.350094 0.682422 0.372203 0.685488 0.416437 0.682422 0.456984 0.697773 0.46312499999999995 0.708535 0.508578 0.703926 0.584766 0.677813 0.590906 0.653242 0.605641 0.657852 0.617938 0.697773 0.624078 0.72082 0.628984 0.786855 0.624078 0.785332 0.604422 0.77457 0.598281 0.788398 0.533156 0.776113 0.46189099999999994 0.773047 0.43854699999999996 0.768437 0.418891 0.797617 0.406609 0.788398 0.386953 0.783789 0.37589100000000003 0.783789 0.335344 0.771504 0.310766 0.769961 0.280062 0.740781 0.24196900000000002 0.739258 0.22599999999999998 0.748457 0.20387499999999997 0.736172 0.185453 0.708535 0.17807800000000001 0.693184 0.179313 0.688574 0.194047 0.66707 0.19773400000000002 0.677813 0.20879699999999998 0.688574 0.23337500000000003 0.699316 0.24196900000000002 0.700859 0.25425 0.69625 0.250563 0.676289 0.280062 0.683965 0.307094