52 0.0519219 0.776472 0.0582187 0.755304 0.06451559999999999 0.729416 0.0440625 0.712944 0.0424844 0.592944 0.053500000000000006 0.581168 0.06451559999999999 0.56 0.07867189999999999 0.538832 0.08339060000000001 0.52 0.08339060000000001 0.503528 0.088125 0.49647199999999997 0.07867189999999999 0.48 0.0660937 0.463528 0.0503594 0.451776 0.0409062 0.447056 0.033046900000000004 0.447056 0.0173125 0.458832 0.00471875 0.475304 0.0031406203124999996 0.472944 0.0094375 0.574112 0.037765599999999996 0.581168 0.037765599999999996 0.6870560000000001 0.0220312 0.694112 0.012593799999999999 0.698832 0.007875 0.7200000000000001 0.0220312 0.7741119999999999 0.031468800000000005 0.795304 0.0472031 0.795304 0.0519219 0.776472
13 0.625891 0.6805840000000001 0.625891 0.6944859999999999 0.625578 0.734252 0.627812 0.738551 0.638703 0.744299 0.6614530000000001 0.7400000000000001 0.664344 0.7318460000000001 0.6614530000000001 0.714603 0.6614530000000001 0.693528 0.665625 0.6374529999999999 0.654734 0.618294 0.653766 0.60535 0.652172 0.575164 0.6524840000000001 0.564159 0.639984 0.561285 0.639672 0.565117 0.640313 0.574206 0.638062 0.593855 0.635828 0.6211679999999999 0.623016 0.634579 0.622687 0.669556 0.625891 0.6805840000000001
13 0.685828 0.6877099999999999 0.690375 0.688949 0.6916089999999999 0.672897 0.6945 0.642009 0.697813 0.613598 0.7056560000000001 0.601262 0.7056560000000001 0.5845790000000001 0.7056560000000001 0.568528 0.704 0.569136 0.696562 0.567897 0.6945 0.583341 0.6945 0.602477 0.690375 0.6191589999999999 0.684172 0.6346029999999999 0.685828 0.688341 0.685828 0.6877099999999999
13 0.665641 0.6407940000000001 0.6643589999999999 0.661449 0.6617810000000001 0.7123360000000001 0.6643589999999999 0.728201 0.677203 0.728201 0.678484 0.693131 0.684906 0.688341 0.683297 0.6384110000000001 0.689719 0.617266 0.679766 0.6033409999999999 0.680406 0.567827 0.671094 0.569252 0.6707810000000001 0.6043219999999999 0.6614690000000001 0.612944 0.661141 0.6307240000000001 0.665641 0.6407940000000001
13 0.20448400000000003 0.519486 0.20448400000000003 0.5201870000000001 0.204703 0.525701 0.20448400000000003 0.529836 0.20448400000000003 0.535374 0.205172 0.540537 0.20632799999999998 0.541238 0.207016 0.541565 0.208859 0.542266 0.209547 0.546752 0.209547 0.552967 0.211172 0.558832 0.211172 0.5667519999999999 0.21278100000000003 0.570561 0.21370300000000003 0.575724 0.21417199999999997 0.5798829999999999 0.214625 0.584019 0.216938 0.585047 0.22017199999999998 0.5843689999999999 0.22225 0.582967 0.222703 0.579182 0.222938 0.574019 0.22246899999999997 0.5667519999999999 0.22225 0.559182 0.221781 0.552967 0.22246899999999997 0.535023 0.22246899999999997 0.532266 0.22225 0.528458 0.22109399999999998 0.528131 0.219469 0.527079 0.219469 0.5243220000000001 0.21970299999999998 0.518107 0.21901600000000002 0.517079 0.216938 0.517079 0.21601599999999999 0.516402 0.21601599999999999 0.512593 0.21554700000000002 0.510537 0.213016 0.511215 0.21278100000000003 0.512944 0.21025 0.516051 0.208859 0.518458 0.20585900000000001 0.519486 0.20448400000000003 0.519486
13 0.198906 0.54528 0.19921899999999998 0.556355 0.19675 0.564206 0.195203 0.573879 0.195203 0.57757 0.195203 0.6034349999999999 0.19489099999999998 0.620047 0.19767200000000001 0.620514 0.198594 0.630654 0.202922 0.6288079999999999 0.202922 0.617734 0.202 0.610818 0.204766 0.6094390000000001 0.211563 0.608505 0.21248399999999998 0.612196 0.211563 0.626051 0.21471900000000002 0.6245560000000001 0.21307800000000002 0.57285 0.21109399999999998 0.5672200000000001 0.211281 0.5604910000000001 0.209656 0.554579 0.209125 0.5478500000000001 0.208047 0.541682 0.203906 0.541145 0.198875 0.544369 0.198906 0.54528
22 0.5105470000000001 0.9849530000000001 0.655813 0.987103 0.68025 0.976355 0.707578 0.989252 0.744969 0.987103 0.746406 0.9741820000000001 0.7392190000000001 0.944089 0.700391 0.9182710000000001 0.6327969999999999 0.909673 0.5695159999999999 0.92257 0.511984 0.9849530000000001 0.5105470000000001 0.9849530000000001
50 0.336453 0.628388 0.350984 0.627173 0.380031 0.586145 0.388922 0.5849300000000001 0.388922 0.588551 0.388109 0.592173 0.385688 0.593388 0.380031 0.600631 0.37518799999999997 0.613902 0.357437 0.6332009999999999 0.32757800000000004 0.636822 0.324344 0.65493 0.324344 0.6706310000000001 0.324344 0.691145 0.3195 0.71528 0.31789100000000003 0.7273600000000001 0.330797 0.733388 0.37923399999999996 0.738224 0.388922 0.729766 0.390531 0.7213080000000001 0.38971900000000004 0.688738 0.385688 0.673037 0.3865 0.650117 0.40667200000000003 0.660981 0.425234 0.6452800000000001 0.44703099999999996 0.648902 0.461562 0.650117 0.470437 0.638037 0.47125000000000006 0.627173 0.468016 0.598201 0.469625 0.580117 0.472047 0.537874 0.472859 0.501659 0.46720300000000003 0.481145 0.463172 0.466659 0.465594 0.437687 0.46398400000000006 0.411121 0.46720300000000003 0.395444 0.47446900000000003 0.371308 0.465594 0.347173 0.456719 0.33993 0.44542200000000004 0.32060700000000003 0.42604699999999995 0.31579399999999996 0.415547 0.32301399999999997 0.40667200000000003 0.335093 0.395375 0.35441599999999995 0.38407800000000003 0.3725 0.380031 0.385794 0.37276600000000004 0.406308 0.359047 0.41836399999999996 0.343719 0.426822 0.336453 0.437687 0.326766 0.458201 0.321109 0.482336 0.316266 0.50528 0.308203 0.522173 0.29367200000000004 0.546308 0.288828 0.5704440000000001 0.286406 0.589766 0.286406 0.609065 0.29609399999999997 0.6102799999999999 0.33564099999999997 0.6102799999999999 0.336453 0.628388
13 0.153359 0.6201639999999999 0.156406 0.619603 0.15715600000000002 0.576963 0.151453 0.567874 0.151453 0.557079 0.14614100000000002 0.557079 0.145 0.569579 0.141578 0.573551 0.141953 0.6218690000000001 0.153359 0.6201639999999999
43 0.472016 0.374977 0.46468699999999996 0.46404199999999995 0.46900000000000003 0.519533 0.590266 0.50986 0.5945940000000001 0.49693899999999996 0.595453 0.374977 0.472016 0.371752 0.472016 0.374977
79 0.139187 0.6551400000000001 0.126297 0.6545090000000001 0.1105 0.65764 0.106328 0.665093 0.112578 0.693061 0.11881299999999999 0.714836 0.124219 0.7222900000000001 0.12587500000000001 0.767687 0.11381300000000001 0.7801170000000001 0.120063 0.783855 0.129625 0.783224 0.138766 0.781355 0.143344 0.775771 0.142922 0.767687 0.134187 0.763341 0.134187 0.750888 0.135859 0.720421 0.142094 0.7123360000000001 0.139594 0.670678 0.139187 0.6551400000000001
26 0.147 0.7897660000000001 0.15240599999999999 0.801472 0.176484 0.805981 0.190328 0.798785 0.196953 0.787967 0.196953 0.7654669999999999 0.21381299999999998 0.7465649999999999 0.22825 0.715958 0.228859 0.691659 0.22343799999999997 0.6673600000000001 0.214406 0.661075 0.20357799999999998 0.653855 0.19334400000000002 0.654766 0.193938 0.6664720000000001 0.20357799999999998 0.67007 0.21320299999999998 0.6772659999999999 0.217422 0.683575 0.219219 0.6988789999999999 0.219219 0.708762 0.21862499999999999 0.715958 0.21320299999999998 0.7267760000000001 0.210203 0.733972 0.205984 0.735771 0.20417200000000002 0.736659 0.192141 0.7330610000000001 0.192141 0.655654 0.188531 0.634065 0.186719 0.630467 0.175281 0.625958 0.16745300000000002 0.625958 0.15903099999999998 0.62507 0.150609 0.62507 0.140375 0.634953 0.138563 0.636752 0.144594 0.7447659999999999 0.147 0.7897660000000001
62 0.22585209660519925 0.6840817212275033 0.22539100000000004 0.690771 0.234016 0.719509 0.23438494546371297 0.7195529247067177 0.23735900000000001 0.719907 0.225937 0.68285 0.223156 0.672874 0.22585209660519925 0.6840817212275033
62 0.243766 0.764042 0.252391 0.767383 0.252125 0.765724 0.253234 0.765724 0.255734 0.761963 0.251563 0.7490649999999999 0.246266 0.744065 0.243203 0.738645 0.240422 0.731565 0.23707799999999998 0.730748 0.23792200000000002 0.734486 0.235141 0.7415649999999999 0.23707799999999998 0.753645 0.243766 0.764042
3 0.573063 0.5671959999999999 0.5952189999999999 0.591005 0.615672 0.5926870000000001 0.619359 0.59014 0.618797 0.583785 0.613687 0.575701 0.598062 0.568061 0.583 0.55743 0.568797 0.543411 0.567656 0.5472429999999999 0.569937 0.551916 0.572781 0.559556 0.573063 0.5671959999999999
3 0.5556409999999999 0.57521 0.564281 0.588692 0.582125 0.5908410000000001 0.5895159999999999 0.5881540000000001 0.586266 0.581145 0.574203 0.568481 0.571859 0.564159 0.571859 0.557967 0.564109 0.5536449999999999 0.553844 0.5523129999999999 0.548438 0.549346 0.548438 0.554743 0.5469839999999999 0.5576869999999999 0.551312 0.5668690000000001 0.5556409999999999 0.57521
48 0.472266 0.367991 0.467281 0.43285 0.470125 0.48492999999999997 0.470125 0.513621 0.471547 0.559346 0.470125 0.6454439999999999 0.49074999999999996 0.656075 0.503547 0.69222 0.509938 0.703902 0.5269999999999999 0.698598 0.547609 0.69965 0.5405 0.668832 0.5284220000000001 0.62736 0.519187 0.5944159999999999 0.49785899999999994 0.579533 0.49714099999999994 0.571028 0.514922 0.562523 0.5483279999999999 0.554019 0.596672 0.558271 0.600938 0.37757 0.472266 0.37119199999999997 0.472266 0.367991
58 0.191125 0.656636 0.201922 0.656636 0.213563 0.661799 0.222203 0.672757 0.22737500000000002 0.685654 0.23471899999999998 0.685654 0.242922 0.691472 0.250688 0.7076169999999999 0.261047 0.708902 0.245078 0.6379210000000001 0.198469 0.6443690000000001 0.191125 0.656636
13 0.6105940000000001 0.59271 0.604859 0.593925 0.604859 0.596379 0.600344 0.609883 0.593375 0.639907 0.600344 0.6392990000000001 0.600344 0.669953 0.603219 0.6705610000000001 0.6105940000000001 0.678528 0.611828 0.675467 0.614703 0.669953 0.619203 0.671168 0.620734 0.672196 0.620437 0.630444 0.6104529999999999 0.61507 0.610734 0.59528 0.6105940000000001 0.59271
13 0.599641 0.6723600000000001 0.599313 0.7210749999999999 0.612797 0.7186210000000001 0.612141 0.6900700000000001 0.608859 0.678738 0.599641 0.6723600000000001
26 0.254625 0.773061 0.258859 0.766285 0.263109 0.71285 0.261594 0.708762 0.24645299999999998 0.707407 0.234328 0.708318 0.23645299999999997 0.719182 0.229188 0.719626 0.228875 0.7169160000000001 0.231297 0.773972 0.254625 0.773061
54 0.146234 0.8089489999999999 0.14196899999999998 0.813551 0.139375 0.829463 0.168703 0.828411 0.199937 0.8213320000000001 0.20371899999999998 0.8125 0.19921899999999998 0.79764 0.14646900000000002 0.810724 0.146234 0.8089489999999999
58 0.22659400000000002 0.688224 0.22917200000000001 0.705421 0.231281 0.7064720000000001 0.251 0.710701 0.24348399999999998 0.6949069999999999 0.24137499999999998 0.691379 0.234813 0.685421 0.22706300000000001 0.687523 0.22659400000000002 0.688224