2 0.238063 0.5905830000000001 0.239031 0.6054379999999999 0.241453 0.613167 0.24726599999999999 0.6163959999999999 0.254047 0.611229 0.254047 0.5944579999999999 0.252594 0.582833 0.255484 0.57575 0.255484 0.569292 0.250656 0.571875 0.24726599999999999 0.576396 0.243391 0.573167 0.24 0.574458 0.240969 0.578333 0.240484 0.584125 0.238063 0.5905830000000001
36 0.756734 0.685396 0.7634839999999999 0.6966249999999999 0.7887660000000001 0.689896 0.8022500000000001 0.671917 0.8022500000000001 0.6404580000000001 0.7870779999999999 0.564042 0.776969 0.550562 0.780344 0.6179790000000001 0.760109 0.631458 0.756734 0.685396
65 0.0697344 0.994771 0.12465599999999999 0.998625 0.13381300000000002 0.952354 0.13478099999999998 0.944021 0.134297 0.916396 0.09429689999999999 0.9067500000000001 0.0697344 0.994771
65 0.674312 0.809792 0.674312 0.813958 0.7135 0.815146 0.718844 0.813354 0.719734 0.802083 0.720187 0.758146 0.719734 0.742104 0.7135 0.7379370000000001 0.693016 0.7379370000000001 0.675203 0.7426879999999999 0.675203 0.791396 0.673422 0.809208 0.674312 0.809792
65 0.8193440000000001 0.665937 0.826125 0.710688 0.822734 0.7313120000000001 0.8295159999999999 0.784604 0.837063 0.783104 0.837063 0.7906460000000001 0.8400779999999999 0.785104 0.854781 0.782104 0.855547 0.790146 0.858187 0.786125 0.858563 0.783104 0.863844 0.7785829999999999 0.866094 0.762479 0.858187 0.7127079999999999 0.8517659999999999 0.702646 0.8400779999999999 0.6996249999999999 0.8389530000000001 0.700146 0.834422 0.6644380000000001 0.8193440000000001 0.665937
50 0.0084218703125 0.6471870000000001 0 0.775271 0.0117969 0.8045000000000001 0.015171899999999999 0.741583 0.0168594 0.6741670000000001 0.030343799999999997 0.6651670000000001 0.030343799999999997 0.7123539999999999 0.028656300000000003 0.8 0.028656300000000003 0.867417 0.048875 0.8719169999999999 0.0455 0.903375 0.0572969 0.979771 0.0825781 0.984271 0.0893281 0.9213539999999999 0.1045 0.8719169999999999 0.112922 0.8247289999999999 0.126406 0.8 0.131453 0.7505620000000001 0.117984 0.662917 0.114609 0.611229 0.0859531 0.5752710000000001 0.0910156 0.5415829999999999 0.0775312 0.514604 0.053937500000000006 0.514604 0.0404531 0.532583 0.048875 0.5707920000000001 0.0438125 0.5887709999999999 0.0168594 0.6045 0.0016875000000000002 0.651687 0.0084218703125 0.6471870000000001
50 0.15967199999999998 0.6435420000000001 0.14904699999999999 0.64225 0.147609 0.6673749999999999 0.143734 0.6802499999999999 0.157266 0.698917 0.15775 0.7162919999999999 0.152922 0.741417 0.142297 0.787771 0.142297 0.8051670000000001 0.149531 0.815458 0.156781 0.8161039999999999 0.161609 0.808375 0.158234 0.801937 0.161609 0.796146 0.16112500000000002 0.787125 0.170297 0.7633120000000001 0.181891 0.719521 0.186234 0.720167 0.191547 0.740125 0.192031 0.753 0.19831300000000002 0.791 0.20023399999999997 0.792271 0.20120300000000002 0.801937 0.207 0.807729 0.219563 0.802583 0.224391 0.7955 0.222938 0.7851870000000001 0.21617199999999998 0.783083 0.218594 0.779854 0.212797 0.75025 0.204109 0.7006669999999999 0.204594 0.694875 0.210859 0.671688 0.212797 0.653667 0.208453 0.6407710000000001 0.207 0.6163120000000001 0.202656 0.586688 0.193484 0.5802499999999999 0.20120300000000002 0.566083 0.20120300000000002 0.561583 0.20217200000000002 0.553208 0.20120300000000002 0.5480630000000001 0.19831300000000002 0.540979 0.183828 0.539042 0.177062 0.544833 0.17078100000000002 0.561583 0.17368699999999998 0.573813 0.168375 0.5802499999999999 0.15775 0.597 0.155812 0.634979 0.15967199999999998 0.6435420000000001
50 0.23045300000000002 0.722729 0.225312 0.696042 0.22179700000000002 0.6711670000000001 0.226391 0.640521 0.225844 0.6225 0.223422 0.6098960000000001 0.233969 0.60375 0.229359 0.594375 0.224688 0.578167 0.21623399999999998 0.57875 0.212219 0.573417 0.214453 0.566292 0.214891 0.5585629999999999 0.210891 0.552042 0.20242200000000002 0.553229 0.20064099999999999 0.568063 0.20242200000000002 0.575792 0.19573400000000002 0.584104 0.201078 0.585875 0.209109 0.641104 0.213109 0.652979 0.204641 0.6951459999999999 0.210891 0.742646 0.21534399999999998 0.737313 0.213563 0.717708 0.211781 0.684458 0.214891 0.690979 0.21979700000000002 0.725437 0.21623399999999998 0.737313 0.230484 0.7278129999999999 0.23045300000000002 0.722729
50 0.412687 0.658771 0.420891 0.597229 0.41370300000000004 0.5575829999999999 0.40653100000000003 0.552104 0.393203 0.531604 0.390125 0.548021 0.391141 0.5644170000000001 0.389094 0.576729 0.374734 0.598604 0.35628099999999996 0.612271 0.359359 0.6273129999999999 0.391141 0.598604 0.391141 0.654667 0.39525 0.7052499999999999 0.399359 0.7298749999999999 0.385 0.731229 0.386016 0.746271 0.392172 0.746271 0.390125 0.7476459999999999 0.416781 0.743542 0.412687 0.658771
50 0.8204689999999999 0.642687 0.822406 0.633646 0.8233750000000001 0.651083 0.822406 0.6607500000000001 0.8248279999999999 0.663979 0.8233750000000001 0.6665620000000001 0.8311249999999999 0.669146 0.8340159999999999 0.665917 0.830641 0.6485 0.8311249999999999 0.611062 0.822406 0.578792 0.806438 0.560729 0.807891 0.5594370000000001 0.808859 0.552979 0.807891 0.550396 0.807891 0.5433129999999999 0.801109 0.536208 0.7933589999999999 0.5368539999999999 0.789984 0.545896 0.788531 0.54975 0.7890159999999999 0.5555629999999999 0.790953 0.561375 0.785625 0.563958 0.7773909999999999 0.566542 0.774969 0.5697709999999999 0.765297 0.600104 0.765297 0.6033120000000001 0.764328 0.624333 0.768203 0.6366040000000001 0.761422 0.6514380000000001 0.761906 0.681125 0.769172 0.685646 0.778844 0.690812 0.779328 0.706937 0.789984 0.736625 0.788531 0.750187 0.7933589999999999 0.7553540000000001 0.7904690000000001 0.7650210000000001 0.7924059999999999 0.769542 0.801109 0.774062 0.806438 0.766312 0.806438 0.754062 0.8054690000000001 0.743083 0.808859 0.7276039999999999 0.810312 0.716896 0.817562 0.6685 0.8204689999999999 0.642687
50 0.333797 0.589375 0.33275 0.587125 0.334437 0.581229 0.336953 0.574479 0.340328 0.569708 0.339281 0.568021 0.341812 0.556229 0.340125 0.552292 0.335703 0.5508959999999999 0.33317199999999997 0.551458 0.331062 0.5534169999999999 0.331484 0.56325 0.332953 0.567458 0.331688 0.568312 0.325375 0.5700000000000001 0.325375 0.58375 0.325156 0.5969580000000001 0.325156 0.6096039999999999 0.333797 0.589375
50 0.896406 0.6642499999999999 0.908891 0.670188 0.908438 0.632771 0.926703 0.663667 0.931156 0.6452500000000001 0.910219 0.628021 0.914672 0.599521 0.9186880000000001 0.5698329999999999 0.9142340000000001 0.559146 0.916453 0.547854 0.9111090000000001 0.5437080000000001 0.9066560000000001 0.544292 0.9066560000000001 0.555583 0.894187 0.5662710000000001 0.8986409999999999 0.584083 0.886609 0.6048749999999999 0.898188 0.6072500000000001 0.893734 0.6642499999999999 0.896406 0.6642499999999999
50 0.965156 0.6994170000000001 0.975172 0.6401039999999999 0.976281 0.697917 0.990734 0.702375 0.9885160000000001 0.638625 0.987406 0.611938 0.994078 0.5941460000000001 0.994078 0.568937 0.980734 0.568937 0.987406 0.5630000000000001 0.9785 0.548187 0.9640470000000001 0.5511459999999999 0.9640470000000001 0.568937 0.956266 0.574875 0.955156 0.620833 0.962938 0.638625 0.961828 0.697917 0.965156 0.6994170000000001
50 0.268859 0.600833 0.27149999999999996 0.6048749999999999 0.273391 0.613917 0.273766 0.6556460000000001 0.283578 0.662188 0.283188 0.644083 0.289609 0.623479 0.29148399999999997 0.577708 0.28470300000000004 0.5711670000000001 0.283578 0.5586040000000001 0.279047 0.555583 0.276031 0.5591039999999999 0.275281 0.562625 0.275281 0.571688 0.267359 0.580229 0.265844 0.5943120000000001 0.268859 0.600833
36 0.192687 0.5796250000000001 0.184781 0.5756669999999999 0.181812 0.5761040000000001 0.178187 0.579187 0.175875 0.5875419999999999 0.17124999999999999 0.597208 0.167953 0.608208 0.167625 0.617437 0.16664099999999998 0.629312 0.16203099999999998 0.646 0.153781 0.660958 0.146531 0.6728120000000001 0.145875 0.6825 0.15906199999999998 0.6974370000000001 0.184453 0.721187 0.197641 0.69875 0.203563 0.681625 0.209172 0.669312 0.206203 0.658312 0.200266 0.653479 0.194 0.6425 0.19004700000000002 0.641604 0.178187 0.6402920000000001 0.17421899999999998 0.625792 0.174547 0.617875 0.177516 0.601167 0.184109 0.584021 0.192687 0.5796250000000001
36 0.666844 0.6336040000000001 0.663875 0.621333 0.665234 0.601146 0.663344 0.602229 0.659016 0.631437 0.653609 0.6609999999999999 0.661172 0.6627919999999999 0.669562 0.644771 0.666844 0.6336040000000001
69 0.363328 0.576771 0.361281 0.5769369999999999 0.36318700000000004 0.578812 0.36318700000000004 0.5791459999999999 0.362687 0.5927290000000001 0.36421899999999996 0.5942710000000001 0.365734 0.591208 0.36421899999999996 0.578479 0.364594 0.575583 0.363328 0.576771
50 0.680578 0.558438 0.67425 0.5556249999999999 0.668984 0.557729 0.664766 0.5640630000000001 0.665281 0.5774170000000001 0.666875 0.5851459999999999 0.671609 0.592167 0.666875 0.597792 0.660547 0.5992080000000001 0.656328 0.602708 0.650297 0.638583 0.649656 0.644979 0.649656 0.650542 0.653188 0.6518130000000001 0.6547810000000001 0.6530830000000001 0.654141 0.657792 0.6637500000000001 0.661208 0.6643749999999999 0.674854 0.662141 0.680833 0.6608590000000001 0.694917 0.660219 0.7025830000000001 0.659266 0.722229 0.660344 0.7398330000000001 0.664813 0.7433960000000001 0.667484 0.779708 0.669281 0.787438 0.669719 0.794 0.669719 0.8011459999999999 0.672844 0.7999379999999999 0.673297 0.78625 0.673297 0.7826869999999999 0.674188 0.766625 0.674188 0.757687 0.672844 0.7505419999999999 0.6737339999999999 0.7398330000000001 0.6683749999999999 0.7374580000000001 0.665906 0.723167 0.66625 0.71575 0.667297 0.7064579999999999 0.669031 0.7004370000000001 0.672859 0.696271 0.680391 0.693042 0.697234 0.693042 0.7075 0.693042 0.704625 0.6788120000000001 0.702578 0.6695 0.700516 0.656354 0.700516 0.648687 0.696828 0.6355419999999999 0.696828 0.628417 0.695172 0.6207499999999999 0.694766 0.599396 0.693937 0.5966670000000001 0.691078 0.596521 0.6882189999999999 0.589646 0.687422 0.574604 0.684266 0.5612499999999999 0.680578 0.558438
50 0.729109 0.564604 0.726891 0.568438 0.724672 0.5758329999999999 0.72025 0.592667 0.719141 0.620417 0.721125 0.6405 0.723562 0.642583 0.726453 0.638437 0.726453 0.6422709999999999 0.727109 0.64375 0.731766 0.64375 0.733313 0.641104 0.7335309999999999 0.639021 0.7335309999999999 0.634896 0.7335309999999999 0.629875 0.73575 0.632229 0.735969 0.640812 0.736859 0.64375 0.741953 0.6434580000000001 0.743281 0.640208 0.741953 0.6399170000000001 0.7412810000000001 0.6363749999999999 0.7412810000000001 0.62575 0.743281 0.623958 0.7441720000000001 0.622792 0.743281 0.61275 0.7452810000000001 0.594437 0.7439530000000001 0.581146 0.748156 0.5846870000000001 0.749266 0.5832080000000001 0.749703 0.578479 0.749047 0.576125 0.7455 0.570521 0.742391 0.566667 0.739297 0.563125 0.739078 0.559875 0.7386250000000001 0.556042 0.737969 0.553979 0.734641 0.5530830000000001 0.731313 0.554562 0.7297659999999999 0.558688 0.731094 0.564021 0.729109 0.564604
69 0.970703 0.576458 0.964359 0.605375 0.9646250000000001 0.6117290000000001 0.9725630000000001 0.615271 0.9749380000000001 0.6110209999999999 0.975469 0.5761040000000001 0.970703 0.576458
65 0.667281 0.7370420000000001 0.670859 0.741437 0.67525 0.742167 0.692844 0.735208 0.7208910000000001 0.740708 0.727484 0.742542 0.7318749999999999 0.729708 0.7335309999999999 0.7066250000000001 0.7252810000000001 0.698187 0.715938 0.692688 0.671141 0.6970829999999999 0.668937 0.699646 0.667563 0.7036870000000001 0.667281 0.7370420000000001
50 0.7515310000000001 0.6405 0.755266 0.6405 0.759687 0.639583 0.759687 0.626896 0.760016 0.599292 0.7613749999999999 0.5956670000000001 0.762734 0.588417 0.762734 0.577542 0.762734 0.569396 0.758656 0.557625 0.755938 0.553542 0.755266 0.549917 0.753234 0.5449369999999999 0.7491559999999999 0.5449369999999999 0.745422 0.54675 0.743719 0.551292 0.743719 0.553542 0.744062 0.555354 0.747109 0.558521 0.750172 0.5612499999999999 0.749828 0.5635 0.7481410000000001 0.571208 0.751188 0.5784579999999999 0.749828 0.586604 0.7481410000000001 0.5924999999999999 0.7515310000000001 0.597479 0.7515310000000001 0.604271 0.751875 0.631437 0.747797 0.633708 0.746438 0.636417 0.748812 0.6405 0.7515310000000001 0.6405
50 0.25225 0.5685830000000001 0.253938 0.560646 0.246297 0.562917 0.24375 0.575375 0.24034399999999997 0.588979 0.24034399999999997 0.611646 0.24459399999999998 0.634333 0.245438 0.6558539999999999 0.25309400000000004 0.663792 0.25309400000000004 0.6467919999999999 0.26075 0.617313 0.261594 0.595792 0.257344 0.578771 0.25309400000000004 0.567438 0.25225 0.5685830000000001
23 0.313469 0.745542 0.311797 0.74625 0.310953 0.749 0.31026600000000004 0.752646 0.31110899999999997 0.7552920000000001 0.31278100000000003 0.756812 0.314766 0.7573329999999999 0.317516 0.757417 0.318953 0.756417 0.320031 0.753979 0.320328 0.751542 0.320172 0.7492920000000001 0.319563 0.747771 0.318422 0.746563 0.315906 0.745125 0.313469 0.745542
23 0.299484 0.758167 0.302203 0.7579999999999999 0.30628099999999997 0.7565419999999999 0.307375 0.754729 0.307375 0.751104 0.306141 0.746375 0.30274999999999996 0.743479 0.299203 0.744208 0.296891 0.746375 0.296625 0.750375 0.297703 0.756896 0.299484 0.758167
23 0.31860900000000003 0.770958 0.317937 0.775438 0.325547 0.779917 0.327125 0.7772290000000001 0.330031 0.7700619999999999 0.335859 0.7605000000000001 0.338328 0.747958 0.338328 0.736896 0.33967200000000003 0.729125 0.33317199999999997 0.727333 0.330484 0.730625 0.328688 0.736 0.326891 0.738687 0.325781 0.740479 0.324422 0.744667 0.323313 0.750042 0.323531 0.754521 0.321734 0.765583 0.31860900000000003 0.770958