76 0.553203 0.322306 0.71475 0.45041699999999996 0.727531 0.128111 0.5450630000000001 0.0537222 0.554359 0.0723056 0.553203 0.322306
22 0.0472813 0.288806 0.0448594 0.321111 0.0618281 0.471972 0.06667189999999999 0.5 0.0836406 0.510778 0.0994063 0.586194 0.0933438 0.620694 0.08728129999999999 0.6551669999999999 0.0909219 0.6810280000000001 0.118797 0.709056 0.132141 0.7198330000000001 0.151531 0.713361 0.153953 0.7349169999999999 0.158812 0.747833 0.19517199999999998 0.754306 0.215781 0.7715559999999999 0.224266 0.7801669999999999 0.220641 0.7974169999999999 0.147906 0.784472 0.141844 0.836194 0.158812 0.846972 0.163656 0.810333 0.209719 0.814667 0.127297 0.946111 0.129719 0.991389 0.147906 0.991389 0.13820300000000002 0.95475 0.22912499999999997 0.8318889999999999 0.238813 0.877167 0.24973399999999998 0.883611 0.27034400000000003 0.974139 0.27034400000000003 1 0.297016 0.997833 0.29215599999999997 0.976306 0.28003100000000003 0.965528 0.24609399999999998 0.818972 0.344281 0.82975 0.346719 0.872833 0.36489099999999997 0.862056 0.358844 0.8017219999999999 0.24973399999999998 0.7909440000000001 0.269125 0.762944 0.27640600000000004 0.773694 0.284891 0.747833 0.34550000000000003 0.67025 0.366109 0.612056 0.35398399999999997 0.5689719999999999 0.33337500000000003 0.5560280000000001 0.298219 0.549556 0.288531 0.549556 0.295797 0.536639 0.320047 0.5301669999999999 0.34065599999999996 0.523694 0.347922 0.508611 0.343078 0.48922200000000005 0.311563 0.469833 0.275188 0.471972 0.263063 0.5 0.24731200000000003 0.49569399999999997 0.24245299999999997 0.424556 0.244875 0.353444 0.202453 0.252167 0.183062 0.243528 0.19275 0.21336100000000002 0.187906 0.16811099999999998 0.179422 0.129306 0.155172 0.10775 0.129719 0.09483330000000001 0.06667189999999999 0.118528 0.037578099999999996 0.133611 0.032734400000000004 0.133611 0.0436406 0.185333 0.0472813 0.288806
22 0.059 0.006222219444444445 0.039031300000000005 0.0165833 0.027390599999999998 0.0017777805555555556 0 0.0017777805555555556 0.01075 0.06391669999999999 0.0182344 0.0653889 0.0207344 0.06686109999999999 0.0432031 0.0698333 0.0456875 0.108278 0.01575 0.12011100000000001 0.0265625 0.136389 0.0481875 0.105306 0.0440313 0.0698333 0.050687499999999996 0.057999999999999996 0.0681563 0.0372778 0.059 0.006222219444444445
42 0.519516 0.10313900000000001 0.402359 0.08875 0.39675 0.0920833 0.403609 0.24827800000000003 0.356875 0.362361 0.358109 0.364583 0.414828 0.383417 0.447844 0.392278 0.468406 0.398944 0.479 0.398944 0.525734 0.275972 0.5207499999999999 0.108694 0.519516 0.10313900000000001
45 0.530828 0.5968330000000001 0.544766 0.612611 0.584031 0.567556 0.590375 0.556306 0.5789690000000001 0.536028 0.5599689999999999 0.536028 0.556172 0.533778 0.530828 0.578833 0.530828 0.5968330000000001
39 0.396188 0.455806 0.488047 0.575417 0.507453 0.5524169999999999 0.565016 0.494917 0.56825 0.49261099999999997 0.472516 0.39830600000000005 0.463469 0.39486099999999996 0.411719 0.437417 0.396188 0.455806
12 0.8588749999999999 0.373139 0.9328749999999999 0.408778 0.9459839999999999 0.38822199999999996 0.9459839999999999 0.353972 0.8727499999999999 0.326556 0.8727499999999999 0.332028 0.8573280000000001 0.36219399999999996 0.8588749999999999 0.373139
36 0.505641 0.664361 0.492594 0.6288889999999999 0.491047 0.6070559999999999 0.474937 0.585222 0.40970300000000004 0.517 0.36289099999999996 0.560667 0.359828 0.598861 0.347547 0.661611 0.34217200000000003 0.735278 0.364438 0.784417 0.386687 0.798056 0.426594 0.795306 0.44578100000000004 0.776222 0.48492199999999996 0.738028 0.47801600000000005 0.710722 0.485687 0.705278 0.49873399999999996 0.7025560000000001 0.507172 0.6738890000000001 0.505641 0.664361
13 0.949563 0.29786100000000004 0.94575 0.31819400000000003 0.941188 0.347306 0.949953 0.353417 0.95375 0.33986099999999997 0.9552809999999999 0.308694 0.9560470000000001 0.28975 0.951094 0.28975 0.949563 0.29786100000000004
13 0.328219 0.0471944 0.327969 0.0476389 0.326234 0.0509444 0.325859 0.0610833 0.32784399999999997 0.0635 0.328344 0.0566667 0.33020299999999997 0.055777799999999995 0.340984 0.055361099999999996 0.336891 0.0441111 0.336281 0.031111100000000003 0.331562 0.029555599999999998 0.330828 0.0322222 0.329828 0.0425556 0.328219 0.0471944
76 0.749578 0.17491700000000002 0.769797 0.195139 0.816578 0.159167 0.821625 0.20411100000000001 0.8393280000000001 0.18838900000000003 0.843125 0.168167 0.8721880000000001 0.0131111 0.862078 0.006361111111111111 0.76475 0.0243333 0.749578 0.17491700000000002
76 0.934187 0.113444 0.918812 0.1325 0.913687 0.192139 0.902984 0.26419400000000004 0.8955310000000001 0.3205 0.919281 0.33458299999999996 0.924406 0.33458299999999996 0.9304690000000001 0.284889 0.936984 0.288194 0.9998910000000001 0.239333 0.9998910000000001 0.0157222 0.943047 0.0298056 0.934187 0.113444
21 0.345797 0.3185 0.32734399999999997 0.33075 0.326469 0.331667 0.32964099999999996 0.337167 0.33193700000000004 0.340139 0.335109 0.341556 0.352281 0.33058299999999996 0.353422 0.325556 0.346266 0.318667 0.345797 0.3185
39 0.0851719 0.0694444 0.12417199999999999 0.07005560000000001 0.126797 0.0613333 0.0895625 0.06225 0.0851719 0.0694444
2 0.364047 0.769917 0.365313 0.771028 0.367859 0.783472 0.38439100000000004 0.783472 0.424453 0.793639 0.451172 0.7766940000000001 0.471516 0.7461669999999999 0.482328 0.736 0.474703 0.7280829999999999 0.481687 0.699806 0.502047 0.6817219999999999 0.489328 0.637639 0.486781 0.619556 0.425734 0.538139 0.406016 0.543806 0.382484 0.5664170000000001 0.36912500000000004 0.577722 0.360859 0.578833 0.36150000000000004 0.601444 0.350047 0.657972 0.341781 0.668167 0.350047 0.750694 0.364047 0.769917