29 0.602891 0.912437 0.624422 0.8698410000000001 0.6197969999999999 0.786879 0.6075 0.7397950000000001 0.5782809999999999 0.7039179999999999 0.539828 0.685991 0.48600000000000004 0.685991 0.446016 0.7084050000000001 0.43064099999999994 0.775672 0.43678100000000003 0.863121 0.510609 0.8967430000000001 0.5290619999999999 0.939339 0.585969 0.923645 0.602891 0.912437
29 0.29576600000000003 0.639476 0.310812 0.630683 0.33187500000000003 0.620456 0.35293800000000003 0.616059 0.365984 0.61754 0.371 0.6087699999999999 0.379016 0.589021 0.384031 0.571481 0.384531 0.548087 0.384531 0.532733 0.381031 0.510068 0.373 0.48886100000000005 0.366484 0.47863300000000003 0.351437 0.465467 0.324359 0.44792699999999996 0.29576600000000003 0.447198 0.270203 0.450843 0.240609 0.470592 0.223563 0.49763100000000005 0.222562 0.523212 0.22204700000000002 0.545148 0.23659400000000003 0.562711 0.24562499999999998 0.581708 0.249141 0.608018 0.24762499999999998 0.627039 0.268688 0.6358090000000001 0.29075 0.64385 0.29576600000000003 0.639476
29 0.454844 0.422551 0.442422 0.482392 0.450063 0.510251 0.460562 0.508838 0.498766 0.521367 0.541719 0.549203 0.556047 0.567312 0.5856410000000001 0.539476 0.597094 0.482392 0.593281 0.44899799999999995 0.576094 0.414191 0.531219 0.396105 0.527406 0.396105 0.48443800000000004 0.400273 0.460562 0.41977200000000003 0.454844 0.422551
29 0.595313 0.42 0.623734 0.44849700000000003 0.661062 0.4459 0.693047 0.4459 0.72325 0.461435 0.737469 0.44849700000000003 0.751687 0.388907 0.728594 0.357813 0.703703 0.329317 0.661062 0.313781 0.634406 0.32672 0.602422 0.394077 0.595313 0.42
29 0.0758906 0.692551 0.110438 0.72082 0.157625 0.731868 0.198078 0.71344 0.23179699999999998 0.676583 0.251188 0.627426 0.24443800000000002 0.577062 0.22000000000000003 0.534055 0.180391 0.518087 0.125609 0.503349 0.0809375 0.531595 0.0615625 0.563554 0.051437500000000004 0.60164 0.0539687 0.6421870000000001 0.06576560000000001 0.677813 0.0758906 0.692551
29 0.641641 0.32280200000000003 0.6514059999999999 0.301412 0.662406 0.26221 0.656297 0.231913 0.640406 0.21054699999999998 0.607406 0.19806400000000002 0.57075 0.199841 0.54875 0.21232299999999998 0.531641 0.246173 0.525531 0.27646899999999996 0.585406 0.304966 0.613516 0.33883800000000003 0.641641 0.32280200000000003
29 0.364922 0.336515 0.380234 0.336515 0.40471899999999994 0.337995 0.432797 0.355854 0.44759399999999994 0.375945 0.45525000000000004 0.375945 0.47259399999999996 0.369248 0.478203 0.35287 0.482797 0.32906599999999997 0.482797 0.308975 0.47923400000000005 0.28369 0.477187 0.274009 0.460344 0.255421 0.432797 0.239795 0.410844 0.232346 0.369516 0.238314 0.35114100000000004 0.25467 0.338891 0.279977 0.340938 0.31344 0.342469 0.331298 0.353688 0.344692 0.364922 0.336515
29 0.222078 0.981071 0.28296899999999997 0.978451 0.302672 0.973235 0.318797 0.965399 0.33670300000000003 0.952346 0.356406 0.921025 0.37251599999999996 0.879248 0.37251599999999996 0.840068 0.354609 0.8165830000000001 0.293719 0.756538 0.277594 0.756538 0.223875 0.756538 0.20775000000000002 0.790478 0.184469 0.8296359999999999 0.179094 0.879248 0.186266 0.94451 0.213125 0.98369 0.222078 0.981071
29 0.789813 0.808747 0.8059369999999999 0.8218 0.84175 0.8218 0.8668279999999999 0.811367 0.8847340000000001 0.785239 0.893688 0.743462 0.893688 0.696469 0.879359 0.6651480000000001 0.8578749999999999 0.639043 0.8310000000000001 0.612916 0.762953 0.612916 0.757578 0.620752 0.727125 0.6782 0.727125 0.6990890000000001 0.736078 0.738246 0.768328 0.777426 0.793391 0.811367 0.789813 0.808747
29 0.215656 0.29886100000000004 0.224078 0.295353 0.2355 0.286606 0.252937 0.28571799999999997 0.261344 0.28571799999999997 0.276375 0.28836 0.308234 0.304123 0.319656 0.32166300000000003 0.327469 0.314647 0.337688 0.295353 0.352125 0.263804 0.353328 0.252415 0.349109 0.235763 0.3395 0.224374 0.331688 0.21473799999999998 0.322063 0.20685599999999998 0.307031 0.198952 0.289609 0.192825 0.270969 0.191959 0.262547 0.192825 0.24632800000000002 0.19633299999999998 0.234906 0.199841 0.222281 0.21123 0.216859 0.225262 0.21206200000000003 0.253303 0.20484399999999997 0.280456 0.215062 0.300615 0.215656 0.29886100000000004
29 0.308109 0.448178 0.31273399999999996 0.449294 0.325859 0.453804 0.34514100000000003 0.45943100000000003 0.359031 0.47403199999999995 0.369828 0.492027 0.386031 0.512278 0.409172 0.510023 0.43771899999999997 0.484169 0.44543699999999997 0.451549 0.455469 0.42230100000000004 0.457016 0.395308 0.44775 0.36943099999999995 0.431547 0.354829 0.411484 0.345831 0.369828 0.336834 0.340516 0.350319 0.31504699999999997 0.379567 0.302703 0.418929 0.308109 0.445923 0.308109 0.448178
29 0.554453 0.21182199999999998 0.570641 0.201708 0.597813 0.197494 0.627875 0.201708 0.641172 0.210137 0.6498440000000001 0.210137 0.658516 0.20339400000000002 0.658516 0.162938 0.659094 0.140182 0.626141 0.11742599999999999 0.590875 0.10815499999999999 0.564859 0.11911200000000001 0.5440470000000001 0.150296 0.541734 0.17726699999999998 0.5509839999999999 0.19918 0.554453 0.21182199999999998