37 0.335141 0.822567 0.340734 0.824716 0.357547 0.831134 0.362031 0.833284 0.35979700000000003 0.841851 0.356438 0.8739699999999999 0.358672 0.876119 0.36876600000000004 0.863254 0.376609 0.8568359999999999 0.379969 0.846119 0.378844 0.833284 0.381094 0.8182989999999999 0.383328 0.8118810000000001 0.386687 0.7947460000000001 0.387813 0.781881 0.390062 0.775463 0.407984 0.775463 0.41135900000000003 0.775463 0.410234 0.758328 0.4035 0.745493 0.396781 0.743343 0.383328 0.745493 0.381094 0.75406 0.37324999999999997 0.760478 0.360922 0.7626269999999999 0.349703 0.7626269999999999 0.325047 0.769045 0.306 0.760478 0.289172 0.743343 0.283578 0.769045 0.285812 0.781881 0.289172 0.7947460000000001 0.297031 0.779761 0.306 0.788328 0.309359 0.8011640000000001 0.310469 0.8075819999999999 0.31159400000000004 0.814 0.310469 0.824716 0.31607799999999997 0.8397009999999999 0.33625 0.8718210000000001 0.33849999999999997 0.8739699999999999 0.345516 0.861881 0.339734 0.852388 0.330234 0.8421489999999999 0.331469 0.824776 0.335141 0.822567
37 0.24935900000000003 0.8961490000000001 0.210047 0.874687 0.197687 0.887552 0.174109 0.878955 0.1595 0.9090149999999999 0.14153100000000002 0.921881 0.148266 0.934776 0.172984 0.913313 0.181969 0.898269 0.187578 0.932627 0.19095299999999998 0.932627 0.201063 0.934776 0.207797 0.9497909999999999 0.208922 0.9476419999999999 0.226891 0.956209 0.2415 0.969104 0.248234 0.9884179999999999 0.253859 0.9776720000000001 0.258344 0.964806 0.272953 0.956209 0.27856200000000003 0.930478 0.298781 0.8811040000000001 0.293172 0.844627 0.280813 0.8510749999999999 0.258344 0.889701 0.24935900000000003 0.8961490000000001
37 0.613219 0.652776 0.602719 0.658925 0.593844 0.6574030000000001 0.584156 0.655851 0.5696410000000001 0.669731 0.564797 0.691313 0.572859 0.692866 0.585781 0.669731 0.589 0.672806 0.589813 0.692866 0.586578 0.742209 0.589813 0.722149 0.597078 0.7005669999999999 0.5995 0.7098209999999999 0.596266 0.740657 0.602719 0.757612 0.604344 0.726776 0.610797 0.703642 0.622906 0.708269 0.643891 0.711343 0.647109 0.725224 0.651953 0.762239 0.655984 0.763791 0.655188 0.743731 0.649531 0.714448 0.657609 0.714448 0.661641 0.752985 0.665672 0.734478 0.667297 0.71597 0.667297 0.699015 0.664062 0.672806 0.672937 0.677433 0.684234 0.675881 0.681016 0.655851 0.670516 0.626567 0.664875 0.6280899999999999 0.653562 0.6419699999999999 0.636625 0.655851 0.613219 0.652776
44 0.534 0.947522 0.5633440000000001 0.945284 0.564516 0.8937309999999999 0.5703750000000001 0.902687 0.565688 0.9632240000000001 0.582125 0.9722090000000001 0.596203 0.958746 0.60325 0.9295819999999999 0.589156 0.898209 0.575078 0.891493 0.573906 0.871313 0.552781 0.8735520000000001 0.5140469999999999 0.886985 0.503484 0.904925 0.495266 0.9273429999999999 0.498797 0.945284 0.504656 0.9632240000000001 0.5304840000000001 0.9632240000000001 0.534 0.947522
44 0.604719 0.824627 0.617625 0.8215520000000001 0.623281 0.832328 0.635391 0.836955 0.644266 0.816925 0.642656 0.7876119999999999 0.6394219999999999 0.7752840000000001 0.61925 0.7799100000000001 0.616828 0.770657 0.620047 0.761403 0.621672 0.752149 0.613594 0.753701 0.604719 0.773731 0.600672 0.782985 0.600672 0.803045 0.594219 0.818478 0.582109 0.790716 0.568391 0.7799100000000001 0.559516 0.7999700000000001 0.557094 0.816925 0.563547 0.836955 0.574047 0.836955 0.591 0.823075 0.604719 0.824627
44 0.186328 0.671701 0.182281 0.679463 0.181938 0.687851 0.175187 0.688478 0.17350000000000002 0.679463 0.167078 0.6826869999999999 0.164719 0.688478 0.159312 0.686567 0.158625 0.70397 0.163703 0.7033429999999999 0.164375 0.713672 0.16742200000000002 0.718179 0.174172 0.721403 0.180922 0.722687 0.184641 0.718179 0.18801600000000002 0.710448 0.189703 0.7097910000000001 0.19173400000000002 0.714299 0.197141 0.713672 0.201531 0.710448 0.20289100000000002 0.7033429999999999 0.203563 0.684627 0.210656 0.690418 0.209297 0.7033429999999999 0.210656 0.714299 0.213359 0.719463 0.216391 0.724627 0.222141 0.7252839999999999 0.23125 0.714299 0.230922 0.698806 0.229562 0.692358 0.225172 0.683343 0.229562 0.6826869999999999 0.227875 0.675582 0.22179700000000002 0.6736420000000001 0.215375 0.674299 0.214703 0.66591 0.21267200000000003 0.656239 0.208281 0.656239 0.20254699999999998 0.646537 0.195109 0.6504179999999999 0.199844 0.655582 0.204578 0.658149 0.204578 0.663313 0.203563 0.664627 0.186328 0.671701
44 0.380266 0.636537 0.380734 0.641075 0.382641 0.648358 0.38834399999999997 0.652896 0.392625 0.654716 0.398328 0.648358 0.401656 0.640179 0.421141 0.629284 0.42304700000000006 0.6338210000000001 0.426375 0.643821 0.432562 0.65197 0.43826599999999993 0.65197 0.441594 0.65197 0.445391 0.642 0.447297 0.6347160000000001 0.447297 0.6183879999999999 0.43731200000000003 0.5893130000000001 0.41639099999999996 0.586597 0.40545299999999995 0.5911339999999999 0.395953 0.60203 0.38121900000000003 0.6229250000000001 0.380266 0.636537
8 0.792953 0.621373 0.7969999999999999 0.620716 0.7983439999999999 0.602687 0.838453 0.602687 0.838453 0.619433 0.843172 0.62009 0.8445309999999999 0.607194 0.8465469999999999 0.603343 0.8516090000000001 0.576299 0.84925 0.566627 0.785875 0.573075 0.786219 0.6014029999999999 0.791953 0.605254 0.792953 0.621373
8 0.49482799999999993 0.639493 0.49942200000000003 0.640239 0.5028590000000001 0.617582 0.5372969999999999 0.620478 0.536922 0.635104 0.543422 0.635104 0.543813 0.6190450000000001 0.548781 0.621224 0.552609 0.586866 0.49290599999999996 0.5890449999999999 0.488328 0.614657 0.49482799999999993 0.616119 0.49482799999999993 0.637313 0.49482799999999993 0.639493
8 0.287406 0.627164 0.292281 0.6302690000000001 0.293203 0.646239 0.296922 0.646239 0.297625 0.627164 0.33503099999999997 0.626716 0.335719 0.645791 0.33967200000000003 0.646687 0.34014099999999997 0.628478 0.346406 0.624925 0.348031 0.59609 0.29065599999999997 0.597433 0.287406 0.627164
8 0.216344 0.64994 0.21743800000000002 0.630896 0.25581200000000004 0.631254 0.255625 0.646119 0.259422 0.646119 0.259797 0.628478 0.264672 0.627463 0.26775000000000004 0.613284 0.26920299999999997 0.598388 0.21145299999999997 0.598388 0.209281 0.618806 0.207297 0.6215820000000001 0.208203 0.628149 0.213984 0.629164 0.21381299999999998 0.64406 0.216344 0.64994
50 0.231875 0.9563280000000001 0.231875 0.9591040000000001 0.232422 0.9625670000000001 0.238781 0.962209 0.24421900000000002 0.95806 0.24421900000000002 0.95009 0.24421900000000002 0.9431339999999999 0.24493700000000002 0.9355220000000001 0.24603100000000003 0.9275519999999999 0.24621900000000002 0.922 0.24693700000000002 0.91991 0.24712499999999998 0.917164 0.251844 0.9174930000000001 0.256562 0.9126569999999999 0.255469 0.8970449999999999 0.253828 0.895672 0.251844 0.8949550000000001 0.250391 0.894627 0.250391 0.883522 0.252203 0.882478 0.255469 0.8776419999999999 0.260547 0.856507 0.260547 0.850269 0.256734 0.848866 0.252562 0.848866 0.24512499999999998 0.849552 0.24204699999999998 0.8520000000000001 0.239859 0.855104 0.23695300000000002 0.856507 0.232781 0.85997 0.231516 0.865851 0.225719 0.87797 0.221906 0.889075 0.219359 0.896358 0.220266 0.905373 0.222984 0.908836 0.226625 0.913672 0.229344 0.9168060000000001 0.23096899999999998 0.920955 0.233875 0.9282389999999999 0.234063 0.9355220000000001 0.23368699999999998 0.9514630000000001 0.231875 0.9563280000000001
50 0.542797 0.93403 0.546219 0.920955 0.541563 0.9156120000000001 0.546844 0.906119 0.542484 0.892448 0.531922 0.8877010000000001 0.539687 0.882358 0.539687 0.8698810000000001 0.534719 0.875821 0.52725 0.879373 0.523219 0.8597910000000001 0.525516 0.84991 0.526719 0.833761 0.521281 0.811791 0.5097970000000001 0.8198810000000001 0.511 0.837224 0.5025310000000001 0.8510749999999999 0.515844 0.8995819999999999 0.527328 0.900746 0.537 0.9065369999999999 0.527328 0.921552 0.541844 0.9342389999999999 0.542797 0.93403
50 0.159969 0.555045 0.144687 0.5573130000000001 0.144687 0.56406 0.15879700000000002 0.573045 0.159969 0.58203 0.161141 0.5932540000000001 0.161141 0.5954929999999999 0.162328 0.604507 0.16467199999999999 0.629224 0.170563 0.631463 0.175266 0.624716 0.175266 0.6224780000000001 0.174094 0.61797 0.172906 0.608985 0.172906 0.6 0.172906 0.584269 0.181141 0.566299 0.178797 0.561791 0.176437 0.5595519999999999 0.169375 0.552806 0.165859 0.550567 0.165859 0.539313 0.162328 0.539313 0.159969 0.539313 0.161141 0.54606 0.162328 0.5595519999999999 0.159969 0.555045
50 0.353453 0.8146869999999999 0.353125 0.8108059999999999 0.35446900000000003 0.8049850000000001 0.3565 0.799164 0.35785900000000004 0.795284 0.35718700000000003 0.788836 0.35718700000000003 0.783642 0.358875 0.783015 0.359547 0.7771939999999999 0.35785900000000004 0.772 0.357516 0.765552 0.36259399999999997 0.7636120000000001 0.364297 0.761015 0.369703 0.758418 0.372078 0.754537 0.375797 0.746776 0.37275 0.741612 0.367344 0.739672 0.36360899999999996 0.7351340000000001 0.36192199999999997 0.7338509999999999 0.35515599999999997 0.736448 0.347703 0.741612 0.343641 0.7506569999999999 0.343297 0.7629549999999999 0.34735900000000003 0.7771939999999999 0.352438 0.7875219999999999 0.348719 0.7998210000000001 0.34500000000000003 0.81794 0.348375 0.8231040000000001 0.353125 0.8295819999999999 0.35718700000000003 0.828269 0.3565 0.8218210000000001 0.352438 0.816627 0.353453 0.8146869999999999
50 0.075 0.56991 0.0718906 0.571701 0.0703438 0.5764480000000001 0.0694063 0.591284 0.07468749999999999 0.603761 0.07468749999999999 0.6221490000000001 0.074375 0.636418 0.07873440000000001 0.638776 0.07873440000000001 0.6215820000000001 0.0805937 0.620388 0.0818438 0.636418 0.085875 0.635821 0.08525 0.624537 0.0865 0.6221490000000001 0.0861875 0.581194 0.0805937 0.56991 0.0812187 0.559821 0.0771719 0.5550750000000001 0.0740625 0.560418 0.07220309999999999 0.565164 0.07468749999999999 0.567522 0.07468749999999999 0.569313 0.075 0.56991
50 0.5962500000000001 0.704448 0.5925469999999999 0.704448 0.587141 0.704448 0.582859 0.71206 0.581156 0.725104 0.576031 0.732179 0.5743280000000001 0.740328 0.5763130000000001 0.7608659999999999 0.577453 0.770119 0.581156 0.7777310000000001 0.591406 0.789164 0.587422 0.8130750000000001 0.591688 0.8234030000000001 0.595672 0.822328 0.595109 0.8125370000000001 0.597094 0.803821 0.597953 0.7924180000000001 0.5982339999999999 0.7799100000000001 0.594812 0.774478 0.59425 0.7608659999999999 0.59425 0.760328 0.591125 0.750537 0.591688 0.7456419999999999 0.594531 0.748358 0.6079220000000001 0.748896 0.6082029999999999 0.745104 0.595672 0.7363879999999999 0.5925469999999999 0.728239 0.5962500000000001 0.7119099999999999 0.5962500000000001 0.704448
50 0.640188 0.615433 0.6340779999999999 0.614448 0.623938 0.623463 0.616937 0.645493 0.6214839999999999 0.6591940000000001 0.6251559999999999 0.6939099999999999 0.626031 0.716955 0.636 0.716627 0.630234 0.708269 0.630922 0.6822389999999999 0.631625 0.665881 0.631625 0.6491640000000001 0.63425 0.641164 0.640547 0.637134 0.642469 0.645493 0.645781 0.639821 0.646828 0.619104 0.642297 0.615104 0.640188 0.615433
50 0.101797 0.638955 0.108344 0.6377309999999999 0.10900000000000001 0.627731 0.10900000000000001 0.618985 0.10703100000000002 0.602716 0.106375 0.577731 0.107688 0.562716 0.10900000000000001 0.540239 0.106375 0.535224 0.10245299999999999 0.546478 0.10049999999999999 0.547731 0.0965625 0.536478 0.0900312 0.538985 0.08937500000000001 0.556478 0.0939531 0.5739700000000001 0.0959062 0.595224 0.0972187 0.631463 0.101797 0.638955
50 0.355047 0.631731 0.357422 0.608119 0.359531 0.635761 0.362422 0.635254 0.362422 0.6025969999999999 0.365844 0.600567 0.364531 0.591522 0.364531 0.572418 0.360047 0.5688960000000001 0.359781 0.558328 0.353734 0.5573130000000001 0.35293800000000003 0.567373 0.352422 0.574925 0.350844 0.586 0.350578 0.601075 0.350578 0.6035820000000001 0.353203 0.6035820000000001 0.35293800000000003 0.633761 0.355047 0.631731
37 0.6365160000000001 0.638537 0.639938 0.643284 0.642734 0.649224 0.6508130000000001 0.6409250000000001 0.648328 0.6242989999999999 0.646469 0.61597 0.642109 0.600537 0.639313 0.5785669999999999 0.639625 0.561343 0.6380779999999999 0.54591 0.619734 0.53997 0.615703 0.5524479999999999 0.615078 0.560746 0.615078 0.564896 0.6079220000000001 0.5773729999999999 0.6029530000000001 0.5785669999999999 0.581187 0.596985 0.567828 0.609433 0.560984 0.627254 0.563469 0.641522 0.5650310000000001 0.64209 0.568453 0.6343880000000001 0.572172 0.62606 0.579641 0.6183580000000001 0.585859 0.61003 0.588344 0.61597 0.591141 0.625463 0.583375 0.6219100000000001 0.580578 0.625463 0.5849219999999999 0.643284 0.580578 0.655164 0.5842970000000001 0.655761 0.5892809999999999 0.6539699999999999 0.588031 0.632597 0.592078 0.631403 0.597359 0.643284 0.598906 0.6504179999999999 0.601391 0.655164 0.6051249999999999 0.648627 0.604812 0.636746 0.601703 0.632 0.6051249999999999 0.620716 0.6128910000000001 0.62606 0.619109 0.630239 0.6275000000000001 0.632597 0.6331089999999999 0.639731 0.6365160000000001 0.638537
50 0.183312 0.620418 0.182563 0.631582 0.183312 0.641672 0.180672 0.646 0.182188 0.651045 0.183312 0.655015 0.18595299999999998 0.658269 0.189359 0.665821 0.188031 0.67197 0.182938 0.673403 0.18125 0.689612 0.18162499999999998 0.701522 0.181812 0.71594 0.183891 0.715224 0.186719 0.701164 0.189172 0.691433 0.193125 0.671612 0.19331199999999998 0.663313 0.192 0.6575219999999999 0.190109 0.6542990000000001 0.194828 0.6546569999999999 0.201063 0.652836 0.20237500000000003 0.649254 0.198797 0.6470750000000001 0.19331199999999998 0.644567 0.191062 0.6359100000000001 0.190859 0.6279699999999999 0.192 0.621134 0.18898399999999999 0.614269 0.183312 0.617522 0.183312 0.620418
50 0.0326094 0.544239 0.0326094 0.553373 0.0333437 0.559701 0.029296899999999997 0.564627 0.029296899999999997 0.576567 0.029656300000000003 0.58994 0.0322344 0.604 0.0362813 0.639134 0.038125 0.64406 0.0403281 0.637045 0.0384844 0.614537 0.039593699999999996 0.617343 0.0414375 0.636328 0.044375 0.6377309999999999 0.0469531 0.636328 0.0454844 0.621552 0.044375 0.60609 0.04475 0.58994 0.0451094 0.576567 0.0429062 0.5667460000000001 0.0421719 0.556896 0.0403281 0.544239 0.0326094 0.544239
50 0.5261560000000001 0.832866 0.526719 0.844119 0.523906 0.858 0.525594 0.864955 0.528953 0.8783280000000001 0.538469 0.8719100000000001 0.540156 0.8821490000000001 0.5351090000000001 0.886955 0.544625 0.898209 0.548547 0.909433 0.550781 0.8859100000000001 0.536516 0.868776 0.538469 0.8526569999999999 0.558906 0.872985 0.562547 0.876209 0.5636720000000001 0.872985 0.564219 0.8633730000000001 0.541266 0.8403579999999999 0.540984 0.8382390000000001 0.542953 0.8339399999999999 0.544063 0.8339399999999999 0.547422 0.833403 0.547422 0.8323579999999999 0.546875 0.8269850000000001 0.5443439999999999 0.817373 0.539594 0.8157610000000001 0.539594 0.8179099999999999 0.540156 0.819522 0.540156 0.823254 0.539313 0.824328 0.5370779999999999 0.826448 0.528672 0.828597 0.5261560000000001 0.832866
50 0.173453 0.624896 0.169656 0.640597 0.1665 0.661104 0.167125 0.671373 0.173141 0.680418 0.176609 0.69009 0.180094 0.682836 0.17882800000000001 0.6695519999999999 0.186719 0.672597 0.18831199999999998 0.6689550000000001 0.185781 0.662328 0.180094 0.644806 0.18325 0.638776 0.181359 0.62791 0.18198399999999998 0.617642 0.17882800000000001 0.616418 0.174078 0.615224 0.173453 0.624896