23 0.494771 0.280094 0.5135 0.281969 0.529729 0.278234 0.543458 0.269797 0.5571870000000001 0.253891 0.5546880000000001 0.23609399999999997 0.5459379999999999 0.22206199999999998 0.529729 0.20801599999999998 0.489771 0.20520299999999997 0.474792 0.212688 0.456062 0.227672 0.453583 0.253891 0.478542 0.274484 0.494771 0.280094
18 1 1 0.999583 0.921625 0.9849370000000001 0.886516 0.968667 0.864531 0.9389369999999999 0.846531 0.888062 0.8394999999999999 0.830688 0.834625 0.832313 0.8068440000000001 0.8274170000000001 0.832797 0.766771 0.8318749999999999 0.717125 0.831563 0.673167 0.829438 0.650375 0.8355309999999999 0.6340830000000001 0.8459220000000001 0.612521 0.8654529999999999 0.590125 0.889875 0.5742499999999999 0.9112500000000001 0.5665209999999999 0.909406 0.560833 0.901781 0.555125 0.895063 0.537229 0.8914059999999999 0.5185 0.893531 0.512792 0.902391 0.511583 0.910937 0.51525 0.913687 0.5290830000000001 0.919172 0.544146 0.9210160000000001 0.554729 0.921625 0.564083 0.925281 0.563271 0.926812 0.5600210000000001 0.927719 0.537229 0.9521409999999999 0.529896 0.963141 0.510354 0.986953 0.508729 0.998859 1 1
18 0.165688 0.8416560000000001 0.160521 0.848766 0.157083 0.8494059999999999 0.139875 0.86425 0.140729 0.876516 0.142458 0.88425 0.145896 0.8868280000000001 0.150208 0.884906 0.151063 0.88425 0.153646 0.88425 0.175146 0.8855470000000001 0.176875 0.890703 0.179458 0.892 0.182896 0.890062 0.182896 0.884906 0.201833 0.884906 0.210437 0.8332660000000001 0.209563 0.8300470000000001 0.184625 0.8300470000000001 0.179458 0.830688 0.16654200000000002 0.8403750000000001 0.165688 0.8416560000000001
18 0.0834167 0.863438 0.0910208 0.85775 0.098625 0.856031 0.098625 0.8514839999999999 0.0932917 0.8509059999999999 0.0963333 0.846922 0.10772899999999999 0.846359 0.113042 0.8383749999999999 0.111521 0.8355309999999999 0.0818958 0.8372339999999999 0.051520800000000005 0.8372339999999999 0.0363333 0.852625 0.023416700000000002 0.8588910000000001 0.0249375 0.8731249999999999 0.03025 0.884516 0.039375 0.8850939999999999 0.039375 0.882812 0.04925 0.881672 0.0522917 0.885656 0.0651875 0.8885 0.0674792 0.8822340000000001 0.0803958 0.8822340000000001 0.0834167 0.863438
18 0.992125 0.836875 0.864375 0.8188280000000001 0.829437 0.817531 0.761271 0.817109 0.730917 0.8295619999999999 0.844917 0.8360160000000001 0.943438 0.8467499999999999 0.9715 0.862641 0.985833 0.889719 0.999 0.914203 0.999 0.855766 0.992125 0.836875
18 1 0.791406 0.999875 0.791406 0.9949790000000001 0.790188 0.987667 0.792938 0.986437 0.7926409999999999 0.9730000000000001 0.802094 0.9673130000000001 0.804547 0.9603959999999999 0.8066720000000001 0.946146 0.819187 0.9396249999999999 0.825 0.967708 0.829875 0.974229 0.8317030000000001 0.990104 0.8341559999999999 0.9994580000000001 0.855219 1 0.853688 0.997833 0.829875 0.997833 0.8069839999999999 1 0.796906 1 0.791406
18 0.150562 0.851547 0.172708 0.835797 0.16987499999999997 0.831969 0.14262500000000003 0.834937 0.145458 0.8579380000000001 0.150562 0.851547
18 0.0960625 0.850703 0.0983333 0.8566559999999999 0.08075 0.865172 0.081875 0.881344 0.108 0.8834839999999999 0.115937 0.840047 0.115937 0.834516 0.106292 0.843891 0.0960625 0.850703
16 0.5782710000000001 0.672469 0.563292 0.894937 0.5752710000000001 0.9151719999999999 0.656188 0.8275309999999999 0.7430629999999999 0.8342660000000001 0.7430629999999999 0.8162969999999999 0.8119789999999999 0.811797 0.943812 0.825281 0.946813 0.8162969999999999 1 0.7870779999999999 0.988771 0.5533750000000001 0.8659169999999999 0.5443749999999999 0.60825 0.533141 0.5782710000000001 0.672469
50 0.726292 0.603922 0.72275 0.598625 0.717438 0.593969 0.709042 0.592313 0.700646 0.595297 0.698875 0.60525 0.698875 0.618516 0.681167 0.625484 0.679854 0.626812 0.6891459999999999 0.628141 0.712146 0.629141 0.727625 0.629469 0.727187 0.614875 0.726292 0.603922
50 0.0190833 0.886141 0.023583299999999998 0.886141 0.025062499999999998 0.856922 0.030312500000000003 0.851313 0.030312500000000003 0.8473750000000001 0.0419167 0.837266 0.0408125 0.8347340000000001 0.0389375 0.8277189999999999 0.0419167 0.825187 0.0370625 0.820406 0.029187499999999998 0.8192809999999999 0.025812500000000002 0.8296720000000001 0.0228333 0.8296720000000001 0.0172083 0.8350160000000001 0.0173958 0.857312 0.0190833 0.886141
50 0.6397499999999999 0.775844 0.6372289999999999 0.777203 0.6347079999999999 0.7801720000000001 0.632188 0.782875 0.629667 0.783687 0.627875 0.785031 0.628958 0.786922 0.63075 0.788547 0.633646 0.7907029999999999 0.6422709999999999 0.7907029999999999 0.653438 0.79125 0.6620830000000001 0.793141 0.6638750000000001 0.79475 0.665687 0.795031 0.6660419999999999 0.792859 0.666771 0.788547 0.6678540000000001 0.785844 0.666396 0.783953 0.663167 0.7823279999999999 0.659562 0.778281 0.661354 0.776391 0.6635209999999999 0.771266 0.661729 0.7663909999999999 0.659208 0.7647809999999999 0.6541669999999999 0.7631560000000001 0.646604 0.763703 0.643354 0.766125 0.643729 0.771531 0.641208 0.776922 0.6397499999999999 0.775844