13 0.367047 0.698571 0.37968799999999997 0.696838 0.389453 0.694262 0.394047 0.69082 0.400953 0.6847780000000001 0.3975 0.618454 0.393484 0.615012 0.377391 0.608993 0.36760899999999996 0.608126 0.360141 0.608126 0.36475 0.597775 0.371062 0.586581 0.371641 0.571077 0.370484 0.563326 0.365891 0.566768 0.357266 0.584005 0.350375 0.598642 0.34520300000000004 0.615012 0.341188 0.626206 0.340031 0.628806 0.34175 0.692529 0.352094 0.696838 0.350375 0.695972 0.356703 0.695972 0.367047 0.698571
27 0.45525000000000004 1 0.45682799999999996 0.99555 0.532188 0.8755499999999999 0.543172 0.600258 0.310828 0.562623 0.0062812499999999995 0.7296720000000001 0.0015625 1 0.45525000000000004 1
50 0.693344 0.16374699999999998 0.689844 0.170703 0.670078 0.189883 0.67125 0.23171 0.678219 0.26135800000000003 0.653797 0.278782 0.610766 0.345012 0.608437 0.390351 0.613094 0.416487 0.620078 0.4374 0.637516 0.426956 0.607281 0.773817 0.6212340000000001 0.806932 0.6351880000000001 0.796487 0.677063 0.585574 0.689844 0.599508 0.703812 0.7581260000000001 0.7119530000000001 0.8034659999999999 0.732875 0.813911 0.743344 0.789508 0.735203 0.474005 0.741016 0.442646 0.7584690000000001 0.44437899999999997 0.778234 0.426956 0.775906 0.407775 0.7724219999999999 0.369415 0.757297 0.318876 0.743344 0.296206 0.722406 0.26135800000000003 0.739859 0.22997700000000001 0.739859 0.207307 0.736375 0.18466 0.7282339999999999 0.170703 0.697984 0.16548 0.693344 0.16374699999999998
41 0.24670299999999998 0.6515690000000001 0.23707799999999998 0.631382 0.22145299999999998 0.5917330000000001 0.216641 0.584871 0.21423399999999998 0.584145 0.211828 0.584145 0.21278100000000003 0.5928100000000001 0.21278100000000003 0.5935360000000001 0.24045299999999997 0.649415 0.24670299999999998 0.6515690000000001
14 0.059031299999999995 0.893513 0.0681406 0.898852 0.0835937 0.901241 0.108563 0.894122 0.132328 0.890539 0.150953 0.86918 0.15451600000000001 0.84185 0.15531299999999998 0.816323 0.15173399999999998 0.809789 0.138672 0.8056209999999999 0.12998400000000002 0.811054 0.0973437 0.8095779999999999 0.0627344 0.825878 0.048875 0.843677 0.058765599999999994 0.894075 0.059031299999999995 0.893513
14 0.210203 0.689368 0.20473400000000003 0.6839109999999999 0.186516 0.676792 0.170109 0.672974 0.14714100000000002 0.6762530000000001 0.120516 0.68281 0.100828 0.698103 0.0931719 0.711218 0.0942656 0.7139580000000001 0.11796899999999999 0.7276109999999999 0.132187 0.740726 0.132922 0.766417 0.149328 0.7696959999999999 0.171203 0.763138 0.187969 0.751101 0.209109 0.712319 0.212031 0.695386 0.210203 0.689368
48 0.260484 0.45445 0.222547 0.428946 0.21339100000000003 0.38484799999999997 0.0034375000000000005 0.443653 0.002125 0.538759 0.00278125 0.615222 0.303 0.47993 0.260484 0.45445
50 0.0141406 0.673958 0.0510312 0.700539 0.0609531 0.694145 0.0751406 0.6814049999999999 0.0680469 0.6718270000000001 0.09712499999999999 0.683513 0.0957031 0.6718270000000001 0.05882810000000001 0.653747 0.028328100000000002 0.638876 0 0.61548 0.000671875 0.701593 0.0035156296875 0.701593 0.0141406 0.673958
26 0.190828 0.677705 0.19742200000000001 0.6788759999999999 0.205563 0.684098 0.209437 0.6899299999999999 0.210984 0.699227 0.209828 0.705035 0.20750000000000002 0.713747 0.20750000000000002 0.718407 0.210984 0.717237 0.21875 0.714333 0.22495300000000001 0.709087 0.225344 0.706183 0.222234 0.701546 0.219516 0.692248 0.21642199999999998 0.6550590000000001 0.21370300000000003 0.6416860000000001 0.205172 0.6381969999999999 0.199359 0.63993 0.197813 0.6416860000000001 0.191984 0.64808 0.190828 0.653888 0.189281 0.6567919999999999 0.18695299999999998 0.6591100000000001 0.18656299999999998 0.663185 0.18656299999999998 0.672482 0.188891 0.6782900000000001 0.190828 0.677705
26 0.243469 0.711405 0.265891 0.704145 0.270734 0.695972 0.271344 0.688712 0.26831299999999997 0.637869 0.26770299999999997 0.6337700000000001 0.265891 0.6292270000000001 0.26225 0.6278689999999999 0.25801599999999997 0.6274240000000001 0.250734 0.628782 0.241047 0.630609 0.231047 0.6319670000000001 0.224078 0.641499 0.221969 0.652389 0.221047 0.66192 0.221047 0.6732790000000001 0.224078 0.680539 0.228328 0.691429 0.230141 0.702342 0.243469 0.711405
14 0.279391 0.429906 0.27973400000000004 0.42829 0.282594 0.416534 0.284375 0.40637 0.284375 0.399953 0.277234 0.402084 0.27475 0.40262299999999995 0.274391 0.40103 0.278313 0.395667 0.265828 0.395667 0.24976600000000002 0.39782199999999995 0.24476599999999998 0.40103 0.243703 0.407447 0.24798399999999998 0.422412 0.251547 0.425621 0.252625 0.429368 0.253328 0.43257599999999996 0.253688 0.43578500000000003 0.26475 0.43578500000000003 0.27653099999999997 0.43365299999999996 0.279391 0.429906
14 0.271547 0.275714 0.272937 0.273326 0.273531 0.26733 0.24562499999999998 0.268525 0.250219 0.304379 0.267953 0.30199099999999995 0.271547 0.275714
15 0.158688 0.7256210000000001 0.15925 0.723349 0.160453 0.721077 0.16412500000000002 0.719742 0.16875 0.719391 0.17114100000000002 0.717728 0.16978100000000002 0.713888 0.16603099999999998 0.71377 0.16331199999999998 0.713888 0.158297 0.715082 0.1555 0.716159 0.154297 0.718923 0.154297 0.724309 0.156609 0.726815 0.158688 0.7256210000000001
62 0.263781 0.600375 0.259422 0.643888 0.266688 0.643888 0.273203 0.600375 0.263781 0.600375
15 0.14943800000000002 0.714637 0.153594 0.7129740000000001 0.164688 0.708806 0.172453 0.703419 0.171344 0.6959249999999999 0.164688 0.701335 0.161906 0.70466 0.152484 0.702576 0.15525 0.690937 0.148594 0.688454 0.13584400000000002 0.6967679999999999 0.136406 0.703817 0.135016 0.701756 0.143328 0.714637 0.14943800000000002 0.714637
15 0.123719 0.6966279999999999 0.120969 0.6935830000000001 0.114922 0.6966279999999999 0.109594 0.70185 0.110703 0.704309 0.11290599999999999 0.704309 0.11674999999999999 0.70267 0.124094 0.700187 0.123719 0.6966279999999999
48 0.0075781203125000005 0.6232080000000001 0.0265156 0.6374 0.0454531 0.63897 0.0664844 0.657892 0.0927969 0.673677 0.0906875 0.686276 0.06543750000000001 0.672084 0.0496562 0.69733 0.0117813 0.6815460000000001 0 0.7257140000000001 0.07175000000000001 0.7130909999999999 0.23798400000000003 0.612178 0.29900000000000004 0.57274 0.29900000000000004 0.49391100000000004 0.0075781203125000005 0.6232080000000001
19 0.159969 0.704426 0.162578 0.7022010000000001 0.163328 0.7006089999999999 0.16245300000000001 0.697635 0.160594 0.695855 0.158656 0.695761 0.154688 0.6974469999999999 0.152313 0.6996720000000001 0.151078 0.7031149999999999 0.151641 0.7047070000000001 0.152938 0.7069559999999999 0.155172 0.707143 0.15343800000000002 0.7063 0.15698399999999998 0.7067680000000001 0.159969 0.704426
58 0.776953 0.521616 0.9675940000000001 0.543349 0.951875 0.493091 0.791453 0.476347 0.776953 0.521616