42 0.626609 0.644517 0.586094 0.376063 0.42256299999999997 0.338019 0.47756299999999996 0.6892510000000001 0.646875 0.7832129999999999 0.868281 0.725048 0.678719 0.626618 0.626609 0.644517
45 0.674844 0.611763 0.671484 0.6148790000000001 0.66925 0.6214489999999999 0.669922 0.628382 0.674625 0.62942 0.7415160000000001 0.630459 0.759406 0.631498 0.769469 0.632512 0.7748440000000001 0.62942 0.777531 0.6235269999999999 0.7764059999999999 0.6200720000000001 0.772609 0.614541 0.763656 0.607633 0.749109 0.6003620000000001 0.729437 0.5962080000000001 0.706391 0.597585 0.6905 0.601739 0.676406 0.6110869999999999 0.674844 0.611763
12 0.33920300000000003 0.145145 0.343609 0.329324 0.486578 0.315676 0.483047 0.141063 0.348906 0.14241499999999999 0.33920300000000003 0.145145
12 0.753703 0.176594 0.743719 0.160556 0.734109 0.158768 0.719125 0.180169 0.71875 0.199758 0.721438 0.209855 0.750625 0.180749 0.753703 0.176594
12 0.779156 0.19272899999999998 0.7663909999999999 0.174444 0.755516 0.17736700000000002 0.7678130000000001 0.19272899999999998 0.7678130000000001 0.313357 0.781531 0.312633 0.779156 0.19272899999999998
12 0.9346249999999999 0.310193 0.935109 0.15659399999999998 0.9090469999999999 0.159638 0.905109 0.153551 0.873625 0.158889 0.876578 0.16268100000000002 0.8652659999999999 0.168768 0.869688 0.177899 0.8505 0.176377 0.8485469999999999 0.17712599999999998 0.8475630000000001 0.310966 0.9346249999999999 0.310193
39 0.642516 0.662923 0.627984 0.6719080000000001 0.657047 0.7438159999999999 0.665766 0.750556 0.758813 0.7280920000000001 0.642516 0.662923
12 0.773828 0.11340599999999999 0.7904690000000001 0.121329 0.798156 0.005917869565217391 0.777672 0.0027294710144927536 0.773828 0.0239855 0.773828 0.11340599999999999
12 0.651109 0.18398599999999998 0.648813 0.183116 0.643078 0.18398599999999998 0.639922 0.191981 0.6387660000000001 0.192874 0.6382030000000001 0.19553099999999998 0.637625 0.19997600000000001 0.637906 0.30644899999999997 0.637906 0.31444399999999995 0.656281 0.311787 0.656281 0.310894 0.653125 0.226594 0.652266 0.189324 0.651109 0.18398599999999998
21 0.766453 0.83872 0.918437 0.858116 0.927609 0.821546 0.927609 0.806643 0.922297 0.802899 0.781891 0.7864979999999999 0.766937 0.817077 0.766453 0.83872
12 0.829266 0.499324 0.8302339999999999 0.350652 0.804969 0.349155 0.810797 0.380676 0.810797 0.499324 0.829266 0.499324
12 0.799813 0.170121 0.798203 0.170121 0.796234 0.225362 0.796234 0.274831 0.795531 0.310749 0.800531 0.310483 0.800703 0.309106 0.8017810000000001 0.266256 0.802141 0.238913 0.802141 0.16954100000000003 0.8 0.16954100000000003 0.799813 0.170121
12 0.407813 0.127657 0.407813 0.124179 0.408188 0 0.405187 0.00014492753623188405 0.404812 0.022753599033816425 0.404437 0.125918 0.407813 0.127657
12 0.706109 0.502343 0.708047 0.37920299999999996 0.692516 0.382198 0.693484 0.386715 0.694453 0.502343 0.706109 0.502343
12 0.741937 0.123285 0.7394529999999999 0.00043478260869565214 0.7301409999999999 0.00043478260869565214 0.731375 0.119469 0.741937 0.123285
12 0.879641 0.120676 0.879641 0.003140099033816425 0.8690469999999999 0.003140099033816425 0.870016 0.029178700483091787 0.8690469999999999 0.11845399999999999 0.879641 0.120676
12 0.854594 0.498961 0.854594 0.35688400000000003 0.846156 0.35688400000000003 0.8470470000000001 0.497609 0.854594 0.498961