3 0 0.435098 0 0.58183 0.0022549 0.57732 0.047402 0.559248 0.0744935 0.48024500000000003 0.0993301 0.44864400000000004 0.164788 0.42380700000000004 0.135441 0.410278 0 0.435098
3 0.259592 0.550229 0.295719 0.543448 0.417614 0.56152 0.487582 0.47798999999999997 0.530474 0.421552 0.485327 0.403497 0.334085 0.392206 0.22348000000000004 0.398987 0.203154 0.419297 0.200899 0.42380700000000004 0.22799 0.464444 0.259592 0.550229
3 0.620768 0.579575 0.643333 0.638268 0.735899 0.672124 0.832958 0.683415 0.860049 0.658578 0.889395 0.58183 0.848758 0.543448 0.790065 0.509592 0.67268 0.464444 0.677206 0.466699 0.638824 0.554739 0.620768 0.579575
3 0.339428 0.34197700000000003 0.30681400000000003 0.359771 0.302369 0.38348 0.312745 0.39683 0.406144 0.39683 0.51585 0.417582 0.530686 0.423513 0.542549 0.408693 0.567745 0.386454 0.5662579999999999 0.367173 0.567745 0.32566999999999996 0.579608 0.309363 0.370556 0.290082 0.339428 0.34197700000000003
3 0.46067 0.197059 0.45617599999999997 0.230768 0.4526696063621429 0.2693547186802153 0.451683 0.280212 0.45393800000000006 0.295948 0.566291 0.307173 0.582875290013572 0.28437721335955773 0.8 0.309428 0.653938 0.24875800000000003 0.642696 0.217288 0.617974 0.215049 0.46067 0.197059
3 0.195507 0.23975500000000002 0.18652 0.282467 0.253938 0.271225 0.27415 0.24875800000000003 0.256176 0.212794 0.233709 0.21055600000000002 0.195507 0.23975500000000002
3 0.8629249999999999 0.415049 0.8831539999999999 0.397059 0.876405 0.352124 0.8629249999999999 0.318415 0.822467 0.284706 0.822467 0.282467 0.8 0.309428 0.833709 0.352124 0.811242 0.383578 0.8404580000000001 0.415049 0.8629249999999999 0.415049
3 0.518235 0.10986900000000001 0.507925 0.159395 0.5055186104638417 0.16260425401183062 0.48936300000000005 0.18415 0.505866 0.200654 0.59665 0.21303900000000003 0.582206 0.21509800000000004 0.619346 0.217157 0.631716 0.204788 0.656471 0.18415 0.6585457328885854 0.18259531137709736 0.796781 0.200654 0.681242 0.165588 0.689493 0.122255 0.518235 0.10986900000000001
3 0.8978760000000001 0.231601 0.8978760000000001 0.217157 0.8978760000000001 0.202712 0.866928 0.192402 0.84835 0.180033 0.821536 0.180033 0.811209 0.18415 0.796781 0.200654 0.805033 0.21509800000000004 0.8462910000000001 0.274935 0.868987 0.287304 0.8978760000000001 0.231601
3 0.806667 0.383791 0.792467 0.379069 0.767239 0.368023 0.732549 0.377484 0.719935 0.393252 0.723088 0.42321899999999996 0.724657 0.427941 0.746732 0.45316999999999996 0.743578 0.491013 0.7498859999999999 0.5036269999999999 0.770392 0.517827 0.817696 0.5304409999999999 0.853971 0.539902 0.8697389999999999 0.5036269999999999 0.8697389999999999 0.48944400000000005 0.860278 0.457908 0.858693 0.43268 0.8318949999999999 0.40902 0.8019280000000001 0.386944 0.789314 0.383791 0.806667 0.383791
27 1 0.0858497 1 0.0446732 0.852876 0.0293627 0.86915 0.0312745 1 0.0858497
27 0 0.000653595 0 0.0710948 0.0329085 0.0605719 0.10468999999999999 0.0355392 0.217271 0.0118464 0.307484 0.00263072 0 0.000653595