73 0.685047 0.436333 0.695094 0.5897290000000001 0.7118439999999999 0.58825 0.723016 0.5807920000000001 0.729719 0.5793130000000001 0.737547 0.571854 0.763234 0.570375 0.766578 0.570375 0.767703 0.570375 0.768813 0.5525 0.768813 0.545042 0.768813 0.530167 0.768813 0.5227080000000001 0.768813 0.515271 0.761 0.515271 0.74425 0.51825 0.734187 0.51825 0.726375 0.51825 0.720781 0.51825 0.717438 0.521229 0.716313 0.51825 0.717438 0.513771 0.7219059999999999 0.510792 0.7219059999999999 0.500375 0.737547 0.500375 0.7565310000000001 0.506333 0.7621089999999999 0.4825 0.7621089999999999 0.47506200000000004 0.761 0.463146 0.761 0.452708 0.743125 0.454208 0.728609 0.454208 0.720781 0.454208 0.717438 0.454208 0.720781 0.44675 0.738656 0.44675 0.748703 0.44377099999999997 0.755406 0.44377099999999997 0.763234 0.44377099999999997 0.7621089999999999 0.40952099999999997 0.761 0.399104 0.738656 0.391646 0.712969 0.393146 0.704031 0.393146 0.704031 0.348458 0.685047 0.349958 0.687281 0.39462499999999995 0.685047 0.403562 0.685047 0.424417 0.685047 0.436333
73 0.293922 0.323208 0.29729700000000003 0.375 0.275344 0.415542 0.261828 0.467333 0.293922 0.532667 0.304047 0.710583 0.27703099999999997 0.784917 0.298984 0.8547290000000001 0.309125 0.9628329999999999 0.557438 0.9538329999999999 0.537156 0.30066699999999996 0.288844 0.320938 0.293922 0.323208
50 0.21909399999999998 0.842688 0.22078099999999998 0.856188 0.246062 0.8449380000000001 0.249437 0.8 0.251125 0.734833 0.252812 0.6876460000000001 0.24101599999999998 0.6539370000000001 0.235953 0.633708 0.215734 0.631458 0.208984 0.671917 0.188766 0.685396 0.198875 0.728083 0.205625 0.784271 0.21909399999999998 0.842688
50 0.13681300000000002 1 0.13681300000000002 0.992833 0.12825 0.967708 0.12225 0.967708 0.102563 0.954583 0.11496900000000002 0.924312 0.114547 0.920896 0.11540600000000001 0.899771 0.10984400000000001 0.887208 0.101281 0.886646 0.0901406 0.884354 0.0785781 0.9003329999999999 0.0785781 0.9146249999999999 0.0764375 0.9197500000000001 0.0777188 0.935167 0.0807187 0.939167 0.0768594 0.947729 0.0584531 0.9597079999999999 0.0494687 0.960854 0.0349062 0.978563 0.030625000000000003 1 0.13681300000000002 1
50 0.558422 0.7413959999999999 0.558422 0.828917 0.578937 0.9068539999999999 0.574828 0.915042 0.575859 0.932833 0.6014999999999999 0.917792 0.598422 0.898646 0.609703 0.854896 0.612781 0.774208 0.619953 0.7673749999999999 0.613797 0.7249789999999999 0.595344 0.6785 0.579969 0.6798749999999999 0.5615 0.7413959999999999 0.558422 0.7413959999999999
50 0.643672 0.888229 0.647141 0.844333 0.654938 0.8847710000000001 0.667922 0.876687 0.6601250000000001 0.8362499999999999 0.661 0.7912079999999999 0.674859 0.796979 0.667922 0.7577079999999999 0.657531 0.714958 0.646266 0.699938 0.6427970000000001 0.6722079999999999 0.629812 0.662979 0.622875 0.671063 0.619406 0.683771 0.622875 0.699938 0.612484 0.708021 0.617672 0.731125 0.6211409999999999 0.770417 0.6202810000000001 0.785417 0.6202810000000001 0.810833 0.633281 0.883625 0.643672 0.888229
50 0.684422 0.6965210000000001 0.675 0.710729 0.668438 0.7327290000000001 0.675406 0.752396 0.681141 0.831104 0.678234 0.8569169999999999 0.679688 0.865313 0.69325 0.8646670000000001 0.694703 0.8130419999999999 0.694219 0.804 0.693734 0.794312 0.694219 0.779479 0.696156 0.7627079999999999 0.703406 0.722042 0.703406 0.705917 0.7009839999999999 0.693 0.698562 0.685271 0.7019529999999999 0.673 0.690828 0.669771 0.686469 0.679458 0.687922 0.693 0.684422 0.6965210000000001
36 0.659234 0.804562 0.659234 0.820229 0.659828 0.8304170000000001 0.6630469999999999 0.846479 0.674516 0.8453130000000001 0.676578 0.794375 0.661 0.79125 0.659234 0.804562
36 0.187031 0.8119789999999999 0.188938 0.8183539999999999 0.194687 0.821333 0.197875 0.820063 0.199156 0.8004789999999999 0.20043700000000003 0.789396 0.20074999999999998 0.7766249999999999 0.201078 0.768125 0.201078 0.766833 0.20139100000000001 0.764708 0.187344 0.795792 0.187031 0.8119789999999999
50 0.7625 0.565792 0.7615000000000001 0.572125 0.764984 0.571792 0.766734 0.5671250000000001 0.7674839999999999 0.5604790000000001 0.768734 0.5538329999999999 0.768984 0.562479 0.772219 0.570458 0.773469 0.5724370000000001 0.775469 0.5671250000000001 0.7774530000000001 0.540188 0.776719 0.5315420000000001 0.773469 0.52125 0.7757189999999999 0.522917 0.779453 0.525563 0.779953 0.52125 0.7757189999999999 0.511271 0.772219 0.505625 0.773969 0.499958 0.770734 0.49697899999999995 0.767234 0.498646 0.766734 0.504625 0.7635 0.508937 0.76075 0.512938 0.7587659999999999 0.519583 0.76275 0.52225 0.7625 0.565792
50 0.203781 0.9973960000000001 0.209594 0.9896670000000001 0.211531 0.9961040000000001 0.21734399999999998 0.993521 0.21637499999999998 0.9767499999999999 0.214438 0.945771 0.194109 0.9315829999999999 0.17765599999999998 0.940604 0.174266 0.967708 0.17668699999999998 0.9838539999999999 0.181516 0.9845 0.183453 0.990313 0.179578 0.999979 0.203781 1 0.203781 0.9973960000000001
9 0.899281 0.971521 0.898453 0.967542 0.887984 0.961833 0.88025 0.958833 0.8784690000000002 0.957562 0.87525 0.949458 0.870016 0.952479 0.862516 0.9555 0.8518589999999999 0.956292 0.843828 0.952104 0.836562 0.947417 0.8338280000000001 0.940875 0.8281410000000001 0.939562 0.8252029999999999 0.945312 0.818141 0.945583 0.807953 0.94375 0.808734 0.948708 0.823438 0.953417 0.8355940000000001 0.958375 0.8446089999999999 0.9617920000000001 0.846766 0.9725 0.8451869999999999 0.984 0.845391 0.991312 0.847156 0.999417 0.854781 0.999125 0.852047 0.990396 0.853594 0.982938 0.854063 0.974521 0.8563279999999999 0.969458 0.8563279999999999 0.964542 0.8628750000000001 0.963417 0.873109 0.965333 0.884406 0.969146 0.895125 0.974688 0.899281 0.971521
36 0.213266 0.838271 0.222016 0.833688 0.222016 0.795354 0.20951599999999998 0.770354 0.20139100000000001 0.773687 0.198578 0.827438 0.213266 0.838271
36 0.0544219 0.998667 0.0625313 1 0.0677031 0.953896 0.058484400000000006 0.953896 0.0525781 0.999646 0.0544219 0.998667