18 0.963063 0.325446 0.970531 0.33924800000000005 0.9733280000000001 0.357386 0.9742660000000001 0.372376 0.978938 0.390535 0.9795619999999999 0.408277 0.9807969999999999 0.40708900000000003 0.9845309999999999 0.384218 0.987344 0.351485 0.9938750000000001 0.34202 0.995734 0.331366 0.9938750000000001 0.32663400000000004 0.9945 0.319129 0.999469 0.31085100000000004 0.9854689999999999 0.310059 0.9695940000000001 0.31124799999999997 0.957141 0.31479199999999996 0.963063 0.325446
50 0.128859 0.955465 0.185344 0.955465 0.19240600000000002 0.9688910000000001 0.238313 0.9621780000000001 0.26125 0.939822 0.23125 0.85703 0.224187 0.760851 0.225953 0.6355639999999999 0.250672 0.637802 0.240078 0.5527920000000001 0.247141 0.539366 0.257719 0.530416 0.280672 0.499089 0.266547 0.483446 0.23301599999999997 0.490158 0.224187 0.340257 0.22948400000000002 0.29552500000000004 0.23301599999999997 0.250772 0.224187 0.226158 0.188875 0.219465 0.176531 0.230634 0.165938 0.282099 0.130625 0.355921 0.12356199999999999 0.420792 0.1165 0.6154259999999999 0.14475 0.736238 0.139453 0.801109 0.130625 0.921921 0.128859 0.955465
50 0.663953 0.5890500000000001 0.655938 0.6996239999999999 0.653656 0.711228 0.651359 0.735881 0.651359 0.764891 0.653656 0.795327 0.67425 0.837386 0.6525000000000001 0.8533270000000001 0.658219 0.866376 0.678813 0.866376 0.700562 0.86204 0.702844 0.866376 0.705141 0.89103 0.715437 0.908436 0.744031 0.905446 0.764625 0.889505 0.774922 0.876455 0.7863749999999999 0.853248 0.787516 0.828594 0.790953 0.796693 0.792094 0.770594 0.795516 0.74305 0.795516 0.722752 0.793234 0.6980989999999999 0.793234 0.664752 0.790953 0.641545 0.789797 0.615446 0.800094 0.590792 0.8241250000000001 0.503802 0.8229839999999999 0.455941 0.820688 0.429842 0.8149689999999999 0.40665300000000004 0.811547 0.39360399999999995 0.8023910000000001 0.377644 0.7966719999999999 0.364594 0.777219 0.344297 0.7760779999999999 0.335604 0.7795 0.31095 0.778359 0.28485099999999997 0.768062 0.26744599999999996 0.7474689999999999 0.260198 0.724594 0.270356 0.7165779999999999 0.28629699999999997 0.7165779999999999 0.30950500000000003 0.717719 0.327802 0.7188589999999999 0.330713 0.721156 0.346653 0.712 0.349564 0.697125 0.359703 0.689125 0.37710899999999997 0.6856880000000001 0.38435600000000003 0.6753910000000001 0.39740600000000004 0.658922 0.435505 0.6697339999999999 0.473188 0.664328 0.543406 0.661625 0.5913470000000001 0.663953 0.5890500000000001
50 0.8883749999999999 0.244673 0.8900309999999999 0.261505 0.89225 0.283941 0.9011089999999999 0.300772 0.893688 0.337069 0.900766 0.397762 0.904312 0.46293100000000004 0.886594 0.476396 0.891906 0.501129 0.907859 0.55505 0.9131880000000001 0.669663 0.9291410000000001 0.685386 0.9220470000000001 0.716851 0.904312 0.716851 0.948641 0.7505539999999999 0.9539690000000001 0.707861 0.9681559999999999 0.7101190000000001 0.9681559999999999 0.676396 0.957516 0.6134850000000001 0.941563 0.559545 0.957516 0.532594 0.973469 0.487644 0.982344 0.440455 0.982344 0.375287 0.971703 0.323604 0.9433279999999999 0.296634 0.934469 0.267406 0.9326869999999999 0.22697 0.899453 0.225307 0.8901410000000001 0.24269300000000002 0.8883749999999999 0.244673
3 0.509656 0.742812 0.503484 0.7379209999999999 0.486547 0.713525 0.486547 0.690099 0.480391 0.669604 0.469609 0.6637620000000001 0.451891 0.6715639999999999 0.449578 0.6852280000000001 0.4465 0.710594 0.458047 0.739881 0.471922 0.742812 0.471922 0.73598 0.486547 0.741822 0.49887499999999996 0.750614 0.508875 0.744752 0.509656 0.742812
3 0.543531 0.738792 0.564516 0.736119 0.562422 0.725485 0.556125 0.712198 0.535141 0.680277 0.530938 0.6722969999999999 0.509953 0.677624 0.509953 0.685584 0.543531 0.738792
3 0.5091249999999999 0.742297 0.512063 0.74105 0.513547 0.7385539999999999 0.5194219999999999 0.739802 0.529234 0.741663 0.533656 0.7385539999999999 0.527281 0.7298610000000001 0.532672 0.730475 0.5351250000000001 0.725505 0.529734 0.717426 0.517953 0.6987720000000001 0.509609 0.6838420000000001 0.510594 0.675149 0.506672 0.675149 0.504219 0.678871 0.49931200000000003 0.680733 0.49243800000000004 0.680733 0.488516 0.684475 0.487047 0.691921 0.486062 0.7068509999999999 0.489016 0.7149310000000001 0.5061880000000001 0.74105 0.5091249999999999 0.742297
3 0.5530160000000001 0.704653 0.5554840000000001 0.710891 0.5597030000000001 0.709545 0.569203 0.703307 0.572016 0.6948510000000001 0.562516 0.690376 0.554078 0.685921 0.547391 0.679248 0.535422 0.665426 0.529094 0.660515 0.5287499999999999 0.664535 0.534016 0.67701 0.556531 0.707762 0.5530160000000001 0.704653
3 0.551078 0.6830689999999999 0.552234 0.684812 0.553391 0.689208 0.5587030000000001 0.69097 0.564469 0.692436 0.563781 0.6859799999999999 0.561234 0.6813070000000001 0.554547 0.671941 0.551312 0.6681389999999999 0.547844 0.663149 0.5443749999999999 0.6578809999999999 0.5427660000000001 0.65495 0.540219 0.64998 0.540219 0.64501 0.539297 0.6397430000000001 0.539766 0.63798 0.543453 0.632119 0.543219 0.63095 0.541609 0.631822 0.539297 0.634178 0.536297 0.6362180000000001 0.533984 0.637683 0.531672 0.6397430000000001 0.530984 0.641485 0.534219 0.6637430000000001 0.539062 0.66695 0.543453 0.671941 0.546219 0.676337 0.5503910000000001 0.681881 0.551078 0.6830689999999999
3 0.5008589999999999 0.637802 0.501328 0.642198 0.502016 0.646317 0.504578 0.650436 0.5055 0.6521979999999999 0.508047 0.657208 0.508984 0.658376 0.5117659999999999 0.6595639999999999 0.515937 0.661624 0.517328 0.662792 0.518734 0.667505 0.520125 0.671327 0.521047 0.671624 0.522906 0.672792 0.524531 0.6730889999999999 0.5284690000000001 0.673683 0.529859 0.671921 0.529859 0.6689700000000001 0.5284690000000001 0.665743 0.525922 0.661921 0.524766 0.6595639999999999 0.521969 0.653386 0.519656 0.650436 0.516172 0.6469109999999999 0.513391 0.643683 0.5117659999999999 0.6416240000000001 0.50875 0.637505 0.505734 0.634257 0.504578 0.63103 0.503406 0.629267 0.502484 0.627802 0.500391 0.632792 0.5008589999999999 0.637802
3 0.452297 0.67103 0.469688 0.665168 0.47779699999999997 0.6695639999999999 0.481266 0.674713 0.487063 0.688653 0.490547 0.682059 0.49981200000000003 0.679842 0.502125 0.679842 0.5085 0.675446 0.523562 0.673248 0.519516 0.668832 0.516031 0.6622180000000001 0.512563 0.6600199999999999 0.500969 0.636535 0.503281 0.629188 0.513141 0.644594 0.521828 0.653406 0.529359 0.664436 0.529359 0.6600199999999999 0.5334220000000001 0.66297 0.5310940000000001 0.6401979999999999 0.5421090000000001 0.630653 0.538625 0.625505 0.5334220000000001 0.629188 0.53225 0.629188 0.530516 0.628455 0.528203 0.626238 0.5224059999999999 0.62404 0.518359 0.62404 0.515453 0.628455 0.514875 0.624772 0.513719 0.623307 0.512563 0.62404 0.502125 0.625505 0.49459400000000003 0.633584 0.48879700000000004 0.6431290000000001 0.48821899999999996 0.636535 0.485328 0.6313859999999999 0.48417199999999994 0.6269699999999999 0.480687 0.621842 0.480687 0.6225740000000001 0.47837500000000005 0.625505 0.47546900000000003 0.624772 0.47257800000000005 0.62404 0.47026599999999996 0.625505 0.466781 0.637267 0.468516 0.629921 0.463891 0.629921 0.458094 0.6269699999999999 0.45403099999999996 0.623307 0.45287499999999997 0.623307 0.44823399999999997 0.627723 0.442453 0.632119 0.441875 0.633584 0.437812 0.6460790000000001 0.436656 0.6600199999999999 0.439547 0.668099 0.444766 0.681327 0.449984 0.684257 0.452297 0.67103
1 0.451438 0.617941 0.45295300000000005 0.610178 0.448891 0.598574 0.442781 0.594059 0.436672 0.590178 0.433609 0.5953470000000001 0.431578 0.6024360000000001 0.434125 0.6088910000000001 0.44125 0.619228 0.451438 0.617941
1 0.549234 0.658713 0.549234 0.6609900000000001 0.554047 0.66404 0.564266 0.666337 0.564875 0.666337 0.567281 0.674713 0.571484 0.683861 0.5745 0.679287 0.575094 0.677762 0.578109 0.668614 0.5859219999999999 0.665564 0.584109 0.69301 0.6087659999999999 0.696059 0.609375 0.696059 0.615984 0.695287 0.616594 0.694535 0.616594 0.691485 0.615391 0.685386 0.612984 0.678535 0.6105780000000001 0.674713 0.602156 0.6724359999999999 0.597344 0.668614 0.593734 0.662515 0.587719 0.6617620000000001 0.582906 0.6609900000000001 0.5762970000000001 0.658713 0.572094 0.6518419999999999 0.567281 0.6556630000000001 0.560656 0.6518419999999999 0.5516409999999999 0.64804 0.550437 0.6556630000000001 0.549234 0.658713
1 0.415719 0.5804159999999999 0.41878099999999996 0.579683 0.42300000000000004 0.579505 0.42460899999999996 0.577287 0.424312 0.574891 0.42373399999999994 0.5719409999999999 0.420094 0.5647329999999999 0.41732800000000003 0.562891 0.413984 0.562891 0.41092199999999995 0.5652870000000001 0.408875 0.566574 0.40728099999999995 0.568436 0.408297 0.569525 0.41018699999999997 0.5741390000000001 0.41223400000000004 0.5798610000000001 0.415719 0.5804159999999999
1 0.345297 0.551683 0.347406 0.560574 0.349156 0.563663 0.35826600000000003 0.575663 0.366312 0.5783170000000001 0.374375 0.573881 0.385219 0.584535 0.392937 0.590297 0.396781 0.6009500000000001 0.41325 0.598733 0.418844 0.601406 0.427609 0.60895 0.43600000000000005 0.620475 0.441266 0.632911 0.444766 0.630693 0.454563 0.624931 0.464719 0.6262570000000001 0.478031 0.622257 0.48398399999999997 0.6280399999999999 0.5025470000000001 0.609386 0.5064059999999999 0.597406 0.5064059999999999 0.587644 0.49800000000000005 0.575663 0.488891 0.56501 0.48153100000000004 0.556574 0.467875 0.552139 0.46542199999999995 0.548574 0.45912499999999995 0.535267 0.441609 0.529505 0.43951599999999996 0.5277229999999999 0.43004699999999996 0.52505 0.42304700000000006 0.515287 0.409391 0.503762 0.39782799999999996 0.506416 0.388734 0.5157430000000001 0.375062 0.5397029999999999 0.369812 0.537921 0.358609 0.5374850000000001 0.355453 0.5428120000000001 0.345297 0.551683
1 0.31098400000000004 0.522 0.315016 0.52396 0.320594 0.521604 0.32431299999999996 0.517683 0.325547 0.51101 0.320906 0.504733 0.314094 0.5003960000000001 0.31068799999999996 0.50198 0.307578 0.507465 0.308516 0.517287 0.31098400000000004 0.522
50 1 0.307564 0.996453 0.312653 0.992437 0.321921 0.996078 0.33718800000000004 0.986594 0.351069 0.983672 0.37142600000000003 0.9789220000000001 0.404277 0.981844 0.417228 0.986594 0.46257400000000004 0.989875 0.497267 0.9862339999999999 0.512535 0.9997339999999999 0.531505 0.9997339999999999 0.479228 1 0.46905 1 0.307564
50 0.685172 0.382436 0.711828 0.355406 0.711828 0.319366 0.711828 0.30811900000000003 0.697609 0.301366 0.6905 0.31487099999999996 0.6833910000000001 0.330634 0.6833910000000001 0.373426 0.685172 0.382436
50 0.896016 0.350614 0.9018750000000001 0.307267 0.901406 0.307564 0.894844 0.31202 0.895078 0.320337 0.8852499999999999 0.32863400000000004 0.883141 0.338733 0.8887660000000001 0.345267 0.878922 0.36633699999999997 0.877516 0.388594 0.871891 0.388 0.8697969999999999 0.39097000000000004 0.8697969999999999 0.391267 0.880094 0.39720799999999995 0.887359 0.372871 0.89625 0.359802 0.896016 0.350614
1 0.0904062 0.40534699999999996 0.091125 0.40596000000000004 0.0930469 0.409168 0.0940156 0.419723 0.10137499999999999 0.419406 0.10245299999999999 0.415446 0.10160899999999999 0.40903 0.0988437 0.40596000000000004 0.0955781 0.40413899999999997 0.0907656 0.404594 0.0904062 0.40534699999999996
1 0.14214100000000002 0.338139 0.136656 0.33760399999999996 0.13159400000000002 0.343485 0.126953 0.33974299999999996 0.118094 0.33439599999999997 0.125688 0.367564 0.129484 0.354713 0.143828 0.340277 0.14214100000000002 0.338139
1 0.223406 0.40461400000000003 0.22134399999999999 0.413149 0.23689100000000002 0.48211899999999996 0.24 0.48802 0.255016 0.48538600000000004 0.273156 0.475545 0.292844 0.469624 0.305797 0.46701 0.299578 0.45649500000000004 0.292844 0.44599999999999995 0.277828 0.428257 0.272641 0.418416 0.261234 0.405941 0.255547 0.397386 0.24465599999999998 0.395426 0.241547 0.40461400000000003 0.24257800000000002 0.411842 0.23635899999999999 0.406594 0.232219 0.399366 0.224453 0.39607899999999996 0.223406 0.40461400000000003