22 0.316736 0.22581299999999999 0.345523 0.258062 0.351276 0.290328 0.40023 0.292469 0.403117 0.288172 0.414623 0.279562 0.33113 0.184953 0.316736 0.22581299999999999
22 0.469331 0.372047 0.469331 0.404297 0.503891 0.4 0.572992 0.395703 0.590272 0.4193589999999999 0.596025 0.494625 0.598912 0.464516 0.596025 0.384953 0.578766 0.356984 0.561485 0.318281 0.486611 0.281719 0.472218 0.279562 0.44629700000000005 0.298922 0.460711 0.333328 0.469331 0.372047
22 0.08638079916317992 0.299531 0.08638079916317992 0.327484 0.09502089958158995 0.34684400000000004 0.11805399999999999 0.35975 0.146841 0.394156 0.17851499999999998 0.441469 0.29370300000000005 0.46942199999999995 0.495251 0.473734 0.46646400000000005 0.27373400000000003 0.07485360041841004 0.297391 0.08638079916317992 0.299531
27 0.018912100418410044 0.574125 0.012594100418410043 0.698828 0.031506299163179916 0.9811719999999999 0.17958200000000002 0.9835309999999999 0.677322 0.9835309999999999 0.9955229999999999 0.962359 0.9955229999999999 0.8305939999999999 0.97977 0.581172 0.7308790000000001 0.475297 0.466255 0.46353099999999997 0.04096229916317992 0.47764100000000004 0.018912100418410044 0.574125
32 0.434561 0.5291089999999999 0.41937199999999997 0.507609 0.419895 0.49510899999999997 0.369665 0.414578 0.36441399999999996 0.408328 0.354163 0.418469 0.391046 0.47232799999999997 0.406151 0.492359 0.408389 0.5334220000000001 0.439791 0.537719 0.434561 0.5291089999999999
41 0.43566900000000003 0.806891 0.609247 0.7830779999999999 0.651736 0.7698590000000001 0.626946 0.751344 0.44985400000000003 0.7830779999999999 0.428598 0.793672 0.329414 0.809531 0.131067 0.843938 0.184184 0.846578 0.33295 0.828063 0.39318000000000003 0.820125 0.43566900000000003 0.80425 0.43566900000000003 0.806891
62 0.395669 0.473484 0.41376599999999997 0.494719 0.41636 0.509531 0.41376599999999997 0.520484 0.41376599999999997 0.530141 0.41721800000000003 0.535937 0.43790799999999996 0.536578 0.432741 0.527562 0.420669 0.508891 0.414623 0.490219 0.404289 0.473484 0.38790800000000003 0.449016 0.376695 0.43098400000000003 0.37152700000000005 0.416172 0.363766 0.410375 0.358598 0.410375 0.35514599999999996 0.412312 0.35600400000000004 0.420031 0.36205 0.43162500000000004 0.395669 0.473484
14 0.938389 0.803047 0.970732 0.794984 0.998452 0.7823439999999999 0.999979 0.725984 0.999979 0.650094 0.944561 0.621344 0.864477 0.610984 0.8167570000000001 0.610984 0.772092 0.610984 0.718201 0.631687 0.7028030000000001 0.654687 0.704351 0.700688 0.7259000000000001 0.754734 0.772092 0.786937 0.812134 0.794984 0.8906689999999999 0.808797 0.938389 0.803047
14 0.736841 0.599766 0.814728 0.595297 0.8446859999999999 0.521469 0.8446859999999999 0.503578 0.7787869999999999 0.485672 0.673954 0.483437 0.6230330000000001 0.496859 0.614038 0.510281 0.6230330000000001 0.550547 0.66795 0.5885779999999999 0.736841 0.599766
32 0.260837 0.916625 0.248849 0.999422 0.248849 0.920344 0.246862 0.916625 0.235879 0.998672 0.23387000000000002 0.916625 0.225879 0.9307969999999999 0.217887 0.998672 0.218891 0.918859 0.209895 0.922578 0.194916 0.980766 0.194916 1 0.195921 0.999422 0.269833 1 0.260837 0.916625
52 0.25039700000000004 0.683109 0.295607 0.6025940000000001 0.33037700000000003 0.587016 0.34776199999999996 0.529875 0.33037700000000003 0.5065000000000001 0.33037700000000003 0.47792199999999996 0.312992 0.480516 0.306046 0.46234400000000003 0.274728 0.45195299999999994 0.28864 0.431172 0.278222 0.405187 0.24343099999999998 0.418187 0.233013 0.444156 0.191276 0.44934399999999997 0.15650599999999998 0.43635900000000005 0.15650599999999998 0.38701599999999997 0.198222 0.218187 0.215607 0.176625 0.24343099999999998 0.176625 0.246925 0.218187 0.233013 0.241562 0.215607 0.262344 0.226046 0.267531 0.26431 0.251953 0.28864 0.215578 0.278222 0.210391 0.295607 0.19220299999999998 0.278222 0.179219 0.281695 0.16103099999999998 0.239958 0.16103099999999998 0.229519 0.137656 0.201715 0.145453 0.2191 0.166234 0.205188 0.174031 0.194749 0.155844 0.170397 0.166234 0.170397 0.202594 0.177364 0.233766 0.146067 0.225969 0.17389100000000002 0.249344 0.15997899999999998 0.30129700000000004 0.1391 0.384422 0.118243 0.368828 0.10433100000000001 0.34285899999999997 0.055648500000000004 0.32987500000000003 0.006945610878661088 0.35065599999999997 0.006945610878661088 0.366234 0.0034727991631799166 0.792203 0.18431 0.75325 0.25039700000000004 0.683109